0.000000000000000000e+00 1.011783773944821441e+00 9.882162260551785593e-01
1.000000000000000000e+01 1.026669357514600422e+00 9.687278822397749067e-01
2.000000000000000000e+01 1.042366576419417212e+00 9.504416769593285741e-01
3.000000000000000000e+01 1.055932020589005260e+00 9.273213139855057685e-01
4.000000000000000000e+01 1.059472611218806426e+00 9.169224812405247782e-01
5.000000000000000000e+01 1.070222170108014570e+00 9.028909158962991066e-01
6.000000000000000000e+01 1.084252829593474132e+00 8.879744298413451142e-01
7.000000000000000000e+01 1.092267258432465971e+00 8.701562712945900557e-01
8.000000000000000000e+01 1.096862663824358153e+00 8.613139677100307701e-01
9.000000000000000000e+01 1.108022684203955555e+00 8.436499808222195362e-01
1.000000000000000000e+02 1.107773158981114836e+00 8.393714714938620425e-01
1.100000000000000000e+02 1.117635021552520369e+00 8.189003454009363692e-01
1.200000000000000000e+02 1.107419123405277483e+00 8.235398831486566706e-01
1.300000000000000000e+02 1.102813236216975801e+00 8.138828567228998390e-01
1.400000000000000000e+02 1.096607227705887366e+00 8.158584395695965830e-01
1.500000000000000000e+02 1.093166888561655226e+00 8.120292199551714107e-01
1.600000000000000000e+02 1.080874931127292937e+00 8.212441963183744198e-01
1.700000000000000000e+02 1.076148744853647754e+00 8.188132214596269831e-01
1.800000000000000000e+02 1.057457731756039854e+00 8.344837441349802765e-01
1.900000000000000000e+02 1.055455676382322183e+00 8.268015715624116302e-01
2.000000000000000000e+02 1.025702040513396085e+00 8.517055993606349462e-01
2.100000000000000000e+02 1.018370735456607390e+00 8.496847381314465153e-01
2.200000000000000000e+02 9.981146193363685803e-01 8.678086166592323680e-01
2.300000000000000000e+02 9.727131223860655540e-01 8.726811523284170313e-01
2.400000000000000000e+02 9.539349777229778615e-01 8.869169376894115997e-01
2.500000000000000000e+02 9.343485289475528255e-01 8.933911961877970542e-01
2.600000000000000000e+02 9.136217098389968205e-01 9.117044483036891300e-01
2.700000000000000000e+02 8.928397452099693377e-01 9.191879084182326132e-01
2.800000000000000000e+02 8.731657369130637614e-01 9.362816429975634458e-01
2.900000000000000000e+02 8.561123237948758957e-01 9.465480462873779866e-01
3.000000000000000000e+02 8.451285442051852392e-01 9.537518846374307691e-01
3.100000000000000000e+02 8.330842044325631468e-01 9.582499956219817649e-01
3.200000000000000000e+02 8.182632757700663007e-01 9.707632620068712415e-01
3.300000000000000000e+02 8.072298560314051796e-01 9.719965131719403573e-01
3.400000000000000000e+02 7.931263508297147213e-01 9.859676972293721642e-01
3.500000000000000000e+02 7.875233676036605956e-01 9.875385503451569180e-01
3.600000000000000000e+02 7.815958690831492639e-01 9.899702993078043356e-01
3.700000000000000000e+02 7.746224111102119059e-01 9.851877805534373644e-01
3.800000000000000000e+02 7.693436057481036761e-01 9.869007052868190577e-01
3.900000000000000000e+02 7.627972165866871990e-01 9.855489765821561221e-01
4.000000000000000000e+02 7.630956227191835195e-01 9.796373944552009272e-01
4.100000000000000000e+02 7.610288309187310807e-01 9.746198161972533525e-01
4.200000000000000000e+02 7.628314287144560835e-01 9.683359825096972129e-01
4.300000000000000000e+02 7.672146319357869837e-01 9.594894593496215984e-01
4.400000000000000000e+02 7.724557999437523526e-01 9.480227392098236061e-01
4.500000000000000000e+02 7.778998782727909456e-01 9.362581267863703260e-01
4.600000000000000000e+02 7.856189075692642243e-01 9.221874355820883773e-01
4.700000000000000000e+02 7.972706010735891580e-01 9.051544121847312496e-01
4.800000000000000000e+02 8.064485198810342759e-01 8.876002908538968006e-01
4.900000000000000000e+02 8.182954143194048902e-01 8.707176686984198222e-01
