0.000000000000000000e+00 9.561977758922947102e-01 1.043802224107705401e+00
1.000000000000000000e+01 9.522983100398625389e-01 1.045241050046114450e+00
2.000000000000000000e+01 9.486436054740726709e-01 1.042965128762226801e+00
3.000000000000000000e+01 9.478969345750832831e-01 1.040993283912141854e+00
4.000000000000000000e+01 9.478518154041255528e-01 1.038898960927524762e+00
5.000000000000000000e+01 9.477255914215372279e-01 1.036028125756869533e+00
6.000000000000000000e+01 9.480708296301485483e-01 1.032755997636575662e+00
7.000000000000000000e+01 9.478866190055071916e-01 1.029164484693577908e+00
8.000000000000000000e+01 9.475811053126884653e-01 1.024552021156047044e+00
9.000000000000000000e+01 9.493765710078054809e-01 1.019602510740432066e+00
1.000000000000000000e+02 9.516637613017846498e-01 1.014162321078209805e+00
1.100000000000000000e+02 9.534480573563879346e-01 1.008362140451021682e+00
1.200000000000000000e+02 9.559156263188238745e-01 1.002176281653680778e+00
1.300000000000000000e+02 9.591603307145054602e-01 9.961017505385022508e-01
1.400000000000000000e+02 9.630750890910473316e-01 9.897400737102489687e-01
1.500000000000000000e+02 9.671641741949540405e-01 9.831892341865934304e-01
1.600000000000000000e+02 9.710531755648537100e-01 9.756832101085430864e-01
1.700000000000000000e+02 9.728629572065309317e-01 9.670511902102055801e-01
1.800000000000000000e+02 9.749738465160456835e-01 9.610855439026929625e-01
1.900000000000000000e+02 9.783463296723438063e-01 9.534540622544375177e-01
2.000000000000000000e+02 9.824452767721548740e-01 9.473518557665566719e-01
2.100000000000000000e+02 9.865768507399651499e-01 9.388254996239598915e-01
2.200000000000000000e+02 9.886553735764094242e-01 9.303435164964133364e-01
2.300000000000000000e+02 9.899330027856484415e-01 9.245612302208646716e-01
2.400000000000000000e+02 9.909052666727702352e-01 9.174891410036055683e-01
2.500000000000000000e+02 9.927990914770922215e-01 9.147123566847900067e-01
2.600000000000000000e+02 9.954858405026586476e-01 9.087966932180191471e-01
2.700000000000000000e+02 9.973470632628295141e-01 9.037876298028156841e-01
2.800000000000000000e+02 9.985006010411243693e-01 8.994143035411003018e-01
2.900000000000000000e+02 9.992845333467387237e-01 8.950758069550203144e-01
3.000000000000000000e+02 9.997124223995710324e-01 8.914315958604538404e-01
3.100000000000000000e+02 9.996554169128044620e-01 8.876994998328394670e-01
3.200000000000000000e+02 9.991026887119018873e-01 8.842395936625476738e-01
3.300000000000000000e+02 9.980205309464357244e-01 8.826595125943984543e-01
3.400000000000000000e+02 9.959862252650734105e-01 8.777553203490492395e-01
3.500000000000000000e+02 9.931357887254425032e-01 8.744585188751448079e-01
3.600000000000000000e+02 9.900404799119778554e-01 8.729494453087269790e-01
3.700000000000000000e+02 9.866298984128533123e-01 8.720035677769027993e-01
3.800000000000000000e+02 9.828319569242136566e-01 8.740283637666449446e-01
3.900000000000000000e+02 9.785504696305640238e-01 8.737038519512827506e-01
4.000000000000000000e+02 9.738177142202218972e-01 8.770717210379705975e-01
4.100000000000000000e+02 9.685505310154373104e-01 8.780845957479631592e-01
4.200000000000000000e+02 9.628911616873310209e-01 8.799765886762864753e-01
4.300000000000000000e+02 9.569521728415829598e-01 8.793241991957004844e-01
4.400000000000000000e+02 9.506724525865157815e-01 8.826161983174932724e-01
4.500000000000000000e+02 9.437954094525496940e-01 8.864281472757088443e-01
4.600000000000000000e+02 9.368081866306292582e-01 8.902130254524883712e-01
4.700000000000000000e+02 9.293478664778649367e-01 8.948989399199072103e-01
4.800000000000000000e+02 9.224076334106435793e-01 8.940859984617629541e-01
4.900000000000000000e+02 9.156586405278011043e-01 8.986528109367749595e-01
