1e-05 -5.814578995333451e-17 0.0 
0.10001 -4.999158378278931e-07 0.0 
0.30001 -4.52057229277086e-06 0.0 
0.50001 -1.2674612524475378e-05 0.0 
0.20001 -2.0046738783824535e-06 0.0 
0.40001 -8.06557452547005e-06 0.0 
0.90001 -4.248644712888385e-05 0.0 
0.60001 -1.837488473539471e-05 0.0 
1.10001 -6.501506052881227e-05 0.0 
0.70001 -2.52038656279884e-05 0.0 
1.00001 -5.304753349777285e-05 0.0 
1.20001 -7.848554014111013e-05 0.0 
1.40001 -0.00011032448541469176 0.0 
0.80001 -3.3224588565996686e-05 0.0 
1.50001 -0.00012898110801188832 0.0 
1.30001 -9.35415979024329e-05 0.0 
1.70001 -0.0001724793019703636 0.0 
1.60001 -0.000149632299446639 0.0 
1.80001 -0.00019776835829472881 0.0 
1.90001 -0.0002256946064297639 0.0 
2.10001 -0.0002905799353812611 0.0 
2.00001 -0.0002565160916635413 0.0 
2.20001 -0.00032818908383230584 0.0 
2.60001 -0.000523046923960917 0.0 
2.30001 -0.00036971064506644154 0.0 
2.40001 -0.0004156800112079606 0.0 
2.50001 -0.0004666145449733377 0.0 
2.70001 -0.0005857294108870787 0.0 
2.80001 -0.0006554760086688017 0.0 
3.00001 -0.0008198181622063758 0.0 
3.30001 -0.0011485078106146685 0.0 
3.10001 -0.0009169535580378441 0.0 
3.20001 -0.0010259254177339772 0.0 
2.90001 -0.0007331195367110345 0.0 
3.50001 -0.001443616720178327 0.0 
3.40001 -0.0012869358835845297 0.0 
3.70001 -0.001824563659183303 0.0 
3.60001 -0.0016215238851748422 0.0 
4.00001 -0.0026340613704930946 0.0 
3.90001 -0.002324710892919074 0.0 
4.20001 -0.003413833218150043 0.0 
3.80001 -0.002057193291451112 0.0 
4.50001 -0.005193002648476751 0.0 
4.10001 -0.0029936874447509193 0.0 
4.30001 -0.003908075128492778 0.0 
4.60001 -0.006034420954270806 0.0 
4.70001 -0.007056978313300804 0.0 
5.00001 -0.011827409852340421 0.0 
4.40001 -0.004493865788793009 0.0 
4.90001 -0.00986914455096639 0.0 
5.10001 -0.014324593039878812 0.0 
4.80001 -0.008311867701666937 0.0 
5.50001 -0.03534119120103069 0.0 
5.40001 -0.027530275741973 0.0 
5.30001 -0.021816227791245434 0.0 
5.20001 -0.0175575916630705 0.0 
5.70001 -0.06153163179692713 0.0 
5.60001 -0.046210915433988836 0.0 
5.80001 -0.08307759884885846 0.0 
5.90001 -0.1122679373007752 0.0 
6.20001 -0.19112697494530892 0.0 
6.30001 -0.17625710108018225 0.0 
6.00001 -0.14749135598437194 0.0 
6.50001 -0.11529086467935715 0.0 
6.70001 -0.0708056063619283 0.0 
6.60001 -0.08994044328662176 0.0 
6.10001 -0.1792518334284923 0.0 
6.40001 -0.14619106578110905 0.0 
6.90001 -0.04625956350738632 0.0 
6.80001 -0.05669420210590294 0.0 
7.10001 -0.032473360167545325 0.0 
7.00001 -0.03843774999462973 0.0 
7.40001 -0.02126912497436647 0.0 
7.30001 -0.024195465195753125 0.0 
7.50001 -0.01889130251507881 0.0 
7.20001 -0.027846276333055888 0.0 
7.60001 -0.01693485222847169 0.0 
7.90001 -0.012772441354319992 0.0 
7.70001 -0.015305727159919092 0.0 
8.40001 -0.008950716358201523 0.0 
8.10001 -0.0109179726857964 0.0 
8.00001 -0.011776779756223536 0.0 
8.30001 -0.009522234794111852 0.0 
8.20001 -0.010172857397746406 0.0 
7.80001 -0.013935369759069543 0.0 
8.50001 -0.008446583386475977 0.0 
8.60001 -0.007999880488000441 0.0 
8.90001 -0.006929762532670187 0.0 
8.80001 -0.0072472941744712825 0.0 
8.70001 -0.0076022094408279995 0.0 
9.00001 -0.006644610659438766 0.0 
9.20001 -0.006156899739698273 0.0 
9.50001 -0.0055890936757166014 0.0 
9.40001 -0.005759477753490812 0.0 
9.80001 -0.00517024366915725 0.0 
9.10001 -0.006388023234332666 0.0 
9.60001 -0.005435115149067948 0.0 
9.90001 -0.005057058747497745 0.0 
10.00001 -0.004955155643038337 0.0 
10.10001 -0.004863909781487915 0.0 
9.70001 -0.005295865780908779 0.0 
10.20001 -0.004782680916586564 0.0 
10.50001 -0.0045921911320178106 0.0 
9.30001 -0.005948171867270387 0.0 
10.40001 -0.004647239927100919 0.0 
10.60001 -0.004544897215547901 0.0 
10.70001 -0.004505057833047703 0.0 
10.30001 -0.004710619033454903 0.0 
10.90001 -0.00444725482549089 0.0 
11.10001 -0.004416996158090404 0.0 
11.00001 -0.0044287008271567015 0.0 
11.20001 -0.004412016154348616 0.0 
10.80001 -0.004472618899034245 0.0 
11.80001 -0.004525586600207363 0.0 
11.40001 -0.00442200618881244 0.0 
11.70001 -0.004488838211628213 0.0 
11.30001 -0.004413615526685433 0.0 
12.30001 -0.004831894290917082 0.0 
11.60001 -0.00445952182902898 0.0 
12.20001 -0.0047527024082911675 0.0 
11.90001 -0.004569890840887496 0.0 
12.00001 -0.004622143254659813 0.0 
11.50001 -0.004437324584145589 0.0 
12.10001 -0.004682952871865669 0.0 
12.40001 -0.004921356806020467 0.0 
12.50001 -0.005021805122190624 0.0 
12.60001 -0.0051340397700301585 0.0 
12.70001 -0.00525932414909915 0.0 
12.90001 -0.0055541482414307765 0.0 
12.80001 -0.005398941915484677 0.0 
13.50001 -0.006931663067969782 0.0 
13.10001 -0.005918646853809822 0.0 
13.20001 -0.006132069430546641 0.0 
13.90001 -0.008536185884369812 0.0 
13.30001 -0.006369736710388549 0.0 
13.00001 -0.005726705049365804 0.0 
13.40001 -0.006635058112508587 0.0 
13.60001 -0.007263985809636699 0.0 
13.70001 -0.0076376526832691045 0.0 
13.80001 -0.008059105015841258 0.0 
14.20001 -0.010413635616319625 0.0 
14.00001 -0.009079022855565682 0.0 
14.30001 -0.011239818634686004 0.0 
14.10001 -0.009699851859263893 0.0 
14.40001 -0.012203202457026871 0.0 
14.80001 -0.018245498837506837 0.0 
15.00001 -0.02366189529645782 0.0 
14.50001 -0.013335427094235871 0.0 
14.60001 -0.01467874812340509 0.0 
15.10001 -0.027497556991543614 0.0 
14.90001 -0.020651955803229143 0.0 
14.70001 -0.016289959004147703 0.0 
15.20001 -0.03249460780052939 0.0 
15.50001 -0.06170513371790982 0.0 
15.40001 -0.04842092349647442 0.0 
15.60001 -0.08178397204541721 0.0 
15.30001 -0.03918105730990981 0.0 
15.70001 -0.11414509402299924 0.0 
15.80001 -0.17084897619559786 0.0 
16.00001 -0.5243105612080882 0.0 
15.90001 -0.28151827343917035 0.0 
16.10001 -1.0314718355219763 0.0 
16.40001 -0.3409923962328255 0.0 
16.30001 -0.7006768446841732 0.0 
16.20001 -1.2635617230315586 0.0 
16.70001 -0.07547791311837034 0.0 
16.60001 -0.11384865685179694 0.0 
16.50001 -0.18638980676857664 0.0 
17.00001 -0.029798086183040903 0.0 
16.80001 -0.05312459245606528 0.0 
17.10001 -0.0233347693553023 0.0 
17.20001 -0.018682413696562167 0.0 
17.40001 -0.012612587209187356 0.0 
16.90001 -0.039105675761635185 0.0 
17.30001 -0.015233412887816268 0.0 
17.60001 -0.008974056075172676 0.0 
17.50001 -0.010579433508868339 0.0 
17.70001 -0.007686674433301042 0.0 
18.10001 -0.004465998991662576 0.0 
18.00001 -0.005065501333006749 0.0 
18.20001 -0.003959007069493576 0.0 
17.90001 -0.0057802395385638675 0.0 
18.40001 -0.0031561900403522998 0.0 
17.80001 -0.0066404302175316395 0.0 
18.70001 -0.002315500296216926 0.0 
18.60001 -0.0025581511736626245 0.0 
18.50001 -0.0028360855938644567 0.0 
18.30001 -0.0035269595703356156 0.0 
18.80001 -0.0021026447939803666 0.0 
19.00001 -0.0017491425404002657 0.0 
19.20001 -0.0014703156974399981 0.0 
18.90001 -0.001915105895253317 0.0 
19.30001 -0.0013527819038110043 0.0 
19.10001 -0.0016017149788146933 0.0 
19.40001 -0.0012473049971384355 0.0 
19.50001 -0.0011523890562106906 0.0 
19.70001 -0.0009891939176902304 0.0 
19.60001 -0.0010667251169748256 0.0 
19.80001 -0.0009188724154005473 0.0 
20.00001 -0.0007966747223788365 0.0 
20.20001 -0.0006947795703315254 0.0 
20.40001 -0.0006091289430335109 0.0 
19.90001 -0.0008549422594994953 0.0 
20.30001 -0.0006501356954153844 0.0 
20.70001 -0.0005045547853655192 0.0 
20.50001 -0.0005714097607455662 0.0 
20.90001 -0.0004474274225397158 0.0 
20.60001 -0.0005366469796697885 0.0 
20.80001 -0.000474891516324226 0.0 
20.10001 -0.0007434644186489081 0.0 
21.00001 -0.0004219597178190852 0.0 
21.10001 -0.00039832174109418725 0.0 
21.30001 -0.0003559047283899965 0.0 
21.20001 -0.00037635354080984646 0.0 
21.50001 -0.0003190807926115198 0.0 
21.40001 -0.0003368519518093378 0.0 
21.70001 -0.00028696114207141075 0.0 
21.60001 -0.00030248053475881263 0.0 
22.10001 -0.0002341175954997253 0.0 
22.30001 -0.00021230033065503708 0.0 
21.90001 -0.0002588407807653676 0.0 
21.80001 -0.000272442201455942 0.0 
22.20001 -0.00022287387970307363 0.0 
22.70001 -0.0001758332398444696 0.0 
22.80001 -0.00016797504598581255 0.0 
22.00001 -0.00024608592708839835 0.0 
22.50001 -0.00019298797397607987 0.0 
22.40001 -0.00020235354866759042 0.0 
23.00001 -0.0001535321282351074 0.0 
22.90001 -0.00016055019888516493 0.0 
23.10001 -0.00014689611073913334 0.0 
22.60001 -0.00018415944592622323 0.0 
23.20001 -0.00014061446794672044 0.0 
23.30001 -0.0001346644399291478 0.0 
23.40001 -0.00012902675268656086 0.0 
23.50001 -0.00012367976005951963 0.0 
23.60001 -0.00011860506974268067 0.0 
23.80001 -0.00010921390826490063 0.0 
23.70001 -0.0001137886151764986 0.0 
24.00001 -0.00010072960130225415 0.0 
24.10001 -9.679530781601307e-05 0.0 
24.50001 -8.284103649350656e-05 0.0 
23.90001 -0.00010486487148533566 0.0 
24.20001 -9.304876595145117e-05 0.0 
24.40001 -8.608182665516982e-05 0.0 
24.90001 -7.12944252953684e-05 0.0 
24.30001 -8.948068811292911e-05 0.0 
24.80001 -7.398454087765858e-05 0.0 
24.60001 -7.974974676904631e-05 0.0 
24.70001 -7.68005882364878e-05 0.0 
25.10001 -6.62690836466773e-05 0.0 
25.00001 -6.872495981692605e-05 0.0 
25.20001 -6.392005658205238e-05 0.0 
25.30001 -6.167322305409629e-05 0.0 
25.40001 -5.952300305924584e-05 0.0 
25.60001 -5.549151631296604e-05 0.0 
25.50001 -5.746363860190146e-05 0.0 
25.70001 -5.360262636392814e-05 0.0 
25.80001 -5.1791856833641466e-05 0.0 
26.00001 -4.839070218730105e-05 0.0 
26.30001 -4.378685249774232e-05 0.0 
26.10001 -4.6792841510354667e-05 0.0 
25.90001 -5.005562140561445e-05 0.0 
26.20001 -4.525896293721644e-05 0.0 
26.50001 -4.101454845920988e-05 0.0 
26.80001 -3.724732951115822e-05 0.0 
26.60001 -3.970924079026078e-05 0.0 
26.40001 -4.237308447986824e-05 0.0 
26.70001 -3.845441625193673e-05 0.0 
27.00001 -3.49698980616503e-05 0.0 
27.20001 -3.2860233228500464e-05 0.0 
27.10001 -3.389502023116922e-05 0.0 
27.40001 -3.0904027317680955e-05 0.0 
27.30001 -3.1863969247282575e-05 0.0 
26.90001 -3.608647664614649e-05 0.0 
27.80001 -2.7400386975927602e-05 0.0 
27.50001 -2.9979010540699643e-05 0.0 
27.70001 -2.8228870537954096e-05 0.0 
27.60001 -2.9087900711660887e-05 0.0 
27.90001 -2.6601519458195257e-05 0.0 
28.00001 -2.583078434092592e-05 0.0 
28.10001 -2.5086788444162904e-05 0.0 
28.30001 -2.367600244462451e-05 0.0 
28.20001 -2.436888063388692e-05 0.0 
28.40001 -2.3006768023860515e-05 0.0 
28.70001 -2.113265100951355e-05 0.0 
29.10001 -1.8913546811812616e-05 0.0 
28.60001 -2.173612046076481e-05 0.0 
29.50001 -1.697081952391358e-05 0.0 
28.80001 -2.054935890268937e-05 0.0 
29.30001 -1.791042526842727e-05 0.0 
29.60001 -1.6523614358772254e-05 0.0 
29.70001 -1.6090483792284368e-05 0.0 
29.20001 -1.8403734463962762e-05 0.0 
29.00001 -1.9440725429056005e-05 0.0 
28.50001 -2.2360420688217158e-05 0.0 
29.40001 -1.743288261614359e-05 0.0 
30.00001 -1.4871172305810925e-05 0.0 
28.90001 -1.9985732951875157e-05 0.0 
29.90001 -1.526486022928133e-05 0.0 
30.10001 -1.4489692008456017e-05 0.0 
29.80001 -1.5671062160192706e-05 0.0 
30.20001 -1.4120138682240688e-05 0.0 
30.30001 -1.3761877800756642e-05 0.0 
30.40001 -1.3414491811473363e-05 0.0 
30.50001 -1.3077734383352768e-05 0.0 
30.70001 -1.2434111674356807e-05 0.0 
30.90001 -1.1828511385317518e-05 0.0 
30.60001 -1.2751073895496303e-05 0.0 
30.80001 -1.2126721136673844e-05 0.0 
31.50001 -1.0213552155968319e-05 0.0 
31.10001 -1.1258080968658049e-05 0.0 
31.00001 -1.1539024367382614e-05 0.0 
31.40001 -1.0463264496256694e-05 0.0 
31.60001 -9.970945156106688e-06 0.0 
31.70001 -9.735220178899333e-06 0.0 
31.90001 -9.283650345687995e-06 0.0 
31.80001 -9.506235896526505e-06 0.0 
31.20001 -1.0985374934480873e-05 0.0 
31.30001 -1.0720482466274208e-05 0.0 
32.00001 -9.067246300176006e-06 0.0 
32.10001 -8.856968438901478e-06 0.0 
32.70001 -7.711456013488661e-06 0.0 
32.20001 -8.652557359944093e-06 0.0 
32.30001 -8.45373918854841e-06 0.0 
32.40001 -8.260425960092787e-06 0.0 
32.80001 -7.538341351979372e-06 0.0 
32.50001 -8.072414130881934e-06 0.0 
32.60001 -7.889443286309696e-06 0.0 
33.10001 -7.046227556328157e-06 0.0 
32.90001 -7.36983916450657e-06 0.0 
33.20001 -6.890803028456694e-06 0.0 
33.30001 -6.739440033419477e-06 0.0 
33.00001 -7.205830553740186e-06 0.0 
33.40001 -6.592114367605624e-06 0.0 
33.50001 -6.448646716217159e-06 0.0 
33.60001 -6.308871323677699e-06 0.0 
33.80001 -6.0401263139897555e-06 0.0 
34.10001 -5.662208677949358e-06 0.0 
33.70001 -6.172745138576825e-06 0.0 
34.00001 -5.7849064347726166e-06 0.0 
34.40001 -5.312326232594461e-06 0.0 
33.90001 -5.91085274859691e-06 0.0 
34.20001 -5.542586876291855e-06 0.0 
34.50001 -5.201473552990161e-06 0.0 
34.30001 -5.425979219977044e-06 0.0 
34.70001 -4.987976097736854e-06 0.0 
34.60001 -5.093360623484606e-06 0.0 
34.90001 -4.784908576987287e-06 0.0 
34.80001 -4.885192275905128e-06 0.0 
35.00001 -4.687103896536776e-06 0.0 
35.10001 -4.5916757909037436e-06 0.0 
35.30001 -4.4076456810651165e-06 0.0 
35.20001 -4.498523005342951e-06 0.0 
35.80001 -3.984922950506767e-06 0.0 
35.50001 -4.232423736121239e-06 0.0 
35.90001 -3.906269235062534e-06 0.0 
35.60001 -4.147932594279548e-06 0.0 
36.00001 -3.8295000015608525e-06 0.0 
35.40001 -4.318984611874054e-06 0.0 
35.70001 -4.065467832669143e-06 0.0 
36.10001 -3.754522398274389e-06 0.0 
36.40001 -3.539867953990308e-06 0.0 
36.20001 -3.681275853817327e-06 0.0 
36.30001 -3.609749672259869e-06 0.0 
36.70001 -3.3396888293249324e-06 0.0 
36.60001 -3.4048569614986604e-06 0.0 
36.50001 -3.47156786686296e-06 0.0 
36.90001 -3.213731703530108e-06 0.0 
37.20001 -3.0352422459319925e-06 0.0 
36.80001 -3.275984880293663e-06 0.0 
37.10001 -3.0934028920756267e-06 0.0 
37.40001 -2.9228325631509627e-06 0.0 
37.00001 -3.152895745798317e-06 0.0 
37.50001 -2.8684793385785794e-06 0.0 
37.30001 -2.9784082830897446e-06 0.0 
37.60001 -2.8153425447775484e-06 0.0 
37.90001 -2.662782351480951e-06 0.0 
38.10001 -2.5665568242179206e-06 0.0 
37.70001 -2.763364973374257e-06 0.0 
38.20001 -2.5199996268837257e-06 0.0 
37.80001 -2.7125083688795566e-06 0.0 
38.00001 -2.614149596007184e-06 0.0 
38.40001 -2.4298589774125105e-06 0.0 
38.30001 -2.4744509180769142e-06 0.0 
38.50001 -2.386222585419957e-06 0.0 
38.80001 -2.2608397550821744e-06 0.0 
38.60001 -2.343536059358879e-06 0.0 
39.00001 -2.1816019670622036e-06 0.0 
38.70001 -2.301748548286909e-06 0.0 
38.90001 -2.220805420354036e-06 0.0 
39.10001 -2.143206953644998e-06 0.0 
39.30001 -2.068839274243815e-06 0.0 
39.20001 -2.105629540531173e-06 0.0 
39.40001 -2.0328002038234213e-06 0.0 
39.70001 -1.929087156517535e-06 0.0 
39.50001 -1.997512381889765e-06 0.0 
39.60001 -1.9629533626164516e-06 0.0 
39.80001 -1.8959174717465466e-06 0.0 
39.90001 -1.8634381332935998e-06 0.0 
