1e-05 -0.0026548919282436134 0.001341781750943151 
0.10001 -0.0017270211094804933 0.003283223275205119 
0.30001 5.2768709789436394e-05 0.00011408005342055985 
0.50001 -0.002345792671868821 0.0014589609676592266 
0.20001 -0.0009834863520344762 0.0009026746012922984 
0.40001 -0.002005664298162611 0.0014899628469336136 
0.90001 0.0036503434634509524 0.0015339840066540857 
0.60001 0.0018480683722575796 0.0001837757439341408 
1.10001 0.0004951815572548374 0.00029052727413322134 
0.70001 -0.002061687066883912 0.0011091211416418964 
1.00001 0.0005894725040894374 0.0007940073966419231 
1.20001 0.00042831427932481746 1.6345698997755423e-05 
1.40001 0.0003665239017230247 0.0009878334270163331 
0.80001 -0.0016599582343317584 0.00044690330110397456 
1.50001 -0.00015573544407391832 0.0012700443107634264 
1.30001 0.0013882011827240726 0.0008776420716521494 
1.70001 0.0002779071872676714 8.74701942312038e-05 
1.60001 0.000941281314834064 0.0010664547080608455 
1.80001 -0.0023226292987919292 0.0007929037731621916 
1.90001 -4.5324292204694376e-05 0.001492176166197563 
2.10001 0.0008103559961101982 0.004063005673880962 
2.00001 -7.266825056489627e-05 0.0004645910459533113 
2.20001 1.638286437130143e-05 0.0002863782431973809 
2.60001 0.0026527491744724463 0.0021926776565837874 
2.30001 9.247832847685564e-05 0.0009803672466056944 
2.40001 -0.0023830577084910614 0.0014075802796050087 
2.50001 -0.0010053367632912344 0.0006596619504063792 
2.70001 0.001920548689077828 0.00012867743391074046 
2.80001 -0.001658662795294712 0.00032074296078261997 
3.00001 -0.002809397857777729 0.002126298504666119 
3.30001 -0.0019459024431984998 0.000739591394782886 
3.10001 -0.0026425307698490575 0.0018603506404935742 
3.20001 -0.0014809696257008509 0.0017300645270365376 
2.90001 0.0012362095304626545 0.001819738443983589 
3.50001 -0.0020925524159848517 0.003332964263594837 
3.40001 -0.006009388323373034 0.002969268594538213 
3.70001 -0.001747429262943944 0.0031040784639870026 
3.60001 -0.0017508740922634934 0.00020598093110936618 
4.00001 -0.00209429071340028 0.0013589844717911057 
3.90001 -0.002445299288731422 0.0030528418817112784 
4.20001 -0.00288707521946162 0.0018997925881863754 
3.80001 -0.0002880768223864535 0.0015098358065251082 
4.50001 -0.0016735552227345552 0.001417284441641856 
4.10001 -0.005532351623632574 0.0010665859934526167 
4.30001 -0.003918488040856387 0.004553380713981184 
4.60001 -0.009662442303895872 0.0019924293477564443 
4.70001 -0.00617887977809921 0.00041381189742403573 
5.00001 -0.013120630515723493 0.005182541678640556 
4.40001 -0.008438133702053853 0.0002989323820576711 
4.90001 -0.010439563255918343 0.0030869447997960327 
5.10001 -0.015666223515677785 0.004029613900598946 
4.80001 -0.006273366623359968 0.0001833410699465911 
5.50001 -0.03759437035070114 0.00494100301164669 
5.40001 -0.031715587358452355 0.005803110416383164 
5.30001 -0.0232782972419698 0.007503149026309422 
5.20001 -0.019708933281982505 0.0008391157992529326 
5.70001 -0.052113299796107 0.010732686982593751 
5.60001 -0.055042265715554775 0.00647437480714378 
5.80001 -0.08335188874089056 0.006908357171246965 
5.90001 -0.1302012096549228 0.00764581015258551 
6.20001 -0.19432231321560947 0.008907509055735868 
6.30001 -0.19376841197809658 0.009631463441769392 
6.00001 -0.15350245109748492 0.002535580106256624 
6.50001 -0.12440082278298407 0.007993370500321659 
6.70001 -0.06784871224870656 0.009239510758437305 
6.60001 -0.08713687054041583 0.005607147473089193 
6.10001 -0.18264320268515655 0.023220144276434526 
6.40001 -0.14388345969825528 0.011060537193556472 
6.90001 -0.05111033777230656 0.0050505908859924085 
6.80001 -0.04365590614411183 0.0031430049465323157 
7.10001 -0.024087681499128412 0.0031852647613696845 
7.00001 -0.040509190143083615 0.0009764674238938002 
7.40001 -0.03674619287220243 0.0024745195465522805 
7.30001 -0.027602623573753326 0.009446847385153261 
7.50001 -0.012220703844386973 0.004339960953624635 
7.20001 -0.03179199312879942 0.00029513181516808637 
7.60001 -0.015745081480429506 0.0037243037440170762 
7.90001 -0.010571858247458429 0.0025448607041915813 
7.70001 -0.02226759808400372 0.0024678279738439782 
8.40001 -0.007848708824317692 0.002604894955654363 
8.10001 -0.0137184568001146 0.0010433310721466244 
8.00001 -0.013995347410122958 0.001903111873091252 
8.30001 -0.007165820174231943 4.863930936503625e-05 
8.20001 -0.00882157880099342 0.004544267792061174 
7.80001 -0.010547480475484075 0.004026870307100179 
8.50001 -0.010511614125863 0.0013695845569691289 
8.60001 -0.010419948550384105 0.0029996591231781088 
8.90001 -0.008352725484948592 0.0031736794024924474 
8.80001 -0.007400137992795302 0.0016609329806570885 
8.70001 -0.013564193386283369 0.0029117689345107963 
9.00001 -0.008862913096404338 0.002491735936325002 
9.20001 -0.009949607859697089 0.0013112314101782901 
9.50001 -0.004539511048741644 0.0006474404303388683 
9.40001 -0.003208798757524466 0.002103084170928589 
9.80001 -0.007874404404174543 0.0020743741740634988 
9.10001 -0.005962718562258463 0.0022912644636802694 
9.60001 -0.0021957899994691737 0.004009226413039682 
9.90001 -0.006251878378613556 0.00033139939653113954 
10.00001 -0.001809872836790897 0.003722805070163206 
10.10001 -0.002764590587987239 0.002440577093096221 
9.70001 -0.00772209784193542 0.004649263067141335 
10.20001 -0.004312710319735765 0.0040677825547512 
10.50001 0.0013903503257505043 0.00016772347359279328 
9.30001 -0.008444270989137768 0.0009161506975143043 
10.40001 0.001792399190712343 0.004514637892600292 
10.60001 -0.00031456243656510807 0.002128717877753196 
10.70001 -0.002452296889593074 0.0055537779898911475 
10.30001 -0.006967709706120366 0.0007109400483828192 
10.90001 -0.0072766658713029515 0.0016813736693017463 
11.10001 0.0037604975001691915 0.0025394230679359406 
11.00001 -0.007881698668652385 0.0006917924254464074 
11.20001 -0.009390974792518448 0.0020276160621307865 
10.80001 -0.006766748587831241 0.0020724075582468525 
11.80001 -0.006530279076363328 0.00028748882667988234 
11.40001 -0.0013617614033670606 0.004046829205492466 
11.70001 -0.004920583468264007 0.0006322164255207594 
11.30001 -0.0042454472874733145 0.0023560568713903492 
12.30001 -0.007317683728352368 0.002917526542770536 
11.60001 -0.005418763513920992 0.0002695249385768865 
12.20001 -6.456418707146273e-05 0.002088708723735148 
11.90001 -0.006178079919359796 0.0027745049891209125 
12.00001 -0.006096642720587877 0.0013514790445690009 
11.50001 -0.0035564556057546236 0.0006493805554272491 
12.10001 -0.00755755211313716 0.0006620521451305684 
12.40001 -0.0030827832839928756 0.0008639583801423308 
12.50001 -0.0020454793775013303 0.0030967419127513507 
12.60001 -0.003771111206739197 0.0004077387846321942 
12.70001 -0.007895291945241115 0.00047935898236980056 
12.90001 -0.004473526954666804 0.006249660360775998 
12.80001 -0.00329575405201599 0.0006611071213225648 
13.50001 -0.006943126185065332 0.002005129350334124 
13.10001 -0.008789292798012535 0.003230279708383173 
13.20001 -0.006752269657932145 0.005049488133051547 
13.90001 -0.006787710857129415 0.0017915189858952996 
13.30001 -0.0025648436080866603 0.0003580564035926409 
13.00001 -0.005555239716258662 0.0005862692990764593 
13.40001 -0.009088095105368541 0.0012102765555939534 
13.60001 -0.007997721442619342 0.0024410807621918465 
13.70001 -0.0026500009324378 0.001423069764794967 
13.80001 -0.0034722110966862547 0.004688372396401695 
14.20001 -0.006113402698246208 0.0006667061642034555 
14.00001 -0.010834384518936618 0.0010527218536078272 
14.30001 -0.010618312280025948 0.0006411959534955236 
14.10001 -0.007967745193268606 0.003922108794648931 
14.40001 -0.012763410662548696 0.0012110606807606483 
14.80001 -0.017843561651352723 0.007134375656579085 
15.00001 -0.01567304764644936 0.005010441757205437 
14.50001 -0.01644847949540334 0.002670683358979982 
14.60001 -0.020072407856320355 0.0030475671369319442 
15.10001 -0.026632091145380246 0.006872408071298552 
14.90001 -0.020306103939129273 0.003960530417244238 
14.70001 -0.015274519632193733 0.006376588178840613 
15.20001 -0.03318759289547868 0.009054110825849278 
15.50001 -0.06910750021950496 0.00022977079949807605 
15.40001 -0.030388283983826633 0.0025347283377900737 
15.60001 -0.08850924582846478 0.005696578882833418 
15.30001 -0.034831826332206356 0.005749356090766374 
15.70001 -0.11814125503154513 0.026618755319964237 
15.80001 -0.17453128689555436 0.011839748650420298 
16.00001 -0.4970777737814448 0.010189239586828797 
15.90001 -0.27395413432988414 0.02313105775524718 
16.10001 -1.0545459443206733 0.01254094583300891 
16.40001 -0.33956687445030265 0.009205974683567791 
16.30001 -0.6546237961732535 0.011834408435983323 
16.20001 -1.2606361773416066 0.006338411975000846 
16.70001 -0.09061073665081078 0.01297167135431275 
16.60001 -0.0934765468675771 0.010392429281134694 
16.50001 -0.17352247391177644 0.011544152212393674 
17.00001 -0.0363548303905817 0.002317373833539079 
16.80001 -0.05106195255393964 0.004490495275492345 
17.10001 -0.012251551162060326 0.0005001986533757774 
17.20001 -0.023743786445709715 0.0006569991832816417 
17.40001 -0.01402872317636871 0.006770869987860035 
16.90001 -0.03656720095809167 0.019861111150930172 
17.30001 -0.01760718531017865 0.0027910681981245973 
17.60001 -0.005897503081911313 5.659145614612688e-06 
17.50001 -0.01618691603091068 0.004262723586553522 
17.70001 -0.006474306182249018 0.0014870738018622686 
18.10001 -0.007876057298548893 0.002319568677838037 
18.00001 -0.006860220855281438 0.0050343381493211745 
18.20001 -0.005881238537184126 0.000706553646886893 
17.90001 -0.006064826317687305 0.003435691474489773 
18.40001 -0.00518284598625401 0.0018670841413075845 
17.80001 -0.010772404491561176 0.001447097076019718 
18.70001 -0.0026988159568489423 0.001507466470429455 
18.60001 -0.0030201082711594973 0.0029063916584185184 
18.50001 3.3777032614334544e-05 0.0013453305820291367 
18.30001 -0.0008004000427379983 0.00022816489390596877 
18.80001 -0.0011899611116005266 0.0008652657087613382 
19.00001 0.0033931531813051192 0.0009517154060479567 
19.20001 -0.005927843200834436 0.003908349624639427 
18.90001 -0.004242118463168794 0.003974004277284089 
19.30001 0.0030926119762187815 0.0015403165496560014 
19.10001 -0.0010010762186237114 0.0010359846236045178 
19.40001 -0.001318503203192887 0.002130655168918217 
19.50001 0.000800462332355272 4.1472794785929695e-05 
19.70001 -0.0008495906835225223 0.0013883659100531191 
19.60001 -0.002204255555225554 4.5874966299108005e-05 
19.80001 0.0007645306141237819 0.00034161078326831664 
20.00001 -0.0020458340555793222 0.00025815817131222035 
20.20001 -0.0021020875251699152 0.0005164055658743096 
20.40001 -0.0015497358354078145 0.002188168227813478 
19.90001 0.0010919451256493494 0.0017589411001980092 
20.30001 -0.0013339252478000298 0.00022078540910629412 
20.70001 -0.0015207962614320336 0.0013907342987740773 
20.50001 -0.0007296145625433595 0.0005627948811787651 
20.90001 2.740412088010841e-05 0.005507337664358224 
20.60001 -0.0029383971786402204 0.002380800508948312 
20.80001 -0.0008231659506632956 0.0010998098521732072 
20.10001 -0.000511336625725144 0.0021327070664498 
21.00001 -0.0018084701336011726 0.0009802453768879042 
21.10001 -0.0010980875799494094 0.0012580106529496917 
21.30001 -0.0006626860599053973 0.003494456054130399 
21.20001 -0.0008720613707614408 0.0019743746468149663 
21.50001 -0.00042138596950293196 0.00017348023241134174 
21.40001 -0.0009175036094746323 0.0016381238593694523 
21.70001 0.0006095550806191603 0.0008165595920829694 
21.60001 -0.003419698047438719 0.00074988459262005 
22.10001 -0.0017628426257422923 0.0019796885306368364 
22.30001 -0.0008369457465106605 0.0002564185366384645 
21.90001 0.0009559570917327456 0.0008047673128726148 
21.80001 -0.00018903455709936792 0.0009669263230637996 
22.20001 0.00036798853325914797 0.00012504245129179822 
22.70001 -0.0016283156625629843 0.0010759412009026291 
22.80001 0.0016648381405964152 0.0017902149740441345 
22.00001 0.001653032305508214 0.0009589568918947384 
22.50001 -0.0006195043947921895 0.0008827136598400507 
22.40001 -0.0015466241335953114 0.0002218916929845185 
23.00001 0.0005318195956598152 0.0005921794590265504 
22.90001 -0.0045280405559108144 8.91203015292142e-05 
23.10001 -0.0002462305716166431 0.0011847930143969385 
22.60001 -0.0010700956160641351 0.002444272856606561 
23.20001 0.0002483230865119673 0.0004595717117431238 
23.30001 0.0009932894064294782 0.00021946114190317682 
23.40001 -0.003322912466240012 0.002747148281982403 
23.50001 -0.0006895982530702394 0.00057754719562349 
23.60001 0.00047852968869066894 0.0004326988442235086 
23.80001 0.0009968110891941696 0.0012957163170298138 
23.70001 -0.002438271065267083 0.001876855272198802 
24.00001 0.000783662602295431 0.0005943277642511699 
24.10001 0.00019539560248107264 0.001476022062530263 
24.50001 -0.0005960226765804386 9.304265226709428e-06 
23.90001 -0.0002081081323512745 0.0013096636646221043 
24.20001 -0.0019314827080253172 0.0013397211308979501 
24.40001 -0.0005831130621359199 0.002119480550047061 
24.90001 0.0006230130196639627 0.0034011587805580145 
24.30001 -0.0031085735072126997 0.0007079433596632221 
24.80001 0.0011076360324558012 0.000791768248815044 
24.60001 0.00025400026670530356 0.0009307473066662451 
24.70001 0.00025094121252984764 0.0006062653158463127 
25.10001 0.00041751326135079436 0.00034873762006292766 
25.00001 -0.001480587183255231 0.0030341636628859214 
25.20001 0.0016190165089285317 0.0001323908720483512 
25.30001 -5.521707737321958e-07 0.0022461677782927196 
25.40001 0.0001197253416566227 0.0010925204924164616 
25.60001 -0.002261799542379406 0.0007590477380607285 
25.50001 0.0019867105402345806 0.005096935147569084 
25.70001 0.0027243327665181396 0.001001576033753256 
25.80001 0.0012000567399061924 1.1045882282917515e-05 
26.00001 -0.001975852356012452 0.00014565054988540478 
26.30001 -0.0009038864052252147 0.00038533503245397695 
26.10001 0.0005206512830617002 0.00041994677619805086 
25.90001 -0.002321299313941304 0.002204702170035592 
26.20001 0.00237360435087516 0.005144717460963736 
26.50001 -0.00023534162242486991 0.002285208815044479 
26.80001 -0.0015210266005310758 6.629708218979966e-05 
26.60001 0.0007574174864976742 0.0008805043648174412 
26.40001 -0.0010043497586526753 0.0018613211813703148 
26.70001 -4.3074154990987426e-05 0.0008941370704825868 
27.00001 9.909734426053436e-05 0.00038537495528734355 
27.20001 0.0009637952313788423 0.0009110711929306324 
27.10001 -0.0003333179871284511 0.0015023159849358305 
27.40001 -0.0020846224774957465 0.00018670985444715882 
27.30001 0.0036564664828134218 0.0007205304398303313 
26.90001 -0.00038820675935753203 0.0014677660555765621 
27.80001 -0.0010405425132582011 0.00017588786569667277 
27.50001 -0.004886378413898124 0.00363552303106535 
27.70001 -0.0016292873975046187 0.0013560737023915303 
27.60001 -0.0010841603243678271 0.0007164466417805108 
27.90001 -0.00011805639508465429 0.0008891570974038164 
28.00001 -0.00020881214522917423 0.0026114921235648636 
28.10001 0.0003974793346233862 0.0006572164379489793 
28.30001 0.0014956016214035792 0.00041574771923946264 
28.20001 0.0050382615206588915 0.0007060824866750395 
28.40001 0.0004103375831633315 0.0019192574583415983 
28.70001 0.00020322300692845942 0.0016408352892337552 
29.10001 0.00379786963943819 0.002563513831152771 
28.60001 -0.00030060469156236315 0.0004916900415543705 
29.50001 -0.0025307585727182115 0.0013416109233079663 
28.80001 0.00472073985852654 7.876217860408076e-05 
29.30001 0.0021321448922007494 0.0015925307346535728 
29.60001 0.002047569324077159 0.0015939414218789727 
29.70001 0.002379503095537766 0.004836410425207776 
29.20001 0.0002476862474827709 0.0009857889605477846 
29.00001 -0.0009114198248850769 0.0010355719482864484 
28.50001 6.275999251601058e-05 0.0013476499835668788 
29.40001 8.540357305101436e-06 0.0008036244555222507 
30.00001 0.0003332009059722821 0.00012493483821138276 
28.90001 -0.000846789739451681 0.0010671818219348428 
29.90001 0.0006165928460858583 0.0016304324623331158 
30.10001 -0.0001181568099640103 0.0001502173005317892 
29.80001 -0.0010321893711730933 0.0004354622721495642 
30.20001 0.0017898544147626656 0.0030375700044187976 
30.30001 0.0013944036121191273 0.0022928790972097986 
30.40001 0.0014582285939236102 4.830063460184561e-05 
30.50001 0.0005175322090247851 0.0006281167513497361 
30.70001 0.00051258012220625 0.0017704282257575597 
30.90001 -0.0004768202597136057 0.0007176727753801303 
30.60001 0.0007221746254587383 0.00028979132517283475 
30.80001 0.0026869583767028513 0.0014388520525797787 
31.50001 -0.0010751509393711368 0.0007494924449737335 
31.10001 0.0017374561544314287 0.00030590043705091554 
31.00001 -0.002169486669949704 0.0008848159667059212 
31.40001 0.00034172586398115807 0.0005520508965847738 
31.60001 -0.0018504928290746037 0.0006391177697208207 
31.70001 -0.0006876159584601126 0.0009148201551144688 
31.90001 -0.00011246321104943545 0.0016518659831391872 
31.80001 0.004502312048119038 0.00022092976824909837 
31.20001 0.001036928177135116 0.0017763392733075364 
31.30001 -0.002716948860963156 0.0006203184014949559 
32.00001 0.0011383696475551254 0.0018589589317342683 
32.10001 -0.0002931510654776971 0.0015210906375000537 
32.70001 -0.0009291549382288507 0.0004230098823460344 
32.20001 0.0015370390757620124 0.003418420167019093 
32.30001 0.001114807700137505 0.0031380485791500995 
32.40001 -0.0007700837814520482 0.00016648776135427644 
32.80001 0.0010976788916860776 0.0006680593353518864 
32.50001 0.0018145067844717775 0.0005087199176835342 
32.60001 -0.002336356849856368 0.0006031458507492172 
33.10001 0.0006734736679924636 0.0002567427164604624 
32.90001 0.003933265885035061 0.0009442455894229926 
33.20001 0.0004736343418304383 0.0016848353230591393 
33.30001 0.0009546003030837238 0.0009057354744587017 
33.00001 0.0008116616839053925 0.0009068256282123024 
33.40001 0.0015303459412882418 0.000981685257390504 
33.50001 0.00042852628052962127 0.0007823109290976964 
33.60001 0.0007614657287637993 0.001009459343293466 
33.80001 0.0031033214004516398 0.0016722498804330394 
34.10001 0.001872129061698072 0.002077416734822606 
33.70001 -0.002662368234000677 0.0032106550606638275 
34.00001 0.0006265877400708718 0.0008458654194085989 
34.40001 -0.003988419415584909 0.003275904218558632 
33.90001 0.0027527323428921816 0.001996263998214139 
34.20001 0.0008783541649707477 0.00016768570325687178 
34.50001 0.0007172085876037229 0.001021537440376839 
34.30001 -0.0005578737438172576 0.0015704435934076806 
34.70001 0.0013560829049080606 0.0005033044209178647 
34.60001 0.0008837006183289574 0.0012418000370890835 
34.90001 0.000244811931272366 0.0009464806544614275 
34.80001 0.003105523147627181 0.0009233796919352723 
35.00001 0.0006428150206860279 0.00024227140654388432 
35.10001 -0.00039348778374256996 0.0001285010371984729 
35.30001 -0.0013110824076406854 0.0045423354736336165 
35.20001 0.0006292686259694902 0.00016501985976583258 
35.80001 -0.0018310650181190906 0.0011495819233582158 
35.50001 -3.2544011756897124e-05 0.0009118036325201894 
35.90001 0.0005087848402449517 0.000733407395459848 
35.60001 0.0005882769734957378 0.0013539874451493229 
36.00001 8.945580592198773e-05 0.00030625463025200466 
35.40001 -0.0024031576461267115 0.002615674632000834 
35.70001 0.0009420656709539396 0.0008448081094733049 
36.10001 -0.0006205452341915556 0.0008149333866931214 
36.40001 -0.0005160946559572735 0.0013127172430586716 
36.20001 -0.001742767764884624 0.00035093128002897827 
36.30001 -0.0031962895686526976 0.00046205544846996435 
36.70001 -0.0012523916705222292 0.0001780748043686862 
36.60001 -0.00020295609682091862 0.0005544653485076381 
36.50001 0.0008686484566812412 0.002218838391233393 
36.90001 -0.0015132322001103807 0.0017447809443551301 
37.20001 -0.0017058166654569337 0.0010500549037960971 
36.80001 0.002484320196387887 7.066303837922655e-05 
37.10001 0.0007590010103020222 0.0003834164219973288 
37.40001 0.002107333065604059 0.0005309716325226693 
37.00001 -0.0010878639845407834 0.0011197629053369092 
37.50001 0.0017527163367288502 7.93830628623009e-05 
37.30001 -0.0013181115138166395 0.0021367274061748027 
37.60001 -0.00015599976458333844 9.36405094557146e-05 
37.90001 -0.0007443849777466919 0.0005436585809743481 
38.10001 -0.0009960108898543955 0.00021490765064278446 
37.70001 0.0008253202068344177 0.002001113636308295 
38.20001 -0.00028953588000476605 4.5741414538406824e-05 
37.80001 0.00176153749626309 0.0027009183130185617 
38.00001 0.001835300303214739 0.0021682503520430605 
38.40001 0.0002518460224257054 0.0050588016231743055 
38.30001 0.001324700926494531 0.0002711724399815154 
38.50001 0.0011531871231417912 0.000456903612051917 
38.80001 -0.0026243601693915716 0.0012551674408424608 
38.60001 -0.002015030147916736 0.0005969149734717161 
39.00001 -2.3290762023381653e-05 0.0005972905857443843 
38.70001 0.00040852420278931134 0.0025343133871774015 
38.90001 -0.0013141053024749666 0.000973860723020133 
39.10001 -0.002122237501272836 0.0006496163291019092 
39.30001 0.002031015551059109 0.0020237127641684403 
39.20001 0.0011823371758210622 0.00019432576911874934 
39.40001 -0.0015626526466171323 0.0009804724635268617 
39.70001 0.0008636514049015011 0.0011886924206181396 
39.50001 0.0014873031053500192 0.000495722153657001 
39.60001 0.0015768705882082817 8.70166994343185e-06 
39.80001 0.0011328439463523677 0.001213269934031659 
39.90001 -0.0012869622735078917 0.0010696280435415735 
