0.000000000000000000e+00 1.000411695101982357e+00 9.995883048980169772e-01
1.000000000000000000e+01 1.003625434756882040e+00 9.947963189582873511e-01
2.000000000000000000e+01 1.005696951180435894e+00 9.890807512146028158e-01
3.000000000000000000e+01 1.007503209772696584e+00 9.834477811856057183e-01
4.000000000000000000e+01 1.009122732771140951e+00 9.776823419391423853e-01
5.000000000000000000e+01 1.010742874985948836e+00 9.718348205434562681e-01
6.000000000000000000e+01 1.012396868810771400e+00 9.666285468388544633e-01
7.000000000000000000e+01 1.013733719198232741e+00 9.611181202962554293e-01
8.000000000000000000e+01 1.014836104609934786e+00 9.556969655107973027e-01
9.000000000000000000e+01 1.015753873522715178e+00 9.510957783283822131e-01
1.000000000000000000e+02 1.016387849847012470e+00 9.463998631737307043e-01
1.100000000000000000e+02 1.016806762689785648e+00 9.421060433374183196e-01
1.200000000000000000e+02 1.016875963261867355e+00 9.379418461264911189e-01
1.300000000000000000e+02 1.016523173007700898e+00 9.341916001183466767e-01
1.400000000000000000e+02 1.015843752144836465e+00 9.309260274882525943e-01
1.500000000000000000e+02 1.015004538615261076e+00 9.274373569271574524e-01
1.600000000000000000e+02 1.013781371769519657e+00 9.250449961288239598e-01
1.700000000000000000e+02 1.012075964147700402e+00 9.227740121605639834e-01
1.800000000000000000e+02 1.010073843332973453e+00 9.209175407520611145e-01
1.900000000000000000e+02 1.007747659364418569e+00 9.190339574009146473e-01
2.000000000000000000e+02 1.005078058670765273e+00 9.183780772714087437e-01
2.100000000000000000e+02 1.001882765240675432e+00 9.172215752174867065e-01
2.200000000000000000e+02 9.983157497492904930e-01 9.170480928637575468e-01
2.300000000000000000e+02 9.945728985238275754e-01 9.165152470717244926e-01
2.400000000000000000e+02 9.905247995102086644e-01 9.168897380263685282e-01
2.500000000000000000e+02 9.861593127512798818e-01 9.170704063048631394e-01
2.600000000000000000e+02 9.814562770539352332e-01 9.179579390064692701e-01
2.700000000000000000e+02 9.765685793639146128e-01 9.188482383439484646e-01
2.800000000000000000e+02 9.713354909662721415e-01 9.202447214957618637e-01
2.900000000000000000e+02 9.658884602274844244e-01 9.213659843939749905e-01
3.000000000000000000e+02 9.605312856464072180e-01 9.229363830340278074e-01
3.100000000000000000e+02 9.551159680924166118e-01 9.247467562609368308e-01
3.200000000000000000e+02 9.496008401224124151e-01 9.259424345836971826e-01
3.300000000000000000e+02 9.439827615501765745e-01 9.276386979520401255e-01
3.400000000000000000e+02 9.386108043000748191e-01 9.291981245632841002e-01
3.500000000000000000e+02 9.332961274602650237e-01 9.306346161993904742e-01
3.600000000000000000e+02 9.278368314562666086e-01 9.317577066020389376e-01
3.700000000000000000e+02 9.225600253861860889e-01 9.334937801252480849e-01
3.800000000000000000e+02 9.176317040865287211e-01 9.343520483848620772e-01
3.900000000000000000e+02 9.129202605347990218e-01 9.352601347600274506e-01
4.000000000000000000e+02 9.081844245439062435e-01 9.358673400385560948e-01
4.100000000000000000e+02 9.038888972767504804e-01 9.363792697508553919e-01
4.200000000000000000e+02 8.999789075626122292e-01 9.364091757547134964e-01
4.300000000000000000e+02 8.963112002052110450e-01 9.361601487613099293e-01
4.400000000000000000e+02 8.928621487742602891e-01 9.361711751225544331e-01
4.500000000000000000e+02 8.897832253915701761e-01 9.353872624094232702e-01
4.600000000000000000e+02 8.871954027244903784e-01 9.341682041369016032e-01
4.700000000000000000e+02 8.846882447799375715e-01 9.328666224130813811e-01
4.800000000000000000e+02 8.826853090906731092e-01 9.309334447372655807e-01
4.900000000000000000e+02 8.810374570840502351e-01 9.284732442880422321e-01
5.000000000000000000e+02 8.798393333453661258e-01 9.257610621692022868e-01
5.100000000000000000e+02 8.791022420280307781e-01 9.230699765287631031e-01
5.200000000000000000e+02 8.785216379838474143e-01 9.199789669039235562e-01
5.300000000000000000e+02 8.783802341938445890e-01 9.166356162230262505e-01
5.400000000000000000e+02 8.784243748391208362e-01 9.129050492825714347e-01
5.500000000000000000e+02 8.787675020043569374e-01 9.087969780390593444e-01
5.600000000000000000e+02 8.795031242101504221e-01 9.048653914714354096e-01
5.700000000000000000e+02 8.804067033048694757e-01 9.001836453970124552e-01
5.800000000000000000e+02 8.813374013849898381e-01 8.956224067768514541e-01
5.900000000000000000e+02 8.824069923096097279e-01 8.908111178836480848e-01
6.000000000000000000e+02 8.837388362909632811e-01 8.860271909481328700e-01
6.100000000000000000e+02 8.851258674655895220e-01 8.808730338310462038e-01
6.200000000000000000e+02 8.867687058271570555e-01 8.761024151906960933e-01
6.300000000000000000e+02 8.885642690611270655e-01 8.709481615272901545e-01
6.400000000000000000e+02 8.903020948474560381e-01 8.659795029713457382e-01
6.500000000000000000e+02 8.918894603318403558e-01 8.607883078771986218e-01
6.600000000000000000e+02 8.933865752011179717e-01 8.558994459795794540e-01
6.700000000000000000e+02 8.947245565763575215e-01 8.511275036347089040e-01
6.800000000000000000e+02 8.957923972186527806e-01 8.467291938716088318e-01
6.900000000000000000e+02 8.967288444241425793e-01 8.421605032474581698e-01
7.000000000000000000e+02 8.975076581017159549e-01 8.381210869193040924e-01
7.100000000000000000e+02 8.981197982927000556e-01 8.338635950220605331e-01
7.200000000000000000e+02 8.982818265701335569e-01 8.303118127812576521e-01
7.300000000000000000e+02 8.981240120477398392e-01 8.266502782683925465e-01
7.400000000000000000e+02 8.976383139750810924e-01 8.237013699629188723e-01
7.500000000000000000e+02 8.967549126708064255e-01 8.207329001977556882e-01
7.600000000000000000e+02 8.957016125072728707e-01 8.185091051995070366e-01
7.700000000000000000e+02 8.943207856777083409e-01 8.164777923178622165e-01
7.800000000000000000e+02 8.926318508645334493e-01 8.143145745733525454e-01
7.900000000000000000e+02 8.905950705787694099e-01 8.127102753172451566e-01
8.000000000000000000e+02 8.882259048476077723e-01 8.114778665417388126e-01
8.100000000000000000e+02 8.856376119316848872e-01 8.105237245679299818e-01
8.200000000000000000e+02 8.827804288168912272e-01 8.101079600971886618e-01
8.300000000000000000e+02 8.795790376825948220e-01 8.098930718573601473e-01
8.400000000000000000e+02 8.758891783813899101e-01 8.101945842856375091e-01
8.500000000000000000e+02 8.719171918323326276e-01 8.102889882798998133e-01
8.600000000000000000e+02 8.678905872750177775e-01 8.114291906842809876e-01
8.700000000000000000e+02 8.636127188457057846e-01 8.119328223427225710e-01
8.800000000000000000e+02 8.591735808036342625e-01 8.129495606259881102e-01
8.900000000000000000e+02 8.546014931497732947e-01 8.138928704521170010e-01
9.000000000000000000e+02 8.498241800170320825e-01 8.153289786483901569e-01
9.100000000000000000e+02 8.450359837122968232e-01 8.165467985092899061e-01
9.200000000000000000e+02 8.402075550194278986e-01 8.176045684589015039e-01
9.300000000000000000e+02 8.353522521704042081e-01 8.191893327353741983e-01
9.400000000000000000e+02 8.304962073067119199e-01 8.205075622712911798e-01
9.500000000000000000e+02 8.257238569087392843e-01 8.222421103044724733e-01
9.600000000000000000e+02 8.210237574997905075e-01 8.231061242132041711e-01
9.700000000000000000e+02 8.162346058097023072e-01 8.244237843056427817e-01
9.800000000000000000e+02 8.116772163222549796e-01 8.253379182664162261e-01
9.900000000000000000e+02 8.074281398471002680e-01 8.262756985378924002e-01
1.000000000000000000e+03 8.032675237519788514e-01 8.270324557803395704e-01
1.010000000000000000e+03 7.993663757566769057e-01 8.275688672334230445e-01
1.020000000000000000e+03 7.957616853256720413e-01 8.278029269245384958e-01
1.030000000000000000e+03 7.923730316677418672e-01 8.272414544765950284e-01
1.040000000000000000e+03 7.893166984551410748e-01 8.274073469883577170e-01
1.050000000000000000e+03 7.864111175209326232e-01 8.269226771834826684e-01
1.060000000000000000e+03 7.838498014249363210e-01 8.259059684226447429e-01
1.070000000000000000e+03 7.816709953470589722e-01 8.245434519875644019e-01
1.080000000000000000e+03 7.798317880459577633e-01 8.233814966254422441e-01
1.090000000000000000e+03 7.782614481473377754e-01 8.213924586784578930e-01
1.100000000000000000e+03 7.769604748901971503e-01 8.192299728528301683e-01
1.110000000000000000e+03 7.761608134731321496e-01 8.169147980633947315e-01
1.120000000000000000e+03 7.755071946296537844e-01 8.146347369230336755e-01
1.130000000000000000e+03 7.750813641453122571e-01 8.116167550418681431e-01
1.140000000000000000e+03 7.750537355144920815e-01 8.083917448928902294e-01
1.150000000000000000e+03 7.752604625363173074e-01 8.051716944943642096e-01
1.160000000000000000e+03 7.756317220330104512e-01 8.011155462459494947e-01
1.170000000000000000e+03 7.763360526251268379e-01 7.969505428942423864e-01
1.180000000000000000e+03 7.772329425791701940e-01 7.929449506305623618e-01
1.190000000000000000e+03 7.782519176597915145e-01 7.884882301960521866e-01
1.200000000000000000e+03 7.794826859594917723e-01 7.842580046011129458e-01
1.210000000000000000e+03 7.807394867949168926e-01 7.796502159331213377e-01
1.220000000000000000e+03 7.821434801285594984e-01 7.752163820674252692e-01
1.230000000000000000e+03 7.836922640212875546e-01 7.706457671606645743e-01
1.240000000000000000e+03 7.852321997820237431e-01 7.660530185400160619e-01
1.250000000000000000e+03 7.865424239135820894e-01 7.616638253108195533e-01
1.260000000000000000e+03 7.877255859599920917e-01 7.571519384229543626e-01
1.270000000000000000e+03 7.890405246817183693e-01 7.531674441896861749e-01
1.280000000000000000e+03 7.902825253017577989e-01 7.485284055966542338e-01
1.290000000000000000e+03 7.912266478343299436e-01 7.446406132265918076e-01
1.300000000000000000e+03 7.920927347005672914e-01 7.408125752353764693e-01
1.310000000000000000e+03 7.927942429711132277e-01 7.368968109476558004e-01
1.320000000000000000e+03 7.931272600332670564e-01 7.336249690625690212e-01
1.330000000000000000e+03 7.932575006329839473e-01 7.304053639527355868e-01
1.340000000000000000e+03 7.932285463650152746e-01 7.274985931454128751e-01
1.350000000000000000e+03 7.928202536799904276e-01 7.247495545567983477e-01
1.360000000000000000e+03 7.920140013422237724e-01 7.226989556957561511e-01
1.370000000000000000e+03 7.909067853074122079e-01 7.206546662995770847e-01
1.380000000000000000e+03 7.895114330880230735e-01 7.187306439709757466e-01
1.390000000000000000e+03 7.877892340590545439e-01 7.172076153571799173e-01
1.400000000000000000e+03 7.858523898720223277e-01 7.160283008518124603e-01
1.410000000000000000e+03 7.836914748834845623e-01 7.152848571375007847e-01
1.420000000000000000e+03 7.810949066296211107e-01 7.146307870105232940e-01
1.430000000000000000e+03 7.781373002665726846e-01 7.144542799053344995e-01
1.440000000000000000e+03 7.751832427359123256e-01 7.142952548182222028e-01
1.450000000000000000e+03 7.719338669657079821e-01 7.146040921939437185e-01
1.460000000000000000e+03 7.684056950339070990e-01 7.149473967797358442e-01
1.470000000000000000e+03 7.646992810892794257e-01 7.161293906731518444e-01
1.480000000000000000e+03 7.606305610362571468e-01 7.164162908571849453e-01
1.490000000000000000e+03 7.564383331838478997e-01 7.179652095241071397e-01
1.500000000000000000e+03 7.522292775130743347e-01 7.187539221620251606e-01
1.510000000000000000e+03 7.479574808896354288e-01 7.201506341125870625e-01
1.520000000000000000e+03 7.435821769010707571e-01 7.213122229407994412e-01
1.530000000000000000e+03 7.392786603570477011e-01 7.228940743707030769e-01
1.540000000000000000e+03 7.349545167111325439e-01 7.241229182331426761e-01
1.550000000000000000e+03 7.306179717521333883e-01 7.257698701112130779e-01
1.560000000000000000e+03 7.263051090800286547e-01 7.268634384794545600e-01
1.570000000000000000e+03 7.222144619264292409e-01 7.281299836534202985e-01
1.580000000000000000e+03 7.181635800347884180e-01 7.292535949032720177e-01
1.590000000000000000e+03 7.141478149434202782e-01 7.301983361530933747e-01
1.600000000000000000e+03 7.104319926598500201e-01 7.308391741162605371e-01
1.610000000000000000e+03 7.069375806708988463e-01 7.314576221677522305e-01
1.620000000000000000e+03 7.035883231423499806e-01 7.316134628127128892e-01
1.630000000000000000e+03 7.005429740911918168e-01 7.315529828106523969e-01
1.640000000000000000e+03 6.977167056590122263e-01 7.316372346154896844e-01
1.650000000000000000e+03 6.950753724803441225e-01 7.311237209311575169e-01
1.660000000000000000e+03 6.927648497774594460e-01 7.305180791747599711e-01
1.670000000000000000e+03 6.906893928196279342e-01 7.296840741636163585e-01
1.680000000000000000e+03 6.889585111245498661e-01 7.285313700958196970e-01
1.690000000000000000e+03 6.875189627438258455e-01 7.272574480644348194e-01
1.700000000000000000e+03 6.862967977714666823e-01 7.252651643508642998e-01
1.710000000000000000e+03 6.853782601265566710e-01 7.229218994447977886e-01
1.720000000000000000e+03 6.847850148648573221e-01 7.206333888019308409e-01
1.730000000000000000e+03 6.845054712077921488e-01 7.180241811559764376e-01
1.740000000000000000e+03 6.845049067255747355e-01 7.152783958493279526e-01
1.750000000000000000e+03 6.846117229826282902e-01 7.120876979349265445e-01
1.760000000000000000e+03 6.848730676307429599e-01 7.089326584921072927e-01
1.770000000000000000e+03 6.854511887359250322e-01 7.055155417509657578e-01
1.780000000000000000e+03 6.862671993534367187e-01 7.021945598228911400e-01
1.790000000000000000e+03 6.871723535175707775e-01 6.982951374608220574e-01
1.800000000000000000e+03 6.882044235548568922e-01 6.948542876565005910e-01
1.810000000000000000e+03 6.894360529654373071e-01 6.908537874703182258e-01
1.820000000000000000e+03 6.906396443965587828e-01 6.870434767389486108e-01
1.830000000000000000e+03 6.917542269640705177e-01 6.828446907345282479e-01
1.840000000000000000e+03 6.930443136953209349e-01 6.790919672532957918e-01
1.850000000000000000e+03 6.942132882499592039e-01 6.751341148620859656e-01
1.860000000000000000e+03 6.954342659699112028e-01 6.709936623829247937e-01
1.870000000000000000e+03 6.967186035083514639e-01 6.670335418168742425e-01
1.880000000000000000e+03 6.978269759306552356e-01 6.630623684805396767e-01
1.890000000000000000e+03 6.987797126227771605e-01 6.595639049385394470e-01
1.900000000000000000e+03 6.996680123768967974e-01 6.560722412298870543e-01
1.910000000000000000e+03 7.003212845026932643e-01 6.525230116242841660e-01
1.920000000000000000e+03 7.007212451877118387e-01 6.492857033948215006e-01
1.930000000000000000e+03 7.010160628717860831e-01 6.465555548959052157e-01
1.940000000000000000e+03 7.010506031396467330e-01 6.436196511490822614e-01
1.950000000000000000e+03 7.008519655673071114e-01 6.412301121739049092e-01
1.960000000000000000e+03 7.003196580646063873e-01 6.389121337686101132e-01
1.970000000000000000e+03 6.996016401498773574e-01 6.371924109734991015e-01
1.980000000000000000e+03 6.985325558564539072e-01 6.351988473100943500e-01
1.990000000000000000e+03 6.970565753055169012e-01 6.339532443364200853e-01
2.000000000000000000e+03 6.954711369683420630e-01 6.327337873732133966e-01
2.010000000000000000e+03 6.937228343783773399e-01 6.316969576029891620e-01
2.020000000000000000e+03 6.915122484998841301e-01 6.308875549570447383e-01
2.030000000000000000e+03 6.891778802414770810e-01 6.305672786988411049e-01
2.040000000000000000e+03 6.867211088202649361e-01 6.307860939634020170e-01
2.050000000000000000e+03 6.840167753283870056e-01 6.305056712919611117e-01
2.060000000000000000e+03 6.810764578948248493e-01 6.310497593250135040e-01
2.070000000000000000e+03 6.779064719454808152e-01 6.315375498293098744e-01
2.080000000000000000e+03 6.744514012818415560e-01 6.321984805927380879e-01
2.090000000000000000e+03 6.708106105871317615e-01 6.329547556058477964e-01
2.100000000000000000e+03 6.671083045098534781e-01 6.340289634081887060e-01
2.110000000000000000e+03 6.632513121047546312e-01 6.349376257632599607e-01
2.120000000000000000e+03 6.594007295954640302e-01 6.359594952694821446e-01
2.130000000000000000e+03 6.555929135825523391e-01 6.373498153556338419e-01
2.140000000000000000e+03 6.517872226465125651e-01 6.381199741664667080e-01
2.150000000000000000e+03 6.478931212452515576e-01 6.391964424454722460e-01
2.160000000000000000e+03 6.441095065014356136e-01 6.407386408964841351e-01
2.170000000000000000e+03 6.403272673944327975e-01 6.415009139943198546e-01
2.180000000000000000e+03 6.365227049854786934e-01 6.424290978958961951e-01
2.190000000000000000e+03 6.330345074958162455e-01 6.432324354021429214e-01
2.200000000000000000e+03 6.296449427938271004e-01 6.442105339190562496e-01
2.210000000000000000e+03 6.263493871565405380e-01 6.446711045839493837e-01
2.220000000000000000e+03 6.233346947628519708e-01 6.450186727923843399e-01
2.230000000000000000e+03 6.204672672361598584e-01 6.454125373160186641e-01
2.240000000000000000e+03 6.177244468902990393e-01 6.453863609556377279e-01
2.250000000000000000e+03 6.153077148658105955e-01 6.453257471978115500e-01
2.260000000000000000e+03 6.131644385118908414e-01 6.449789841619811837e-01
2.270000000000000000e+03 6.111948489678169505e-01 6.444136700107112592e-01
2.280000000000000000e+03 6.094692161474428715e-01 6.434464179710298604e-01
2.290000000000000000e+03 6.081117346392022061e-01 6.425389523895005395e-01
2.300000000000000000e+03 6.069536127076603504e-01 6.410981633878182206e-01
2.310000000000000000e+03 6.059382654416480829e-01 6.395407947543166882e-01
2.320000000000000000e+03 6.052694591032213856e-01 6.378379774760684073e-01
2.330000000000000000e+03 6.048937381738029861e-01 6.355779456278162209e-01
2.340000000000000000e+03 6.046938574920214249e-01 6.331947117235893208e-01
2.350000000000000000e+03 6.046844023033920434e-01 6.305778680192553054e-01
2.360000000000000000e+03 6.050278797877470804e-01 6.279506635463792952e-01
2.370000000000000000e+03 6.055460895177521286e-01 6.250430047851895932e-01
2.380000000000000000e+03 6.062068832372020655e-01 6.218645805982783159e-01
2.390000000000000000e+03 6.069977766709196976e-01 6.185362247928900548e-01
2.400000000000000000e+03 6.079108223822463630e-01 6.151925426072299974e-01
2.410000000000000000e+03 6.088466030647879945e-01 6.118001930766896468e-01
2.420000000000000000e+03 6.098756792122770332e-01 6.083488398769703043e-01
2.430000000000000000e+03 6.109418442007904515e-01 6.045677851128921088e-01
2.440000000000000000e+03 6.120976971499815233e-01 6.009696476631503081e-01
2.450000000000000000e+03 6.132821267535711884e-01 5.974499621214679479e-01
2.460000000000000000e+03 6.143042936176598134e-01 5.941176493827243776e-01
2.470000000000000000e+03 6.153313849993439222e-01 5.905485908579296561e-01
2.480000000000000000e+03 6.163252890913469839e-01 5.870816644401745110e-01
2.490000000000000000e+03 6.171057426983613814e-01 5.837897952140630453e-01
2.500000000000000000e+03 6.179504018678559918e-01 5.809793045719707782e-01
2.510000000000000000e+03 6.186844545446635868e-01 5.778220104564820714e-01
2.520000000000000000e+03 6.190705862662524428e-01 5.749462470687102256e-01
2.530000000000000000e+03 6.193180066737200562e-01 5.722872464080017707e-01
2.540000000000000000e+03 6.193862267415656264e-01 5.699996809916353380e-01
2.550000000000000000e+03 6.193080273451215811e-01 5.675271945401721974e-01
2.560000000000000000e+03 6.190196351320988999e-01 5.656709175513258137e-01
2.570000000000000000e+03 6.184657750840505397e-01 5.638429441680478105e-01
2.580000000000000000e+03 6.175772473682485941e-01 5.620475567459337629e-01
2.590000000000000000e+03 6.165879505773873559e-01 5.609976212015539421e-01
2.600000000000000000e+03 6.154258327075542434e-01 5.593704794492603272e-01
2.610000000000000000e+03 6.138765754317602186e-01 5.587226171837242905e-01
2.620000000000000000e+03 6.121444934375712688e-01 5.577443909407453493e-01
2.630000000000000000e+03 6.102791461480874258e-01 5.574771444874522253e-01
2.640000000000000000e+03 6.082005428677704773e-01 5.573763855702300596e-01
2.650000000000000000e+03 6.058627974466710420e-01 5.571006480885174472e-01
2.660000000000000000e+03 6.032912651063995213e-01 5.575363854994008772e-01
2.670000000000000000e+03 6.005166032026600931e-01 5.576900014880099565e-01
2.680000000000000000e+03 5.975747950788581342e-01 5.583091122817055441e-01
2.690000000000000000e+03 5.945470262222213309e-01 5.592838064407408272e-01
2.700000000000000000e+03 5.914092333228536669e-01 5.599215563060269130e-01
2.710000000000000000e+03 5.881666363183494228e-01 5.608334697048186213e-01
2.720000000000000000e+03 5.848088373125983619e-01 5.617830488219951457e-01
2.730000000000000000e+03 5.815022969635947891e-01 5.630208520486008617e-01
2.740000000000000000e+03 5.780493348493050965e-01 5.642556420400896000e-01
2.750000000000000000e+03 5.746021419172797629e-01 5.652524089130269713e-01
2.760000000000000000e+03 5.713167067162688850e-01 5.660796699942746146e-01
2.770000000000000000e+03 5.679824046566387397e-01 5.673198013480434954e-01
2.780000000000000000e+03 5.647109336618738595e-01 5.681889670517399349e-01
2.790000000000000000e+03 5.613938447331227044e-01 5.691615857693712588e-01
2.800000000000000000e+03 5.582112170782408400e-01 5.700211553018709187e-01
2.810000000000000000e+03 5.552051467522022277e-01 5.708851772546083003e-01
2.820000000000000000e+03 5.522888054809746983e-01 5.713835940008699099e-01
2.830000000000000000e+03 5.496814937785322597e-01 5.716918028921156303e-01
2.840000000000000000e+03 5.471456634116199647e-01 5.716489260868128364e-01
2.850000000000000000e+03 5.447817095767200080e-01 5.717876116087351468e-01
2.860000000000000000e+03 5.427144997701538465e-01 5.711996909144175794e-01
2.870000000000000000e+03 5.408562428874942318e-01 5.707104784851151358e-01
2.880000000000000000e+03 5.391154595123049953e-01 5.702763061080098339e-01
2.890000000000000000e+03 5.375930514175243369e-01 5.694737874995730031e-01
2.900000000000000000e+03 5.364879468527807838e-01 5.683842798746941982e-01
2.910000000000000000e+03 5.356964551449970857e-01 5.670231697733203458e-01
2.920000000000000000e+03 5.351099685080974444e-01 5.657216189225593439e-01
2.930000000000000000e+03 5.347182988502720002e-01 5.637236817294444258e-01
2.940000000000000000e+03 5.344562954529340493e-01 5.618278043037597813e-01
2.950000000000000000e+03 5.342586830842435131e-01 5.596263837889494663e-01
2.960000000000000000e+03 5.344517045266458100e-01 5.571090218543360839e-01
2.970000000000000000e+03 5.348036277561963869e-01 5.546590107864435293e-01
2.980000000000000000e+03 5.352075845674164611e-01 5.520198589983832393e-01
2.990000000000000000e+03 5.358498736507718574e-01 5.489833074124684797e-01
3.000000000000000000e+03 5.365765056136715394e-01 5.461948308186683754e-01
3.010000000000000000e+03 5.374502191507407600e-01 5.430138845744246767e-01
3.020000000000000000e+03 5.384782627410006350e-01 5.400238705986335486e-01
3.030000000000000000e+03 5.395780043341712462e-01 5.367446180003175860e-01
3.040000000000000000e+03 5.407174542315584809e-01 5.332504141676134291e-01
3.050000000000000000e+03 5.417393203571633231e-01 5.300572524914448636e-01
3.060000000000000000e+03 5.427290038794240212e-01 5.270502965919922067e-01
3.070000000000000000e+03 5.438629200143990650e-01 5.238118933841843239e-01
3.080000000000000000e+03 5.449332339641346223e-01 5.205379302389852025e-01
3.090000000000000000e+03 5.457277349147025003e-01 5.174207512069232129e-01
3.100000000000000000e+03 5.464697794446563561e-01 5.144024540451276328e-01
3.110000000000000000e+03 5.471497256830195610e-01 5.114050520976135550e-01
3.120000000000000000e+03 5.476860555194524860e-01 5.088660159987768994e-01
3.130000000000000000e+03 5.480311615129943581e-01 5.064642246100675704e-01
3.140000000000000000e+03 5.482282074874795796e-01 5.044188494102379572e-01
3.150000000000000000e+03 5.482141142359913122e-01 5.019985028251031656e-01
3.160000000000000000e+03 5.480103330230127190e-01 5.002552994882989434e-01
3.170000000000000000e+03 5.475668937772347755e-01 4.984380726632541836e-01
3.180000000000000000e+03 5.468149287237573652e-01 4.969061948847848798e-01
3.190000000000000000e+03 5.458654683940448171e-01 4.954532368167979262e-01
3.200000000000000000e+03 5.446340594225804743e-01 4.944447635842184607e-01
3.210000000000000000e+03 5.434026942870069377e-01 4.934857649812260383e-01
3.220000000000000000e+03 5.419446727146219889e-01 4.929319594147257289e-01
3.230000000000000000e+03 5.401829947262798415e-01 4.921810290274659661e-01
3.240000000000000000e+03 5.383299590186791939e-01 4.920127589239681742e-01
3.250000000000000000e+03 5.360568491767443433e-01 4.917266034712868827e-01
3.260000000000000000e+03 5.338003797485547652e-01 4.920912747190869796e-01
3.270000000000000000e+03 5.314956643859438667e-01 4.921559180848855686e-01
3.280000000000000000e+03 5.289204947304904092e-01 4.928134422074912369e-01
3.290000000000000000e+03 5.262328393566062523e-01 4.933845656676104641e-01
3.300000000000000000e+03 5.234194926755093569e-01 4.939287716830870201e-01
3.310000000000000000e+03 5.206231946413565348e-01 4.948814409024651084e-01
3.320000000000000000e+03 5.177466134621377947e-01 4.957048487389190128e-01
3.330000000000000000e+03 5.146824490154461307e-01 4.965226695410996927e-01
3.340000000000000000e+03 5.116112815108384559e-01 4.970231682963027198e-01
3.350000000000000000e+03 5.085574655479572215e-01 4.982729180299914629e-01
3.360000000000000000e+03 5.055325332343433287e-01 4.990500608076091638e-01
3.370000000000000000e+03 5.025211702853892293e-01 4.998166916853215569e-01
3.380000000000000000e+03 4.994810816664262410e-01 5.012078753348502280e-01
3.390000000000000000e+03 4.965420962086090073e-01 5.019090114402967595e-01
3.400000000000000000e+03 4.936784874975012616e-01 5.026962352501759268e-01
3.410000000000000000e+03 4.910058701568102424e-01 5.034513636976999384e-01
3.420000000000000000e+03 4.883923767602150745e-01 5.039778295039408773e-01
3.430000000000000000e+03 4.858986482202645174e-01 5.044178947941452273e-01
3.440000000000000000e+03 4.835415515071566639e-01 5.045314356596929395e-01
3.450000000000000000e+03 4.813463546311271823e-01 5.047177793467698681e-01
3.460000000000000000e+03 4.793906424108754227e-01 5.045079019401037534e-01
3.470000000000000000e+03 4.775579832068426733e-01 5.041840754552067150e-01
3.480000000000000000e+03 4.760715093421720168e-01 5.034598393653659798e-01
3.490000000000000000e+03 4.748126404323462224e-01 5.029114067635728214e-01
3.500000000000000000e+03 4.736725152193365651e-01 5.021457890499559928e-01
3.510000000000000000e+03 4.727299255830149649e-01 5.009173978245967662e-01
3.520000000000000000e+03 4.719645544333588849e-01 4.996613557271677997e-01
3.530000000000000000e+03 4.715932878399508033e-01 4.985527983686364184e-01
3.540000000000000000e+03 4.713487568649029069e-01 4.965968292417353158e-01
3.550000000000000000e+03 4.712388548940986133e-01 4.951382870029701899e-01
3.560000000000000000e+03 4.712833178857208094e-01 4.928729077198314434e-01
3.570000000000000000e+03 4.714170533045607958e-01 4.906723083710262112e-01
3.580000000000000000e+03 4.717126715796002845e-01 4.883557540778908357e-01
3.590000000000000000e+03 4.721428699432378973e-01 4.859099695014950093e-01
3.600000000000000000e+03 4.726643491991707746e-01 4.835887374905649683e-01
3.610000000000000000e+03 4.732536405071140484e-01 4.807574271036175739e-01
3.620000000000000000e+03 4.740093585935754028e-01 4.779749565829163882e-01
3.630000000000000000e+03 4.749204811243950553e-01 4.752481170935094479e-01
3.640000000000000000e+03 4.758180943372010141e-01 4.726811003252388566e-01
3.650000000000000000e+03 4.766830597842849349e-01 4.697443249022438816e-01
3.660000000000000000e+03 4.776395981413940062e-01 4.665366968252450119e-01
3.670000000000000000e+03 4.786331119341277196e-01 4.638355365594427071e-01
3.680000000000000000e+03 4.796091425527023722e-01 4.612108030749996757e-01
3.690000000000000000e+03 4.804875846867041611e-01 4.585195166080376361e-01
3.700000000000000000e+03 4.811779281346197923e-01 4.557865696658339738e-01
3.710000000000000000e+03 4.817385867155354884e-01 4.533110041025536496e-01
3.720000000000000000e+03 4.822629210415146916e-01 4.506660328030214213e-01
3.730000000000000000e+03 4.827884164128886102e-01 4.484920533698238954e-01
3.740000000000000000e+03 4.830380124367190664e-01 4.462836358938470083e-01
3.750000000000000000e+03 4.831016098531661918e-01 4.443459212515528112e-01
3.760000000000000000e+03 4.831025516906196637e-01 4.424388401831789719e-01
3.770000000000000000e+03 4.828140812499107093e-01 4.406157580160914855e-01
3.780000000000000000e+03 4.825643327774485902e-01 4.396072781557042730e-01
3.790000000000000000e+03 4.821567842459253961e-01 4.377467839855695986e-01
3.800000000000000000e+03 4.813765919581346475e-01 4.367057411509239206e-01
3.810000000000000000e+03 4.804711773111117190e-01 4.357823690032192054e-01
3.820000000000000000e+03 4.793964070339929440e-01 4.348575942359284019e-01
3.830000000000000000e+03 4.781370533347705232e-01 4.344604689248340312e-01
3.840000000000000000e+03 4.767316717169587381e-01 4.340134006980872483e-01
3.850000000000000000e+03 4.751117410914348915e-01 4.337430150623147740e-01
3.860000000000000000e+03 4.732517270976097645e-01 4.337315762164720145e-01
3.870000000000000000e+03 4.712307089453841580e-01 4.337199333653879996e-01
3.880000000000000000e+03 4.692186594452417148e-01 4.340652198636061332e-01
3.890000000000000000e+03 4.670070125663626781e-01 4.343316388680926732e-01
3.900000000000000000e+03 4.645948389292708924e-01 4.351596380007786702e-01
3.910000000000000000e+03 4.621270022516867360e-01 4.356448631106946134e-01
3.920000000000000000e+03 4.595032831868919310e-01 4.361964735722819730e-01
3.930000000000000000e+03 4.568741056668978451e-01 4.372895346667228234e-01
3.940000000000000000e+03 4.542640606013875759e-01 4.380784638709571688e-01
3.950000000000000000e+03 4.515700698596702978e-01 4.388408629836760833e-01
3.960000000000000000e+03 4.488823495947696918e-01 4.398885905761522053e-01
3.970000000000000000e+03 4.461715077471067326e-01 4.404652766036067368e-01
3.980000000000000000e+03 4.435076029704155820e-01 4.414498153845374806e-01
3.990000000000000000e+03 4.407871108980726538e-01 4.420669968315795728e-01
4.000000000000000000e+03 4.381588730874181881e-01 4.429171384405741763e-01
4.010000000000000000e+03 4.356421865106182012e-01 4.435146597542232172e-01
4.020000000000000000e+03 4.331900897064916989e-01 4.438685871940743488e-01
4.030000000000000000e+03 4.309282668224462265e-01 4.442103931689670437e-01
4.040000000000000000e+03 4.287521669969164284e-01 4.445424728193943520e-01
4.050000000000000000e+03 4.267159783026921449e-01 4.446460223253475008e-01
4.060000000000000000e+03 4.248200961955529431e-01 4.449945289704637097e-01
4.070000000000000000e+03 4.231401457061541027e-01 4.446604088094839313e-01
4.080000000000000000e+03 4.216305518252336793e-01 4.443508624925576189e-01
4.090000000000000000e+03 4.202246109599735990e-01 4.439763490341637198e-01
4.100000000000000000e+03 4.190008711823205445e-01 4.432756378027611910e-01
4.110000000000000000e+03 4.179694729405272757e-01 4.426525211145840855e-01
4.120000000000000000e+03 4.172085008231959380e-01 4.415509598251531886e-01
4.130000000000000000e+03 4.166565034827466874e-01 4.406418843693822307e-01
4.140000000000000000e+03 4.163276741535901770e-01 4.391074518087648704e-01
4.150000000000000000e+03 4.160786770686271674e-01 4.377714546063107282e-01
4.160000000000000000e+03 4.158668855241763884e-01 4.360521023779161398e-01
4.170000000000000000e+03 4.159264044561736817e-01 4.342773870635825983e-01
4.180000000000000000e+03 4.161188707145779819e-01 4.323387807524083359e-01
4.190000000000000000e+03 4.163786655335279807e-01 4.301414975314600819e-01
4.200000000000000000e+03 4.168240225040757974e-01 4.278269362727643577e-01
4.210000000000000000e+03 4.174246544039590390e-01 4.258597971687845818e-01
4.220000000000000000e+03 4.180741135993533142e-01 4.232704830791378381e-01
4.230000000000000000e+03 4.187618084474150626e-01 4.208136744548888197e-01
4.240000000000000000e+03 4.195192774996134855e-01 4.181621871581976957e-01
4.250000000000000000e+03 4.203196667492937189e-01 4.158290196858367982e-01
4.260000000000000000e+03 4.210687099422660284e-01 4.131556784487390166e-01
4.270000000000000000e+03 4.218444545067993601e-01 4.107932593636028917e-01
4.280000000000000000e+03 4.225989597747911164e-01 4.083025212040055640e-01
4.290000000000000000e+03 4.232859439339159979e-01 4.059489465688143062e-01
4.300000000000000000e+03 4.239554712200421793e-01 4.035313854258011368e-01
4.310000000000000000e+03 4.245724584928284306e-01 4.012721575582042233e-01
4.320000000000000000e+03 4.251139323775156575e-01 3.991871418759638246e-01
4.330000000000000000e+03 4.255756794293014122e-01 3.971845922433583365e-01
4.340000000000000000e+03 4.257965669801717090e-01 3.952893668271857397e-01
4.350000000000000000e+03 4.259085122523647571e-01 3.934557272949758544e-01
4.360000000000000000e+03 4.259174015993396067e-01 3.916804844093187410e-01
4.370000000000000000e+03 4.257534616224872837e-01 3.902878655064270785e-01
4.380000000000000000e+03 4.255228652936029476e-01 3.888500921487896833e-01
4.390000000000000000e+03 4.251730039592399035e-01 3.875177851109664062e-01
4.400000000000000000e+03 4.245845532206592443e-01 3.863386326087219214e-01
4.410000000000000000e+03 4.237646399797874164e-01 3.855982726968582575e-01
4.420000000000000000e+03 4.228734321366012239e-01 3.846652605686972648e-01
4.430000000000000000e+03 4.219103290391375549e-01 3.842408705659278167e-01
4.440000000000000000e+03 4.206924950951169140e-01 3.837905636944664023e-01
4.450000000000000000e+03 4.192718422052816862e-01 3.834104374819853334e-01
4.460000000000000000e+03 4.178416243214658765e-01 3.833886720341381227e-01
4.470000000000000000e+03 4.162211712835118260e-01 3.830433844782376029e-01
4.480000000000000000e+03 4.144292194152952580e-01 3.833040983938590385e-01
4.490000000000000000e+03 4.125433218714087968e-01 3.836069234072317369e-01
4.500000000000000000e+03 4.105141357445218908e-01 3.838607580673960573e-01
4.510000000000000000e+03 4.083779154419003854e-01 3.844864930700629402e-01
4.520000000000000000e+03 4.061761799832565023e-01 3.849701526310610467e-01
4.530000000000000000e+03 4.039850981170395872e-01 3.854715679965438069e-01
4.540000000000000000e+03 4.017918782558617119e-01 3.860192485504760351e-01
4.550000000000000000e+03 3.996452352708765865e-01 3.867549122914857862e-01
4.560000000000000000e+03 3.974288167005485262e-01 3.876454578105194004e-01
4.570000000000000000e+03 3.951742913987937866e-01 3.882246239227425399e-01
4.580000000000000000e+03 3.929230710371946489e-01 3.890965294506205097e-01
4.590000000000000000e+03 3.906231234678783637e-01 3.893892180378937251e-01
4.600000000000000000e+03 3.884279504385880211e-01 3.904052645143430422e-01
4.610000000000000000e+03 3.862780401635987904e-01 3.907616150127690702e-01
4.620000000000000000e+03 3.841453746230015787e-01 3.914733755076638677e-01
4.630000000000000000e+03 3.820109920889091515e-01 3.918874265854767613e-01
4.640000000000000000e+03 3.800795304176859402e-01 3.923518617823148480e-01
4.650000000000000000e+03 3.783272667610055318e-01 3.926063689540949531e-01
4.660000000000000000e+03 3.766374630068775042e-01 3.927383900591573940e-01
4.670000000000000000e+03 3.750637810524927729e-01 3.927948706100987120e-01
4.680000000000000000e+03 3.736484027085560378e-01 3.927124043461084346e-01
4.690000000000000000e+03 3.723885605083592232e-01 3.921599437172226255e-01
4.700000000000000000e+03 3.713271566735620866e-01 3.918179495886849328e-01
4.710000000000000000e+03 3.703215536127478225e-01 3.910930407066532388e-01
4.720000000000000000e+03 3.694111226917256019e-01 3.904548801210541153e-01
4.730000000000000000e+03 3.687774930319459021e-01 3.891309254195705059e-01
4.740000000000000000e+03 3.683590346342328070e-01 3.881350449453478957e-01
4.750000000000000000e+03 3.680357688709445796e-01 3.868523327106416221e-01
4.760000000000000000e+03 3.678230118479997590e-01 3.854164339418040819e-01
4.770000000000000000e+03 3.678042589580995947e-01 3.838602715485623373e-01
4.780000000000000000e+03 3.679358299656788622e-01 3.824650308196457793e-01
4.790000000000000000e+03 3.681147093745292809e-01 3.809126388680459940e-01
4.800000000000000000e+03 3.683904203736447780e-01 3.787865361668206754e-01
4.810000000000000000e+03 3.687801842441785216e-01 3.770176479301506345e-01
4.820000000000000000e+03 3.691941670132805053e-01 3.750031662914081743e-01
4.830000000000000000e+03 3.698393282101810620e-01 3.731186854633145034e-01
4.840000000000000000e+03 3.704544627999064033e-01 3.711586136554140269e-01
4.850000000000000000e+03 3.710100199852817138e-01 3.689940085588062635e-01
4.860000000000000000e+03 3.717572889313726092e-01 3.671324468703189292e-01
4.870000000000000000e+03 3.723648090392731036e-01 3.650185748684857123e-01
4.880000000000000000e+03 3.728540567572373177e-01 3.629414944730435244e-01
4.890000000000000000e+03 3.734103570473675249e-01 3.608238661372080158e-01
4.900000000000000000e+03 3.740416363275015366e-01 3.586275849092248058e-01
4.910000000000000000e+03 3.746862902603815826e-01 3.566050603485422243e-01
4.920000000000000000e+03 3.752242914262610141e-01 3.545879335248490749e-01
4.930000000000000000e+03 3.756862239959122274e-01 3.527943303705177724e-01
4.940000000000000000e+03 3.759715683216420801e-01 3.508458206058863160e-01
4.950000000000000000e+03 3.761591723552586419e-01 3.493339310465404246e-01
4.960000000000000000e+03 3.763433436493972550e-01 3.479904547504307777e-01
4.970000000000000000e+03 3.763261979736876039e-01 3.465267843985681551e-01
4.980000000000000000e+03 3.761370954583939663e-01 3.452477584068505689e-01
4.990000000000000000e+03 3.759045212999498342e-01 3.437870838085169134e-01
