0.000000000000000000e+00 1.010853102639418744e+00 9.891468973605812565e-01
1.000000000000000000e+01 1.008891072233455866e+00 9.897015098076322737e-01
2.000000000000000000e+01 1.006246573379007359e+00 9.880295250057885559e-01
3.000000000000000000e+01 1.003666663824222649e+00 9.869946125842471440e-01
4.000000000000000000e+01 1.000954963391796460e+00 9.869944682936945268e-01
5.000000000000000000e+01 9.980044956840428139e-01 9.849357951249456677e-01
6.000000000000000000e+01 9.954714961961529385e-01 9.834038837364221797e-01
7.000000000000000000e+01 9.930835155978834372e-01 9.832044159086078539e-01
8.000000000000000000e+01 9.909032026895865375e-01 9.821868740309266377e-01
9.000000000000000000e+01 9.887573591083965718e-01 9.791878393942889947e-01
1.000000000000000000e+02 9.867121546278917466e-01 9.775698537303910696e-01
1.100000000000000000e+02 9.851073113598367570e-01 9.756503820591655440e-01
1.200000000000000000e+02 9.833154140917046426e-01 9.742762401302138553e-01
1.300000000000000000e+02 9.812841487201744428e-01 9.724721591811837929e-01
1.400000000000000000e+02 9.791129472508547371e-01 9.720462282137553034e-01
1.500000000000000000e+02 9.770211541135106481e-01 9.704192361728064542e-01
1.600000000000000000e+02 9.751349440996981421e-01 9.678520618197415937e-01
1.700000000000000000e+02 9.732180547515194569e-01 9.660477241025515749e-01
1.800000000000000000e+02 9.709654669420390016e-01 9.637943734449568867e-01
1.900000000000000000e+02 9.685411436604735025e-01 9.619788240491247144e-01
2.000000000000000000e+02 9.662192272285561323e-01 9.606076925673221467e-01
2.100000000000000000e+02 9.646157468942503366e-01 9.570330474197186188e-01
2.200000000000000000e+02 9.631706746511740080e-01 9.543516494034430808e-01
2.300000000000000000e+02 9.617703927811827036e-01 9.526344401263431294e-01
2.400000000000000000e+02 9.602172032636324683e-01 9.473585647526696629e-01
2.500000000000000000e+02 9.584867695106609187e-01 9.452870601836660391e-01
2.600000000000000000e+02 9.562377963357554522e-01 9.428476158501266635e-01
2.700000000000000000e+02 9.544278316997699685e-01 9.424424968458687824e-01
2.800000000000000000e+02 9.533211631744343828e-01 9.402769437021796239e-01
2.900000000000000000e+02 9.516289726217725953e-01 9.386438106548005145e-01
3.000000000000000000e+02 9.497113821310078086e-01 9.367424400524901884e-01
3.100000000000000000e+02 9.479749736038068919e-01 9.333030162255293583e-01
3.200000000000000000e+02 9.465465533222611194e-01 9.309949083871066344e-01
3.300000000000000000e+02 9.456332866130340298e-01 9.286008980729917317e-01
3.400000000000000000e+02 9.444306813838189152e-01 9.267235308225924006e-01
3.500000000000000000e+02 9.432619558633971169e-01 9.236885648454102871e-01
3.600000000000000000e+02 9.423546716021956593e-01 9.205299689827591836e-01
3.700000000000000000e+02 9.413801667785475225e-01 9.183454353182569641e-01
3.800000000000000000e+02 9.408658127761510004e-01 9.158537211408054324e-01
3.900000000000000000e+02 9.402502388577054226e-01 9.135518739954413547e-01
4.000000000000000000e+02 9.394335070427579648e-01 9.114370863010945456e-01
4.100000000000000000e+02 9.386286076719788651e-01 9.092801342825458377e-01
4.200000000000000000e+02 9.370867975864751731e-01 9.080127860998132849e-01
4.300000000000000000e+02 9.355459568080228827e-01 9.056413227747094341e-01
4.400000000000000000e+02 9.344375378088423112e-01 9.021851938512539526e-01
4.500000000000000000e+02 9.325185436360737823e-01 9.011323610071125811e-01
4.600000000000000000e+02 9.310759397676590110e-01 9.007328548628468212e-01
4.700000000000000000e+02 9.299592088570096671e-01 8.971423369845713536e-01
4.800000000000000000e+02 9.278982133772459839e-01 8.945441600289960604e-01
4.900000000000000000e+02 9.255587617210799811e-01 8.927271720694928137e-01
5.000000000000000000e+02 9.235025582808229494e-01 8.922026416513868519e-01
5.100000000000000000e+02 9.217132273949149024e-01 8.910851458130868430e-01
5.200000000000000000e+02 9.208941531762743216e-01 8.889901391534222874e-01
5.300000000000000000e+02 9.193471002260842351e-01 8.872113384332979136e-01
5.400000000000000000e+02 9.167157525304067134e-01 8.846156866028570542e-01
5.500000000000000000e+02 9.139400498041855281e-01 8.833120556005384927e-01
5.600000000000000000e+02 9.116739136910143593e-01 8.819551498482651741e-01
5.700000000000000000e+02 9.095506278729472704e-01 8.804911580058401022e-01
5.800000000000000000e+02 9.066876503516899666e-01 8.823501608541797214e-01
5.900000000000000000e+02 9.034310357845697359e-01 8.806648893734143613e-01
6.000000000000000000e+02 9.007412894386362945e-01 8.792620781939062269e-01
6.100000000000000000e+02 8.975733541669550508e-01 8.783826157426193326e-01
6.200000000000000000e+02 8.938394654086596613e-01 8.768507227213518940e-01
6.300000000000000000e+02 8.908264619046155630e-01 8.769193057383712908e-01
6.400000000000000000e+02 8.882688904052232770e-01 8.770106865404174723e-01
6.500000000000000000e+02 8.854154229262696241e-01 8.749792071816097083e-01
6.600000000000000000e+02 8.822173196906356596e-01 8.756860023937126369e-01
6.700000000000000000e+02 8.797711516625665862e-01 8.741006561728822399e-01
6.800000000000000000e+02 8.775998984611741438e-01 8.722995033390816833e-01
6.900000000000000000e+02 8.753229670534269369e-01 8.712504875491754452e-01
7.000000000000000000e+02 8.725531105522628117e-01 8.710478727406814059e-01
7.100000000000000000e+02 8.693244873217819135e-01 8.690802847613239290e-01
7.200000000000000000e+02 8.670784041670295261e-01 8.683216277503303937e-01
7.300000000000000000e+02 8.649468381891379787e-01 8.658038953413519367e-01
7.400000000000000000e+02 8.625384897926282601e-01 8.632953870918381734e-01
7.500000000000000000e+02 8.602978244392621709e-01 8.617522866513966928e-01
7.600000000000000000e+02 8.584316734603038013e-01 8.602004851824688325e-01
7.700000000000000000e+02 8.567766388841958625e-01 8.575766248449380180e-01
7.800000000000000000e+02 8.556673508775185510e-01 8.563578058839397267e-01
7.900000000000000000e+02 8.544736927866091181e-01 8.541925683038635864e-01
8.000000000000000000e+02 8.534720565094723321e-01 8.523458780953796499e-01
8.100000000000000000e+02 8.527120917138073519e-01 8.507463820994684012e-01
8.200000000000000000e+02 8.515713070612095370e-01 8.492308114408303465e-01
8.300000000000000000e+02 8.505155215851714079e-01 8.463988376542963543e-01
8.400000000000000000e+02 8.491854217782593972e-01 8.461100996773514016e-01
8.500000000000000000e+02 8.478939792189752467e-01 8.438732165420692599e-01
8.600000000000000000e+02 8.465839119027351867e-01 8.417569944676379645e-01
8.700000000000000000e+02 8.443957573200417954e-01 8.403861633817983900e-01
8.800000000000000000e+02 8.423493338628291749e-01 8.386809495552792759e-01
8.900000000000000000e+02 8.401684636169139964e-01 8.369212150711410336e-01
9.000000000000000000e+02 8.382044277189595327e-01 8.338148489645196282e-01
9.100000000000000000e+02 8.371218207504101949e-01 8.315068652013934969e-01
9.200000000000000000e+02 8.357634516861994767e-01 8.302824445470320391e-01
9.300000000000000000e+02 8.351053232043114116e-01 8.278351639632326453e-01
9.400000000000000000e+02 8.349434164712085105e-01 8.254415671919528297e-01
9.500000000000000000e+02 8.347801370873132454e-01 8.231102864070480862e-01
9.600000000000000000e+02 8.338743312057937951e-01 8.193918262645233375e-01
9.700000000000000000e+02 8.328521254917248262e-01 8.181605622665509836e-01
9.800000000000000000e+02 8.322222271892701917e-01 8.153839156730505744e-01
9.900000000000000000e+02 8.310755178878586058e-01 8.121833183817852575e-01
1.000000000000000000e+03 8.299387147642668383e-01 8.103298663332642038e-01
1.010000000000000000e+03 8.302476353240044737e-01 8.084411632003217774e-01
1.020000000000000000e+03 8.306213883579250945e-01 8.055251999717133460e-01
1.030000000000000000e+03 8.304365288263241274e-01 8.029055751539015962e-01
1.040000000000000000e+03 8.299291660041868690e-01 8.002469490697913246e-01
1.050000000000000000e+03 8.289825636213619120e-01 7.976852672762266838e-01
1.060000000000000000e+03 8.276810617294925176e-01 7.947783495886370231e-01
1.070000000000000000e+03 8.260817521189810497e-01 7.924166543315803724e-01
1.080000000000000000e+03 8.248319504438389460e-01 7.907800096718543559e-01
1.090000000000000000e+03 8.237880251740660187e-01 7.886905957891413577e-01
1.100000000000000000e+03 8.223242063200484342e-01 7.870206586845901464e-01
1.110000000000000000e+03 8.206751117947377328e-01 7.864222009578979433e-01
1.120000000000000000e+03 8.189904351962629114e-01 7.863231960461638526e-01
1.130000000000000000e+03 8.170044896839464554e-01 7.847918861670031276e-01
1.140000000000000000e+03 8.152038773326146792e-01 7.835196311353218590e-01
1.150000000000000000e+03 8.141204450977450602e-01 7.830818759358194603e-01
1.160000000000000000e+03 8.131581783333683422e-01 7.819961977380556206e-01
1.170000000000000000e+03 8.110783189069291632e-01 7.809043174220383632e-01
1.180000000000000000e+03 8.088878714376964707e-01 7.797055592207685626e-01
1.190000000000000000e+03 8.069894863751480019e-01 7.789461439719137514e-01
1.200000000000000000e+03 8.045640841902383933e-01 7.778323004785838712e-01
1.210000000000000000e+03 8.018605858073828418e-01 7.776761637676262717e-01
1.220000000000000000e+03 7.987330031691075583e-01 7.760008759096244102e-01
1.230000000000000000e+03 7.957039894037678529e-01 7.754567567180065124e-01
1.240000000000000000e+03 7.928407651470088524e-01 7.758237798544584951e-01
1.250000000000000000e+03 7.906841022038204603e-01 7.755126178545970195e-01
1.260000000000000000e+03 7.883758723000694468e-01 7.756677971850221009e-01
1.270000000000000000e+03 7.859401889602128932e-01 7.752533321753076745e-01
1.280000000000000000e+03 7.843526844223521755e-01 7.737146114388542273e-01
1.290000000000000000e+03 7.821604977015089721e-01 7.733203457544860493e-01
1.300000000000000000e+03 7.796132854322970207e-01 7.712662622666958123e-01
1.310000000000000000e+03 7.778332372398755190e-01 7.732656524479573079e-01
1.320000000000000000e+03 7.757229844189637014e-01 7.709791583456296893e-01
1.330000000000000000e+03 7.739263780204994614e-01 7.714677464515825589e-01
1.340000000000000000e+03 7.725291435520990069e-01 7.710949739631638433e-01
1.350000000000000000e+03 7.714975175926983564e-01 7.683613612790143321e-01
1.360000000000000000e+03 7.695120006974429661e-01 7.679801978284265251e-01
1.370000000000000000e+03 7.671028170627131049e-01 7.665263284166261570e-01
1.380000000000000000e+03 7.647089886520571644e-01 7.645662592456898832e-01
1.390000000000000000e+03 7.625404116674217025e-01 7.628908784737827853e-01
1.400000000000000000e+03 7.608456884518804975e-01 7.604956372628757233e-01
1.410000000000000000e+03 7.591587830829602535e-01 7.571635129018791099e-01
1.420000000000000000e+03 7.568933093713740012e-01 7.568487161023088605e-01
1.430000000000000000e+03 7.552079674853338087e-01 7.551994468306001407e-01
1.440000000000000000e+03 7.537876790189428355e-01 7.535282740894578835e-01
1.450000000000000000e+03 7.522718456137705845e-01 7.518665955044873117e-01
1.460000000000000000e+03 7.506586077008577940e-01 7.497727663919028229e-01
1.470000000000000000e+03 7.491252753665208486e-01 7.470683128337932688e-01
1.480000000000000000e+03 7.479908180601200218e-01 7.454112733793514245e-01
1.490000000000000000e+03 7.467510723314032539e-01 7.449005110580706468e-01
1.500000000000000000e+03 7.451886113475073570e-01 7.438854901402871533e-01
1.510000000000000000e+03 7.439399310731678039e-01 7.428914028960570404e-01
1.520000000000000000e+03 7.428487016050618896e-01 7.411311798457101974e-01
1.530000000000000000e+03 7.410944022127992081e-01 7.396698283902594095e-01
1.540000000000000000e+03 7.390423519075108860e-01 7.361902297479980817e-01
1.550000000000000000e+03 7.385315073627729543e-01 7.338973516593065849e-01
1.560000000000000000e+03 7.386413249741428100e-01 7.314532139538674205e-01
1.570000000000000000e+03 7.383577697557131003e-01 7.299929442670097801e-01
1.580000000000000000e+03 7.375160328861581904e-01 7.274142349468576407e-01
1.590000000000000000e+03 7.364834470986764137e-01 7.248886006043955277e-01
1.600000000000000000e+03 7.351554206140985537e-01 7.233698813589568566e-01
1.610000000000000000e+03 7.350241149119729478e-01 7.200839521949562450e-01
1.620000000000000000e+03 7.357874210078287902e-01 7.196303448975541750e-01
1.630000000000000000e+03 7.354649508059037943e-01 7.172514129313724007e-01
1.640000000000000000e+03 7.345096647342344021e-01 7.142664268515044323e-01
1.650000000000000000e+03 7.333578458514443676e-01 7.116017320609424601e-01
1.660000000000000000e+03 7.327249911930382442e-01 7.106141843130214797e-01
1.670000000000000000e+03 7.329223120901573463e-01 7.082243422921699061e-01
1.680000000000000000e+03 7.338480306225666494e-01 7.056698281366061698e-01
1.690000000000000000e+03 7.343921259834770288e-01 7.037974583667122586e-01
1.700000000000000000e+03 7.339198039428364018e-01 7.006344657939569398e-01
1.710000000000000000e+03 7.330212837184225672e-01 6.986569991643092337e-01
1.720000000000000000e+03 7.315819271483364750e-01 6.971297680718635537e-01
1.730000000000000000e+03 7.302416671136765514e-01 6.949089528787714132e-01
1.740000000000000000e+03 7.293942608034488240e-01 6.922546975480090570e-01
1.750000000000000000e+03 7.281480299770399789e-01 6.897372186412809025e-01
1.760000000000000000e+03 7.269061485548123924e-01 6.884282033333107842e-01
1.770000000000000000e+03 7.251937531786040170e-01 6.879216046612808277e-01
1.780000000000000000e+03 7.233754598006599812e-01 6.868146732598612303e-01
1.790000000000000000e+03 7.209220402040453779e-01 6.851392582931761233e-01
1.800000000000000000e+03 7.189133233727348360e-01 6.844647369113513458e-01
1.810000000000000000e+03 7.174731968561045559e-01 6.837031339300452260e-01
1.820000000000000000e+03 7.150316601896409274e-01 6.828005640447794011e-01
1.830000000000000000e+03 7.129395578149230195e-01 6.820781759594338745e-01
1.840000000000000000e+03 7.113353205166419446e-01 6.820097234036889278e-01
1.850000000000000000e+03 7.095298188347866075e-01 6.803220703066882313e-01
1.860000000000000000e+03 7.071987294784682909e-01 6.794029521814476391e-01
1.870000000000000000e+03 7.046426292794942814e-01 6.795627738070727508e-01
1.880000000000000000e+03 7.016958661755541282e-01 6.805538635645700385e-01
1.890000000000000000e+03 6.981916282810989305e-01 6.794710917382672521e-01
1.900000000000000000e+03 6.946415394289967571e-01 6.789941589197997507e-01
1.910000000000000000e+03 6.914816693503689216e-01 6.774406378526617312e-01
1.920000000000000000e+03 6.891087121700038010e-01 6.775745826886535594e-01
1.930000000000000000e+03 6.876972600122391865e-01 6.777592896961491808e-01
1.940000000000000000e+03 6.869284207961715571e-01 6.773497837520272569e-01
1.950000000000000000e+03 6.849494542294547461e-01 6.760800373851616474e-01
1.960000000000000000e+03 6.815575377305639337e-01 6.766139013293709370e-01
1.970000000000000000e+03 6.787271662432178276e-01 6.753060286522738487e-01
1.980000000000000000e+03 6.770137083657400412e-01 6.751166829824633009e-01
1.990000000000000000e+03 6.755156726908466691e-01 6.741658687833662622e-01
2.000000000000000000e+03 6.736557868216609402e-01 6.744395966070271253e-01
2.010000000000000000e+03 6.721656567696338014e-01 6.740257398758767726e-01
2.020000000000000000e+03 6.707211535424925097e-01 6.738145067778491537e-01
2.030000000000000000e+03 6.697266727390478458e-01 6.750050329308372454e-01
2.040000000000000000e+03 6.690948606231899021e-01 6.737452008883710874e-01
2.050000000000000000e+03 6.682177930798228749e-01 6.725336921722111505e-01
2.060000000000000000e+03 6.675884559098983484e-01 6.711284571484941175e-01
2.070000000000000000e+03 6.666261046268854296e-01 6.688668829299726504e-01
2.080000000000000000e+03 6.654152483138582319e-01 6.662788635346453825e-01
2.090000000000000000e+03 6.644320496056626002e-01 6.668720415843047977e-01
2.100000000000000000e+03 6.623095027424161785e-01 6.635461597074927553e-01
2.110000000000000000e+03 6.598826188616063737e-01 6.640814533426978583e-01
2.120000000000000000e+03 6.588750241318933609e-01 6.630991320779157094e-01
2.130000000000000000e+03 6.581882001002917759e-01 6.610408390157381797e-01
2.140000000000000000e+03 6.576431559003481642e-01 6.598277004615917818e-01
2.150000000000000000e+03 6.572655937735348841e-01 6.580635574221399553e-01
2.160000000000000000e+03 6.563401003392631550e-01 6.563743875084423474e-01
2.170000000000000000e+03 6.545750268590421195e-01 6.557477680224689243e-01
2.180000000000000000e+03 6.533099036746690125e-01 6.533913255963494926e-01
2.190000000000000000e+03 6.530325308454560940e-01 6.509739813987794887e-01
2.200000000000000000e+03 6.527170935319526190e-01 6.495582467818695749e-01
2.210000000000000000e+03 6.512131432683735399e-01 6.473629983258336607e-01
2.220000000000000000e+03 6.494812608469093806e-01 6.467454828276427703e-01
2.230000000000000000e+03 6.487678567097505677e-01 6.445435565794341848e-01
2.240000000000000000e+03 6.485490064994942072e-01 6.432549417922415191e-01
2.250000000000000000e+03 6.481914642128264736e-01 6.407239791100881598e-01
2.260000000000000000e+03 6.474259247782843119e-01 6.403782696531125085e-01
2.270000000000000000e+03 6.470326501290485366e-01 6.393450111479320741e-01
2.280000000000000000e+03 6.469655112737210390e-01 6.359835208000029771e-01
2.290000000000000000e+03 6.462665850903076548e-01 6.342840568677171609e-01
2.300000000000000000e+03 6.450230255266897750e-01 6.315658978930704937e-01
2.310000000000000000e+03 6.436432606561542924e-01 6.299994676214463185e-01
2.320000000000000000e+03 6.423858850689321276e-01 6.291767437660285012e-01
2.330000000000000000e+03 6.420402289976233634e-01 6.264739596540437327e-01
2.340000000000000000e+03 6.420147574074550612e-01 6.239980739499676465e-01
2.350000000000000000e+03 6.415943971816921998e-01 6.225846375502435137e-01
2.360000000000000000e+03 6.408494176709983448e-01 6.212303821584755914e-01
2.370000000000000000e+03 6.395105509749080541e-01 6.198223341035450362e-01
2.380000000000000000e+03 6.379615429267097015e-01 6.190130209811421924e-01
2.390000000000000000e+03 6.367134816175052947e-01 6.162405469671633496e-01
2.400000000000000000e+03 6.363325577160912072e-01 6.144671266974359725e-01
2.410000000000000000e+03 6.359713747785190607e-01 6.129191807796910973e-01
2.420000000000000000e+03 6.349064271406837934e-01 6.126123961542785379e-01
2.430000000000000000e+03 6.334129145047526777e-01 6.132404958486534774e-01
2.440000000000000000e+03 6.320595725384378083e-01 6.122677023745525249e-01
2.450000000000000000e+03 6.308503915220796676e-01 6.117438871970776182e-01
2.460000000000000000e+03 6.296484911604907087e-01 6.101486193065851493e-01
2.470000000000000000e+03 6.285189314306929287e-01 6.090085370984460456e-01
2.480000000000000000e+03 6.275321163216223130e-01 6.074756127953041540e-01
2.490000000000000000e+03 6.263475208893373170e-01 6.060589948900620971e-01
2.500000000000000000e+03 6.252125778884537466e-01 6.061042233801132717e-01
2.510000000000000000e+03 6.239929382067861408e-01 6.054666845140179721e-01
2.520000000000000000e+03 6.231800128556327367e-01 6.047195608032104319e-01
2.530000000000000000e+03 6.227599356672085529e-01 6.030879957600989716e-01
2.540000000000000000e+03 6.224040313544886294e-01 6.031623763461152476e-01
2.550000000000000000e+03 6.223589415219356047e-01 6.022263386023675169e-01
2.560000000000000000e+03 6.220139490446127128e-01 6.009741040787808242e-01
2.570000000000000000e+03 6.215482441593709328e-01 5.995922669660227466e-01
2.580000000000000000e+03 6.208552731711111106e-01 5.989030062012868916e-01
2.590000000000000000e+03 6.208659788800928725e-01 5.978106450547361339e-01
2.600000000000000000e+03 6.208830538252708697e-01 5.960773166649330213e-01
2.610000000000000000e+03 6.202684685666945974e-01 5.946066030740447816e-01
2.620000000000000000e+03 6.200543200126381604e-01 5.924608372768530584e-01
2.630000000000000000e+03 6.202779106683625754e-01 5.914632288203718335e-01
2.640000000000000000e+03 6.203054367925214807e-01 5.896183533161890589e-01
2.650000000000000000e+03 6.193301032194840072e-01 5.887201526577316990e-01
2.660000000000000000e+03 6.181157305093439858e-01 5.885763191691752994e-01
2.670000000000000000e+03 6.164235704462179832e-01 5.871498334741644953e-01
2.680000000000000000e+03 6.136502011048317051e-01 5.878952723330937991e-01
2.690000000000000000e+03 6.110374090420941373e-01 5.877431718923733506e-01
2.700000000000000000e+03 6.087518520111145914e-01 5.880552758326235141e-01
2.710000000000000000e+03 6.062130358108057671e-01 5.892446767404916352e-01
2.720000000000000000e+03 6.036438658408588287e-01 5.894598919851153918e-01
2.730000000000000000e+03 6.020703346667967137e-01 5.898453193656033600e-01
2.740000000000000000e+03 6.003272600404276904e-01 5.898750911750354486e-01
2.750000000000000000e+03 5.975509938724083980e-01 5.901520756078066920e-01
2.760000000000000000e+03 5.950667018038189315e-01 5.917578355347296037e-01
2.770000000000000000e+03 5.926016353049088359e-01 5.900720939215033933e-01
2.780000000000000000e+03 5.903228531193411843e-01 5.908656512350032308e-01
2.790000000000000000e+03 5.882869082263098015e-01 5.894697270871248618e-01
2.800000000000000000e+03 5.854752785895369627e-01 5.887593596859371781e-01
2.810000000000000000e+03 5.837595340392232046e-01 5.882097826485711556e-01
2.820000000000000000e+03 5.822986464394493966e-01 5.857146409172564461e-01
2.830000000000000000e+03 5.809556601707226431e-01 5.846259774753238547e-01
2.840000000000000000e+03 5.798984159001014937e-01 5.833372545184154490e-01
2.850000000000000000e+03 5.785089644557855904e-01 5.816787225768795810e-01
2.860000000000000000e+03 5.773377718920403856e-01 5.802747810554751418e-01
2.870000000000000000e+03 5.768294148763287721e-01 5.771748840251672563e-01
2.880000000000000000e+03 5.761789028823053327e-01 5.760859142183808457e-01
2.890000000000000000e+03 5.750135232859622247e-01 5.750353048701524195e-01
2.900000000000000000e+03 5.736563017796421082e-01 5.732234694488872462e-01
2.910000000000000000e+03 5.722618659099758531e-01 5.722577325747287835e-01
2.920000000000000000e+03 5.712997044458879570e-01 5.709910380694428467e-01
2.930000000000000000e+03 5.703766424591537598e-01 5.679950158919303549e-01
2.940000000000000000e+03 5.697582405767334102e-01 5.675478380233053288e-01
2.950000000000000000e+03 5.690644960993094248e-01 5.664678163359501140e-01
2.960000000000000000e+03 5.682825728307349111e-01 5.645908969183000004e-01
2.970000000000000000e+03 5.678824270509792438e-01 5.661956344991752044e-01
2.980000000000000000e+03 5.674486821012671989e-01 5.641102045987228530e-01
2.990000000000000000e+03 5.667212346216667918e-01 5.641481523722648994e-01
3.000000000000000000e+03 5.658063727057065506e-01 5.621989240261036080e-01
3.010000000000000000e+03 5.646638465077997715e-01 5.605907134302544614e-01
3.020000000000000000e+03 5.637361381694805385e-01 5.597987580709454791e-01
3.030000000000000000e+03 5.630779073875620266e-01 5.590368440921931192e-01
3.040000000000000000e+03 5.626986170701511192e-01 5.552138411798669404e-01
3.050000000000000000e+03 5.630053919528897888e-01 5.540742859671380360e-01
3.060000000000000000e+03 5.635867696793375181e-01 5.523760665389494395e-01
3.070000000000000000e+03 5.641888287010793368e-01 5.500333026645466417e-01
3.080000000000000000e+03 5.645909837989315783e-01 5.485788505881277199e-01
3.090000000000000000e+03 5.633075884044986825e-01 5.460762778634298265e-01
3.100000000000000000e+03 5.619904902461739793e-01 5.443555540617137645e-01
3.110000000000000000e+03 5.606516109774557499e-01 5.433002268322323358e-01
3.120000000000000000e+03 5.590103355558713183e-01 5.424354708509573353e-01
3.130000000000000000e+03 5.576707309826114400e-01 5.387041047940298588e-01
3.140000000000000000e+03 5.559622282534316673e-01 5.372430533145325926e-01
3.150000000000000000e+03 5.545872567532773578e-01 5.351491710724819439e-01
3.160000000000000000e+03 5.535205958603109933e-01 5.335999910722628581e-01
3.170000000000000000e+03 5.522436309559757284e-01 5.329237234687338454e-01
3.180000000000000000e+03 5.513840141500510050e-01 5.316974332589028407e-01
3.190000000000000000e+03 5.508320511688890031e-01 5.303351417357782260e-01
3.200000000000000000e+03 5.502708772427342687e-01 5.291468183574036255e-01
3.210000000000000000e+03 5.499588728997997222e-01 5.278129383234442251e-01
3.220000000000000000e+03 5.497820276470902767e-01 5.275637668318723383e-01
3.230000000000000000e+03 5.485379990563750141e-01 5.258764388260029898e-01
3.240000000000000000e+03 5.466038133972886959e-01 5.243365912805635354e-01
3.250000000000000000e+03 5.446495947224696543e-01 5.227597452528752742e-01
3.260000000000000000e+03 5.436993964808471969e-01 5.216955618378267268e-01
3.270000000000000000e+03 5.429087736750717319e-01 5.219576126501149771e-01
3.280000000000000000e+03 5.417177167251172598e-01 5.212488500073592101e-01
3.290000000000000000e+03 5.403990355087499031e-01 5.204921580116129709e-01
3.300000000000000000e+03 5.389624436848441391e-01 5.196261318377893845e-01
3.310000000000000000e+03 5.373233576997313854e-01 5.208499864439714022e-01
3.320000000000000000e+03 5.354914938405506142e-01 5.211391936921940804e-01
3.330000000000000000e+03 5.339440297195139351e-01 5.203266792932211837e-01
3.340000000000000000e+03 5.329565639862525739e-01 5.195247344190998540e-01
3.350000000000000000e+03 5.319406165189798363e-01 5.198837702522853821e-01
3.360000000000000000e+03 5.306802333337253819e-01 5.189133291349045107e-01
3.370000000000000000e+03 5.297798227206261812e-01 5.191695144190908717e-01
3.380000000000000000e+03 5.288016439392217993e-01 5.195301292532525927e-01
3.390000000000000000e+03 5.267443636842650267e-01 5.177895283319112751e-01
3.400000000000000000e+03 5.246032440800628693e-01 5.171213175237843185e-01
3.410000000000000000e+03 5.232631377636173253e-01 5.177406492082062828e-01
3.420000000000000000e+03 5.220296725923532222e-01 5.166533366851683295e-01
3.430000000000000000e+03 5.206289605899100392e-01 5.149453638489095431e-01
3.440000000000000000e+03 5.185228521771840793e-01 5.137974775704593489e-01
3.450000000000000000e+03 5.162594351283747995e-01 5.143942244629693405e-01
3.460000000000000000e+03 5.142614837041564746e-01 5.150056965804451492e-01
3.470000000000000000e+03 5.122808657389488207e-01 5.131792643442503188e-01
3.480000000000000000e+03 5.101575704420249213e-01 5.119309245388308227e-01
3.490000000000000000e+03 5.080713960361367132e-01 5.106261265541257588e-01
3.500000000000000000e+03 5.068625500824062158e-01 5.097988294747767268e-01
3.510000000000000000e+03 5.065977960124660173e-01 5.079133395272437124e-01
3.520000000000000000e+03 5.059905411952985155e-01 5.064835210730702642e-01
3.530000000000000000e+03 5.050045926802830820e-01 5.052652996137906305e-01
3.540000000000000000e+03 5.045300836826350777e-01 5.049095155830219950e-01
3.550000000000000000e+03 5.042377468962138121e-01 5.033660280754782557e-01
3.560000000000000000e+03 5.039653890699028471e-01 5.016208489444555774e-01
3.570000000000000000e+03 5.037775857958581849e-01 5.003570558597252305e-01
3.580000000000000000e+03 5.031414016462633088e-01 5.014210558874504509e-01
3.590000000000000000e+03 5.018082787643936005e-01 5.030138038727068883e-01
3.600000000000000000e+03 5.011712037153382981e-01 5.019775297436497308e-01
3.610000000000000000e+03 5.014332419855045408e-01 5.013619750007720643e-01
3.620000000000000000e+03 5.015529554255644396e-01 5.014590846579701777e-01
3.630000000000000000e+03 5.012364556585759967e-01 5.004149338686740833e-01
3.640000000000000000e+03 5.008943154861114078e-01 4.991693948943535242e-01
3.650000000000000000e+03 5.006996751038557125e-01 4.971808180427918500e-01
3.660000000000000000e+03 5.006587028481146451e-01 4.956451310225266638e-01
3.670000000000000000e+03 5.003671363056955146e-01 4.950410796138894898e-01
3.680000000000000000e+03 4.998550806613202280e-01 4.947058765023825688e-01
3.690000000000000000e+03 4.989755569390731949e-01 4.923950148468959065e-01
3.700000000000000000e+03 4.977160226468360094e-01 4.919581125735569271e-01
3.710000000000000000e+03 4.966192303723139800e-01 4.894885310881665896e-01
3.720000000000000000e+03 4.952162119058624579e-01 4.866037406107290852e-01
3.730000000000000000e+03 4.941696083058361721e-01 4.863461399965841037e-01
3.740000000000000000e+03 4.940093338308808035e-01 4.853616730718772754e-01
3.750000000000000000e+03 4.946332104799367468e-01 4.833966379663957036e-01
3.760000000000000000e+03 4.953347403058306897e-01 4.817189912849673128e-01
3.770000000000000000e+03 4.951824787890768409e-01 4.802278315909739304e-01
3.780000000000000000e+03 4.956278708772151598e-01 4.787626483661428511e-01
3.790000000000000000e+03 4.971084999218645106e-01 4.784940483847942572e-01
3.800000000000000000e+03 4.974634498648632941e-01 4.763644846648737441e-01
3.810000000000000000e+03 4.957973466936480555e-01 4.752299848157608975e-01
3.820000000000000000e+03 4.937462067387423104e-01 4.742406495004855560e-01
3.830000000000000000e+03 4.926596734904497565e-01 4.728302592187528242e-01
3.840000000000000000e+03 4.919778295993249007e-01 4.714128090582053732e-01
3.850000000000000000e+03 4.914630957980656856e-01 4.697543663784259360e-01
3.860000000000000000e+03 4.904417783527919572e-01 4.696816980182133006e-01
3.870000000000000000e+03 4.883952088843251382e-01 4.698108261574915900e-01
3.880000000000000000e+03 4.861713210738635160e-01 4.718138407976568693e-01
3.890000000000000000e+03 4.846539792615291997e-01 4.713309293995391891e-01
3.900000000000000000e+03 4.832473811405204600e-01 4.708726024103674357e-01
3.910000000000000000e+03 4.812175922684576723e-01 4.692918190975725046e-01
3.920000000000000000e+03 4.797255456156931386e-01 4.687277850138628632e-01
3.930000000000000000e+03 4.784464833266376949e-01 4.676938056514025610e-01
3.940000000000000000e+03 4.770016169908857795e-01 4.669205756975314259e-01
3.950000000000000000e+03 4.764081846995142921e-01 4.645974485324151915e-01
3.960000000000000000e+03 4.762200773302755485e-01 4.646471707586039002e-01
3.970000000000000000e+03 4.740394926371807038e-01 4.639057410538994786e-01
3.980000000000000000e+03 4.716895046380937817e-01 4.632265306721203846e-01
3.990000000000000000e+03 4.701774156445029940e-01 4.641305814743632574e-01
4.000000000000000000e+03 4.690319696236263103e-01 4.653243072922704782e-01
4.010000000000000000e+03 4.683107490935771722e-01 4.635371049808605926e-01
4.020000000000000000e+03 4.670192614675649501e-01 4.628260732593094673e-01
4.030000000000000000e+03 4.658667730744960322e-01 4.631522274995678590e-01
4.040000000000000000e+03 4.653768231022900048e-01 4.603833976430327657e-01
4.050000000000000000e+03 4.645589366965651723e-01 4.609411015315276750e-01
4.060000000000000000e+03 4.639678294301560757e-01 4.608122869527386256e-01
4.070000000000000000e+03 4.632360923091330962e-01 4.589166811668536905e-01
4.080000000000000000e+03 4.622989830454315441e-01 4.594577446459490733e-01
4.090000000000000000e+03 4.615217623425144078e-01 4.604512123605391527e-01
4.100000000000000000e+03 4.605080773001948291e-01 4.591886898584926491e-01
4.110000000000000000e+03 4.596445934612393147e-01 4.597739440433427083e-01
4.120000000000000000e+03 4.596083136911300882e-01 4.581111944214159570e-01
4.130000000000000000e+03 4.588431372988143742e-01 4.571091731484468457e-01
4.140000000000000000e+03 4.570252394362815385e-01 4.569778274716127520e-01
4.150000000000000000e+03 4.565552157903114971e-01 4.572056494770257995e-01
4.160000000000000000e+03 4.565122785736052680e-01 4.568945558499430404e-01
4.170000000000000000e+03 4.557878400457694990e-01 4.557073612424598630e-01
4.180000000000000000e+03 4.547902424505567143e-01 4.554142762915827647e-01
4.190000000000000000e+03 4.540598524007811165e-01 4.522262499198604901e-01
4.200000000000000000e+03 4.536239586456661255e-01 4.522644248203153694e-01
4.210000000000000000e+03 4.541256957600942612e-01 4.499255385462632151e-01
4.220000000000000000e+03 4.555463025253612686e-01 4.485384534141448332e-01
4.230000000000000000e+03 4.564112639363773205e-01 4.463487050515659305e-01
4.240000000000000000e+03 4.565248902702508937e-01 4.449361979714842597e-01
4.250000000000000000e+03 4.559953914564911504e-01 4.426207756854871334e-01
4.260000000000000000e+03 4.551281103541095496e-01 4.407290959231066063e-01
4.270000000000000000e+03 4.554722469896861914e-01 4.383330411046854058e-01
4.280000000000000000e+03 4.559193748744239660e-01 4.378934005464188428e-01
4.290000000000000000e+03 4.560290042917861109e-01 4.360833502279171103e-01
4.300000000000000000e+03 4.565629232254673209e-01 4.340922437998552819e-01
4.310000000000000000e+03 4.565961338236739220e-01 4.331568171494195596e-01
4.320000000000000000e+03 4.565099503468886266e-01 4.313846571284634113e-01
4.330000000000000000e+03 4.564242311728389789e-01 4.301982353255185965e-01
4.340000000000000000e+03 4.561474728217878027e-01 4.290054248330346098e-01
4.350000000000000000e+03 4.555869418716076980e-01 4.289304121032749828e-01
4.360000000000000000e+03 4.551669038949662238e-01 4.275752506798246033e-01
4.370000000000000000e+03 4.548139844308787816e-01 4.257402954300750775e-01
4.380000000000000000e+03 4.544154637704767019e-01 4.244692420946181155e-01
4.390000000000000000e+03 4.536511723081857461e-01 4.236533510319506757e-01
4.400000000000000000e+03 4.519505063190503713e-01 4.232900582176322146e-01
4.410000000000000000e+03 4.499361282179463184e-01 4.240496467819966364e-01
4.420000000000000000e+03 4.488875192841060291e-01 4.233036148563330547e-01
4.430000000000000000e+03 4.487154257060776419e-01 4.236736432385205808e-01
4.440000000000000000e+03 4.473081750251833300e-01 4.226329601293852267e-01
4.450000000000000000e+03 4.460556611561832807e-01 4.223719745914427670e-01
4.460000000000000000e+03 4.455934753819509320e-01 4.218155680680600317e-01
4.470000000000000000e+03 4.441091894298911935e-01 4.219106754738147780e-01
4.480000000000000000e+03 4.416025573508426394e-01 4.226048922051658940e-01
4.490000000000000000e+03 4.390198838401324632e-01 4.222876877200245627e-01
4.500000000000000000e+03 4.363427159146758827e-01 4.237621024993643015e-01
4.510000000000000000e+03 4.342081866327041073e-01 4.240354636671322952e-01
4.520000000000000000e+03 4.330567902709820394e-01 4.241563822395963412e-01
4.530000000000000000e+03 4.322361657946344193e-01 4.242228244685691263e-01
4.540000000000000000e+03 4.311567501863935448e-01 4.253302847776618267e-01
4.550000000000000000e+03 4.298716921319842843e-01 4.247469482750594882e-01
4.560000000000000000e+03 4.286981607043627851e-01 4.241242485195491074e-01
4.570000000000000000e+03 4.274815920527124669e-01 4.226297994155789883e-01
4.580000000000000000e+03 4.265450106905619987e-01 4.234726349159451675e-01
4.590000000000000000e+03 4.250689920796357213e-01 4.251065803292953249e-01
4.600000000000000000e+03 4.232904984414927463e-01 4.253977611776100787e-01
4.610000000000000000e+03 4.221711228736250154e-01 4.244073697671726375e-01
4.620000000000000000e+03 4.209338941331716710e-01 4.247618490477217956e-01
4.630000000000000000e+03 4.198985696225072117e-01 4.241391915497108034e-01
4.640000000000000000e+03 4.191562457661980323e-01 4.249517673773380855e-01
4.650000000000000000e+03 4.185575685437062377e-01 4.252085227278694646e-01
4.660000000000000000e+03 4.188190004450661474e-01 4.240971514306617340e-01
4.670000000000000000e+03 4.182456292751260407e-01 4.247924665672511702e-01
4.680000000000000000e+03 4.168555762117273633e-01 4.242926779934900750e-01
4.690000000000000000e+03 4.164820118855437903e-01 4.222572146482461153e-01
4.700000000000000000e+03 4.163630480868985018e-01 4.240301929025065419e-01
4.710000000000000000e+03 4.155067148033901314e-01 4.238296030904326051e-01
4.720000000000000000e+03 4.143263012783398591e-01 4.248509444658255529e-01
4.730000000000000000e+03 4.132445189961193588e-01 4.258689216398928168e-01
4.740000000000000000e+03 4.132509629913448390e-01 4.246036625065106040e-01
4.750000000000000000e+03 4.141106632799817500e-01 4.222355277807059437e-01
4.760000000000000000e+03 4.154332482722088438e-01 4.206287696143505839e-01
4.770000000000000000e+03 4.161033016623626457e-01 4.191614906631850324e-01
4.780000000000000000e+03 4.156649128004832883e-01 4.165774402057503822e-01
4.790000000000000000e+03 4.146272620159799915e-01 4.143115739141590148e-01
4.800000000000000000e+03 4.133926569458588052e-01 4.125561836828749440e-01
4.810000000000000000e+03 4.127729630986188281e-01 4.102588571020819308e-01
4.820000000000000000e+03 4.141883681209025947e-01 4.101362623255097040e-01
4.830000000000000000e+03 4.157211674312821237e-01 4.077351752323278289e-01
4.840000000000000000e+03 4.159078855029548771e-01 4.068968170292853181e-01
4.850000000000000000e+03 4.174871582293218086e-01 4.049210406762827064e-01
4.860000000000000000e+03 4.189121901617264832e-01 4.043015538037061929e-01
4.870000000000000000e+03 4.190744720815294255e-01 4.029950242844366759e-01
4.880000000000000000e+03 4.190925518128747473e-01 4.018005223561376682e-01
4.890000000000000000e+03 4.189246251504157859e-01 4.003427643449006812e-01
4.900000000000000000e+03 4.177485207058868610e-01 3.995981837395115033e-01
4.910000000000000000e+03 4.175905485870074485e-01 3.974793838579678829e-01
4.920000000000000000e+03 4.184682269113502162e-01 3.955657903550496846e-01
4.930000000000000000e+03 4.190691665360118390e-01 3.945209554723492218e-01
4.940000000000000000e+03 4.177721427046330316e-01 3.936675749152133141e-01
4.950000000000000000e+03 4.174265555284494278e-01 3.928993166452502961e-01
4.960000000000000000e+03 4.183309954685079379e-01 3.916789470586374833e-01
4.970000000000000000e+03 4.187981549502043377e-01 3.911289874697596036e-01
4.980000000000000000e+03 4.184009082584102535e-01 3.909714688952125039e-01
4.990000000000000000e+03 4.174805208003040669e-01 3.894236935638620278e-01
