0.000000000000000000e+00 9.946462818098531500e-01 1.005353718190146628e+00
1.000000000000000000e+01 9.915269499032067779e-01 1.006709175595607242e+00
2.000000000000000000e+01 9.881430991880987280e-01 1.006740277486741109e+00
3.000000000000000000e+01 9.846423781707117628e-01 1.007010918045433190e+00
4.000000000000000000e+01 9.807847227936444812e-01 1.006869827167958809e+00
5.000000000000000000e+01 9.774504896196501980e-01 1.006308667223020814e+00
6.000000000000000000e+01 9.745643588935121171e-01 1.005096279885424382e+00
7.000000000000000000e+01 9.721117729732592361e-01 1.004822293969571012e+00
8.000000000000000000e+01 9.702009999854601663e-01 1.004076898410042329e+00
9.000000000000000000e+01 9.685527227526368188e-01 1.001165209839484094e+00
1.000000000000000000e+02 9.669100661749140402e-01 9.987260217135484064e-01
1.100000000000000000e+02 9.657576926495494707e-01 9.960312086342210103e-01
1.200000000000000000e+02 9.648962756214142233e-01 9.931954663052436905e-01
1.300000000000000000e+02 9.642793041393901143e-01 9.897093396896416984e-01
1.400000000000000000e+02 9.635626486201080976e-01 9.876525086772797168e-01
1.500000000000000000e+02 9.626715743224402155e-01 9.845918128348090104e-01
1.600000000000000000e+02 9.620350538856106137e-01 9.807542286855582825e-01
1.700000000000000000e+02 9.618634847991925918e-01 9.770648806057034008e-01
1.800000000000000000e+02 9.628118191352571520e-01 9.724728999966287812e-01
1.900000000000000000e+02 9.639202877403192371e-01 9.683526704956139097e-01
2.000000000000000000e+02 9.647062044066734288e-01 9.641005306417059773e-01
2.100000000000000000e+02 9.654619306478399166e-01 9.589027118238442338e-01
2.200000000000000000e+02 9.666926724192993481e-01 9.549108148276865826e-01
2.300000000000000000e+02 9.680041791809922413e-01 9.513224255774062055e-01
2.400000000000000000e+02 9.685834727020468105e-01 9.458119541537435282e-01
2.500000000000000000e+02 9.694192317800601755e-01 9.405404411781344010e-01
2.600000000000000000e+02 9.708944141334615585e-01 9.366272844696660327e-01
2.700000000000000000e+02 9.720891583082662546e-01 9.310065102374858181e-01
2.800000000000000000e+02 9.732380043688551030e-01 9.262818112718631536e-01
2.900000000000000000e+02 9.741795484009889705e-01 9.220209025449906948e-01
3.000000000000000000e+02 9.745632323357500404e-01 9.175243366648391241e-01
3.100000000000000000e+02 9.748319619980494455e-01 9.136789382029654183e-01
3.200000000000000000e+02 9.751279815511146865e-01 9.094825607681057411e-01
3.300000000000000000e+02 9.747962608600371226e-01 9.055492269787165371e-01
3.400000000000000000e+02 9.742310645857582552e-01 9.025119016060085819e-01
3.500000000000000000e+02 9.738956276652422916e-01 9.000014001954138587e-01
3.600000000000000000e+02 9.736087684745643456e-01 8.969087361619042520e-01
3.700000000000000000e+02 9.724126234340828567e-01 8.953257429218035579e-01
3.800000000000000000e+02 9.703384552677186692e-01 8.933585283529691390e-01
3.900000000000000000e+02 9.683140417265136968e-01 8.916429056839515477e-01
4.000000000000000000e+02 9.665649351214298246e-01 8.897780464390068200e-01
4.100000000000000000e+02 9.645753647360190142e-01 8.883796556922707310e-01
4.200000000000000000e+02 9.621913148533519644e-01 8.878440321485322473e-01
4.300000000000000000e+02 9.595656161081724811e-01 8.878020070240251194e-01
4.400000000000000000e+02 9.562444429983339989e-01 8.876318740430648724e-01
4.500000000000000000e+02 9.526655028915326229e-01 8.869299695694564667e-01
4.600000000000000000e+02 9.487570443340327397e-01 8.871148264072516998e-01
4.700000000000000000e+02 9.444318250066970899e-01 8.865786891602912556e-01
4.800000000000000000e+02 9.399592278237243193e-01 8.876437156168780485e-01
4.900000000000000000e+02 9.358865755412517640e-01 8.886447317155504733e-01
5.000000000000000000e+02 9.316925542697618301e-01 8.886123085338905048e-01
5.100000000000000000e+02 9.277006151102020759e-01 8.896518017935439726e-01
5.200000000000000000e+02 9.235509064877993612e-01 8.900647428453913879e-01
5.300000000000000000e+02 9.182873782752638547e-01 8.913232757437339338e-01
5.400000000000000000e+02 9.132629251333641562e-01 8.920316213212818868e-01
5.500000000000000000e+02 9.086187312018968454e-01 8.933025830083418661e-01
5.600000000000000000e+02 9.037748875629648682e-01 8.940075270629398441e-01
5.700000000000000000e+02 8.991773418999302603e-01 8.962342598168453467e-01
5.800000000000000000e+02 8.946987745863329566e-01 8.969845409685749393e-01
5.900000000000000000e+02 8.906073244252347143e-01 8.986893805208713282e-01
6.000000000000000000e+02 8.867907449409290210e-01 8.983992868681629496e-01
6.100000000000000000e+02 8.830589623741953442e-01 8.997795641996593208e-01
6.200000000000000000e+02 8.792213759280455010e-01 8.994770291482355740e-01
6.300000000000000000e+02 8.755245270646211386e-01 9.003106370284214011e-01
6.400000000000000000e+02 8.720483798947125109e-01 9.005341375115445413e-01
6.500000000000000000e+02 8.684062582578163658e-01 8.993379167977417765e-01
6.600000000000000000e+02 8.652996533942295398e-01 8.986767210595016930e-01
6.700000000000000000e+02 8.624713679798922117e-01 8.966948959780969286e-01
6.800000000000000000e+02 8.597975826724255644e-01 8.958525711194997854e-01
6.900000000000000000e+02 8.576261260812839682e-01 8.946638621003653036e-01
7.000000000000000000e+02 8.561917161654242214e-01 8.930991376396117953e-01
7.100000000000000000e+02 8.548750927984080095e-01 8.913069482320375991e-01
7.200000000000000000e+02 8.537217652967911130e-01 8.893914339327317897e-01
7.300000000000000000e+02 8.528860991149332937e-01 8.863464110936880580e-01
7.400000000000000000e+02 8.520349635748842854e-01 8.836447586171001234e-01
7.500000000000000000e+02 8.510045968303190378e-01 8.804723089562407345e-01
7.600000000000000000e+02 8.506169259500210300e-01 8.781240118679488615e-01
7.700000000000000000e+02 8.508240495512606749e-01 8.748636225290437052e-01
7.800000000000000000e+02 8.513350749234068759e-01 8.721725926735058865e-01
7.900000000000000000e+02 8.519238477750583627e-01 8.677585712932714967e-01
8.000000000000000000e+02 8.523144499132693230e-01 8.624434755669834196e-01
8.100000000000000000e+02 8.531344292076397107e-01 8.590219228220057346e-01
8.200000000000000000e+02 8.538202208792335934e-01 8.539333592498722370e-01
8.300000000000000000e+02 8.546737364160975625e-01 8.494438134212244362e-01
8.400000000000000000e+02 8.559393549152493064e-01 8.453064623750211615e-01
8.500000000000000000e+02 8.570302253201320664e-01 8.411092994062658867e-01
8.600000000000000000e+02 8.580146946778152151e-01 8.378225774046207386e-01
8.700000000000000000e+02 8.592637806472225304e-01 8.343023492887841064e-01
8.800000000000000000e+02 8.602300461896443817e-01 8.307447391221813859e-01
8.900000000000000000e+02 8.611947365248223685e-01 8.265099636327337684e-01
9.000000000000000000e+02 8.621830678636102085e-01 8.218483632174514719e-01
9.100000000000000000e+02 8.624373253580025489e-01 8.182736761786654212e-01
9.200000000000000000e+02 8.624007442189188799e-01 8.141808173331420706e-01
9.300000000000000000e+02 8.625470212163048878e-01 8.110410058986220472e-01
9.400000000000000000e+02 8.628015988625817867e-01 8.086874372699150992e-01
9.500000000000000000e+02 8.630508160947961693e-01 8.054629254342088318e-01
9.600000000000000000e+02 8.629165411783766837e-01 8.017305619504759839e-01
9.700000000000000000e+02 8.626471545286621412e-01 8.002685041514163711e-01
9.800000000000000000e+02 8.618977631521058669e-01 7.980436148486522718e-01
9.900000000000000000e+02 8.605724817262123683e-01 7.958213717252923258e-01
1.000000000000000000e+03 8.587823864608921109e-01 7.943169462643647760e-01
1.010000000000000000e+03 8.571853272330082207e-01 7.921447065454398917e-01
1.020000000000000000e+03 8.556232331650185374e-01 7.907228601381761646e-01
1.030000000000000000e+03 8.537099144964008790e-01 7.899429587103287131e-01
1.040000000000000000e+03 8.516880171919637421e-01 7.896652903860129635e-01
1.050000000000000000e+03 8.489316145599427044e-01 7.888847539577307222e-01
1.060000000000000000e+03 8.458687950768120078e-01 7.884313941962581840e-01
1.070000000000000000e+03 8.418087848789447269e-01 7.890299793027707453e-01
1.080000000000000000e+03 8.378569625417431332e-01 7.888290442765371058e-01
1.090000000000000000e+03 8.345931650549780478e-01 7.896564837233874812e-01
1.100000000000000000e+03 8.307397175910210541e-01 7.892410546513510816e-01
1.110000000000000000e+03 8.267912835393570470e-01 7.903314789530304640e-01
1.120000000000000000e+03 8.227897030156037239e-01 7.908299994577693282e-01
1.130000000000000000e+03 8.183689657752615254e-01 7.914751613635789829e-01
1.140000000000000000e+03 8.140318484090207640e-01 7.924188692599213324e-01
1.150000000000000000e+03 8.097351969588469922e-01 7.935921031538810677e-01
1.160000000000000000e+03 8.051714216075697150e-01 7.943973479463978249e-01
1.170000000000000000e+03 8.007394084091850051e-01 7.950112273230888205e-01
1.180000000000000000e+03 7.966307839989885675e-01 7.960774406658421842e-01
1.190000000000000000e+03 7.927883641370485623e-01 7.959169827193121050e-01
1.200000000000000000e+03 7.890887509675721390e-01 7.964408342731648105e-01
1.210000000000000000e+03 7.853234397630353136e-01 7.970371118291964541e-01
1.220000000000000000e+03 7.819672539185481552e-01 7.962425800036713186e-01
1.230000000000000000e+03 7.792816719513644408e-01 7.959394418784885294e-01
1.240000000000000000e+03 7.764515429455768336e-01 7.967146017232135113e-01
1.250000000000000000e+03 7.732896411388696656e-01 7.952365252072439716e-01
1.260000000000000000e+03 7.705525483513760987e-01 7.959694534126846577e-01
1.270000000000000000e+03 7.684004131030647278e-01 7.950951101770534768e-01
1.280000000000000000e+03 7.660714222561935127e-01 7.937987910824214621e-01
1.290000000000000000e+03 7.640005458405574323e-01 7.924444930317821045e-01
1.300000000000000000e+03 7.624158815694795921e-01 7.924493282933656735e-01
1.310000000000000000e+03 7.609602382133772158e-01 7.901953303657784922e-01
1.320000000000000000e+03 7.592611938629584278e-01 7.887124817700406076e-01
1.330000000000000000e+03 7.576921492946963044e-01 7.849266850674916363e-01
1.340000000000000000e+03 7.569670931178634765e-01 7.829763909933845634e-01
1.350000000000000000e+03 7.565692600846596338e-01 7.804467308521090274e-01
1.360000000000000000e+03 7.561954262828465279e-01 7.767527792679398413e-01
1.370000000000000000e+03 7.557043988542265778e-01 7.735210593882488883e-01
1.380000000000000000e+03 7.550207442907673761e-01 7.716968573674810594e-01
1.390000000000000000e+03 7.543738964568847960e-01 7.692707278718911024e-01
1.400000000000000000e+03 7.539529543992048444e-01 7.658405691535584703e-01
1.410000000000000000e+03 7.540887635003851175e-01 7.610973642752146828e-01
1.420000000000000000e+03 7.543513349835557769e-01 7.581912396112699959e-01
1.430000000000000000e+03 7.548566641550753520e-01 7.551908108851781432e-01
1.440000000000000000e+03 7.560494426086908915e-01 7.507539484308999311e-01
1.450000000000000000e+03 7.575323259989420466e-01 7.476078669386402309e-01
1.460000000000000000e+03 7.586890972257733790e-01 7.436271883540722660e-01
1.470000000000000000e+03 7.597061873420041245e-01 7.393816230396155209e-01
1.480000000000000000e+03 7.600999340640505197e-01 7.362544032196661759e-01
1.490000000000000000e+03 7.601495232545955050e-01 7.326987921221090883e-01
1.500000000000000000e+03 7.607184966029062467e-01 7.290384418347397588e-01
1.510000000000000000e+03 7.609565898431708275e-01 7.248615260082588163e-01
1.520000000000000000e+03 7.607464732279258790e-01 7.220367785962763518e-01
1.530000000000000000e+03 7.606496657031075470e-01 7.192571701972356735e-01
1.540000000000000000e+03 7.608406740423624415e-01 7.165165544352980476e-01
1.550000000000000000e+03 7.614287362397501591e-01 7.138883272527437596e-01
1.560000000000000000e+03 7.621685590981335245e-01 7.112948655090266525e-01
1.570000000000000000e+03 7.623031992347000241e-01 7.088334862470391240e-01
1.580000000000000000e+03 7.615413794422355442e-01 7.062266827634955391e-01
1.590000000000000000e+03 7.605793390059591985e-01 7.045996533866375477e-01
1.600000000000000000e+03 7.597654769280837161e-01 7.031770333376017312e-01
1.610000000000000000e+03 7.590318001647682333e-01 7.016918540858908537e-01
1.620000000000000000e+03 7.576610411245557897e-01 7.001956658623601504e-01
1.630000000000000000e+03 7.554666712227576797e-01 6.992062980230473457e-01
1.640000000000000000e+03 7.535492831396998215e-01 6.983563633334316512e-01
1.650000000000000000e+03 7.514920020333802908e-01 6.970727456678466050e-01
1.660000000000000000e+03 7.490363759908966745e-01 6.967505753363210097e-01
1.670000000000000000e+03 7.468581965634265574e-01 6.961819962625200864e-01
1.680000000000000000e+03 7.440163633116488873e-01 6.960443108251229694e-01
1.690000000000000000e+03 7.407378896943390689e-01 6.963394689539151861e-01
1.700000000000000000e+03 7.374076129668257762e-01 6.961964083058319597e-01
1.710000000000000000e+03 7.338719056709175348e-01 6.974156819432635324e-01
1.720000000000000000e+03 7.304219605698772932e-01 6.983309404027480127e-01
1.730000000000000000e+03 7.269299487729559139e-01 6.986664318455986233e-01
1.740000000000000000e+03 7.236627409065620187e-01 7.000046818391645331e-01
1.750000000000000000e+03 7.200082838924144468e-01 7.013117723766904010e-01
1.760000000000000000e+03 7.159201098688037224e-01 7.023314437873499072e-01
1.770000000000000000e+03 7.116853306988871752e-01 7.032771035541252047e-01
1.780000000000000000e+03 7.078556099872310714e-01 7.043895100961999889e-01
1.790000000000000000e+03 7.043498640660889043e-01 7.052928226914312315e-01
1.800000000000000000e+03 7.005801623086151952e-01 7.053557962751180188e-01
1.810000000000000000e+03 6.970909651024170817e-01 7.064873354940770511e-01
1.820000000000000000e+03 6.942184345919886201e-01 7.079764814722613320e-01
1.830000000000000000e+03 6.908748682363570204e-01 7.077056072531298092e-01
1.840000000000000000e+03 6.879189066621638204e-01 7.076165464601920085e-01
1.850000000000000000e+03 6.852409589294800041e-01 7.095311921457585491e-01
1.860000000000000000e+03 6.823601634614447908e-01 7.084608060548347463e-01
1.870000000000000000e+03 6.803709654222813707e-01 7.094676865293003676e-01
1.880000000000000000e+03 6.786973558169572263e-01 7.077985176490493302e-01
1.890000000000000000e+03 6.767439097992531405e-01 7.078836548252226413e-01
1.900000000000000000e+03 6.752938229044361806e-01 7.068610662362084796e-01
1.910000000000000000e+03 6.742069567428018440e-01 7.045295451319847357e-01
1.920000000000000000e+03 6.729846713622020804e-01 7.046149823257374933e-01
1.930000000000000000e+03 6.718797743261719635e-01 7.030039312861671164e-01
1.940000000000000000e+03 6.711891296862300127e-01 7.018277289383929585e-01
1.950000000000000000e+03 6.711259766457576825e-01 6.990665313082333743e-01
1.960000000000000000e+03 6.712584310964462286e-01 6.949053472933289788e-01
1.970000000000000000e+03 6.709203497155470375e-01 6.932329753560353414e-01
1.980000000000000000e+03 6.712522983572676294e-01 6.902438216091391077e-01
1.990000000000000000e+03 6.719204828466519563e-01 6.879126812676445990e-01
2.000000000000000000e+03 6.721498013753066658e-01 6.848080607812672138e-01
2.010000000000000000e+03 6.725448466829462291e-01 6.819418834660140316e-01
2.020000000000000000e+03 6.727441113760382896e-01 6.792372556693581087e-01
2.030000000000000000e+03 6.727894525028399464e-01 6.748581320829775132e-01
2.040000000000000000e+03 6.731771366671783774e-01 6.720766526143933106e-01
2.050000000000000000e+03 6.736601543281210969e-01 6.670561175203196802e-01
2.060000000000000000e+03 6.742989396997780549e-01 6.633000262960072613e-01
2.070000000000000000e+03 6.753020214462517323e-01 6.594263562087253616e-01
2.080000000000000000e+03 6.765574399137374018e-01 6.560145014152410914e-01
2.090000000000000000e+03 6.775933544399366237e-01 6.530329780849903898e-01
2.100000000000000000e+03 6.791157286087059486e-01 6.492665784465670997e-01
2.110000000000000000e+03 6.809605682226681500e-01 6.461819896187886991e-01
2.120000000000000000e+03 6.819572287602863048e-01 6.426498090616649117e-01
2.130000000000000000e+03 6.824892335524733733e-01 6.388520168525636533e-01
2.140000000000000000e+03 6.836662693000647995e-01 6.352449867666244421e-01
2.150000000000000000e+03 6.853565970195822921e-01 6.325200306512669401e-01
2.160000000000000000e+03 6.861776738020517463e-01 6.299773099468739535e-01
2.170000000000000000e+03 6.860983346715343600e-01 6.265342094464686484e-01
2.180000000000000000e+03 6.861961919691662581e-01 6.249061457878182235e-01
2.190000000000000000e+03 6.860634858703442696e-01 6.229491947252852047e-01
2.200000000000000000e+03 6.866596561023092793e-01 6.211856141939923193e-01
2.210000000000000000e+03 6.867878873559951636e-01 6.197902169567925945e-01
2.220000000000000000e+03 6.855664717640577166e-01 6.197035322095889587e-01
2.230000000000000000e+03 6.833456047434230962e-01 6.182937516630638841e-01
2.240000000000000000e+03 6.804584016109654909e-01 6.183104823064543565e-01
2.250000000000000000e+03 6.778856385232885362e-01 6.176056763540022088e-01
2.260000000000000000e+03 6.749602741853027998e-01 6.168590521811839755e-01
2.270000000000000000e+03 6.721643326863573353e-01 6.169760655856220133e-01
2.280000000000000000e+03 6.691222258920695998e-01 6.161832532140937291e-01
2.290000000000000000e+03 6.653121897287197495e-01 6.168127159085081690e-01
2.300000000000000000e+03 6.617502834065888129e-01 6.176489010858089435e-01
2.310000000000000000e+03 6.579469778096198596e-01 6.183318218612353645e-01
2.320000000000000000e+03 6.539221037256468527e-01 6.194191469493145474e-01
2.330000000000000000e+03 6.503409924459778724e-01 6.204997388496332755e-01
2.340000000000000000e+03 6.470011531446615560e-01 6.215988837013840529e-01
2.350000000000000000e+03 6.433764998462643270e-01 6.235408412245931897e-01
2.360000000000000000e+03 6.397466996339191692e-01 6.243985144497951056e-01
2.370000000000000000e+03 6.364778973997867739e-01 6.269382702953522069e-01
2.380000000000000000e+03 6.330618365607412201e-01 6.277165623527100058e-01
2.390000000000000000e+03 6.295230392399705499e-01 6.289333012423196090e-01
2.400000000000000000e+03 6.261367692978052624e-01 6.301882945640125966e-01
2.410000000000000000e+03 6.231821936311976451e-01 6.306260029017939361e-01
2.420000000000000000e+03 6.203018527241808133e-01 6.319582213544530092e-01
2.430000000000000000e+03 6.172413770930076371e-01 6.321263438419767455e-01
2.440000000000000000e+03 6.141782112213480804e-01 6.337763124286476257e-01
2.450000000000000000e+03 6.113438125718598792e-01 6.344313538935204555e-01
2.460000000000000000e+03 6.086475257795961324e-01 6.338744035886010320e-01
2.470000000000000000e+03 6.056922217003795073e-01 6.332348870916089112e-01
2.480000000000000000e+03 6.029367829505054566e-01 6.328763524557580178e-01
2.490000000000000000e+03 6.009663503806340623e-01 6.326171411993742888e-01
2.500000000000000000e+03 5.992994087842790085e-01 6.306922295167523007e-01
2.510000000000000000e+03 5.977955941258844552e-01 6.307693890631906886e-01
2.520000000000000000e+03 5.962491808153073114e-01 6.309077928750197461e-01
2.530000000000000000e+03 5.947840435991422758e-01 6.291188908035650895e-01
2.540000000000000000e+03 5.935944906556998024e-01 6.263977805405275268e-01
2.550000000000000000e+03 5.925479399937878533e-01 6.246524295021873563e-01
2.560000000000000000e+03 5.924858212742525332e-01 6.224434482120159151e-01
2.570000000000000000e+03 5.930078971362007234e-01 6.206816775849635093e-01
2.580000000000000000e+03 5.931262364908330698e-01 6.176904779514202914e-01
2.590000000000000000e+03 5.933667894179964764e-01 6.162798644202497345e-01
2.600000000000000000e+03 5.937694287799325510e-01 6.138381941693931143e-01
2.610000000000000000e+03 5.942833946237829901e-01 6.109699728767373772e-01
2.620000000000000000e+03 5.949334382273675503e-01 6.085935135805399243e-01
2.630000000000000000e+03 5.957111812464408462e-01 6.045558024291286525e-01
2.640000000000000000e+03 5.969135999033161610e-01 6.026261201594317329e-01
2.650000000000000000e+03 5.983860460525614045e-01 5.978662703945004653e-01
2.660000000000000000e+03 5.998590594287063205e-01 5.944750365578059803e-01
2.670000000000000000e+03 6.011588235688860582e-01 5.906159094792760023e-01
2.680000000000000000e+03 6.021972583919731337e-01 5.871334727078049154e-01
2.690000000000000000e+03 6.034612020566397783e-01 5.831628223145280954e-01
2.700000000000000000e+03 6.047887079092809648e-01 5.806035446164338198e-01
2.710000000000000000e+03 6.059045040534993820e-01 5.764240986559046043e-01
2.720000000000000000e+03 6.071564173030199463e-01 5.730098959516534141e-01
2.730000000000000000e+03 6.079091085931936922e-01 5.695879916927321096e-01
2.740000000000000000e+03 6.086322351129020980e-01 5.671896325287576479e-01
2.750000000000000000e+03 6.096521947198434432e-01 5.644825635131835995e-01
2.760000000000000000e+03 6.102492845730355109e-01 5.627352709510464734e-01
2.770000000000000000e+03 6.107011532522866881e-01 5.605136316213970016e-01
2.780000000000000000e+03 6.110612922286041693e-01 5.582747366519285048e-01
2.790000000000000000e+03 6.103312421883497763e-01 5.566442857570698122e-01
2.800000000000000000e+03 6.095827186580821122e-01 5.537980087536007456e-01
2.810000000000000000e+03 6.089001837834072672e-01 5.521713824711155238e-01
2.820000000000000000e+03 6.081276251807847810e-01 5.515128507462979668e-01
2.830000000000000000e+03 6.075644017780426065e-01 5.506123361469339450e-01
2.840000000000000000e+03 6.068005627528254564e-01 5.496315412080724494e-01
2.850000000000000000e+03 6.054313014941969939e-01 5.493919679172869497e-01
2.860000000000000000e+03 6.030686910415260504e-01 5.493778286671394673e-01
2.870000000000000000e+03 6.006527334883600133e-01 5.493686438971839836e-01
2.880000000000000000e+03 5.982466231286841518e-01 5.489591187501789982e-01
2.890000000000000000e+03 5.948878848107401751e-01 5.499056809623509290e-01
2.900000000000000000e+03 5.916733664080399135e-01 5.502833709951102659e-01
2.910000000000000000e+03 5.891665920056063932e-01 5.506712411484727676e-01
2.920000000000000000e+03 5.861123229126261602e-01 5.519625784519085476e-01
2.930000000000000000e+03 5.829687668168064274e-01 5.528203068328222392e-01
2.940000000000000000e+03 5.798833386373714038e-01 5.542057088036201895e-01
2.950000000000000000e+03 5.765437768420595965e-01 5.556227317828260626e-01
2.960000000000000000e+03 5.731694375637995664e-01 5.560784156129648936e-01
2.970000000000000000e+03 5.696668804282777332e-01 5.570596556187363824e-01
2.980000000000000000e+03 5.664828910350525604e-01 5.577939982611426206e-01
2.990000000000000000e+03 5.633757076750972592e-01 5.590781211522911631e-01
3.000000000000000000e+03 5.601367104729866320e-01 5.600347065867246066e-01
3.010000000000000000e+03 5.571504905300955768e-01 5.621597170346891437e-01
3.020000000000000000e+03 5.537497616877589124e-01 5.626395390139006247e-01
3.030000000000000000e+03 5.502411361373998888e-01 5.636022919560295108e-01
3.040000000000000000e+03 5.473741368548392661e-01 5.635644477524428542e-01
3.050000000000000000e+03 5.446639987819911211e-01 5.644291378811475690e-01
3.060000000000000000e+03 5.423619190767323683e-01 5.650565072144040357e-01
3.070000000000000000e+03 5.403605999759487633e-01 5.659614385861206909e-01
3.080000000000000000e+03 5.381194033763320173e-01 5.650419319689319320e-01
3.090000000000000000e+03 5.359875035431814760e-01 5.644356155061469593e-01
3.100000000000000000e+03 5.342264457356294960e-01 5.655668729380690651e-01
3.110000000000000000e+03 5.329821882994216775e-01 5.638880911919219585e-01
3.120000000000000000e+03 5.318548442788763042e-01 5.627069130462416524e-01
3.130000000000000000e+03 5.306082070686208851e-01 5.623964413981139554e-01
3.140000000000000000e+03 5.299366126681294142e-01 5.607189288489822232e-01
3.150000000000000000e+03 5.297509202740694478e-01 5.592757645343887640e-01
3.160000000000000000e+03 5.293350240230298986e-01 5.562193614044272927e-01
3.170000000000000000e+03 5.289579198438684182e-01 5.534397711644275519e-01
3.180000000000000000e+03 5.288576760501102481e-01 5.526209892231530585e-01
3.190000000000000000e+03 5.291225589978143518e-01 5.499827173278895032e-01
3.200000000000000000e+03 5.297466302038379427e-01 5.469194241252705035e-01
3.210000000000000000e+03 5.301497056699839838e-01 5.437378587560425247e-01
3.220000000000000000e+03 5.308096079292834446e-01 5.408906380076223819e-01
3.230000000000000000e+03 5.317657574646246221e-01 5.379398511225476076e-01
3.240000000000000000e+03 5.330128848185312629e-01 5.353808095296376246e-01
3.250000000000000000e+03 5.342872267093677907e-01 5.334253372692476791e-01
3.260000000000000000e+03 5.355989772562002038e-01 5.302916016214820338e-01
3.270000000000000000e+03 5.368652083767481153e-01 5.270607347156195388e-01
3.280000000000000000e+03 5.381448298808898523e-01 5.226679287200607371e-01
3.290000000000000000e+03 5.394080230782447583e-01 5.207252033262780300e-01
3.300000000000000000e+03 5.406290042255335049e-01 5.180889038483879050e-01
3.310000000000000000e+03 5.420357564843506504e-01 5.157973136222117061e-01
3.320000000000000000e+03 5.429332856019429832e-01 5.134146305480536965e-01
3.330000000000000000e+03 5.434932808736993026e-01 5.116876865298841670e-01
3.340000000000000000e+03 5.445048322071200930e-01 5.080658748403993341e-01
3.350000000000000000e+03 5.455495148853368725e-01 5.053484889121437895e-01
3.360000000000000000e+03 5.459277830747671922e-01 5.036934854865859901e-01
3.370000000000000000e+03 5.460611840323039701e-01 5.012037294949784894e-01
3.380000000000000000e+03 5.461711877819083183e-01 4.997977427089319580e-01
3.390000000000000000e+03 5.453919126675270679e-01 4.979308082838264093e-01
3.400000000000000000e+03 5.441369589928127803e-01 4.975919492785444431e-01
3.410000000000000000e+03 5.433329740439006850e-01 4.967168969300263526e-01
3.420000000000000000e+03 5.429239811348200995e-01 4.957283614535406557e-01
3.430000000000000000e+03 5.418434736793021900e-01 4.952677578797522462e-01
3.440000000000000000e+03 5.399211168655549953e-01 4.949428950828874685e-01
3.450000000000000000e+03 5.380589255866617959e-01 4.943929362527456073e-01
3.460000000000000000e+03 5.364249963282322620e-01 4.945144337556937053e-01
3.470000000000000000e+03 5.344700940307629544e-01 4.948175297779063841e-01
3.480000000000000000e+03 5.322774063232517117e-01 4.956004682750177470e-01
3.490000000000000000e+03 5.297014537257175304e-01 4.955467810408418772e-01
3.500000000000000000e+03 5.265770353374151780e-01 4.960181562037228042e-01
3.510000000000000000e+03 5.235848793637167820e-01 4.975461696761958041e-01
3.520000000000000000e+03 5.203145098781997158e-01 4.982943910916441954e-01
3.530000000000000000e+03 5.172821850917206365e-01 4.990674136416872742e-01
3.540000000000000000e+03 5.146379194025194614e-01 5.013828951696064351e-01
3.550000000000000000e+03 5.115369583438003076e-01 5.013375384735009321e-01
3.560000000000000000e+03 5.082470744135091367e-01 5.019801040298770278e-01
3.570000000000000000e+03 5.048254334477901839e-01 5.026413160030935856e-01
3.580000000000000000e+03 5.018731592365914818e-01 5.045591530196277263e-01
3.590000000000000000e+03 4.993607480881346872e-01 5.055393770468147308e-01
3.600000000000000000e+03 4.964830326500105362e-01 5.056708863641481422e-01
3.610000000000000000e+03 4.941521291017227924e-01 5.055889616043335311e-01
3.620000000000000000e+03 4.919061476923460852e-01 5.071029717229645906e-01
3.630000000000000000e+03 4.899458202099587489e-01 5.083545673045323232e-01
3.640000000000000000e+03 4.882627180131713929e-01 5.084419632753794938e-01
3.650000000000000000e+03 4.862650344667854285e-01 5.077721973294974100e-01
3.660000000000000000e+03 4.847057805427733568e-01 5.096352554770506860e-01
3.670000000000000000e+03 4.831641891966501068e-01 5.091833187504927194e-01
3.680000000000000000e+03 4.816853397610563747e-01 5.096014944360282017e-01
3.690000000000000000e+03 4.803286826427261014e-01 5.098910691796031402e-01
3.700000000000000000e+03 4.791322649050841487e-01 5.098743945259156529e-01
3.710000000000000000e+03 4.781781693176532233e-01 5.088492707102295620e-01
3.720000000000000000e+03 4.770975526350419438e-01 5.080745033234833619e-01
3.730000000000000000e+03 4.760149594485110214e-01 5.063412659420648554e-01
3.740000000000000000e+03 4.756594962411260230e-01 5.041025406364314509e-01
3.750000000000000000e+03 4.752293111154499705e-01 5.040762259855841032e-01
3.760000000000000000e+03 4.748174277970614865e-01 5.018875868760439563e-01
3.770000000000000000e+03 4.749936202312194933e-01 4.996536206186674711e-01
3.780000000000000000e+03 4.754001753328670477e-01 4.979503540889801405e-01
3.790000000000000000e+03 4.756996454470711067e-01 4.967345177029353631e-01
3.800000000000000000e+03 4.760949949131869086e-01 4.945805553367849661e-01
3.810000000000000000e+03 4.766001847125647672e-01 4.920287488205182802e-01
3.820000000000000000e+03 4.771160359196607303e-01 4.888727964367565737e-01
3.830000000000000000e+03 4.777742756610787178e-01 4.865732670681283678e-01
3.840000000000000000e+03 4.777702126642179858e-01 4.847810414592911843e-01
3.850000000000000000e+03 4.778449654905717603e-01 4.824477910692883120e-01
3.860000000000000000e+03 4.783919093462783989e-01 4.794021845844538832e-01
3.870000000000000000e+03 4.793634937016094111e-01 4.751129615543921436e-01
3.880000000000000000e+03 4.804041690682117061e-01 4.718031415314297150e-01
3.890000000000000000e+03 4.811852015666679971e-01 4.681494878332370102e-01
3.900000000000000000e+03 4.820721553994911091e-01 4.653263282554262470e-01
3.910000000000000000e+03 4.832250399919812978e-01 4.619225477512400313e-01
3.920000000000000000e+03 4.842809370034029115e-01 4.598074900671016985e-01
3.930000000000000000e+03 4.850287950890691535e-01 4.580428986398681901e-01
3.940000000000000000e+03 4.855165386593058297e-01 4.549420739770946853e-01
3.950000000000000000e+03 4.860677692481586432e-01 4.528258422266992489e-01
3.960000000000000000e+03 4.865827087970819864e-01 4.508673048904666691e-01
3.970000000000000000e+03 4.868686885249513541e-01 4.486743915264934657e-01
3.980000000000000000e+03 4.868558045977863236e-01 4.473649566412212786e-01
3.990000000000000000e+03 4.864209196627373721e-01 4.457322908748505008e-01
4.000000000000000000e+03 4.856033492893416792e-01 4.429451443736498462e-01
4.010000000000000000e+03 4.850799817953642123e-01 4.418138428421494179e-01
4.020000000000000000e+03 4.843011293116005755e-01 4.411180178200764246e-01
4.030000000000000000e+03 4.835063781638659908e-01 4.405387463859664621e-01
4.040000000000000000e+03 4.825999041354499530e-01 4.398403553617138417e-01
4.050000000000000000e+03 4.812492350526196838e-01 4.400772152457667064e-01
4.060000000000000000e+03 4.798572459615989549e-01 4.407303416735369184e-01
4.070000000000000000e+03 4.780986418393630699e-01 4.402543409135298291e-01
4.080000000000000000e+03 4.759244835704810606e-01 4.399717909380713166e-01
4.090000000000000000e+03 4.736707690945529681e-01 4.399690230489064491e-01
4.100000000000000000e+03 4.716248701812250643e-01 4.406686957521962489e-01
4.110000000000000000e+03 4.696045323779558522e-01 4.414553299012279330e-01
4.120000000000000000e+03 4.671746923355563630e-01 4.419338201600881422e-01
4.130000000000000000e+03 4.650358996836541636e-01 4.429053798489322458e-01
4.140000000000000000e+03 4.628352506713939718e-01 4.435740416786628226e-01
4.150000000000000000e+03 4.606428112121379037e-01 4.444512378062054903e-01
4.160000000000000000e+03 4.586846249367210748e-01 4.454036558963936909e-01
4.170000000000000000e+03 4.563268491295123797e-01 4.465493762550479806e-01
4.180000000000000000e+03 4.535242142339708793e-01 4.462382399335769745e-01
4.190000000000000000e+03 4.509020719842267155e-01 4.477890257362931448e-01
4.200000000000000000e+03 4.485281771150131380e-01 4.484332997646684471e-01
4.210000000000000000e+03 4.463206602310566540e-01 4.497890127030644836e-01
4.220000000000000000e+03 4.442024617439058742e-01 4.501140895281640630e-01
4.230000000000000000e+03 4.418666727833092112e-01 4.497584753354648135e-01
4.240000000000000000e+03 4.396741684348655643e-01 4.510743988414807615e-01
4.250000000000000000e+03 4.378078828655584398e-01 4.508258307154803246e-01
4.260000000000000000e+03 4.357908713322407590e-01 4.503721474055513707e-01
4.270000000000000000e+03 4.337697970396566238e-01 4.511552525312007567e-01
4.280000000000000000e+03 4.322101038604428958e-01 4.500334800444364958e-01
4.290000000000000000e+03 4.310135728115545017e-01 4.480075790063308139e-01
4.300000000000000000e+03 4.299158905586090151e-01 4.477523307514946760e-01
4.310000000000000000e+03 4.289136279194918910e-01 4.475427006389182116e-01
4.320000000000000000e+03 4.281740389469896879e-01 4.469275885718075325e-01
4.330000000000000000e+03 4.274116065026207223e-01 4.456514821025636119e-01
4.340000000000000000e+03 4.267035037499478656e-01 4.445494286318010246e-01
4.350000000000000000e+03 4.260430271621172271e-01 4.430814334002413646e-01
4.360000000000000000e+03 4.260611982595216563e-01 4.421903983048841025e-01
4.370000000000000000e+03 4.259499729452176364e-01 4.409443706279728148e-01
4.380000000000000000e+03 4.257479126268499670e-01 4.376844609943217890e-01
4.390000000000000000e+03 4.259411168410026649e-01 4.366679061326108058e-01
4.400000000000000000e+03 4.259978354094304809e-01 4.347109254997941208e-01
4.410000000000000000e+03 4.261694600257547316e-01 4.334884822005517502e-01
4.420000000000000000e+03 4.259384033166636052e-01 4.321256803793377954e-01
4.430000000000000000e+03 4.258205089381827957e-01 4.299997918115315843e-01
4.440000000000000000e+03 4.261751812948418872e-01 4.268896520903112668e-01
4.450000000000000000e+03 4.266714171826913593e-01 4.254345455400040388e-01
4.460000000000000000e+03 4.268466516361886787e-01 4.223924576645570195e-01
4.470000000000000000e+03 4.267849102296035202e-01 4.198355911126404050e-01
4.480000000000000000e+03 4.271387515216003572e-01 4.164105167271299757e-01
4.490000000000000000e+03 4.271802326341471168e-01 4.131321237700856241e-01
4.500000000000000000e+03 4.270510406312431062e-01 4.112744765133322655e-01
4.510000000000000000e+03 4.272875373699975832e-01 4.089157752641117138e-01
4.520000000000000000e+03 4.271555895215950471e-01 4.064802785829841336e-01
4.530000000000000000e+03 4.273465207156211254e-01 4.041277357765127864e-01
4.540000000000000000e+03 4.281010900192940838e-01 4.021232563892528367e-01
4.550000000000000000e+03 4.288487403602130876e-01 4.009784512851575777e-01
4.560000000000000000e+03 4.293926847676342029e-01 3.997384235639908634e-01
4.570000000000000000e+03 4.293134510924918046e-01 3.982310776128717422e-01
4.580000000000000000e+03 4.289182746453525374e-01 3.963326164078923575e-01
4.590000000000000000e+03 4.285032874385890089e-01 3.951228176893676336e-01
4.600000000000000000e+03 4.278740192440130818e-01 3.938216000719655940e-01
4.610000000000000000e+03 4.271817615332973994e-01 3.924926313951528911e-01
4.620000000000000000e+03 4.265384553461544215e-01 3.929961709123940272e-01
4.630000000000000000e+03 4.259332739608245322e-01 3.922377384018297941e-01
4.640000000000000000e+03 4.253832219019781369e-01 3.911348835155175063e-01
4.650000000000000000e+03 4.243260839356096659e-01 3.913138062631131286e-01
4.660000000000000000e+03 4.226574283019751133e-01 3.907992452107590942e-01
4.670000000000000000e+03 4.207106531616783829e-01 3.910236918934975603e-01
4.680000000000000000e+03 4.191415819577398727e-01 3.909182152710410363e-01
4.690000000000000000e+03 4.178087390412282831e-01 3.916889022171923807e-01
4.700000000000000000e+03 4.162264652850664048e-01 3.918106224626438649e-01
4.710000000000000000e+03 4.145829284381661317e-01 3.914999315997346740e-01
4.720000000000000000e+03 4.128462083001236960e-01 3.929841985826718620e-01
4.730000000000000000e+03 4.110927887151173965e-01 3.933071315302971160e-01
4.740000000000000000e+03 4.096293924688310661e-01 3.932067114523240536e-01
4.750000000000000000e+03 4.078644347218615684e-01 3.940226800413127450e-01
4.760000000000000000e+03 4.059038261172456252e-01 3.947879104923603943e-01
4.770000000000000000e+03 4.038438319546253097e-01 3.950850827157163514e-01
4.780000000000000000e+03 4.016074590578035397e-01 3.968641153330624838e-01
4.790000000000000000e+03 3.995986692648113014e-01 3.960282297445378297e-01
4.800000000000000000e+03 3.978195531475524627e-01 3.974348842459696773e-01
4.810000000000000000e+03 3.959925186464596236e-01 3.965305886561476534e-01
4.820000000000000000e+03 3.946134638946992013e-01 3.974444786051861689e-01
4.830000000000000000e+03 3.931234002094832203e-01 3.958575174707036348e-01
4.840000000000000000e+03 3.913446815927057454e-01 3.962785433061916662e-01
4.850000000000000000e+03 3.898811828500181598e-01 3.961243585078518259e-01
4.860000000000000000e+03 3.883344430923536539e-01 3.964889429430072942e-01
4.870000000000000000e+03 3.864884111371620912e-01 3.965201119448411027e-01
4.880000000000000000e+03 3.849208636196632671e-01 3.965286723331943874e-01
4.890000000000000000e+03 3.834526399152031750e-01 3.969742340653847901e-01
4.900000000000000000e+03 3.825328934504556577e-01 3.976539788255739616e-01
4.910000000000000000e+03 3.824229808048763002e-01 3.959522626381656862e-01
4.920000000000000000e+03 3.822505137875266135e-01 3.960000921570648869e-01
4.930000000000000000e+03 3.818638768478493373e-01 3.951166284653178096e-01
4.940000000000000000e+03 3.812213379335614993e-01 3.939889850411849026e-01
4.950000000000000000e+03 3.803667883008393091e-01 3.924732498752086518e-01
4.960000000000000000e+03 3.797942039865314645e-01 3.908591690247122385e-01
4.970000000000000000e+03 3.788538578335115536e-01 3.902827513072233967e-01
4.980000000000000000e+03 3.777313475270927534e-01 3.894272931686744710e-01
4.990000000000000000e+03 3.770574988605978617e-01 3.877224538672610632e-01
