2.510000000000000000e+03 4.297376780755768843e-04 2.074361545179959163e-04
2.520000000000000000e+03 3.662166752189713304e-04 1.320813223775495530e-04
2.530000000000000000e+03 4.215370848994300285e-04 1.502788526382365720e-04
2.540000000000000000e+03 1.194872526204773555e-04 6.696128889139958359e-05
2.550000000000000000e+03 1.526168195775912898e-04 1.318462066408112850e-04
2.560000000000000000e+03 -3.079891291183769689e-05 1.292775964034046515e-04
2.570000000000000000e+03 1.674901172835082470e-04 7.740252909219533738e-05
2.580000000000000000e+03 -2.314131777727031558e-05 3.304921118194159834e-05
2.590000000000000000e+03 4.540760942017494224e-05 1.450664004677882811e-04
2.600000000000000000e+03 3.816559697312069463e-05 9.651046926403444948e-06
2.610000000000000000e+03 2.612149329225042394e-05 -5.992384436253914517e-05
2.620000000000000000e+03 1.162613699122105534e-04 -6.734457762411785947e-05
2.630000000000000000e+03 -4.438399481084764978e-05 -1.821447557688033508e-05
2.640000000000000000e+03 3.807055404487208049e-05 -8.224624152347218648e-05
2.650000000000000000e+03 -2.428493488697969617e-04 -2.140824620102938067e-04
2.660000000000000000e+03 -1.198690533740130005e-04 -1.781880970492911791e-04
2.670000000000000000e+03 -8.021164582226710589e-05 -2.146323273142788717e-04
2.680000000000000000e+03 -2.753387730467874708e-04 -2.592915456622748942e-04
2.690000000000000000e+03 -2.975120964469800075e-04 -2.980190147332811173e-04
2.700000000000000000e+03 -2.476891938719890936e-04 -2.814426654695676550e-04
2.710000000000000000e+03 -2.156842883041735614e-04 -3.675743766903422365e-04
2.720000000000000000e+03 -2.257592499811666173e-04 -3.364604350751597243e-04
2.730000000000000000e+03 -3.583222319294720494e-04 -3.454229499847245801e-04
2.740000000000000000e+03 -5.971919982748052219e-04 -2.890521529397248324e-04
2.750000000000000000e+03 -5.457444942061110641e-04 -3.862710072642701743e-04
2.760000000000000000e+03 -7.276425088625179021e-04 -3.730882964886705184e-04
2.770000000000000000e+03 -4.232086962390351251e-04 -2.956563336295903069e-04
2.780000000000000000e+03 -3.524763939015355257e-04 -3.055763702351489653e-04
2.790000000000000000e+03 -3.002825796345622673e-04 -3.406167322536154019e-04
2.800000000000000000e+03 -3.848769519143477812e-04 -3.259963633840866023e-04
2.810000000000000000e+03 -3.937566621186812149e-04 -3.500173899918404639e-04
2.820000000000000000e+03 -1.464609886959668977e-04 -3.668625352654609952e-04
2.830000000000000000e+03 -2.284519828530441621e-04 -2.109105119548822672e-04
2.840000000000000000e+03 -4.498930257361939754e-04 -2.997952182502763570e-04
2.850000000000000000e+03 -6.162105141966821515e-04 -2.314438143401700983e-04
2.860000000000000000e+03 -3.466965459227902796e-04 -1.698021607102360650e-04
2.870000000000000000e+03 -2.361794462254836365e-04 -1.521869767736474079e-04
2.880000000000000000e+03 -4.007245717457038757e-04 -1.141563096257645037e-04
2.890000000000000000e+03 -2.609150942023783382e-04 -5.617311578528076947e-05
2.900000000000000000e+03 -2.416429722888261940e-04 -1.049910662011866477e-04
2.910000000000000000e+03 3.014432193071227010e-05 -1.108149774444423065e-04
2.920000000000000000e+03 -2.115674140982492775e-04 -1.075329381124268650e-04
2.930000000000000000e+03 -1.870061586222542254e-04 -4.085442517763214140e-05
2.940000000000000000e+03 -4.277289892970241380e-05 2.528589090730643679e-06
2.950000000000000000e+03 -2.049227984280192706e-04 -1.410053974519639518e-05
2.960000000000000000e+03 -2.609973859350521268e-05 8.820562572918168526e-08
2.970000000000000000e+03 -1.527580380353144103e-05 2.208048203024359313e-05
2.980000000000000000e+03 -7.394461746882176887e-05 2.355946345221564305e-05
2.990000000000000000e+03 -4.949881923207041871e-05 2.993170453556255196e-05
3.000000000000000000e+03 -8.567480697306356033e-06 -3.158715232070077872e-05
3.010000000000000000e+03 1.662104022393806884e-04 -5.168022245920268369e-05
3.020000000000000000e+03 1.075956786003391587e-04 -3.652036743908111731e-05
3.030000000000000000e+03 1.939889096241127677e-04 -4.665551616207130230e-05
3.040000000000000000e+03 5.096707640749322215e-05 4.025974771219951732e-05
3.050000000000000000e+03 8.530011111785208852e-05 1.254138293579678519e-06
3.060000000000000000e+03 8.011642130179891144e-05 1.163050101945973012e-04
3.070000000000000000e+03 7.101760557202241959e-05 1.371951134994074401e-04
3.080000000000000000e+03 2.203275793827353714e-04 1.225673964829935658e-04
3.090000000000000000e+03 -7.546524463690663541e-05 6.764817013790999981e-05
3.100000000000000000e+03 2.206435410037973924e-04 5.658457655005908409e-05
3.110000000000000000e+03 1.181131110781236132e-04 -9.363157724322270569e-06
3.120000000000000000e+03 2.948239324042705388e-04 1.168620695799466562e-04
3.130000000000000000e+03 1.134736162359843492e-05 2.792082917218544169e-05
3.140000000000000000e+03 1.324452540674840616e-04 1.364734284016838844e-04
3.150000000000000000e+03 2.464676666898241663e-04 1.135692561050246214e-04
3.160000000000000000e+03 1.490795475428585335e-04 5.999482327390407501e-05
3.170000000000000000e+03 7.782885965128326453e-05 3.045674133769814282e-05
3.180000000000000000e+03 4.316518274606412163e-05 -4.347347544415512395e-06
3.190000000000000000e+03 6.927149436900239469e-05 2.038402870490498941e-05
3.200000000000000000e+03 -1.144464554129813417e-04 1.596384959512789177e-05
3.210000000000000000e+03 -3.993710284213254283e-05 -4.674728372092724346e-05
3.220000000000000000e+03 -1.160015250179842228e-04 2.147828367971582969e-05
3.230000000000000000e+03 1.182723123765800288e-05 3.089204398144121882e-05
3.240000000000000000e+03 -7.483167943489888851e-05 -4.481225053565504466e-05
3.250000000000000000e+03 1.207627307080208988e-04 -5.681145801897727332e-05
3.260000000000000000e+03 4.419735648821133668e-05 -5.489761732328146188e-05
3.270000000000000000e+03 -2.322793401187787932e-04 -1.200338595553751808e-04
3.280000000000000000e+03 9.451902302040421437e-06 -1.035853300797089186e-04
3.290000000000000000e+03 3.214145374966640350e-05 -1.481679954374698046e-04
3.300000000000000000e+03 -1.110862478201144729e-04 -3.818411024749959829e-05
3.310000000000000000e+03 1.556130450479553654e-05 -1.070252796708365375e-04
3.320000000000000000e+03 -1.388504292204133489e-04 -2.069942865118414097e-04
3.330000000000000000e+03 -3.965413961505472317e-05 -1.695454964232942128e-04
3.340000000000000000e+03 -7.762290128239097379e-05 -1.230189103132152905e-04
3.350000000000000000e+03 4.928753068884520150e-05 -1.465391368569236895e-04
3.360000000000000000e+03 -3.629815657822233854e-04 -2.737452087750149514e-04
3.370000000000000000e+03 -2.023670168253540803e-04 -2.469605997454717172e-04
3.380000000000000000e+03 -2.363699177646722287e-04 -2.424806997936111838e-04
3.390000000000000000e+03 -1.970406389812430503e-04 -2.667532232874019133e-04
3.400000000000000000e+03 -2.228434173708819088e-04 -2.829164018877859351e-04
3.410000000000000000e+03 -3.323914069860894383e-04 -2.814292558275623460e-04
3.420000000000000000e+03 -3.527459000825246380e-04 -2.458874623209365514e-04
3.430000000000000000e+03 -2.815281576312288355e-04 -2.437691477542867685e-04
3.440000000000000000e+03 -2.146005927680316933e-04 -2.728863102567681011e-04
3.450000000000000000e+03 -2.330439738528794665e-04 -2.042960677612420896e-04
3.460000000000000000e+03 -1.434812476901818048e-04 -2.053079944423530400e-04
3.470000000000000000e+03 -6.624150833468156344e-05 -2.881155140246888908e-04
3.480000000000000000e+03 -3.036671549352530273e-04 -2.251737682667516287e-04
3.490000000000000000e+03 -5.644778691756722686e-04 -2.886841900209816862e-04
3.500000000000000000e+03 -3.744700626997954536e-04 -1.377278282970241269e-04
3.510000000000000000e+03 -1.604296022188366931e-04 -1.777711460514632032e-04
3.520000000000000000e+03 -9.332541933089294440e-05 -1.120355973337046693e-04
3.530000000000000000e+03 -2.821813554426005921e-04 -2.086804900699033470e-04
3.540000000000000000e+03 -1.695928943025455226e-04 -7.038115087303796957e-05
3.550000000000000000e+03 -2.081507554692024048e-04 -1.379243262659396831e-04
3.560000000000000000e+03 1.724900886242230490e-05 -8.968718084810210214e-05
3.570000000000000000e+03 -6.076800472598483845e-06 -7.552090390548073337e-05
3.580000000000000000e+03 -9.994008846559106261e-05 -6.647424572317725306e-05
3.590000000000000000e+03 -1.143251974737334414e-05 -8.931961952761282122e-05
3.600000000000000000e+03 -5.973529912331072551e-05 -9.352188050128103214e-05
3.610000000000000000e+03 6.973025767934873614e-05 -3.226507183923417037e-05
3.620000000000000000e+03 -7.337509745169778835e-05 -5.537447975113661937e-05
3.630000000000000000e+03 9.747721377002273573e-05 -1.903236197489553618e-05
3.640000000000000000e+03 -1.585036414137026655e-04 2.935325145406972617e-05
3.650000000000000000e+03 8.147308194025031796e-05 3.424747750529362602e-05
3.660000000000000000e+03 -9.763172785913304624e-06 -2.286905456631118367e-05
3.670000000000000000e+03 -3.132283805375935323e-05 9.367285515755324003e-06
3.680000000000000000e+03 -3.293895945838632512e-05 3.248795825798197985e-05
3.690000000000000000e+03 2.118278544576878013e-05 8.085343425366958334e-05
3.700000000000000000e+03 -2.875909606218875872e-05 3.498074050336945248e-05
3.710000000000000000e+03 -3.633381850936034588e-05 9.675635574117850567e-05
3.720000000000000000e+03 7.154346167373318126e-05 8.667408474050010273e-05
3.730000000000000000e+03 -2.257251967075390832e-05 1.108190057002188451e-04
3.740000000000000000e+03 2.873085599851189385e-04 5.361689772515138767e-06
3.750000000000000000e+03 4.953774287910582265e-05 8.314623682991157760e-05
3.760000000000000000e+03 -6.089872279517296244e-05 -4.887860074187285467e-05
3.770000000000000000e+03 2.976062101259331833e-05 3.389192994655176221e-05
3.780000000000000000e+03 6.102057566684053312e-05 -2.180048613135091780e-05
3.790000000000000000e+03 1.831680972175361508e-04 1.238919028344061501e-05
3.800000000000000000e+03 4.734792172805577407e-06 6.420615023576077736e-05
3.810000000000000000e+03 -9.422488039062837473e-06 1.382440399547005315e-04
3.820000000000000000e+03 -2.836518137467169745e-05 1.140196195046437956e-05
3.830000000000000000e+03 -5.418910520485587337e-05 1.433776164276082337e-05
3.840000000000000000e+03 -9.500756607229209215e-06 -4.195357842284633921e-05
3.850000000000000000e+03 -8.083210011646173949e-05 1.938470550725899372e-05
3.860000000000000000e+03 8.621609151432364174e-05 2.215944085521595575e-05
3.870000000000000000e+03 -8.267916014486124843e-06 2.744436168840146494e-05
3.880000000000000000e+03 5.096014914462425625e-05 5.173810663884717179e-06
3.890000000000000000e+03 2.463388561668138557e-05 -2.398231580979309387e-06
3.900000000000000000e+03 7.522735075534861093e-05 -1.846094939353575137e-05
3.910000000000000000e+03 8.441425913766375567e-05 -6.027531982733817833e-05
3.920000000000000000e+03 -8.984957764580275895e-05 1.927883495225503793e-05
3.930000000000000000e+03 -3.972025925410899074e-05 -5.619412084328071931e-05
3.940000000000000000e+03 8.787273268758015096e-05 3.651929452712121852e-05
3.950000000000000000e+03 7.813707015920085105e-05 3.602900939850141102e-06
3.960000000000000000e+03 -4.549325576217968419e-05 1.694278005253479106e-05
3.970000000000000000e+03 -3.280340646833784015e-05 -7.543322304590712336e-05
3.980000000000000000e+03 -6.636955577301219408e-05 -4.505017089330658995e-05
3.990000000000000000e+03 -1.046861305849902294e-04 -6.098770447493341638e-05
4.000000000000000000e+03 -6.366888238637973061e-05 -1.287503003885126062e-04
4.010000000000000000e+03 -3.258299008976105947e-05 -1.448529701730675353e-04
4.020000000000000000e+03 6.973897802865857787e-05 -9.188159373155023587e-05
4.030000000000000000e+03 -9.513623974882430068e-05 -8.617675952707039766e-05
4.040000000000000000e+03 -1.569157162810780001e-04 -9.197567787558816744e-05
4.050000000000000000e+03 1.990449146068327068e-05 -5.591504030890559604e-05
4.060000000000000000e+03 -1.362127938193263290e-04 1.182356357489236104e-05
4.070000000000000000e+03 -2.171199860983843912e-05 -1.120195035065170105e-04
4.080000000000000000e+03 -6.141130431278785811e-05 -1.487813258704362776e-04
4.090000000000000000e+03 -8.039308193646041152e-05 -4.632365438794539193e-05
4.100000000000000000e+03 -1.140641195099093312e-04 -7.585873487744121217e-05
4.110000000000000000e+03 -1.163877918856529394e-04 -6.013698503546315125e-05
4.120000000000000000e+03 -1.187114122668277274e-04 -6.778213075569683378e-05
4.130000000000000000e+03 -1.537892450633904934e-04 -6.154301197504584995e-05
4.140000000000000000e+03 2.333929633925976282e-05 -1.205638910416817407e-04
4.150000000000000000e+03 9.534138087730076186e-05 -1.440372956589774066e-04
4.160000000000000000e+03 1.139533631382236554e-05 -6.042451795527488482e-05
4.170000000000000000e+03 -1.410139477011432827e-04 -1.182080645167204883e-04
4.180000000000000000e+03 -1.057680690469215085e-04 -6.533934637036009315e-05
4.190000000000000000e+03 -3.793805986004151294e-05 -7.701841774958438256e-05
4.200000000000000000e+03 -1.211550715430637516e-04 -1.370410947315234523e-04
4.210000000000000000e+03 -1.373808869280581365e-05 -6.976742577815654505e-05
4.220000000000000000e+03 -3.691023147001869345e-05 -8.790678423344624396e-05
4.230000000000000000e+03 -1.317895881749636710e-04 -5.973144368240404343e-05
4.240000000000000000e+03 -8.263457770373553888e-05 -4.898963190807901916e-05
4.250000000000000000e+03 -1.936133300413284727e-04 -9.384094875522994703e-05
4.260000000000000000e+03 -2.895329110384671856e-05 -1.156502904788820561e-04
4.270000000000000000e+03 -2.973179726676942495e-06 -1.704906062816725465e-04
4.280000000000000000e+03 7.830709581107108343e-06 -5.772526554936540885e-05
4.290000000000000000e+03 -3.176827654607012382e-04 -5.805588258627380533e-05
4.300000000000000000e+03 -1.120666426849085544e-04 -1.480294341786630932e-05
4.310000000000000000e+03 -1.276461240952011600e-04 -1.012073704728094076e-04
4.320000000000000000e+03 -2.091980858613252299e-05 9.145277149356813832e-06
4.330000000000000000e+03 -2.113796841951970024e-05 -6.746956602664394543e-05
4.340000000000000000e+03 -7.668076702726486825e-05 -7.433080932703964746e-06
4.350000000000000000e+03 -2.524228993808326428e-04 -8.106995664991512029e-05
4.360000000000000000e+03 2.162342140013038299e-05 2.375994453691634980e-05
4.370000000000000000e+03 9.159819141745895003e-05 -5.494403485524876107e-05
4.380000000000000000e+03 -4.038164227722864692e-05 1.172973041418922219e-05
4.390000000000000000e+03 1.552003607092174913e-04 -6.182053727389314162e-05
4.400000000000000000e+03 1.563882085946908648e-05 2.426306963877879769e-05
4.410000000000000000e+03 -6.290790003156262573e-06 1.052764495930784644e-05
4.420000000000000000e+03 5.437518514867138524e-05 3.925858198209527654e-05
4.430000000000000000e+03 -1.228488868889917446e-04 1.522911776847495900e-05
4.440000000000000000e+03 4.763464257658024794e-05 1.785337060505368836e-05
4.450000000000000000e+03 5.870200431507170496e-05 4.390739267319592544e-05
4.460000000000000000e+03 1.069482307081429990e-04 2.611089250662610207e-05
4.470000000000000000e+03 9.140124024055207600e-05 7.303648473450982507e-05
4.480000000000000000e+03 1.564295608258377040e-04 5.996868226469851234e-05
4.490000000000000000e+03 6.451244620296374616e-05 3.672605091351815960e-05
4.500000000000000000e+03 5.769505950402758929e-05 1.255448978911220185e-07
4.510000000000000000e+03 -1.280513181374566058e-05 1.413729935839358545e-05
4.520000000000000000e+03 -2.360392481481405529e-05 -4.935574873801585214e-07
4.530000000000000000e+03 9.184243956068398633e-05 1.214422947441948648e-04
4.540000000000000000e+03 -1.566402140626100225e-04 8.467518043985145383e-05
4.550000000000000000e+03 -2.979277006187717815e-05 6.969834653517137651e-05
4.560000000000000000e+03 1.218704075929422640e-04 1.835853586442332604e-05
4.570000000000000000e+03 6.013069738095622093e-05 3.870636566061406379e-05
4.580000000000000000e+03 -1.229002342597938335e-04 1.032080173192251710e-05
4.590000000000000000e+03 4.622802658695297464e-05 -9.223896517766153868e-06
4.600000000000000000e+03 1.538711172247697449e-04 -3.503422757278164750e-05
4.610000000000000000e+03 4.364198705955493330e-06 -5.524839727473872405e-05
4.620000000000000000e+03 -9.562022499935619207e-05 -7.956336013798285482e-05
4.630000000000000000e+03 -1.161353228140348605e-04 -2.751087475486181706e-05
4.640000000000000000e+03 -2.613815815300249708e-05 -7.753977470353907574e-05
4.650000000000000000e+03 -1.893139735137959522e-05 -5.457078449055730750e-05
4.660000000000000000e+03 -6.477086368102564226e-05 -1.090469520245205908e-05
4.670000000000000000e+03 9.540009366796529900e-06 -2.401618465319704850e-05
4.680000000000000000e+03 -1.180415240770408148e-04 -1.103977039614077553e-04
4.690000000000000000e+03 -4.614704727302645996e-05 -6.996397930935845404e-05
4.700000000000000000e+03 -9.061603894165418300e-05 -7.323848837919261581e-05
4.710000000000000000e+03 -9.494375095680009644e-05 -7.498608897713492170e-05
4.720000000000000000e+03 -4.323381830717635117e-05 -1.012820967966480864e-04
4.730000000000000000e+03 3.354860684325280509e-06 -1.185692853776200770e-04
4.740000000000000000e+03 -1.967530316954768145e-04 -1.247444819561598062e-04
4.750000000000000000e+03 -6.857650458487188014e-05 -1.421608480784297018e-04
4.760000000000000000e+03 -1.458983487336055964e-04 -1.154300196255559659e-04
4.770000000000000000e+03 -1.217056288484237337e-04 -1.269268656915071376e-04
4.780000000000000000e+03 -2.224464587386512909e-04 -7.582361193169682480e-05
4.790000000000000000e+03 -6.667493146064593828e-05 -6.700913626525508305e-05
4.800000000000000000e+03 -6.914989240429219848e-05 -9.967716679941750039e-05
4.810000000000000000e+03 8.556662230640661498e-05 -1.879394273770253752e-04
4.820000000000000000e+03 -7.439616866536646912e-06 -1.525988697122847391e-04
4.830000000000000000e+03 -2.573484032006414027e-04 -1.544954174340991318e-04
4.840000000000000000e+03 -2.018906089288550999e-04 -1.211493996838065200e-04
4.850000000000000000e+03 -2.828841628961560476e-04 -1.235986310368247820e-04
4.860000000000000000e+03 -2.658173061309926865e-04 -1.084380464626547898e-04
4.870000000000000000e+03 -2.163211744212095494e-05 -7.932785514431901189e-05
4.880000000000000000e+03 -2.419134833858753398e-04 -1.271946371009402435e-04
4.890000000000000000e+03 -7.608327694259526348e-05 -9.472974685399632503e-05
4.900000000000000000e+03 -8.983323674148148582e-05 -2.116711508957997548e-05
4.910000000000000000e+03 -1.372727883726357891e-05 -8.031742513674322993e-05
4.920000000000000000e+03 6.423611318419075202e-05 -7.662854314287499431e-05
4.930000000000000000e+03 4.190890613107951167e-05 -7.084410361372533483e-05
4.940000000000000000e+03 -2.671061433724793621e-05 -6.133922858322570176e-05
4.950000000000000000e+03 -7.690964201602715211e-05 -5.306014822292171268e-05
4.960000000000000000e+03 -1.013054139606254421e-04 -8.792950197998468376e-05
4.970000000000000000e+03 -6.359674033465239371e-05 -3.205036393073080651e-05
4.980000000000000000e+03 1.472742441718858487e-05 -3.148864212309825832e-06
4.990000000000000000e+03 1.307909820110290899e-05 1.014532739117077712e-05
