0.50001 -0.00014045830473416714 0.0003646898346040473 
1e-05 -0.00010463313976648478 0.0002460589564195209 
0.40001 -0.00021134705323883692 0.00027772415485446315 
0.60001 5.452564621466553e-05 0.0002895677252843424 
0.30001 -0.0002602163575201938 0.00033143833534044663 
0.20001 -0.00016975987677596394 0.0003280272734204437 
0.10001 -0.00012501011276296013 0.00021744377533064644 
2.00001 -6.788093421017117e-05 0.0003855363023628861 
2.30001 -0.00024532467371161866 0.00017637905533219304 
1.90001 -0.00018126249785834313 0.0004040487928031403 
2.50001 -0.00011261364747509988 0.00037729988383199023 
2.40001 -0.0001060339316793855 0.00022178214816405997 
1.70001 -0.00016781275700932427 0.00031947435743392337 
2.60001 -0.00020529500811772555 0.00020042897261462661 
2.10001 -0.00012006346813538669 0.0003635474398245186 
0.90001 -0.00022234573363088506 0.00024190735313029462 
1.30001 -2.0323148547175237e-05 0.0002400094057682005 
1.50001 -5.0632477647886574e-05 0.00023564513289132377 
1.60001 -0.00011172166613656763 0.0003910921537107151 
1.20001 -0.00013784232614055057 0.00035520202120607676 
0.80001 -0.0001890309375943439 0.00017044958274192197 
1.80001 -0.00011025570042111501 0.0002290946500788985 
2.20001 -9.941354229872825e-05 0.00026738949054243386 
1.40001 -0.00014709577478344758 0.0003076876341230648 
1.10001 -8.884121687214691e-05 0.0003867945364535477 
0.70001 -1.588967442251212e-05 0.0003834144465529878 
1.00001 -2.4160469652524633e-05 0.0003101290148779146 
3.10001 -7.90562676622052e-05 0.00046430421171683386 
3.30001 -0.0005322948331406705 0.0005093008939733688 
3.40001 -0.0004425413716344787 0.00035107662009161784 
2.70001 -0.00021440974224096513 0.0004201355406694439 
3.60001 -0.0004280662376184908 0.0003718264325739906 
2.90001 -0.0003653520331725942 0.00028963068280098993 
2.80001 -0.00011246208535788643 0.0002057631539877484 
3.00001 -9.516165566290837e-05 0.000395165692244518 
3.20001 -0.00036236174836477294 0.0003721463678100367 
5.00001 -0.0001039241901459104 0.0003374319434262539 
5.10001 -6.666990704096971e-05 0.00023253068198705456 
3.50001 -0.0007780249801608992 0.0004175139003862463 
5.30001 -9.27414510586176e-05 0.0002348840996137507 
4.00001 -0.00037780322202990695 0.00028458030806103023 
4.20001 -0.00023989347224587947 0.0002356294428669185 
3.80001 -0.00023023145143139084 0.00043203985661419576 
3.70001 -0.00021653250143504636 0.0002203788064458465 
4.10001 -0.0001646584097266589 0.00038057463362101455 
4.70001 -0.00022162235421758605 0.0004354881594627784 
3.90001 -0.0004770421191262714 0.00035184782875175187 
4.60001 -0.00021815918473650427 0.00035760842773893014 
4.30001 -0.0001535059394207867 0.00038723969172299496 
4.40001 -0.0002548160028032958 0.0003290451597485189 
4.90001 -0.0001832770691479138 0.0003401642627767702 
4.50001 -7.635510694013173e-05 0.0002256987361982118 
4.80001 -0.00015500796723489735 0.0002951524209981405 
5.20001 -2.6063813921812416e-05 0.0002558525420085075 
5.40001 -0.00019449236314882435 0.0003134302425407173 
5.50001 -0.00016967772152547532 0.0003717646895727317 
5.80001 -0.00020861291690333912 0.00037092627771071244 
5.90001 -0.000167362786933917 0.0003967391225768547 
6.10001 -0.0002259525251637946 0.0002856044658156021 
5.60001 -2.0490170068996834e-05 0.0002656403456365537 
5.70001 -0.0002105475321564883 0.0003287199283135316 
7.70001 -0.00019934591238893046 0.00020217661892009138 
7.80001 -0.0002042702495850202 0.00031208940114186646 
7.90001 -0.000347698001331971 0.00024812386532982586 
7.40001 -4.403046397813974e-05 0.0004122173363854749 
6.00001 -7.946949880486569e-05 0.0004222683804800989 
6.20001 -9.536558475890969e-05 0.0003592655939512819 
7.50001 -0.0002130382280226895 0.0004537947552082592 
6.30001 -0.0001382699280533635 0.00021525816759972998 
6.40001 -0.00013317785559376937 0.0004092701510792207 
6.70001 -0.00026471851527798884 0.00019073713772059853 
7.60001 -3.942452224690724e-05 0.00030684022922227133 
6.60001 -0.00020851797973966892 0.00036192202825272675 
7.00001 -0.0001885032807547975 0.0005071943577685815 
6.90001 -0.00012638579359682708 0.0003638883769214002 
6.80001 0.0001284150867067072 0.0002551187464530839 
6.50001 -0.00022864088686783677 0.00029916998067113437 
7.10001 -0.000273893497280643 0.0003317130852145089 
7.20001 -0.00024254080403294552 0.00030489663525043806 
7.30001 -3.109234265768009e-05 0.0003026179028218598 
8.20001 -0.00011966914304911283 0.00026962757675969245 
8.30001 -0.00016488580799413582 0.00036458905610312075 
8.40001 -0.00020723368630947897 0.0003091467116466339 
8.00001 -0.00014839533706434966 0.00027627683767725487 
8.10001 -0.00020358275886470017 0.00019871552670453654 
8.50001 -0.000194702256112634 0.00031499485501110833 
8.80001 -0.00012622822007482922 0.00030969366151836596 
9.20001 -0.0005061463358943813 0.0002737692426773884 
8.90001 -0.000327500262548058 0.0004178499141473916 
9.40001 -0.000436659527232727 0.00032866421500584353 
9.70001 -0.001247012425580961 0.0005925923784198848 
9.60001 -0.0009894488317638206 0.000616760025179647 
8.60001 -0.00028989750916684373 0.0003760225950328531 
8.70001 -0.00017587754362240085 0.00038011923428627126 
9.30001 -0.00012267720011255656 0.00021724348615126494 
9.00001 -0.00023625271920123356 0.00033246188937845764 
9.90001 -0.003741328228494217 0.0007978169124702802 
9.10001 -0.0003746382637199431 0.0002239833919039571 
9.50001 -0.0006249634287031285 0.00037147687666978514 
9.80001 -0.002193617012970105 0.00093148158691473 
