1e-05 -0.00030989626137832425 0.00013309579595439553 
0.10001 -0.0001773536469343488 0.00012866109898828965 
0.70001 -0.0029508127063755264 0.0003692918275146084 
0.50001 -0.00130933557664753 0.0007009935991604461 
0.40001 -0.0008136723020903139 0.0005381625208654934 
0.60001 -0.0025484850544772565 0.0007027110408922845 
0.20001 -0.00039317770580803537 7.724150727085496e-05 
0.30001 -0.0009344129132290251 0.00015078096703275936 
0.80001 -0.0033793858559558985 0.0007364501841424466 
1.30001 -0.009055254688545115 0.0006044771935324158 
1.20001 -0.007969329435128989 0.001576180737282214 
1.00001 -0.005818236347601295 0.001408288141854893 
1.50001 -0.01318865970132951 0.0013680682406595774 
1.40001 -0.012088570760637365 0.0004347679675710059 
1.10001 -0.006314858030902423 0.0003361860556340126 
0.90001 -0.0048641133865522015 0.0005237413033615541 
1.60001 -0.0128934209476473 0.00018526276741076628 
1.70001 -0.014431296066480807 0.0005339303110638667 
2.10001 -0.028698796053204495 0.00012275866589971964 
1.90001 -0.02310322419777426 0.0009999928477354512 
1.80001 -0.021762106027402934 0.0010312227063549832 
2.00001 -0.026436051886814846 0.0006014260905524756 
2.30001 -0.03866576897622602 0.002932866039604371 
2.20001 -0.031054052583438498 0.0010453763891538712 
2.40001 -0.042612502303077074 0.002429711576580878 
2.50001 -0.051845173937525496 0.0017025271620843725 
2.60001 -0.05416523171279586 0.0016874138584401475 
2.80001 -0.06620009406441574 0.0007385115907363946 
2.70001 -0.06063085956092515 0.0017844939191217872 
3.00001 -0.08319153645959901 0.003887106110084755 
3.10001 -0.08869112879112795 0.0034944227095948938 
2.90001 -0.06934120819727496 0.005814899196496193 
3.20001 -0.10522815445000538 0.002170345436541439 
3.30001 -0.11852437184014683 0.0013039386444291326 
3.40001 -0.11839464845343597 0.00040433980942356645 
3.50001 -0.14340347961849897 0.002059729375882821 
3.60001 -0.1572124752132622 0.005155991134408178 
3.70001 -0.1794054113156468 0.0009473139323936397 
3.80001 -0.2026897873585058 0.0018649898363630457 
4.00001 -0.27131887279291506 0.011027282684386186 
3.90001 -0.23475249072426163 0.003555947509633464 
4.80001 -0.8420343150627887 0.0014782374433316983 
4.40001 -0.4544509895370509 0.0038411371941929617 
4.10001 -0.30120029695001327 0.0019207426882754397 
4.20001 -0.3476389175685933 0.0003992125350533726 
4.30001 -0.3976314162314234 0.0008388357377406563 
4.90001 -0.9749367228748116 0.0004389781957471195 
4.50001 -0.5322386765000366 0.013639385788243918 
4.70001 -0.7001178556926033 0.014179646494253295 
4.60001 -0.5929124046814392 0.0031172458108902346 
5.00001 -1.1723300608003018 0.007352373132774925 
5.10001 -1.4142967623161558 0.004422862151347906 
5.30001 -2.199529851600807 0.012007422995934602 
5.20001 -1.749819391684572 0.017837354648415626 
5.40001 -2.753645588173863 0.00947480060470629 
5.50001 -3.516159440618035 0.007816476894740187 
5.60001 -4.590500134568987 0.009646376077171226 
5.70001 -6.176382583124356 0.018849601553416306 
6.20001 -19.108635815346922 0.0386679946881241 
5.90001 -11.226207613204801 0.051470763474862125 
6.00001 -14.794699294731341 0.02787967255990509 
5.80001 -8.351022774063079 0.027893801779139693 
6.10001 -18.02475315593441 0.012670177408178773 
6.70001 -7.0525251018454 0.03403539913721776 
6.60001 -8.976040321925467 0.03387539808631779 
6.30001 -17.583403364065404 0.05377002491373872 
6.40001 -14.611652618966222 0.012736031481035859 
6.50001 -11.531270603201651 0.058331689951321763 
7.00001 -3.8557650064252584 0.007242307354341282 
6.90001 -4.653523216352093 0.0232504245844356 
6.80001 -5.6454232211886035 0.03401668433085092 
7.20001 -2.7626867179360843 0.0012487635713904766 
7.30001 -2.447281510918037 0.04438423301941242 
7.10001 -3.2506302939841776 0.016894332936000067 
7.40001 -2.138311319729543 0.0032047045820391418 
8.00001 -1.181746375315528 0.0033277525478743186 
7.90001 -1.2679758503128493 0.010703761037717308 
7.50001 -1.8777973373721533 0.0020501735603706273 
7.60001 -1.68448262094318 0.0010960128458330498 
8.50001 -0.8544396453960228 0.003188334243965474 
7.70001 -1.5468486459947113 0.0023998713353664547 
7.80001 -1.3934896556826724 6.484229534298169e-05 
8.40001 -0.9024832843771613 0.011107208031915394 
8.60001 -0.7992891720616669 0.006073600832245396 
8.10001 -1.0884553966300845 0.00424228006995786 
8.80001 -0.7352272698920526 0.006228807860865382 
8.20001 -0.9990087038719485 0.003329069318433242 
8.70001 -0.7728964778773716 0.004699403782398415 
8.30001 -0.9607839525727979 0.008113704794350862 
9.00001 -0.6451884503048156 0.007585565638877023 
8.90001 -0.6919334956328216 0.01897248258162826 
9.20001 -0.6120284415123187 0.004597533451560831 
9.10001 -0.6536744837152627 0.007313925089167395 
10.10001 -0.48102140159146684 0.004277281012218248 
9.30001 -0.5977248087844549 0.012338044190910835 
9.40001 -0.5747619812667902 0.002267488623586944 
9.90001 -0.5009741381690471 0.011401308052407855 
9.80001 -0.5042832885437423 0.0003447582916052405 
9.50001 -0.548077026168901 7.615488052337138e-05 
10.30001 -0.45948993447722775 0.002266060580078305 
10.50001 -0.46739930018351794 0.008374706486040218 
9.70001 -0.5263718994916102 0.0035332372063225925 
9.60001 -0.5423862312333024 0.007684562707847231 
10.00001 -0.49853181181807726 0.007251306805222346 
10.60001 -0.45296659680633033 0.0028483313546714406 
10.40001 -0.47082083590572 0.004384877155738598 
10.20001 -0.4831349120960519 0.0027154041143622742 
10.70001 -0.4537229923741699 0.009593600525310858 
10.90001 -0.4401043707128871 0.005509261589650205 
10.80001 -0.4475634667582108 0.015646423558922817 
11.20001 -0.4367458699447158 0.0053298612195666895 
11.40001 -0.436706601013924 0.006697429591913551 
11.60001 -0.4485352880013746 0.0009604886374035559 
11.50001 -0.44666375105260847 0.0038828218398509196 
11.30001 -0.4448267093369554 0.009051990200746263 
11.00001 -0.44569244296855703 0.0007751347471291192 
11.70001 -0.451261443948519 0.0101645076755571 
11.10001 -0.44981120482010745 0.00532346603100875 
11.80001 -0.450218572027158 0.00030514251692226324 
12.00001 -0.46140974532871143 0.009835360386209024 
11.90001 -0.4602898769035111 0.008601210025873829 
12.10001 -0.46399455446510496 0.004065130841249792 
12.30001 -0.4638072224341769 0.00296256739379952 
12.20001 -0.4791305371764777 0.013723029108358487 
12.40001 -0.48777814571628997 0.003519156204050772 
12.50001 -0.5089046614210259 0.007015801700383073 
12.60001 -0.5085284815960213 0.011646682974011863 
12.80001 -0.5514779190717529 0.004655781968288419 
12.90001 -0.5590913735996208 0.0005996866000100853 
13.00001 -0.5651097817769482 0.013213989470934606 
12.70001 -0.5160028474571046 0.009985579364709729 
13.50001 -0.6733286806344227 0.00036296260835910754 
13.10001 -0.5932831895333104 0.005911781684506956 
13.30001 -0.637929008323452 0.0026381026289665765 
13.40001 -0.6596204949658147 0.00501777512758006 
13.20001 -0.6116493758218853 0.003503384844190771 
14.00001 -0.9045931171082338 0.009454774071278649 
13.80001 -0.7997272685897812 0.008624615835037208 
13.60001 -0.7215024300760431 0.004795847239159656 
14.30001 -1.1232635208699109 0.004508388839972954 
14.10001 -0.975072255373453 0.007365103910578041 
13.90001 -0.8598137810760873 0.0008979874366575324 
14.40001 -1.2222147508754773 0.0053055544844888836 
14.20001 -1.0367962957121883 0.0011113204128828658 
13.70001 -0.7637174618511344 0.011786636553217156 
14.50001 -1.3376774370528808 0.007825812448611691 
14.60001 -1.4734333221216933 0.00013527164796967028 
14.70001 -1.634755529141336 0.0010206267126369184 
15.20001 -3.2655220974070938 0.010260210661931835 
15.30001 -3.874932290231728 0.004933061759098134 
14.80001 -1.8399398462824754 0.010654112539092209 
15.00001 -2.375637529744947 0.02060202579926451 
15.10001 -2.779001427968652 0.0016624540823051426 
15.50001 -6.149907883971473 0.006221143847404242 
14.90001 -2.080546786017803 0.025934869785760872 
15.40001 -4.890591648018418 0.006077173021633797 
15.60001 -8.17820545097949 0.035874178817025815 
15.80001 -17.14171974730605 0.007753715218754564 
15.90001 -28.205561234232746 0.03814773142361183 
16.10001 -103.30746060409643 0.10410446235821524 
15.70001 -11.383794091747331 0.03182674205254976 
16.00001 -52.448639772390194 0.015248357191861572 
16.40001 -34.07200758668766 0.014448652411118701 
16.20001 -126.41478060031326 0.02296451550382983 
16.30001 -70.1514520367229 0.06235293740549963 
16.50001 -18.650072252863662 0.01616468491802081 
16.90001 -3.911116499467534 0.008495067518234256 
16.60001 -11.397401785441584 0.024130487085012753 
16.70001 -7.591452885087777 0.0012230187636763645 
17.30001 -1.5262988685341594 0.025557391106779015 
17.20001 -1.8703280830877886 0.001657130014373509 
16.80001 -5.301392312793988 0.004978039525169731 
17.00001 -3.0134032338957235 0.017181190963029946 
17.40001 -1.2572500558373148 0.0009759724683829907 
17.10001 -2.3195170731941133 0.009358651490752656 
17.80001 -0.6761896938629073 0.0005040532938950792 
17.50001 -1.0389403804904962 0.0030263830935269853 
17.90001 -0.5647606562689055 0.005830925614091487 
17.60001 -0.898124659933136 0.0030337861437952363 
18.00001 -0.5085840908662236 0.007293278525696224 
17.70001 -0.7818374016701692 0.005656395581685625 
18.20001 -0.40737130893854456 0.00012225200596513441 
18.10001 -0.4399926599277541 0.004253565652473923 
18.50001 -0.2804149182085818 0.004909821977870793 
18.60001 -0.25312243117418654 0.009780847590228472 
18.30001 -0.3402894829855949 0.007318550587763123 
18.40001 -0.30874937236880795 8.052469614153179e-05 
18.90001 -0.20186935942703804 2.723447098619547e-05 
18.70001 -0.23066491847355644 0.0041414567066384855 
18.80001 -0.2054958047511714 0.002663703319848415 
19.10001 -0.15069698213314128 0.00042663456273256406 
19.20001 -0.1419544547405167 0.0004357382070283994 
19.00001 -0.1698690653119988 0.007021725481635752 
19.30001 -0.14251554876959655 0.005129620920924616 
19.70001 -0.10588995398036774 0.0016310303560132036 
19.50001 -0.11747115127500499 0.003930986068009297 
19.40001 -0.12789242856657684 0.010496472699486475 
19.80001 -0.09231657170953458 0.0027230945793288164 
19.60001 -0.10566991572155171 0.0015859895508637534 
19.90001 -0.08466087307348533 0.0011781417359079394 
20.00001 -0.07383340892313246 0.001590141184297511 
20.60001 -0.0525320065655428 0.001629997260304248 
20.30001 -0.06170426194628896 0.002172551294263223 
20.10001 -0.07779589575776644 0.0007017133884789015 
20.20001 -0.07019737401971866 0.0025801289002995997 
21.00001 -0.046126434378771994 0.0021249676798700233 
20.70001 -0.04773779969869968 0.002705557824278386 
20.90001 -0.04361432352612937 0.0012336328463265385 
20.40001 -0.06130900956343814 0.0031975643156524486 
20.50001 -0.05518431726242793 0.00014124746717275594 
21.10001 -0.036438020115348746 7.358616537544646e-05 
20.80001 -0.04728514367927486 0.0007965841659520988 
21.30001 -0.03916832403346269 0.0011964181501076254 
21.20001 -0.041612027407650104 0.0004938635933169934 
21.50001 -0.036200583033783214 0.0014131852631944775 
21.60001 -0.03195095486794576 0.0009053480521324653 
21.70001 -0.02572300279045585 0.0010325516217957863 
21.40001 -0.03486740005292904 0.0026041173414342 
21.80001 -0.024900952099878935 0.0015874640682821458 
22.10001 -0.024853910264391647 0.003583009305271863 
22.30001 -0.019435127239409697 0.000453548564835227 
22.20001 -0.023449831656026772 0.0027612908489740417 
21.90001 -0.023312443599634945 0.0017048245803687606 
22.60001 -0.0181699457742591 0.0006383033313956763 
22.40001 -0.020799680939786253 0.0006442740810244894 
22.00001 -0.02932162698248033 0.0002539446244125224 
22.50001 -0.019059565281534758 0.0007206084473057386 
22.70001 -0.01729326355149685 0.0020526885266212557 
22.80001 -0.018031257515392404 0.0005702686181649971 
23.20001 -0.014489977616572449 0.00014157898133553525 
23.00001 -0.01407392641227034 0.000440453878949457 
23.10001 -0.01565663416087559 0.0014016957108141615 
23.30001 -0.014131932339563572 0.0009565490250529815 
23.50001 -0.012329130277995273 0.00011362638001293727 
23.40001 -0.012435704504180033 0.00024073611537180593 
22.90001 -0.015408211771406206 0.0004899048620435002 
23.70001 -0.011606910061304588 0.0013346821736181756 
23.60001 -0.011799032790720802 0.0019108951663716657 
23.90001 -0.010283517732152875 0.0004943254135461846 
23.80001 -0.011594527682771652 0.0014292453575969694 
24.00001 -0.010129301063418772 0.0004932445739199223 
24.40001 -0.009626173309100407 0.0019036799438654707 
24.10001 -0.009217930498854065 0.0007799933342436853 
24.20001 -0.011177245135800751 0.0023050272585510992 
24.30001 -0.010978240777198982 0.001228999018340845 
24.50001 -0.0076193224428033985 3.8981166691665244e-05 
24.70001 -0.007869857298449055 0.00033081058287246293 
24.90001 -0.006071355002045048 0.0008838436666224513 
24.60001 -0.010084242628347099 0.00034746547442779906 
25.00001 -0.005325995009944576 0.002131039372421404 
24.80001 -0.008428161840491728 0.001455356659060705 
25.20001 -0.006004326601169371 0.0014738460097802305 
25.30001 -0.006999472547173582 0.0017355958737993338 
25.40001 -0.006687034094074876 0.0008760218313803069 
25.50001 -0.006423447489570335 0.0003189759650180342 
25.10001 -0.007480797063337997 0.0007661430467439615 
25.70001 -0.004853520058384915 0.0006020811087550128 
25.60001 -0.006241358571205035 0.00036250798325943327 
25.80001 -0.004558788553105953 0.0023720846922795106 
26.30001 -0.0048590637829056225 8.799499910100385e-05 
26.10001 -0.0060666518433842125 0.0018496800859361339 
26.20001 -0.004652185875022774 0.00019951665950506845 
26.50001 -0.004280061044306963 0.00015434673083987525 
25.90001 -0.005405322455563243 0.00012741756780515392 
26.40001 -0.005717672426573683 0.0008356921498897259 
26.00001 -0.005050354915005337 0.00032868324863640245 
26.70001 -0.004320107714990617 0.00021118648309207668 
26.90001 -0.0038638967758755863 0.0006214840473215324 
26.80001 -0.0033430513027192226 0.00032132204651875627 
26.60001 -0.0033976915261877787 0.0017881589443620434 
27.00001 -0.003246718700061213 0.0005868627567129053 
27.10001 -0.00278114867601088 0.001402607050644846 
27.30001 -0.0034478510039237424 0.00021712658689695117 
27.60001 -0.0035362652718027286 0.00081707179125663 
27.20001 -0.0025958827530181638 0.00036442823652402777 
27.70001 -0.003698673129478864 0.0006049342229597554 
27.40001 -0.002866469287297475 9.399318215988278e-06 
27.80001 -0.003354446994151299 0.0006413474386538383 
27.50001 -0.0035042290958766393 0.0002448332954720909 
27.90001 -0.002048601952624335 0.0003962787852004652 
28.10001 -0.0023109575979335635 0.00024126721011589894 
28.30001 -0.002342871037502645 0.0003288407351672042 
28.50001 -0.001978572283844963 0.000791207329114726 
28.40001 -0.0018858075854627423 0.0002744007104553862 
28.00001 -0.00337827243318469 0.0002969944394025166 
28.20001 -0.0030053697021480037 0.00010679499469207969 
28.60001 -0.0018719727774876825 0.00019061619865507243 
29.00001 -0.0018705742492238168 0.00027471963392591977 
28.70001 -0.002140078258056432 4.655356277725835e-05 
29.20001 -0.002086281455791892 0.00046640331958105563 
28.90001 -0.0024431034181327726 0.00035950024058393733 
28.80001 -0.0019253348629279007 0.0012147896176088779 
29.40001 -0.0014578139558420028 1.7752438193007814e-05 
29.70001 -0.0009826977821648444 6.050406478703301e-06 
29.10001 -0.0027912046726547126 0.0009682428140526607 
29.60001 -0.0010816828406245353 0.0002763696399415169 
29.30001 -0.0021273375459668208 0.0002040984284519447 
29.90001 -0.0018736378504001729 0.00019869574557081627 
30.00001 -0.001006678657231354 0.00011911954981426269 
29.80001 -0.0017886359717782891 0.0003005243538812038 
29.50001 -0.0020141256301502188 0.0007343087788672015 
30.20001 -0.00202960459754939 0.0009779532509523608 
30.60001 -0.0014267994103117762 8.319576848148439e-05 
30.40001 -0.0013221817478638225 0.0007374229449084008 
30.10001 -0.0015003907884783402 0.00014409566437237548 
30.30001 -0.0011003456242868956 0.0004819936126999716 
30.70001 -0.001130421599888086 0.0005183584367243425 
30.50001 -0.0011682848949996414 0.00038802245699415993 
30.90001 -0.0017514228558690027 0.0005039371090404006 
31.00001 -0.0012445853921046798 0.00023130103545726565 
31.20001 -0.0017322129377767021 0.0003272067727200824 
30.80001 -0.001914368766431961 1.6936828158525537e-05 
31.60001 -0.0011543049195502642 0.000539333233930976 
31.50001 -0.0013311054571507545 0.0003982107040807457 
31.10001 -0.0011237015625036777 0.0005512204206825848 
31.40001 -0.001543033251113231 0.00022127722411129406 
31.30001 -0.0016533853632907233 0.00022385602900292488 
31.90001 -0.0009707521386333557 8.076298225596765e-05 
32.00001 -0.0006952195574232237 0.000474955769782525 
31.70001 -0.0006892201806600214 0.000333228064207368 
31.80001 -0.001424082176531729 0.00018042714329571908 
32.10001 -0.0011807833300012647 0.0004854049433846038 
32.30001 -0.0010753100204556815 1.53972491392625e-06 
32.20001 -0.0011919112043331874 0.00040686997454061826 
32.50001 -0.0006481553554010376 0.0002857871351815944 
32.60001 -0.0011815028308706328 6.546685912457977e-06 
32.40001 -0.0010786991827504812 0.00010902258248793442 
32.90001 -0.0010232332519288273 5.6469000482544144e-05 
32.70001 -0.0011357537244955297 4.197062768770607e-05 
33.00001 -0.000589973725054102 0.00025469360626034505 
33.20001 -0.0013298205469981048 0.00023234084448180408 
32.80001 -0.0008219824970116527 5.881366284637746e-05 
33.40001 -0.0011661404259591052 0.0005230900413855336 
33.50001 -0.0008627109124970936 8.404982371540106e-05 
33.10001 -0.0007441504451412429 0.00012124261378682635 
33.30001 -0.000555310476884653 0.0008926088410873924 
33.90001 -0.0005443179481985949 8.593270623991027e-05 
33.60001 -0.0012179329832959578 5.64434480052414e-06 
34.10001 -0.0007912305388981582 0.00041785788972924936 
33.70001 -0.00017597447180561657 0.0006327131266745461 
33.80001 -0.0010542369805947725 0.00022848661343604862 
34.20001 -0.0006197532902702548 0.00023056933157435065 
34.00001 -0.0004348376055706845 0.0004289560682657428 
34.40001 -0.0005361775748706176 0.0002557110347233194 
34.50001 -0.0012423700932948332 0.00012164506798503815 
34.60001 -0.0008327828356579714 0.000205983612912622 
34.90001 -0.0009285745824660827 0.00016828476316821584 
34.70001 -0.0005141763985847854 2.682104311088989e-05 
35.00001 -0.0008417604260152827 0.00029259650893672263 
34.30001 -0.0015449344938615055 0.00020281846254735167 
34.80001 -0.0005541949388648657 5.585292022256222e-05 
35.10001 -0.0005066305387056685 1.1566192520265698e-05 
35.20001 -0.0008893442519857092 0.000230029916355288 
35.30001 -0.0004899271140348259 0.00010816257754286517 
35.50001 -0.00037580369560967443 8.076519370871433e-05 
35.80001 -0.0006359499900036606 0.000469657848757076 
36.00001 -0.0005253475731623634 0.0002875118618361383 
35.40001 -0.00034192521405492524 0.00018245212942194402 
36.50001 -0.000331776269900682 0.0004277873148870522 
35.60001 -0.00035356284124467605 0.00037030278644742826 
36.10001 -0.0007729942141857531 8.446744619705258e-06 
36.20001 -0.00036989124057209633 9.612404854896945e-05 
35.70001 -0.0005170500497271882 0.00016485972970783629 
35.90001 -0.0005904579564865529 0.00023651174207036605 
36.30001 -0.00036716424139489416 6.0676301777813635e-05 
36.40001 -0.0005036364852771744 0.0004103330538331416 
36.60001 -0.0005569485705774227 0.0006875515389515706 
36.80001 -0.00011422175290149838 0.0004019577631103569 
36.70001 -0.00010703742606808982 0.00023139655995855845 
37.00001 -0.0007108375314159666 0.0003359649253446925 
37.20001 -8.958478579382817e-05 2.3164760839992412e-05 
36.90001 0.00012945104273348336 0.00011034363228710444 
37.10001 -0.0009637598222921753 0.0001693682740417912 
37.50001 -2.2726913908119808e-05 0.0002004363681010708 
37.70001 -0.0005147169445662812 6.70682477903511e-05 
37.30001 -0.00023573690193973767 0.00028461994659444905 
38.00001 -0.00021291172409866046 0.00013971453218510608 
37.80001 -0.0004487984641479163 0.00015951520399847094 
37.40001 0.00011588470824743278 9.76543965164327e-07 
37.90001 -7.171045082665699e-05 0.00020390650975531197 
38.10001 -0.0002793138250931769 4.533271964095602e-05 
37.60001 -0.0007503143987062412 0.0002645960728544095 
38.20001 -0.0006516813399114923 0.0004018114940596391 
38.30001 -0.00027148337047366194 0.00032697778196810496 
38.60001 -0.0003542788259633816 0.00016340436785566146 
38.50001 -0.00047181348273435777 0.0002230766814627826 
38.70001 -0.00021085632745784246 3.2397048378605994e-05 
38.40001 -0.0003894394863988614 4.5833939936431917e-05 
39.30001 -0.0004099343575454985 0.0002080497007580638 
39.00001 -0.00044249821507757125 1.1699348629054471e-05 
38.90001 -0.00019674489061163945 0.00023997197940837502 
39.20001 -0.0006712769048805163 4.941505933584746e-05 
38.80001 -0.00012153089058946998 0.0003032833399206262 
39.10001 -0.0002774621860699997 7.657206309494984e-05 
39.40001 -0.00023016071982144608 0.0001362317287687179 
39.50001 -0.0004767152324164554 0.00018233507593435998 
39.70001 -0.00044028699691384544 2.7466589173579117e-05 
39.60001 -0.00028391340172203693 7.360100063646563e-05 
39.90001 -0.0005046409114837513 0.00013240814373248003 
39.80001 -0.00031220467729607747 5.564767992004052e-05 
