1e-05 9.921080386651493e-06 2.340207600101002e-05 
0.10001 -6.045372227008057e-05 2.639624029307655e-05 
0.70001 -0.0022820323483089613 7.563315988682478e-05 
0.50001 -0.0012156329301012594 0.00013925285776802737 
0.40001 -0.000916279144626471 4.9250192925522106e-05 
0.60001 -0.0020211183725235412 1.6579691060668398e-06 
0.20001 -0.00020266686155301909 6.6860494438082294e-06 
0.30001 -0.0004764865528896062 5.419047303469919e-05 
0.80001 -0.003285748893353857 0.0003116211744050568 
1.30001 -0.009523097854904121 0.0005482717205929407 
1.20001 -0.008321657277851448 9.799122247175496e-05 
1.00001 -0.0053716464674024465 0.0003316174209536558 
1.50001 -0.013046376372192595 0.000469042713492393 
1.40001 -0.010618949841238607 0.00015400404990260214 
1.10001 -0.0059417000432294195 0.00021834411171865395 
0.90001 -0.004278272080123115 7.354523552306931e-05 
1.60001 -0.015493351156886492 0.00018163494815455396 
1.70001 -0.017935676943637947 0.0001253378236090348 
2.10001 -0.028329044906607113 0.0004381319266106437 
1.90001 -0.022992481983199916 0.00024781137426352004 
1.80001 -0.020258643276922388 0.00045180186087259537 
2.00001 -0.025725698455173807 0.00011168029540515635 
2.30001 -0.03700959905338058 1.4859615680946209e-05 
2.20001 -0.03289955257546662 0.00030719887991286984 
2.40001 -0.042471507401062036 0.0001206867221845015 
2.50001 -0.04701430271407134 0.0004224207519877392 
2.60001 -0.052521506785815096 0.00038265706894074353 
2.80001 -0.06455199220368982 0.0008438694979406719 
2.70001 -0.058084725671337156 0.00020601366064278495 
3.00001 -0.08062927941527212 0.00013134306175104082 
3.10001 -0.09118986071873003 0.0007083613414525722 
2.90001 -0.07271623112624137 0.00016589623705122458 
3.20001 -0.10341025832303258 0.0001116261551865616 
3.30001 -0.1148219344227109 0.00035736762884458484 
3.40001 -0.12778504718390563 0.000787504486642443 
3.50001 -0.14494961433835823 0.0017596800105382365 
3.60001 -0.16045161196233043 0.0008225061940573958 
3.70001 -0.1823092120900784 0.0013973459606007183 
3.80001 -0.2060479286684676 3.177048246333358e-05 
4.00001 -0.26215596898348087 0.00022698775646690095 
3.90001 -0.23182854278693252 0.001857601025776645 
4.80001 -0.8308188236276609 0.004504507434161753 
4.40001 -0.4524399778713493 0.0010351961209972282 
4.10001 -0.2999377058324301 0.001796864689023292 
4.20001 -0.34205502562960755 0.004718433943288497 
4.30001 -0.39095521772070796 0.0022751748022440677 
4.90001 -0.9881237328743466 0.003372033629463367 
4.50001 -0.516746098578333 0.0015221302180610241 
4.70001 -0.7024298058885641 0.0025725414750186193 
4.60001 -0.6038493996259471 0.0016289116500993739 
5.00001 -1.1844429763988589 0.003979872631212578 
5.10001 -1.431444093732547 0.001082828301415928 
5.30001 -2.1773170952287106 0.004953819855580077 
5.20001 -1.7540202033321926 0.005470670995097016 
5.40001 -2.7520047422131704 0.00791401799922098 
5.50001 -3.5412581616358842 0.006890378741073233 
5.60001 -4.612411468425593 0.009338976769484919 
5.70001 -6.156183449253469 0.005844474906755437 
6.20001 -19.11043645035327 0.010812375661734208 
5.90001 -11.242307094245746 0.02269635951905169 
6.00001 -14.757317323548385 0.0026870923127892965 
5.80001 -8.302529296118063 0.004837824719627015 
6.10001 -17.909589464713747 0.021102550575465173 
6.70001 -7.079982091917724 0.002713281429256753 
6.60001 -8.99581283987871 0.012323052974276827 
6.30001 -17.615156099079975 0.01030113824178791 
6.40001 -14.611675195004398 0.0009815459064697052 
6.50001 -11.533672633827583 0.0037506338927073557 
7.00001 -3.838205273175251 0.003913259559146454 
6.90001 -4.628105970099428 0.002294841696691474 
6.80001 -5.6672759801509445 0.006496897514971067 
7.20001 -2.7814474139533623 0.004981801446001466 
7.30001 -2.4244335148178324 0.010243787136247295 
7.10001 -3.2498275256065314 0.003546536333807415 
7.40001 -2.1331982294346123 0.004072671159673469 
8.00001 -1.1759019392631662 0.003310646732394895 
7.90001 -1.2785101797198206 0.0035328139396212377 
7.50001 -1.878202209140868 0.0009668093013890378 
7.60001 -1.6893864294578864 0.0035390232955067047 
8.50001 -0.8437128351329999 0.0013752959391556963 
7.70001 -1.5311996906194738 0.0011569068480652422 
7.80001 -1.393244294197096 0.004541171355603613 
8.40001 -0.8921042169301119 0.0073566854933900805 
8.60001 -0.7974161138306366 0.004235464459051985 
8.10001 -1.096517039117142 0.0015549372805853112 
8.80001 -0.7200780520751351 0.0007889864971736826 
8.20001 -1.0213798252111221 0.0012366378831434321 
8.70001 -0.7568911973888593 0.0009199388317300272 
8.30001 -0.9530571244926724 0.0007251971644429145 
9.00001 -0.6612177742356697 0.002682172754527201 
8.90001 -0.6923009124549105 0.0013876344193136658 
9.20001 -0.6137112846862688 0.0010917036051980578 
9.10001 -0.6403436714015277 0.002697253870998617 
10.10001 -0.48869978756032795 0.0006430970658708735 
9.30001 -0.5934695202836184 0.0007301916435845102 
9.40001 -0.5805513181455598 0.005691403635963543 
9.90001 -0.5061566111414697 0.0004527409376971492 
9.80001 -0.5145304760164686 0.0015902762543508753 
9.50001 -0.5602120835753712 0.003514795489908573 
10.30001 -0.4679399986823359 0.004283642928165077 
10.50001 -0.4594974858319098 0.001561463296982979 
9.70001 -0.5356649986490758 0.002249008578263878 
9.60001 -0.540950580864817 0.002070853121848626 
10.00001 -0.498377437290493 0.00037983922418641236 
10.60001 -0.4554206761224887 0.002451638911525278 
10.40001 -0.46350299219584246 0.0018986999649553138 
10.20001 -0.47797434614231116 0.000809170166255424 
10.70001 -0.45007041148554366 0.002830587816275598 
10.90001 -0.4448658524229422 0.00019077855273172406 
10.80001 -0.45102971725681257 0.0011085336871912155 
11.20001 -0.439631782790974 0.0014214143749026742 
11.40001 -0.444773813063692 0.002142874194173333 
11.60001 -0.4437481831436539 0.002440614777970085 
11.50001 -0.44502397771547575 0.0014826823786695253 
11.30001 -0.4434444356864052 0.002441571814996768 
11.00001 -0.4416208085505966 0.00025250732318152225 
11.70001 -0.44665042335634786 0.0024710942079542164 
11.10001 -0.4416481131112543 0.00022376851345537463 
11.80001 -0.4546731861809383 0.00021543121710662638 
12.00001 -0.4607347575251036 0.0007134569534053281 
11.90001 -0.45665852705056953 0.0009576659339348981 
12.10001 -0.46795339163711386 0.0002008945759613412 
12.30001 -0.48099742522420125 0.002620792807127903 
12.20001 -0.4742273469452918 0.0027140182973703353 
12.40001 -0.48883709747711024 0.0016831633141798086 
12.50001 -0.5002331166928911 0.000395894875863001 
12.60001 -0.5151248109681683 0.002301189979906193 
12.80001 -0.5387806130185366 0.005711373726825231 
12.90001 -0.5577530601322677 0.0005140783504152813 
13.00001 -0.5714056292500838 0.0003491017953041742 
12.70001 -0.5254896488835068 0.0006974348134194953 
13.50001 -0.6912226972652051 0.0021212949604103026 
13.10001 -0.5891360895374262 0.0016608412364377823 
13.30001 -0.6382921005612515 0.0006733527694477992 
13.40001 -0.6616307158192245 0.003399260874820509 
13.20001 -0.6155186533615016 0.0025456892091541006 
14.00001 -0.9029384009721368 0.0001014513914395776 
13.80001 -0.8038113332051626 0.0007700066017390372 
13.60001 -0.728442310194036 0.0008401212741945829 
14.30001 -1.126675159088808 0.0028507531000402375 
14.10001 -0.96782941982049 0.001025790509829816 
13.90001 -0.8584521245916374 0.003060316105892358 
14.40001 -1.2214139490860005 0.006323062072511765 
14.20001 -1.0397869392542507 0.003931820462059421 
13.70001 -0.7628489825136904 0.0038168817918101117 
14.50001 -1.330825630697048 0.0027923451473599314 
14.60001 -1.463681970865716 0.0025611742066133925 
14.70001 -1.6277661030112234 0.005569451656658787 
15.20001 -3.2557724558906096 0.0013890450164644186 
15.30001 -3.915250103920325 0.001870606578611378 
14.80001 -1.825251667836347 0.0021997266763960077 
15.00001 -2.3656348313097193 0.0066791199085645125 
15.10001 -2.7513499835335677 0.00031589583395219556 
15.50001 -6.172219942191704 0.003975182772927521 
14.90001 -2.0647531042299314 0.001945930355054415 
15.40001 -4.838184688403105 0.0004293086138740243 
15.60001 -8.17509018065288 0.009966302289786455 
15.80001 -17.06641700163163 0.012208340718320443 
15.90001 -28.169865024189846 0.011969610152524623 
16.10001 -103.19564276223882 0.03512187070219852 
15.70001 -11.417388391413501 0.01607938458086089 
16.00001 -52.43369853534567 0.0075473533122050185 
16.40001 -34.11916517036671 0.012513515183574242 
16.20001 -126.29933450464124 0.04360242967540273 
16.30001 -70.05833632017283 0.014416685523833905 
16.50001 -18.609132237105513 0.010776534762833023 
16.90001 -3.9088565341227692 0.002531798776008065 
16.60001 -11.415225659764832 0.009655920846920019 
16.70001 -7.548252560902087 0.0031852896074542336 
17.30001 -1.527021698106215 0.0001367871753222838 
17.20001 -1.8660165704360736 0.007803437956232728 
16.80001 -5.2955279834936135 0.02505300245245312 
17.00001 -2.984730645008177 0.006316264677924899 
17.40001 -1.2567662275698686 0.0005840103813827824 
17.10001 -2.332755487323977 0.004095417779914623 
17.80001 -0.6640012667861288 0.002149042460306616 
17.50001 -1.0608335676570926 0.0008211483590434554 
17.90001 -0.5784085517437251 0.003711667747696379 
17.60001 -0.8982848348308319 0.004244595994374378 
18.00001 -0.5056407295105319 0.000417804674806288 
17.70001 -0.7717758389160166 0.004313087642010327 
18.20001 -0.39461877517957245 0.0017971687482672138 
18.10001 -0.44828455000539846 0.0021030795537385905 
18.50001 -0.28146831233793823 0.0024455446154815486 
18.60001 -0.2574440661642121 0.001120539571294793 
18.30001 -0.35558592676562845 0.00040922829328116084 
18.40001 -0.31314692544737277 0.002555985224267282 
18.90001 -0.19073340582680726 0.002528316795358379 
18.70001 -0.23047733618555183 0.00027807429222743985 
18.80001 -0.2108467083040909 0.001531532482215131 
19.10001 -0.15954876453032754 0.0011891658293107232 
19.20001 -0.1449387909777173 0.0012526975677367436 
19.00001 -0.1744762973076205 0.0008799482849980028 
19.30001 -0.1372294390415733 0.0008164304977390929 
19.70001 -0.09794906826556454 0.0015642799065256133 
19.50001 -0.11516925615761647 0.0018878609055690831 
19.40001 -0.12358983172652685 0.0002626523229583219 
19.80001 -0.09290133963303274 0.0011276061993254274 
19.60001 -0.1069416568287398 0.00043803176195876536 
19.90001 -0.08533099268781957 0.0007987702321405679 
20.00001 -0.07742434466220838 0.0016410541302984277 
20.60001 -0.05438597504670538 0.00044081043801447173 
20.30001 -0.06499635595628858 0.0009015364351079025 
20.10001 -0.07361705665907597 0.0001730114461736404 
20.20001 -0.06887568582393924 0.0005431800529291375 
21.00001 -0.04283992366214477 0.0003296488502632401 
20.70001 -0.05004247356095603 8.804707928290745e-05 
20.90001 -0.04425221709688131 0.0006430656370965265 
20.40001 -0.0621336760732083 0.00040931723396628664 
20.50001 -0.057689353653243944 0.0004497337101030986 
21.10001 -0.04054194925190814 0.0001401787450204181 
20.80001 -0.04902621087234765 0.0010115720529160835 
21.30001 -0.03518861768853222 0.0005595251061239793 
21.20001 -0.03744636437894238 0.00010070561089584734 
21.50001 -0.03283918694958628 0.0004546234513103202 
21.60001 -0.031093036460270028 0.0006896526909342688 
21.70001 -0.028198655072131512 0.0002627970931203573 
21.40001 -0.03327812770964396 0.0005273787007169829 
21.80001 -0.027456505585874508 0.0003403284691976226 
22.10001 -0.02288431449471067 0.00047119293900361493 
22.30001 -0.021341581595713213 0.0007565714273604692 
22.20001 -0.022203500200510762 0.00023753630618744172 
21.90001 -0.026243560613584953 0.00014127830789702374 
22.60001 -0.018823332283078635 9.558057941507456e-05 
22.40001 -0.01981089576885236 0.0012204784026414676 
22.00001 -0.02469150456617958 0.00022501884933036516 
22.50001 -0.019293580547151357 0.0003083785241642552 
22.70001 -0.018082374864156453 0.0002633516835877873 
22.80001 -0.016510780167551267 0.0002876992965647352 
23.20001 -0.013933720787716024 0.00035220613065880483 
23.00001 -0.015547993097917504 0.000574366909461224 
23.10001 -0.01531893260753341 0.0003754426737762528 
23.30001 -0.014159073569143029 0.00018543801136523125 
23.50001 -0.0124185447349526 7.201953453119143e-05 
23.40001 -0.012597401808662798 0.00022472494527041396 
22.90001 -0.016846490450554388 0.0005086953290109296 
23.70001 -0.011095276729364164 0.0003873276474963818 
23.60001 -0.011706378041280864 0.0006703561237723929 
23.90001 -0.010990760359175 0.0001823702096668666 
23.80001 -0.010505389267634778 0.00042790673915156854 
24.00001 -0.010524051915705235 0.00010098400312903537 
24.40001 -0.00874388101730753 0.00027445729945507237 
24.10001 -0.009693055418634064 0.00030003133322021973 
24.20001 -0.008947546139199618 0.0005571326694800913 
24.30001 -0.009565922739992428 7.671687615545819e-05 
24.50001 -0.008514112973222817 0.00012204814012140366 
24.70001 -0.007996902884135518 1.54113542506773e-05 
24.90001 -0.0073889432019395365 0.0004591105328539771 
24.60001 -0.007917609276453349 0.00012313413110026867 
25.00001 -0.006445601348087552 0.0005625528972678677 
24.80001 -0.007277496349341963 0.00024133463120533903 
25.20001 -0.006375976631839466 0.00010703364778584783 
25.30001 -0.0064642196462015656 6.820944774957923e-05 
25.40001 -0.006194373129545717 4.768520918159609e-05 
25.50001 -0.005659703309754365 0.0002675766919799068 
25.10001 -0.0069664142941521946 4.808902021245136e-05 
25.70001 -0.005379232253754441 0.00018597591778743948 
25.60001 -0.005396635121796968 0.00024060637921711776 
25.80001 -0.00529963027661381 2.2363152081525395e-05 
26.30001 -0.004134024919469218 6.791079412648682e-06 
26.10001 -0.00460551496009862 2.003284753351745e-05 
26.20001 -0.004084976477744416 3.622887478315446e-05 
26.50001 -0.0042923404796285525 0.0001963908570578629 
25.90001 -0.00518104460506863 2.0566162298190152e-05 
26.40001 -0.00418037153950499 4.5092120477178196e-05 
26.00001 -0.004762761644968241 0.00014851342604665788 
26.70001 -0.0034659334693525963 4.728041945859006e-05 
26.90001 -0.0038471989853696613 0.0001015695313602526 
26.80001 -0.0036323428719235206 0.00016336432766866395 
26.60001 -0.003970312908080037 0.00024550490128542554 
27.00001 -0.00394165864296267 0.0005014517930674008 
27.10001 -0.003472157590041835 0.0004051589320084939 
27.30001 -0.0032507651995142845 0.00034677697743917585 
27.60001 -0.0028476916710394044 0.0001234041896435059 
27.20001 -0.003571464972715199 9.318550207136991e-05 
27.70001 -0.002681127544039979 3.870226219060218e-05 
27.40001 -0.00305631864268471 6.17956671378143e-05 
27.80001 -0.0027321440909333587 0.00031832125527369985 
27.50001 -0.00307518316255264 0.00011645418136427212 
27.90001 -0.002556975816688605 7.479861746009938e-05 
28.10001 -0.002159987621649059 0.00017004317068175121 
28.30001 -0.0023067169799900794 0.00013601012718803028 
28.50001 -0.002166964652306194 0.0001410530253750273 
28.40001 -0.00228792746799928 0.0001898412996067492 
28.00001 -0.0026980165754972385 4.3515648874246915e-05 
28.20001 -0.002527301768762608 0.00013554117860420075 
28.60001 -0.002228419011220598 8.193643968346597e-05 
29.00001 -0.0020228671102482543 0.00016653729146000015 
28.70001 -0.0020490278145967565 2.7875096189851562e-05 
29.20001 -0.0017673637428135154 0.00026808009658992504 
28.90001 -0.0022071835567925406 6.17759594928255e-05 
28.80001 -0.0022041313101714604 3.461910778804222e-05 
29.40001 -0.0015973219807705057 7.997781606109507e-05 
29.70001 -0.001673023792734156 0.00010899347098614304 
29.10001 -0.0019878131945521953 0.00017338517117294428 
29.60001 -0.0018462021183154559 0.0002807479021518103 
29.30001 -0.0019323341044452198 3.376626585807456e-05 
29.90001 -0.0016147032148315869 0.000161737468934382 
30.00001 -0.0014347599401242236 0.00017836172121027643 
29.80001 -0.001731225606314667 0.00011412906155338579 
29.50001 -0.0018275752888895678 6.146595186356542e-05 
30.20001 -0.001485741166928177 7.537964042959161e-05 
30.60001 -0.0012662094412466286 9.419268653974833e-05 
30.40001 -0.0013963444740677643 0.0001347566030124813 
30.10001 -0.0013320841820657306 5.017390249192509e-05 
30.30001 -0.0013391968626810745 0.00013250652668809516 
30.70001 -0.0012214565716493278 1.2371496902565814e-05 
30.50001 -0.001289348315527016 0.00014894072342296104 
30.90001 -0.0011743319994150896 1.6296091452210884e-06 
31.00001 -0.0012762552610079414 1.8791540468734752e-05 
31.20001 -0.0012737815359328921 0.00019192632866973003 
30.80001 -0.0013910504101997518 0.00017849553860432323 
31.60001 -0.000990631867130249 0.00010609660662159868 
31.50001 -0.0012317390625509804 9.527286946741373e-05 
31.10001 -0.0010289159771446944 3.156803594492287e-05 
31.40001 -0.000874502728890056 1.2122491365897017e-05 
31.30001 -0.0010443335817521967 8.353377023027252e-05 
31.90001 -0.0008966287825517337 6.679066348303073e-05 
32.00001 -0.0007490920122035491 0.00011364047281149387 
31.70001 -0.001167315996851741 3.2795823240389446e-05 
31.80001 -0.0010987545461217296 8.657939893485784e-05 
32.10001 -0.0009312398452690829 5.91332020574946e-05 
32.30001 -0.0008664074012762579 0.00011808989221779795 
32.20001 -0.0009023866450522213 7.073372347945377e-05 
32.50001 -0.0006928205172555611 5.8455446679044943e-05 
32.60001 -0.0007699394572213127 7.126849372476906e-05 
32.40001 -0.0008027211751508233 4.577386953931841e-05 
32.90001 -0.0008714021613501438 5.5404529387567745e-05 
32.70001 -0.000753976990425162 0.00014648913917300946 
33.00001 -0.0005981344163496837 3.823717736623573e-05 
33.20001 -0.0006560081896241109 8.822388441901438e-06 
32.80001 -0.0007775354932949042 4.917367662394905e-05 
33.40001 -0.0006582528772307902 6.859809245029672e-05 
33.50001 -0.0004830572434840454 3.129712306502647e-05 
33.10001 -0.0007688567893426954 1.6007589944985778e-05 
33.30001 -0.0007663407203408054 0.0002090961161843792 
33.90001 -0.0006843392579257506 3.949114693133104e-05 
33.60001 -0.000625158707155452 5.7494906167418556e-05 
34.10001 -0.0005233503858444335 0.0001339716755842399 
33.70001 -0.0005692135807870001 3.17720779149378e-05 
33.80001 -0.0006377661669102988 6.349102541663477e-06 
34.20001 -0.0005919897415394254 2.985214140343651e-05 
34.00001 -0.0005911617076005779 1.1331667896119003e-05 
34.40001 -0.0005057703635130765 0.00014204863997843752 
34.50001 -0.0005307685636844358 2.649247689711791e-05 
34.60001 -0.00042669134112482477 0.00011268880028931851 
34.90001 -0.0004093865249971558 1.5862627457732315e-05 
34.70001 -0.0004070937481577033 2.5764521586690867e-05 
35.00001 -0.0005249987981287296 1.8852483567066735e-05 
34.30001 -0.0007189347455299178 1.810779980040148e-05 
34.80001 -0.0005018270904386486 3.033206866684526e-05 
35.10001 -0.0004864144612347891 9.605876548315472e-05 
35.20001 -0.0005276024322286629 5.9979374734741816e-05 
35.30001 -0.00034425318064111154 3.663661572230118e-05 
35.50001 -0.0003925098031734228 2.1763715510202277e-05 
35.80001 -0.0003948078044229843 5.429006740544621e-05 
36.00001 -0.0004146912377502146 0.00014213061829971714 
35.40001 -0.0003910334405894477 8.30812714837156e-05 
36.50001 -0.0003784393795950126 9.612443536711327e-05 
35.60001 -0.00035224929989036006 1.1784760577196582e-05 
36.10001 -0.00041122332979866207 7.241570827446641e-05 
36.20001 -0.0004470577370451076 3.482682606726964e-05 
35.70001 -0.00041400425551636635 2.0148706889913626e-05 
35.90001 -0.00043256651696252596 9.454768429669391e-07 
36.30001 -0.0002469514092515842 2.909148947206288e-05 
36.40001 -0.0004283026089401062 2.6599750549383556e-05 
36.60001 -0.0002666918662505124 0.00012825606272781764 
36.80001 -0.0003064130635399389 1.3277595744858517e-05 
36.70001 -0.00040435340345724443 2.590539588090201e-05 
37.00001 -0.00028669653270580874 5.371935989242248e-06 
37.20001 -0.0003299772511786786 3.43999493427332e-05 
36.90001 -0.00035917415983998795 6.878559557575931e-05 
37.10001 -0.00038573945018518976 7.814903585006799e-05 
37.50001 -0.0002465602964152389 5.920642661932681e-05 
37.70001 -0.00027577010388004015 2.7747821365645234e-05 
37.30001 -0.0003093394536005428 3.311475741639601e-05 
38.00001 -0.0002895324226678146 7.630591965768915e-05 
37.80001 -0.00027873090704433426 4.063464581467278e-05 
37.40001 -0.00038735680941026196 1.6804301844903764e-05 
37.90001 -0.0002147154631962215 3.897221538089296e-05 
38.10001 -0.00024034267394255026 5.4256494313116024e-05 
37.60001 -0.00026182385379434355 6.081725530758937e-05 
38.20001 -0.0003184980831601535 7.793391551710676e-06 
38.30001 -0.00025777011455459275 2.4734729190598078e-05 
38.60001 -0.00027613988042007284 9.700460226698935e-05 
38.50001 -0.0002886545247387137 4.840490178583289e-05 
38.70001 -0.00021671815097960232 5.7692442440225776e-05 
38.40001 -0.0002725216566466163 4.503939700091104e-05 
39.30001 -0.00026735017876298864 5.949652891470068e-05 
39.00001 -0.00018879599712680518 4.1247510450096423e-05 
38.90001 -0.00015780144974011036 4.079962040500212e-05 
39.20001 -0.00017848384736568435 4.4748369645599705e-05 
38.80001 -0.0002448779479284573 4.044315209972121e-05 
39.10001 -0.00030665422207352847 4.263168774105785e-06 
39.40001 -0.00019332588089570674 2.3312485428028296e-05 
39.50001 -0.00017469181102108057 9.320421733936836e-05 
39.70001 -0.00016678005512819292 4.216374682766138e-05 
39.60001 -0.0001950934500091688 2.2063384184700053e-05 
39.90001 -0.00019915768269670515 0.00010498371617659155 
39.80001 -0.0002688409919837387 2.4575706394616616e-05 
