0.10001 -0.002928996827846411 0.003472045984249122 
0.40001 0.000755172023075663 0.0014205702082262768 
0.50001 0.0010228336948460072 0.0017892160628098042 
1e-05 0.0005698706191830358 0.0011959126484979085 
0.30001 -0.00023331067300015604 0.0001764726530789149 
0.20001 0.0006884809988853965 0.0013741595023642565 
0.60001 -0.0033179735220379095 0.0006469407818834663 
0.90001 -0.006903289583024591 0.0036157535489354927 
1.00001 -0.010301612262805435 0.0007330866849365987 
0.80001 -0.00023528299596191024 0.004037317483949476 
0.70001 -0.001538518593979697 0.0007179585390616945 
1.10001 -0.004452635728027558 0.00015882675592348737 
1.30001 -0.008902161746688713 0.00020813433497681236 
1.20001 -0.010384066871333643 0.0030323058653534862 
1.50001 -0.0171507581466327 0.000594901840833684 
1.40001 -0.01235068836558801 0.00439742812373263 
1.60001 -0.013599208520570599 0.004069776234232264 
1.70001 -0.01785226734480097 0.008069445571393628 
1.80001 -0.01689226937829689 0.0067344800401031085 
2.00001 -0.025004339068493264 0.0022964019283888415 
1.90001 -0.025757284499735925 0.008230400985215167 
2.20001 -0.029388800038964207 0.0014301953464335455 
2.10001 -0.029590235696714946 0.005888990432486158 
2.60001 -0.07362376064749537 0.0012886520649307079 
2.70001 -0.05676682228531285 0.0031401475256817406 
2.40001 -0.03949467832667361 0.009928507491905452 
2.80001 -0.06962059345737573 0.0063261190048669105 
2.90001 -0.08572607824613643 0.010045423651964917 
2.50001 -0.051912468715528765 0.004619606628787465 
3.00001 -0.07474745162142311 0.001926001868824398 
2.30001 -0.02220295009984044 0.0042548482774580065 
3.20001 -0.10932451496574153 0.012549391323842148 
3.10001 -0.10003122651420107 0.014346980073046446 
3.30001 -0.09559720449597467 0.004257450013755777 
3.60001 -0.16684716824904072 0.002774935816208371 
3.40001 -0.12957777115647556 0.004285828745557482 
3.70001 -0.19561652118879136 0.028614329718714013 
3.50001 -0.16175887061768374 0.008589525840803927 
3.80001 -0.21397832375094805 0.016288662992872738 
3.90001 -0.23163661452636936 0.01327674889919557 
4.00001 -0.2834545429539663 0.023485460309564138 
4.10001 -0.27951926300819185 0.018954202460886083 
4.60001 -0.5874645122152509 0.01658421114198655 
4.40001 -0.46913175055130796 0.01246760972986774 
4.90001 -1.0128019511885515 0.005865062049547731 
4.30001 -0.39762854950984844 0.010040149920977293 
5.00001 -1.220096011314833 0.030973073418731123 
4.50001 -0.5434678498159915 0.041252477187054104 
5.10001 -1.382182655890875 0.021801292943683714 
4.70001 -0.6700323191022984 0.0379373301897018 
4.20001 -0.3550429258672513 0.01846092937275165 
5.20001 -1.8337700189865065 0.041931442414108844 
5.30001 -2.16224247801987 0.06152448000806565 
4.80001 -0.8042302490622847 0.026678063333703705 
5.40001 -2.748243804847122 0.05784987009864051 
5.50001 -3.511422790101031 0.04899047403466383 
5.70001 -6.151447692994949 0.06277932412192921 
6.10001 -18.033457583032508 0.16171171079020752 
5.90001 -11.339821504113672 0.047911685133196436 
5.60001 -4.549499109201001 0.012172626835063038 
6.20001 -19.10724046095725 0.2099829963354889 
6.40001 -14.681979627428134 0.07289239039120954 
6.50001 -11.487406491862485 0.07204462397748657 
5.80001 -8.287245268574182 0.05210586787911265 
6.70001 -7.107005179997553 0.06368546557115007 
6.00001 -14.889347147896757 0.013981851120208333 
6.60001 -8.943979547875943 0.02917801085061633 
6.80001 -5.626563802247492 0.1130109457199322 
6.30001 -17.432160713042883 0.003992083912125466 
6.90001 -4.602322086746458 0.12640505006047098 
7.10001 -3.2534490861765684 0.05918801625279757 
7.30001 -2.5021067193004516 0.0013745435335938971 
7.40001 -2.061414648001649 0.04682522184973115 
7.00001 -3.8319906232479486 0.0522511063468214 
7.50001 -1.885294127518506 0.06425831670019277 
7.20001 -2.7777457849984115 0.025699852672038226 
7.70001 -1.4847179980251966 0.04923788342459634 
7.60001 -1.6283195624759799 0.04293669532185562 
7.80001 -1.39951710660817 0.03591539216326489 
8.10001 -1.0578260637186376 0.002946057063483165 
7.90001 -1.284975258134397 0.030558809863984626 
8.00001 -1.2144399119673475 0.018541127551046643 
8.30001 -0.924874643565951 0.0661064122674822 
8.40001 -0.9581089688470596 0.050052998108534474 
8.50001 -0.8084019909140328 0.01169368617018507 
8.60001 -0.7838328534717378 0.012190995531067783 
8.70001 -0.7971879597073024 0.00973786610708699 
9.00001 -0.6570495570554875 0.03312952963924731 
8.80001 -0.7293490844366484 0.017666005126946105 
8.20001 -1.0626700200705606 0.007967105468719704 
9.20001 -0.6119188174792258 0.03354317301525289 
9.30001 -0.5948956782728767 0.025565036679368824 
9.10001 -0.6181467039041413 0.010049123121760595 
8.90001 -0.7085887716899906 0.012658036168677222 
9.40001 -0.6148453908455653 0.002729950928407887 
9.60001 -0.5280357794779529 0.011729718395656452 
9.50001 -0.5642861133687003 0.06075492981481495 
9.70001 -0.5210842957073193 0.00525709857030765 
9.80001 -0.5177886508049931 0.023745677098102994 
10.10001 -0.5209607527754678 0.013982201400996763 
9.90001 -0.5139983446681986 0.05979587075336229 
10.20001 -0.5028040634766007 0.019905364054356445 
10.00001 -0.5378460730331487 0.0599831798025868 
10.50001 -0.41343975904452984 0.008374998469264372 
10.40001 -0.47038672597940534 0.024080169785183292 
10.60001 -0.4709698881604888 0.028083071035897827 
10.70001 -0.42428741287388505 0.016384323132572876 
10.90001 -0.425718088635164 0.02776161974750499 
11.10001 -0.4607343358779237 0.04692712249924111 
11.30001 -0.4504145639211083 0.003084955964103797 
10.80001 -0.4359368934774538 0.019847192385242546 
11.20001 -0.4404350780615811 0.016327741943969215 
11.00001 -0.438158057266827 0.007480084306718843 
10.30001 -0.44271305772283165 0.005143983226655796 
11.40001 -0.44412460104326135 0.045933635421884805 
11.60001 -0.44160987506288363 0.0007416711082946503 
11.50001 -0.44364133099835956 0.002650340754723729 
11.70001 -0.4580920498809929 0.04935676136929995 
11.80001 -0.45002064961252897 0.020995804946687402 
12.30001 -0.4582773492247104 0.00214052218973243 
12.10001 -0.41593991345793846 0.01119301860454483 
12.20001 -0.462437521110992 0.007260233709364239 
11.90001 -0.4695025949711186 0.003758771714182152 
12.00001 -0.4340608077328722 0.01959637954706467 
12.50001 -0.4970956877530004 0.005598226476496104 
12.40001 -0.5033414785974272 0.013625141128257856 
12.80001 -0.558396007712183 0.0442595959321625 
13.10001 -0.5508658092722944 0.055461463897923224 
12.90001 -0.5165221789617649 0.03881345077890114 
13.00001 -0.5923267265240392 0.0012887681868859469 
12.60001 -0.5068715785665175 0.03040241455941564 
13.20001 -0.635015017795366 0.009716735868975535 
13.30001 -0.6379196133115567 0.002176493995547535 
12.70001 -0.5275153136319204 0.00040517210833923567 
13.50001 -0.6684899284406899 0.015535073800621912 
13.40001 -0.6766353737469353 0.009842866952906204 
13.80001 -0.7656685076691456 0.006741091128485921 
13.60001 -0.7440084192229763 0.048287571185746614 
14.00001 -0.9316985072175406 0.0653877448264732 
14.10001 -0.965451102563631 0.002179215221753017 
13.70001 -0.7208364509769059 0.022637697295790127 
14.20001 -0.998441700492678 0.033242799656099775 
14.30001 -1.1185801250587828 0.01363941964653681 
13.90001 -0.8713443965044501 0.01559419267355222 
14.50001 -1.3282314389034484 0.011975111311946396 
14.60001 -1.3841171635486353 0.028874460926700873 
14.40001 -1.243644793050575 0.05695713042721828 
14.80001 -1.8795685277224305 0.001304042474803535 
14.90001 -2.084506167778973 0.06590459181313046 
15.00001 -2.3002283088304334 0.02680308526750297 
15.30001 -3.775786233762439 0.06275010952738547 
15.20001 -3.330910255784593 0.08081252076511758 
15.50001 -6.239861201878023 0.10059878247900533 
15.10001 -2.722711067162065 0.014088063687612618 
14.70001 -1.5680194561477871 0.04914408499598488 
15.60001 -8.104950679947923 0.03605612643852485 
15.80001 -17.13201755027999 0.061870068737393424 
15.40001 -4.880889364138438 0.06664920841390032 
15.70001 -11.420286918548125 0.01691601204880211 
15.90001 -27.771647665808725 0.12095207202546732 
16.00001 -52.45183373872397 0.18578076955345324 
16.10001 -102.81511165642877 0.09283101930561344 
16.20001 -126.84814296343953 0.6796940832345584 
16.30001 -70.24056431116475 0.06763814075430474 
16.40001 -34.14616716464756 0.287999790375423 
16.50001 -18.452277898893456 0.16192734756626237 
16.60001 -11.263852033377457 0.23766698328060887 
17.00001 -3.01962900955581 0.04098309246614562 
16.80001 -5.2839463597600265 0.05107382696723217 
16.70001 -7.385863627323551 0.0572044492515138 
17.30001 -1.539380568199378 0.07658246889912257 
17.10001 -2.3809485475793366 0.018539483022303793 
17.50001 -1.040478504410332 0.007781156636062936 
17.20001 -1.9341675633900435 0.023899749599474274 
17.70001 -0.719805561076923 0.02470015255183794 
17.60001 -0.8883158159890321 0.00789913216731486 
16.90001 -3.9203119942836753 0.04272698495143423 
17.80001 -0.6494456919025549 0.0009968666836872586 
17.40001 -1.2612885710438055 0.003069663334069772 
18.10001 -0.49542898794303336 0.010301832900233537 
18.00001 -0.5335380455448175 0.03081197503684846 
17.90001 -0.5765882920054869 0.030577968000548905 
18.20001 -0.4128012133537616 0.0009759242392848866 
18.40001 -0.33272184465226645 0.023696175675657016 
18.30001 -0.38180882442728026 0.011979403566638874 
18.80001 -0.18988992793845322 0.0030774330077766175 
18.90001 -0.21639740208904168 0.00657631263327231 
18.60001 -0.23458575953934807 0.01051822128036907 
18.50001 -0.2829820284453636 0.006073686189701555 
19.00001 -0.1568866337245479 0.010769784568929797 
18.70001 -0.21477226532516244 0.01863580385207847 
19.30001 -0.14347114506750175 0.003870268524389542 
19.40001 -0.11655657273666803 0.016836879752989108 
19.10001 -0.1544442214141843 0.024259402768044697 
19.50001 -0.1085887199058059 0.025071866608546906 
19.60001 -0.10388360533166544 0.001387183785836417 
19.90001 -0.09065959774151014 0.0005986870770916877 
19.20001 -0.13718969362576836 0.0061886601808776864 
19.70001 -0.08670483210530072 0.02545536645472398 
19.80001 -0.1100316568859053 0.008655007445136378 
20.10001 -0.06293875941963514 0.008355158169575591 
20.00001 -0.08220197382369365 0.00348265612379392 
20.50001 -0.06415601617819966 0.008014089414474141 
20.30001 -0.08004279371979259 0.0021129758879951596 
20.20001 -0.07511355062839212 0.009511169813006114 
20.60001 -0.05487112654895873 0.0012444337851485118 
20.40001 -0.07015944422684466 0.00848210938906857 
20.80001 -0.03755079298036952 0.011382847874101322 
20.90001 -0.040292948620447244 0.01732581627789542 
21.00001 -0.04325878388797675 0.0015003485771140149 
20.70001 -0.05316124725439833 0.000837433790580603 
21.20001 -0.03921622703249861 0.006778852996642604 
21.60001 -0.028687810898314833 0.008037243234928493 
21.50001 -0.039553408584035 0.008083048109089486 
21.40001 -0.02912089773344789 0.006913383463832117 
21.70001 -0.03267006097492556 0.00228007350264541 
21.30001 -0.035036066395504696 0.006175688380680293 
21.90001 -0.03542848455921686 0.0031748069692628597 
21.10001 -0.04058067593400879 0.008839367704607227 
22.10001 -0.020339343446474385 0.008612058046495062 
22.20001 -0.02734251315974858 0.005022185484206456 
22.30001 -0.021483709320135023 0.00014698377768334464 
21.80001 -0.024333424961555154 0.0018737276156568523 
22.00001 -0.01868600242359064 0.0014470858052106489 
22.60001 -0.010824206125658403 0.0019513202336481454 
22.40001 -0.022675477110259773 0.0054640961467500426 
22.70001 -0.02273981198197917 0.0037423566117217085 
22.50001 -0.0141167026375075 0.001774856947326927 
22.90001 -0.01540209769018656 0.000619777615823127 
22.80001 -0.019899634487915374 0.0008847073377323492 
23.50001 -0.01252312080796287 0.006904570893487711 
23.30001 -0.022963844414067375 0.0024621533837048074 
23.00001 -0.015032714572707542 0.007147211347071044 
23.10001 -0.013247931757753765 0.006144531486031163 
23.40001 -0.0069660549071408236 0.0021404695192616904 
23.60001 -0.010274331242333085 0.0009787835246539804 
23.80001 -0.01290712663906664 1.3745418985166777e-05 
24.00001 -0.011159428874866961 0.009304597699599989 
24.10001 -0.011681262067641156 0.0035973830566309907 
23.20001 -0.017524363594863854 0.005791438180067965 
24.30001 -0.005894004158635784 0.004832021134852714 
24.20001 -0.004646807138176112 0.0007042299420507215 
23.90001 -0.00935794106740807 0.0037793561443977795 
23.70001 -0.013965295424000362 0.004735683317685785 
24.40001 -0.018247730222936034 0.00341782521271926 
24.70001 -0.006117324423814093 0.007202056643778837 
24.60001 -0.003148499896388849 0.0031616057968786395 
25.10001 -0.012384008807052038 0.0026307956264293893 
24.90001 -0.01169840011425678 0.002334652698490699 
24.50001 -0.007361865095164561 0.002777834852419674 
25.20001 -0.005431601615138642 0.006235096956698203 
25.00001 -0.0023764424691087626 0.0014963712325238123 
25.40001 -0.006133628253107405 0.0035222392420091405 
24.80001 -0.007884744305789344 0.004458544616201464 
25.60001 -0.0028850401018678576 0.001940902111028281 
25.30001 -0.009111791380233828 0.003197432948459893 
25.90001 -0.00987011407826574 0.001570070938189878 
25.70001 -0.008354207308924527 0.00019553022039324117 
25.80001 -0.0034677049618720922 0.0016009104246607294 
26.00001 -0.005443578472744231 0.004864780403130198 
25.50001 -0.005989665609988032 0.0035106869628545104 
26.20001 -0.009374849567601188 0.0036452834047068505 
26.10001 -0.008756456807589179 0.0036423794010275964 
26.30001 -0.006142353599055068 0.00152826107502879 
26.50001 -0.007964567046819793 0.002999984872691648 
26.70001 -0.006778830085147882 0.001486230158931865 
26.40001 -0.0036312304372698246 0.007151800606535328 
26.60001 -0.009449725910269255 0.00014559159539481378 
26.90001 -3.089759331334138e-05 0.0020111642879801 
26.80001 -0.004641936891716619 0.00020585663956788208 
27.00001 -0.002096602090602789 0.002342201664001207 
27.10001 -0.007104186600332262 0.00167907733525914 
27.70001 -0.005432834798508564 0.003993131480742885 
27.50001 -0.0020314767119883376 0.0014659208858341394 
27.30001 -0.0018625955772695506 0.0016001514094750213 
27.90001 -0.0012127805841470485 0.0020777410646368997 
27.80001 -0.0011875011616605188 0.00245978389568877 
27.20001 -0.004753721738712448 0.0006529858383831537 
27.40001 -0.005255740602921423 0.001767737255255965 
27.60001 -0.002483103538460204 0.003140397514000105 
28.10001 -0.0031010162980805015 0.00034339742412413214 
28.00001 -0.0016829857255073572 0.0021438167135924956 
28.70001 0.000805717095409263 0.003923592101905746 
28.60001 -0.0027993273856568796 0.000499720685777855 
28.40001 -0.0010357183499345361 0.0010849915951353167 
28.80001 -0.0021254393666260184 0.000348238300921312 
28.50001 -0.0034705450559472774 0.0024269492213841335 
28.20001 -0.001344371379223482 0.0010685682790316823 
28.30001 -0.003047932456720708 0.0002646867841444242 
28.90001 -0.0029237418169492813 0.0005036515094398481 
29.10001 0.0012289725784555736 0.001104617529811389 
29.20001 -0.0017299651858450043 0.00013026951594851505 
29.00001 -0.0027050550547893307 0.0038373113039725975 
29.80001 -0.0037949298925577016 8.521414521596308e-05 
29.30001 -0.0022389619112352754 0.00014209344377224273 
29.60001 -0.0015503483511456 0.003022574847077994 
29.40001 -0.004565482448105977 0.00021999750816771276 
29.70001 0.0011364589955163867 0.0019947880745228696 
29.90001 -0.0032129575285121835 0.002450903615054705 
29.50001 -0.0013588107620359532 0.001238337692940336 
30.00001 -0.002231178396630381 0.002082723298700445 
30.10001 -0.00034137135747472287 0.0008733525390188371 
30.20001 0.0011154785010058033 0.0021484044222489936 
30.50001 -0.00010498242842048961 0.002110393293580301 
30.30001 -0.00015649736779140043 0.003164694578986348 
30.60001 -0.0027436905649121084 0.002069163298995041 
30.40001 -0.0024216454771421748 0.003074514462086466 
30.70001 -0.0015425916174699682 0.000906272101677129 
30.90001 -0.0009960103234582518 0.002009433391223085 
31.10001 -0.00028818437179680415 0.0005916713238501908 
30.80001 -0.003467600144278005 0.00018994751321633183 
31.30001 -0.0016422085360913547 0.001689530612724883 
31.70001 -0.001567996960945629 0.0007373215298258295 
31.40001 0.0014278906781959716 0.000511506421021182 
31.00001 -0.0011579097031004528 0.001265416154524246 
31.20001 0.0017841601328616886 0.0023495394974350926 
31.60001 -0.00016622477770084423 0.00092902572291105 
31.50001 -0.0005896798711404802 0.002324887137541355 
31.90001 7.758548369390407e-05 0.0009990000591313976 
32.10001 -0.0031222800336459956 5.568112624128492e-05 
32.40001 0.0008349920692844707 0.0015910243369346199 
32.30001 -8.54304722626733e-05 0.0009071662658987844 
31.80001 -0.0006467279418770639 0.00022945713528783345 
32.00001 0.0008358996274791452 0.0009738829449939259 
32.20001 0.00036891015626722146 0.002862862007623139 
32.80001 -0.006609238535165815 0.001361983888816718 
32.60001 -0.0006484707256816803 0.003010681038249397 
32.70001 -0.00025721270897353216 0.0026406348586677586 
32.90001 -0.0009693535709106903 0.00015487857417861508 
32.50001 -0.0003713577931250042 0.00025204138774390555 
33.20001 -0.0021868991940703335 0.0004950711180773287 
33.10001 -0.002244404589733231 0.0009089809713821932 
33.00001 0.0009804066711923923 0.0002740130464990505 
33.30001 0.0002604195024525651 0.00026833302742121877 
33.60001 -0.0030371849471984894 0.00332706158525324 
33.40001 -0.001438394756350876 0.0019415059455813693 
33.50001 -0.00045129932765159244 0.00011996370500179509 
33.70001 -0.0001373167156693086 1.3152951150202313e-05 
34.10001 -0.0029332866913477362 0.0005607046595308635 
34.20001 -0.0022641246823547337 0.0014191001994562102 
34.30001 -0.0020527156932120686 0.0019386720323882637 
33.80001 -0.002579882264477416 0.0020287869523518106 
34.40001 0.0005327623753829646 0.0024472309862758725 
34.00001 0.0027516092184736106 0.0005064972164082015 
34.60001 -2.2740807436888407e-05 1.7406147606627156e-05 
33.90001 -0.002704888557260873 0.0011921169425871247 
34.50001 -0.0007291247445765512 0.001675027586394021 
35.00001 -0.0006243891915498523 0.0012446231656930333 
34.80001 -0.0007473442118078339 0.00019159033225990318 
34.70001 -0.0009114875547554362 0.0008133741950510291 
35.10001 -0.0018971598296630395 3.6572231730888074e-05 
35.20001 -0.003360686658651263 0.0024343736787092907 
34.90001 -0.0030766197566350264 0.0022779133112330145 
35.30001 -0.0006274370947202025 0.0005771352026487204 
35.40001 -0.0011282530695364557 0.00013324400434677633 
35.50001 -0.0013834485288380057 0.0004408214540346545 
35.60001 0.0004064126221012212 0.0005339394189092242 
35.80001 0.0010243392365774928 0.0012600255159218817 
36.00001 0.0012612892482633151 0.0014048530434017997 
35.70001 0.0019515947019209873 0.000268218530679656 
36.30001 0.0011150771421499436 0.0005405195513352938 
35.90001 -0.00036271044944680034 0.0032027705910485744 
36.20001 -0.002619604170575698 0.0010639336894848347 
36.60001 0.0020926751125390627 0.0015563485950073467 
36.70001 -0.004373272275914034 0.0016485600171047344 
36.10001 -0.00040831273219862647 0.002104387146066479 
36.90001 8.339177565906436e-05 0.000740403330597758 
36.40001 -0.0013647003614267105 0.001291113784794747 
36.50001 0.0003659944920444585 0.001018090919928414 
37.00001 0.0006011862370569995 0.0015828789228235344 
36.80001 -0.0019420840682659924 0.0005964065262470383 
37.10001 -0.0007764331822784022 0.0018582968614915321 
37.20001 -0.0005440760956357411 0.0011824342768216077 
37.30001 0.0005149714283223098 0.0009300279898641612 
37.60001 -0.0012341212019330856 0.0017195511883495436 
37.40001 0.0011429206897060386 0.0016020684754748458 
37.50001 0.002000828519646996 0.003567822078061542 
37.70001 -0.0002725470718971262 0.0024758693623415148 
37.90001 0.0017645667790435805 0.0005415223857651181 
38.30001 -0.001209986970948625 0.0011924600243206497 
38.00001 -0.0012115719279123154 0.0002823839715983466 
38.20001 -0.0018593606355852997 0.002168229711298982 
37.80001 -0.0030280970927087083 0.001475204930101849 
38.10001 0.0012712019275165469 0.0005368959540204797 
38.40001 -0.0003194949751667021 0.0012003447181588448 
38.50001 -0.0003353890666671849 0.0009313407322019953 
39.00001 -0.0006959932148631951 0.00108678280615486 
38.80001 0.00010074183218434802 0.0026004970859307866 
38.60001 -4.410757223228645e-05 0.0017117396701357983 
38.90001 -0.00024174076045837701 0.0001270619584882226 
38.70001 5.514524750156963e-05 0.001803194726171446 
39.10001 -0.00011064141413523109 0.0001889240527525986 
39.50001 -0.0006146955599331189 0.000661842203043778 
39.40001 0.0007095018847683926 0.001453566989342341 
39.20001 2.38070943099655e-05 0.00046411191052839315 
39.70001 0.00036977352712772726 0.00040478183535982954 
39.30001 0.000782472708768451 7.189023208874684e-05 
39.60001 0.001553376401480675 0.0027982400222016954 
39.80001 -0.00033804673121774645 0.0007680886581211091 
39.90001 -0.001537981461117092 0.0012273227928327503 
