0.10001 5.128278064189432e-05 0.0003640121103907982 
0.40001 -0.0008784836030198646 0.00022591728989777447 
0.50001 -0.0005625114284832372 0.0006716691822042574 
1e-05 0.0004184789794800333 0.00021548921768490216 
0.30001 -0.0007597996575116284 0.0002038937067314569 
0.20001 -0.00012157956109272995 0.00044524467544124213 
0.60001 -0.0018291781495454722 0.000659747821039917 
0.90001 -0.003999632906240372 0.00025652441575776627 
1.00001 -0.005309522044698982 0.0007428754808324611 
0.80001 -0.0044699418162318805 4.307329641996911e-05 
0.70001 -0.0017125489890157737 0.0002556213238712998 
1.10001 -0.006680063200030408 0.0010025073883422877 
1.30001 -0.008875566235896814 0.00013674156706862048 
1.20001 -0.007548929455046042 1.129464089062596e-05 
1.50001 -0.012240928908689951 0.000810579031779295 
1.40001 -0.011766882072742589 0.0014293525249548357 
1.60001 -0.014117415769973007 0.0010138892147803528 
1.70001 -0.017569152524390157 0.00015513783277027252 
1.80001 -0.021193725872767553 0.001301197987634499 
2.00001 -0.026746936585778272 0.0010749758580977445 
1.90001 -0.02331965295668191 0.002247537889427345 
2.20001 -0.031542966227162926 0.0012343296781450325 
2.10001 -0.03134225094564462 0.0014976760495142415 
2.60001 -0.050381337865530854 0.0008644124919025102 
2.70001 -0.05711321186050866 0.0013266376495142777 
2.40001 -0.04152571853461015 0.00021755598267866536 
2.80001 -0.06453077273801053 0.0034116951482532944 
2.90001 -0.0735604867707886 0.002238967514429535 
2.50001 -0.04649589779264042 0.00045157927931886027 
3.00001 -0.08125186659060447 0.0030402917374989097 
2.30001 -0.03907877473157879 0.00021962242771850216 
3.20001 -0.10283529904395075 0.0025873864950313116 
3.10001 -0.08990896165186438 0.0007300212685525317 
3.30001 -0.11006053351016176 0.004122449165252874 
3.60001 -0.1648737133611338 0.008701714978758934 
3.40001 -0.13134730631690078 0.0003157893809834361 
3.70001 -0.18417250304632582 0.00128448167433233 
3.50001 -0.14198956866545936 0.0025930485001652154 
3.80001 -0.20195915993379987 0.0034797063385583887 
3.90001 -0.23157707439365988 0.004228384443392269 
4.00001 -0.25894525696288706 0.00784906046124359 
4.10001 -0.3014406001496045 0.002678227511994369 
4.60001 -0.5969209115094932 0.02007727423270489 
4.40001 -0.4496148754934343 0.013085124581470653 
4.90001 -0.9887269290462686 0.013383598682303377 
4.30001 -0.3872164142271921 0.0015797168965118735 
5.00001 -1.1875594068223105 0.01717155953841365 
4.50001 -0.5334199678692904 0.0009684325504638602 
5.10001 -1.4443129785799549 0.009732565296761697 
4.70001 -0.7077721542855075 0.005068105568622305 
4.20001 -0.35043688098765535 0.003435196610569319 
5.20001 -1.7287034716696803 0.007651687762619597 
5.30001 -2.2019526918654115 0.0001286157509625685 
4.80001 -0.8319428379911723 0.0028110957494311695 
5.40001 -2.753337504131778 0.003031979680966579 
5.50001 -3.5469531103332743 0.02137883550956854 
5.70001 -6.098314681334301 0.030565362269979968 
6.10001 -17.921272278984855 0.0815443442229693 
5.90001 -11.255523118685426 0.009485864354832785 
5.60001 -4.584865894153007 0.007097139066296165 
6.20001 -19.135404252372624 0.08570848576549928 
6.40001 -14.66742646615919 0.05342477786951427 
6.50001 -11.500451602139275 0.006831663563805712 
5.80001 -8.2975907409709 0.007513933421169128 
6.70001 -7.095684403049556 0.023019236320192427 
6.00001 -14.744311809892642 0.02268996051879668 
6.60001 -8.98291081202942 0.0018032064945634474 
6.80001 -5.696117975336746 0.017269770386795447 
6.30001 -17.59275250269877 0.00456379791819117 
6.90001 -4.608634560531573 0.012209027991275434 
7.10001 -3.227875726020767 0.008714373827089839 
7.30001 -2.398864883109824 0.018995588160260812 
7.40001 -2.1344659257582865 0.04005387551259054 
7.00001 -3.808574282807674 0.00237965760483716 
7.50001 -1.8792827097092182 0.0055595494162503645 
7.20001 -2.7893019444145293 0.02655212669254592 
7.70001 -1.5214633619587312 0.024777929293038237 
7.60001 -1.7068216155621543 0.009461670848472048 
7.80001 -1.4171453128547662 0.02035946196432692 
8.10001 -1.0947523668466492 0.0003944470674797085 
7.90001 -1.2829031641540118 0.004275792087649499 
8.00001 -1.1970970268251881 0.004008584371196333 
8.30001 -0.9470675861792885 0.004153770487919817 
8.40001 -0.8936277775921386 0.0011019835641440934 
8.50001 -0.8403628598059821 0.002663253767931195 
8.60001 -0.7882868243803773 0.00273633295379333 
8.70001 -0.7707219873510317 0.012547957009664934 
9.00001 -0.6714678864351005 0.0006242404871103502 
8.80001 -0.7365353418826677 0.01845256109853427 
8.20001 -1.0156537415099987 0.013223221436626464 
9.20001 -0.6108657418852934 0.005102328160059455 
9.30001 -0.6020797125675486 0.013743290801955854 
9.10001 -0.6456742043298218 0.0003508983457374826 
8.90001 -0.6998740904371159 0.0043438085014192995 
9.40001 -0.5891902490573169 0.005539478485609428 
9.60001 -0.5400062866351318 0.0004746935509070682 
9.50001 -0.5613290362438227 0.013961854205761126 
9.70001 -0.5262029433065405 0.012390015912333852 
9.80001 -0.5123395535304421 0.0007744527277296909 
10.10001 -0.4886390640505447 2.2923186959455943e-06 
9.90001 -0.5011419706467299 0.006122190303629843 
10.20001 -0.48414444545055163 0.00047316683839576656 
10.00001 -0.49923940483626406 0.006060863531163668 
10.50001 -0.4621975789489702 0.0008023907583362411 
10.40001 -0.4523633632868198 0.0023461349435743295 
10.60001 -0.4522142649726424 0.012769758446783797 
10.70001 -0.4441858420366439 0.0039002038968687924 
10.90001 -0.45355938707752397 0.007993875736657191 
11.10001 -0.43948502783817256 0.0017991176615868854 
11.30001 -0.4427617380901254 0.003944451186320974 
10.80001 -0.45413165221185986 0.0021429861720136945 
11.20001 -0.43015004532305295 0.0030243914553453877 
11.00001 -0.4364909526838346 0.0020516719207085976 
10.30001 -0.4656884786071843 0.011284915268702872 
11.40001 -0.44133964301105966 0.002431228752376141 
11.60001 -0.4462251915938531 0.0015241212968559181 
11.50001 -0.44958392873387 0.012843682983277344 
11.70001 -0.44933700929870424 0.012404440902048841 
11.80001 -0.4506213340664459 0.0008225761139192544 
12.30001 -0.4899159307110468 0.009692479798782239 
12.10001 -0.4578750318127836 0.007218074782524064 
12.20001 -0.4799036245853816 0.008506017471192867 
11.90001 -0.4682464929353938 0.007682624141986921 
12.00001 -0.45632555658689045 0.006053173774812126 
12.50001 -0.5059456756933784 0.00014808348090405987 
12.40001 -0.5012125624479886 0.009218001938423204 
12.80001 -0.5385831472660921 0.006308316704738304 
13.10001 -0.5725514398222482 0.005346940268807776 
12.90001 -0.5524508043826861 0.002233923379556746 
13.00001 -0.5677770660388719 0.0023836818484775923 
12.60001 -0.5073032416897414 0.00946556284641234 
13.20001 -0.613065294733903 0.005666132833237081 
13.30001 -0.6415805133960015 0.0025665492802558476 
12.70001 -0.5341525844944587 0.013921030783363375 
13.50001 -0.6885623232103468 0.0010483124311231884 
13.40001 -0.6650995109996254 0.004848156848841156 
13.80001 -0.8034813747812323 0.003515577420108884 
13.60001 -0.7155191615344719 0.0016286514008190256 
14.00001 -0.9271634730024467 0.0075319239409050165 
14.10001 -0.9566933355764575 0.013347857890932402 
13.70001 -0.7677265035824536 0.0048224454679395845 
14.20001 -1.0534136560536038 0.0064967502968714674 
14.30001 -1.123961386048786 0.0065693718932524625 
13.90001 -0.8592642171108509 0.016084442793362352 
14.50001 -1.345155677323974 0.0037806753016667027 
14.60001 -1.4691796355352582 0.015035183551057485 
14.40001 -1.2210342919255879 0.00776655561986872 
14.80001 -1.840596231029028 0.015238842388863971 
14.90001 -2.065589406593152 0.004543223137237096 
15.00001 -2.3598881648444845 0.019913917230800493 
15.30001 -3.9301069282283683 0.005957215984562225 
15.20001 -3.2670402852063427 0.009790453751244321 
15.50001 -6.183104690777818 0.026777320380262815 
15.10001 -2.7571515230705206 0.018240508877537698 
14.70001 -1.6092074719754046 0.007945551323639721 
15.60001 -8.20591433770954 0.018531303604433447 
15.80001 -17.07852120212628 0.02064955126107293 
15.40001 -4.832229089547713 0.007739767198659653 
15.70001 -11.38466038896856 0.0396460436065631 
15.90001 -28.15211706016853 0.009543637267830363 
16.00001 -52.38812029146197 0.08113074303901868 
16.10001 -103.26830659140482 0.0779558060276031 
16.20001 -126.19052811082739 0.008176229222179643 
16.30001 -70.02536000410615 0.08780403861640451 
16.40001 -34.06663611612142 0.019366242044355886 
16.50001 -18.710301851889255 0.04880170727642863 
16.60001 -11.358775266227596 0.004910040920086622 
17.00001 -2.9726720588734774 0.010259194902735302 
16.80001 -5.2969391399654455 0.013958516091542528 
16.70001 -7.6073023532379995 0.03827278938980472 
17.30001 -1.5206984244533972 0.017532248879625456 
17.10001 -2.3289833683544656 0.007426282522167149 
17.50001 -1.0787509367532566 0.014434547945779586 
17.20001 -1.866174624073758 0.007074484925293167 
17.70001 -0.7493224729801158 0.003424680366350852 
17.60001 -0.8966173952533654 0.017917703450716138 
16.90001 -3.9084229845789693 0.016418489821680815 
17.80001 -0.6669027488721798 0.011495850715257938 
17.40001 -1.2483457732254315 0.009747743073944548 
18.10001 -0.4495674570103121 0.013377695008939983 
18.00001 -0.5130656086677763 0.0046833996035755 
17.90001 -0.5856523338065178 0.011714639145042838 
18.20001 -0.4060272808369795 0.0033355698535507405 
18.40001 -0.3072244110784645 0.0006857488983118554 
18.30001 -0.36236685962789805 0.009458735730452777 
18.80001 -0.20742500593653782 0.00332748621045012 
18.90001 -0.19489347515619304 0.000503360172037115 
18.60001 -0.2561856699148995 0.006775266817775696 
18.50001 -0.28339600879448096 0.005623363630202882 
19.00001 -0.17911401254080028 0.002056012608645366 
18.70001 -0.23524271086454257 0.0023185991546300494 
19.30001 -0.12974586580508365 0.004146793654794895 
19.40001 -0.12551546508862138 0.0025119031785790016 
19.10001 -0.16039833511451487 0.006508718493842297 
19.50001 -0.11419715617227261 0.003158771551116414 
19.60001 -0.10576212500275187 0.0023721336854454836 
19.90001 -0.08811477462128589 0.006039686254606928 
19.20001 -0.14337906442932397 0.0024305013782928014 
19.70001 -0.09917756637745995 0.004955474659223906 
19.80001 -0.08770020783891566 0.00031167319565312407 
20.10001 -0.07624885195083445 0.001427718431327142 
20.00001 -0.08163695345895833 0.0014363622584799354 
20.50001 -0.059538371452830995 0.00021280634040769103 
20.30001 -0.06771847530301078 0.0019862890607027853 
20.20001 -0.06686200041757831 0.001107547476794167 
20.60001 -0.0535602523327186 0.0004695168416934334 
20.40001 -0.06336207196346924 0.0017876790130799854 
20.80001 -0.05094545476505626 0.0004966265633497904 
20.90001 -0.04804438298423421 0.002039744752113805 
21.00001 -0.04101680962935102 0.00129501519187172 
20.70001 -0.049203095606949264 0.0016947297170758283 
21.20001 -0.03785733188889878 0.002955026971444532 
21.60001 -0.032641198094828267 0.006041152605273459 
21.50001 -0.029049726603477183 0.0004201220684986115 
21.40001 -0.03356077670461367 0.004916277752309203 
21.70001 -0.02923164139957277 0.00132777433988078 
21.30001 -0.03673804671920682 0.00031113311919647724 
21.90001 -0.026984601314714928 0.0015132062146244983 
21.10001 -0.03836568376897426 0.00017736248891970022 
22.10001 -0.0190204612171814 0.00040225445327617126 
22.20001 -0.022973832994032342 0.00012129690671748919 
22.30001 -0.020531445942623447 4.973622501091256e-05 
21.80001 -0.026538796537315903 0.0016937143787199623 
22.00001 -0.026453967588110798 0.0033205740392721617 
22.60001 -0.017179245155186637 0.0006610239084129301 
22.40001 -0.017843411955377603 0.0012717352955035378 
22.70001 -0.01812053761963414 0.0002057172384525071 
22.50001 -0.018360956237248708 0.000656967080004206 
22.90001 -0.016302645865283946 0.0003494875669155118 
22.80001 -0.01738433340230562 0.001008784822300957 
23.50001 -0.013553460052844989 0.0002914552619502934 
23.30001 -0.013073187578446964 0.00025096439327155443 
23.00001 -0.016093562590277957 0.0003451082560440525 
23.10001 -0.01494331054628284 0.0005195993477180817 
23.40001 -0.013775681759760348 0.00025638500402674555 
23.60001 -0.011060797237041165 5.8220424606772805e-06 
23.80001 -0.007395544837573547 0.0007775949777787842 
24.00001 -0.010996767148718382 0.0007751293200069639 
24.10001 -0.009997249122374735 0.0013027954664309397 
23.20001 -0.014438634595071706 0.0018953958766613427 
24.30001 -0.010758629065092352 9.783924443687933e-05 
24.20001 -0.010056214290892655 0.0011497749779673782 
23.90001 -0.009982506605652409 0.0018284594345232283 
23.70001 -0.010884049353621082 0.0008975558436035494 
24.40001 -0.009113287755570246 0.0004233824897034418 
24.70001 -0.007521557444600563 0.0016102888485021293 
24.60001 -0.007804539439181454 0.0005784094268884887 
25.10001 -0.006989799342381158 0.00018796325087260023 
24.90001 -0.007448923749700068 0.001539651427759847 
24.50001 -0.0077925424809840126 0.0006637141359179953 
25.20001 -0.00637855127337052 0.0009413338004589755 
25.00001 -0.006843917657591344 6.944288070198082e-05 
25.40001 -0.004477806049915501 0.0018968700911904887 
24.80001 -0.006985382802292175 0.0006557964907492947 
25.60001 -0.005656349939967258 0.00019466154765684224 
25.30001 -0.0066209024206562925 0.0006729498420713713 
25.90001 -0.004942787322073141 0.0008026649554065393 
25.70001 -0.005393869172580739 0.0008925995823485145 
25.80001 -0.0038002995380483455 0.00047641088146357317 
26.00001 -0.004456412134148515 0.0007646430110771567 
25.50001 -0.005800237375426012 0.00027190667988465 
26.20001 -0.005337361878993738 0.00040602271010235216 
26.10001 -0.0050605182912144215 5.079127090878467e-05 
26.30001 -0.005596879927586911 0.00040059265648233764 
26.50001 -0.0047567460811890165 0.0008432491892546058 
26.70001 -0.0035420930110522395 0.00020627222044413232 
26.40001 -0.005225562007378896 0.0009609893435891768 
26.60001 -0.003489378283480584 0.0003083408080531301 
26.90001 -0.003969808781717467 0.0006062070976322587 
26.80001 -0.00365808804863205 3.162729968891019e-06 
27.00001 -0.004364398338060992 0.00039587631170634463 
27.10001 -0.00342235696907813 0.000910507223017459 
27.70001 -0.0036333056616602226 0.0003189721102057155 
27.50001 -0.002589488094513495 0.0007356800453680399 
27.30001 -0.0031950280723655007 9.923372553977453e-05 
27.90001 -0.002749394498652573 0.00038360926358556313 
27.80001 -0.002554932004540666 0.001089492772509889 
27.20001 -0.002700370051078039 0.00030865964835899385 
27.40001 -0.003770898713263523 0.00037995556540205196 
27.60001 -0.0029379313057202525 0.0010155989220453875 
28.10001 -0.003249748820731648 0.00020122336924426466 
28.00001 -0.0018970548763070126 0.0006762554628453959 
28.70001 -0.002042415394239872 0.0005262134498233244 
28.60001 -0.0028209537884594507 4.6469060830585515e-05 
28.40001 -0.00334573314252206 0.0011641921232190752 
28.80001 -0.0016233505539781116 0.0004478457185070978 
28.50001 -0.002052842910064583 0.0009202336323778641 
28.20001 -0.002499699848767148 0.000340951023752177 
28.30001 -0.0030072502282712365 0.0007753516092406821 
28.90001 -0.0019414468091694297 0.0003647944628327595 
29.10001 -0.0023033422369744968 0.00017115020245331292 
29.20001 -0.0017465751721022745 0.0006160457115030154 
29.00001 -0.002248050267288409 0.00019817759540707186 
29.80001 -0.001837787563385276 0.0002971591640839391 
29.30001 -0.002044802090815035 0.000602863077129821 
29.60001 -0.0018854079729425564 2.4564768026157673e-05 
29.40001 -0.0016948919907983691 5.7719361668556344e-06 
29.70001 -0.0015060812145029556 0.00013487524755445254 
29.90001 -0.0021709537255141503 0.00042110529866048 
29.50001 -0.001798548583979694 0.00021086879747450377 
30.00001 -0.001065430785045001 0.00022902807135805205 
30.10001 -0.0012507184150091916 0.00024310541120271605 
30.20001 -0.0021223210979528857 0.00023836647580622857 
30.50001 -0.000543476504223024 4.450870667333065e-05 
30.30001 -0.001420375921201807 0.000500909569590287 
30.60001 -0.0013759255792926309 0.0007263762201174679 
30.40001 -0.0011568127407897053 0.00015892283832787287 
30.70001 -0.0010452357534421397 0.0002154014924415753 
30.90001 -0.0015566595766518699 0.0002052512806441191 
31.10001 -0.001835852351313574 0.00014696853867566726 
30.80001 -0.0004836895401916775 0.0002543373226707053 
31.30001 -0.0010940028601459939 0.00033220985629607715 
31.70001 -0.0012138225984446836 0.0001848562772799895 
31.40001 -0.0012208865625900494 0.0005732380656980366 
31.00001 -0.0013993379255615467 0.00034013427985489996 
31.20001 -0.0007911941196323369 0.00025012155252542327 
31.60001 -0.0009475150527359618 0.0001129088672766124 
31.50001 -0.0006471862082625972 0.000326429222787335 
31.90001 -0.0010731527529405861 7.58298650594876e-05 
32.10001 -0.0006584873832990573 0.000133656317495283 
32.40001 -0.0013278389457348978 0.00023601229908753562 
32.30001 -0.001191611542473396 0.00019664860475858967 
31.80001 -0.0004979778085578555 0.0001386927617558573 
32.00001 -0.000540656929660008 6.841913085858047e-05 
32.20001 -0.0010801288860407452 0.000305793833614718 
32.80001 -0.0009005314621751961 5.3062522883125945e-05 
32.60001 -0.0003765400165363472 0.0003560898726433361 
32.70001 -0.0006389087019311313 0.00042903917132147896 
32.90001 -0.00042070529662584705 0.00012152713107502954 
32.50001 -0.0005878399743402071 0.00023500850761885142 
33.20001 -0.0013358451428929809 2.8907503582498943e-05 
33.10001 -0.0006824395942289166 0.0008157832751511986 
33.00001 -0.0006881600396288727 0.00022393735114505686 
33.30001 -0.000947805914294708 0.00014021024006160172 
33.60001 -0.0007438989749908149 0.00045442944289342404 
33.40001 -0.0007597968389308246 0.00016509644350390585 
33.50001 -0.001080021977099312 6.825952270644593e-05 
33.70001 -0.0005993357097773243 0.0002272789321920138 
34.10001 -0.0007495777815395672 0.00045408258914225405 
34.20001 -0.0006443497108779624 9.44606907699009e-06 
34.30001 -0.0006571827742373592 0.0005294325803925821 
33.80001 -0.0011741819321807495 7.011657788688348e-05 
34.40001 -0.0009327120356283462 7.726010831000674e-05 
34.00001 -0.0005650163378090331 0.0005782443323351328 
34.60001 -0.0010050491381412637 4.946456947805861e-05 
33.90001 -0.00041621769167270807 7.561750600956042e-05 
34.50001 -0.0003731166096284967 3.255067343306778e-05 
35.00001 -7.429645508399133e-05 0.00039307771779241316 
34.80001 -0.0007276787731848209 6.942491543674443e-05 
34.70001 -0.00048076874018638095 0.00014431001388353875 
35.10001 -0.0002330380709379472 0.00014472662667739284 
35.20001 -0.00029320102509166923 0.00017254098704677214 
34.90001 -0.00032709256723211866 0.00012351371308664985 
35.30001 -0.0005046179110311645 0.00043633219227565763 
35.40001 -0.000412568161029554 0.0004313202088168829 
35.50001 -0.0005659024959065452 0.0002508512486787514 
35.60001 -0.0005848736040509455 0.00016726998986391116 
35.80001 -0.00018298093716497883 0.00014142726579519235 
36.00001 -0.0006752688952502266 0.0003037958291313966 
35.70001 -2.2766046862944127e-05 0.00032115400827905944 
36.30001 -0.0003580146706688312 0.00028939395171710317 
35.90001 -0.0007940350173842589 7.115054690433602e-05 
36.20001 -0.0003633284999063453 0.00020017076147152288 
36.60001 -0.0006333447634816617 9.920499619004596e-05 
36.70001 -9.861613526134774e-05 0.0002211045515383801 
36.10001 -0.0005186682446695155 0.00026924027227999897 
36.90001 -0.0005591926316712514 0.00020972770933042547 
36.40001 -0.0002993625070287092 0.00035699029504994445 
36.50001 -0.000586550675045333 0.0002882274467824998 
37.00001 -0.0002632821900125769 0.00020584481968996917 
36.80001 -1.6995473813047474e-05 0.00010546392953615972 
37.10001 -0.00010960391960245289 9.268937024629496e-05 
37.20001 0.00011644317300722601 3.252782614121242e-05 
37.30001 -0.00015596008582579874 9.912347395767734e-06 
37.60001 -0.00023258522047037375 0.00013092217744199218 
37.40001 -0.00011402094954115355 3.43129310376643e-05 
37.50001 -0.00017208433555591647 0.0002194084376318331 
37.70001 -0.00040501813854263943 0.0001566373389902867 
37.90001 -0.0004200845438099995 0.00031472636435260704 
38.30001 -0.0005974649758475629 5.661786330960519e-05 
38.00001 0.00012712658352279798 0.0001078984640787384 
38.20001 -0.0006444994409930713 0.0006534257356154718 
37.80001 -0.0004717210729669241 8.348293372418246e-07 
38.10001 -0.00030883921542070416 4.560790190150018e-06 
38.40001 -0.00023162179238974008 5.3403653801274435e-05 
38.50001 -0.0003300110023862678 0.000675219666810662 
39.00001 0.00011242233128755571 0.00027063689335432746 
38.80001 -5.381114327073937e-05 4.0420351934383345e-05 
38.60001 -0.00038429631693660143 0.00013795139462500082 
38.90001 -0.0003167085777160376 0.00021274139557546368 
38.70001 -0.00017181080005871605 4.931974978659733e-05 
39.10001 -0.00015352006253721876 0.00023035728163681689 
39.50001 -0.0003903285134868382 0.0001558185812285192 
39.40001 -0.00021517333044062718 6.386869838456388e-05 
39.20001 -0.000296422545347961 0.00011912222025340174 
39.70001 -0.00031103608576115533 0.00021478162904341237 
39.30001 -0.00024328783642976352 2.5487899196670067e-06 
39.60001 -0.00015314052165194897 0.00023532564000249982 
39.80001 -7.827628528620867e-05 0.0001701315842071183 
39.90001 -9.056690084007413e-05 0.00011527418189840216 
