0.10001 -7.882331164955029e-06 2.374305852298659e-05 
1.00001 -9.037141809640142e-07 2.5090064004652295e-05 
1e-05 -2.87282596517167e-06 2.1225931856115652e-05 
1.40001 -1.574601069322543e-05 1.5013172166363451e-05 
1.20001 -1.1201460012211567e-05 3.145518865137796e-05 
1.30001 -2.520547808977746e-05 2.6335932717573777e-05 
1.10001 -2.3852332251308525e-05 3.790517998443857e-05 
1.80001 -1.8490403990122318e-05 1.7597177223875394e-05 
1.50001 -1.09562153108314e-05 2.5125090181721954e-05 
1.70001 -2.0188883484030146e-05 1.7925070053602034e-05 
2.10001 -1.5484423324291443e-05 2.6247310138436513e-05 
1.60001 -1.3018108519505959e-05 2.4321679568902507e-05 
0.30001 -9.392628717397459e-06 1.95871938221408e-05 
0.90001 -2.895458128725094e-05 1.8528194876092703e-05 
0.80001 -2.6471729949152007e-05 2.1503534622744706e-05 
0.20001 -7.426367521283236e-06 1.9838215051136213e-05 
1.90001 -3.620888027768804e-05 1.94363927688988e-05 
0.60001 -9.028679492927484e-06 1.9869740299711987e-05 
0.40001 -1.39071283118732e-05 3.055315593511832e-05 
0.70001 -1.3097181092998607e-05 2.178786391879658e-05 
2.00001 -2.6002763653934846e-05 2.1157734545807674e-05 
0.50001 -9.044838243094508e-06 2.549506958249764e-05 
2.30001 -1.177131515426283e-05 3.136881381873166e-05 
2.20001 -1.6137150770930356e-05 3.0979456958108576e-05 
2.40001 -1.9357091737960234e-05 1.5520540867874116e-05 
3.10001 -2.9948654130767505e-05 1.802049443267506e-05 
4.30001 -4.5823349943409365e-05 4.123275428454834e-05 
2.50001 -2.4512600340997114e-05 3.275713676972897e-05 
2.70001 -1.7990514043489485e-05 2.4812529184799908e-05 
4.40001 -5.595053928797059e-05 3.088943407603183e-05 
2.60001 -1.2239221041016177e-05 1.8691179897875033e-05 
2.80001 -1.6216918199094176e-05 1.7858561374110416e-05 
4.50001 -6.92231527414509e-05 3.582755311674369e-05 
2.90001 -2.3143507506764256e-05 1.933778928870369e-05 
3.00001 -2.554898683454359e-05 1.838551073153348e-05 
4.60001 -6.923221389663537e-05 4.110569765764251e-05 
3.20001 -2.467605886898829e-05 1.8510455428926302e-05 
4.70001 -0.00010973275074452903 3.967447350094779e-05 
3.40001 -2.0535694590023745e-05 3.69518097584021e-05 
3.70001 -3.348354523302286e-05 2.3385605463913178e-05 
4.00001 -2.1990981854992517e-05 3.210855270496976e-05 
3.50001 -3.7206294635766417e-05 2.917556398098778e-05 
4.20001 -3.6910673235570825e-05 3.401377417133696e-05 
4.10001 -5.5246281007500404e-05 3.077329376512363e-05 
3.90001 -3.698645499394518e-05 2.8543346444241517e-05 
3.60001 -2.0982477297498718e-05 2.8782756878365266e-05 
3.30001 -3.6891456611768445e-05 4.2363735679706384e-05 
3.80001 -2.5407666066925016e-05 3.3942795749948846e-05 
5.00001 -0.0001368739753472979 5.4874249737774673e-05 
5.60001 -0.000459144206759073 0.000120398362717933 
5.30001 -0.00022709905824314528 7.951863168247673e-05 
5.80001 -0.0008161966562546128 0.00015165239304544876 
4.80001 -8.603562766345406e-05 3.656523038507128e-05 
4.90001 -0.00011647362765603313 4.131362214450816e-05 
5.10001 -0.0001547594357519687 4.1367782334111493e-05 
5.20001 -0.00020004296128740202 6.051254714088906e-05 
5.40001 -0.000306215627624262 8.365620993394894e-05 
5.50001 -0.0004259048684646458 6.606990288301455e-05 
5.70001 -0.000605242656884122 7.466247106674708e-05 
7.00001 -0.0003957183779878255 8.207770984055268e-05 
7.20001 -0.0002872661017842919 4.415234071604059e-05 
6.90001 -0.0005179137456267354 0.00014478265151304668 
7.10001 -0.0003502741590773607 9.050403045392863e-05 
5.90001 -0.0010492186138807036 0.00015755018472105045 
6.20001 -0.001916320192683031 0.0001632724653695053 
6.10001 -0.0017949260236504198 0.00017136156053823147 
6.30001 -0.0018277798208908584 0.0002498067885881084 
6.00001 -0.001467310426162565 0.00014754555613967306 
6.60001 -0.0009564081315838382 9.217900853189642e-05 
6.50001 -0.0011520649792299234 0.00016459393750986964 
6.70001 -0.0007524131050712528 0.00012164078963890183 
6.40001 -0.001446394254387295 0.00014590868354502913 
6.80001 -0.0005921427792829784 0.00010338007145589941 
8.10001 -0.00010899752960971954 4.9937134206349253e-05 
8.00001 -0.00014109732648349553 5.716828508763755e-05 
7.30001 -0.0002352575892262894 6.428728829948254e-05 
7.40001 -0.00020971386341524307 5.502303379122515e-05 
8.20001 -0.00011123305261164221 4.887282519711286e-05 
7.50001 -0.0002074833736858164 5.950357229996242e-05 
8.30001 -0.00012891633174412395 4.880430076967156e-05 
7.60001 -0.00019565372257485166 5.640842941252641e-05 
7.70001 -0.00013283786473616184 6.228563124224727e-05 
7.80001 -0.0001691492847339538 4.505003775777836e-05 
7.90001 -0.000145239395491981 7.892256894509483e-05 
9.50001 -5.164996178649086e-05 2.3524157343904243e-05 
9.40001 -0.00010888043227577121 4.108820812877002e-05 
8.40001 -0.00012359918996506425 3.7692312842880166e-05 
9.80001 -6.411344490758513e-05 4.0256848809466435e-05 
8.50001 -7.217346035744071e-05 5.527944871456975e-05 
8.60001 -0.00010604792384971439 5.302469735193764e-05 
8.70001 -9.226270125147939e-05 3.985849269969125e-05 
8.90001 -8.94327748104296e-05 4.557313064712706e-05 
8.80001 -8.853259649959635e-05 4.2471306423391266e-05 
9.00001 -8.440079057846863e-05 6.41637190895073e-05 
9.10001 -7.811324049784487e-05 2.3755563971583324e-05 
9.20001 -7.299802109946107e-05 4.3046516733993086e-05 
9.30001 -8.049335701087003e-05 3.896790778305728e-05 
9.60001 -7.134811337797673e-05 3.602345259619337e-05 
10.40001 -5.647742283510342e-05 4.145364470023708e-05 
9.70001 -7.137592199035718e-05 3.133482366374987e-05 
9.90001 -5.539222690766649e-05 4.339064594875088e-05 
10.50001 -4.065718627073202e-05 3.631854756697672e-05 
10.00001 -5.945898079964596e-05 3.0724774994301805e-05 
10.10001 -6.814821190319867e-05 3.962833465121669e-05 
10.20001 -5.845223052788613e-05 3.7534297795540834e-05 
10.30001 -6.14707973135459e-05 2.0567689520689773e-05 
10.70001 -6.90320974074689e-05 3.161192248572543e-05 
11.90001 -5.970821141027007e-05 2.6754875637152717e-05 
12.20001 -5.7528832096268925e-05 5.3541539403246374e-05 
11.70001 -5.12687341787481e-05 4.297733955118558e-05 
10.60001 -5.08724491854147e-05 3.0957728738226104e-05 
10.80001 -7.077344167508768e-05 2.353829616544882e-05 
11.80001 -6.501604951283649e-05 3.931207873608197e-05 
10.90001 -4.437123079083393e-05 2.7818617774079715e-05 
11.20001 -4.781243248015201e-05 5.547793214334755e-05 
12.00001 -6.487815547799403e-05 3.075681642791371e-05 
12.10001 -5.7351716468638677e-05 4.025852529233121e-05 
11.00001 -4.4003736598006506e-05 5.231492905862041e-05 
11.40001 -6.522926385952433e-05 3.541193841247679e-05 
11.10001 -5.710416556578972e-05 2.9963325349742462e-05 
11.30001 -4.206395253966442e-05 3.709318341216883e-05 
11.50001 -4.270736756534871e-05 3.8119031438631983e-05 
12.80001 -7.676852101249536e-05 3.6953535203466984e-05 
11.60001 -4.6418339336236765e-05 3.536137289317462e-05 
12.90001 -6.391848614531006e-05 4.2061937719424004e-05 
12.70001 -4.6202014528434495e-05 3.911777047296734e-05 
13.00001 -3.729704304026353e-05 2.1824158673477243e-05 
12.30001 -6.95758120879486e-05 4.742744905914836e-05 
12.40001 -5.446699640616215e-05 5.237962290127139e-05 
12.50001 -6.133173442083795e-05 3.401973248071916e-05 
12.60001 -6.814439886428104e-05 2.797078212871073e-05 
14.30001 -0.00013027714714370733 3.833182690625258e-05 
14.50001 -0.00016397048317957574 5.544101097850901e-05 
13.30001 -9.199739898018923e-05 2.733409245949062e-05 
14.60001 -0.0002005105414403116 3.653520524070379e-05 
13.60001 -9.370769417333752e-05 4.695287880936632e-05 
14.70001 -0.0001876684169020835 3.724520964054915e-05 
13.10001 -6.981316372179941e-05 6.265902072210564e-05 
13.20001 -8.221946593449867e-05 4.632753916338734e-05 
13.70001 -9.377154459692472e-05 4.0023763659516936e-05 
13.50001 -6.649238080048372e-05 4.33960100064296e-05 
13.40001 -9.37564635432618e-05 3.455239652197732e-05 
13.90001 -9.306594086943643e-05 5.114711479594884e-05 
13.80001 -0.00011030982753980758 4.423353855443126e-05 
14.00001 -0.00010841129376270622 5.419516865310951e-05 
14.20001 -0.00011453669073721791 5.4138438654367355e-05 
15.20001 -0.0003310955249761183 7.33841800233434e-05 
14.10001 -0.00011978296856481189 3.5442899634280636e-05 
14.80001 -0.00022611979176331818 4.2068970835762846e-05 
14.40001 -0.00014054187675663303 4.2950069259758e-05 
14.90001 -0.0002235304578666758 6.814966866307887e-05 
15.00001 -0.0002850120805489277 6.677408973379595e-05 
15.10001 -0.00029203627785211666 7.937943360641037e-05 
15.30001 -0.00036783037642188697 0.00012056124018731162 
15.50001 -0.0006521266312666083 9.635354150755167e-05 
15.70001 -0.0011430877821299891 0.0001196705540614043 
15.40001 -0.0004778834977593586 0.00010690636050024078 
16.70001 -0.0007740829942942933 0.0001357428860556696 
15.60001 -0.0007911086538483804 0.00010480004051835702 
16.00001 -0.005310886232454782 0.000277143166147952 
17.40001 -0.00013416570853229195 5.9625650670006216e-05 
15.90001 -0.0029246808469161577 0.0001783328227248255 
15.80001 -0.0016937973756736956 0.00013195611326266554 
16.10001 -0.01024650832226639 0.00039997625397910784 
16.50001 -0.0019137614379834689 0.00014624815044781585 
17.50001 -0.00011193608285304541 3.830381847779599e-05 
16.20001 -0.01278207176616362 0.0005233317121284861 
16.30001 -0.0070425128944853616 0.0002220366732918896 
17.20001 -0.00023920823983649103 7.2851389692369e-05 
16.90001 -0.0003518891462585253 8.445903115370495e-05 
16.40001 -0.0034597199999512767 0.00021743594378389347 
17.80001 -6.589869099097335e-05 4.4930226094859115e-05 
16.80001 -0.00048578924686026306 0.00012092483194516305 
16.60001 -0.001023873522612887 9.820048061418514e-05 
17.10001 -0.00024856081039887826 4.459824998961854e-05 
17.60001 -0.00011375785836472227 4.087315677879037e-05 
17.00001 -0.00029767337626778053 6.33759889893293e-05 
17.30001 -0.0001558569198984547 5.0545720006984926e-05 
18.10001 -4.9254898879769676e-05 4.2827062857241e-05 
17.90001 -6.89302457084225e-05 4.7613503236150335e-05 
17.70001 -9.140665405701208e-05 3.448384813523299e-05 
18.60001 -3.959066340611382e-05 3.072155340887809e-05 
18.00001 -6.220090913990928e-05 3.021127756681334e-05 
19.20001 -3.761574023832451e-05 2.4747976038057443e-05 
18.30001 -4.585426486417726e-05 3.0792693712710586e-05 
18.20001 -6.090950553301706e-05 3.9819278597221904e-05 
19.50001 -7.055626142872081e-06 3.0072327340139223e-05 
18.50001 -3.0117325343176414e-05 2.7822764397915898e-05 
19.00001 -2.6065406202117527e-05 2.5053212476389445e-05 
18.90001 -2.8356490101795723e-05 2.8831721915739972e-05 
18.40001 -5.5807635885776214e-05 4.431155137393147e-05 
19.60001 -2.3095249816822988e-05 3.284488943674431e-05 
19.90001 -2.1226332024650818e-05 2.6042308414599085e-05 
18.70001 -3.864347226374395e-05 2.2482887631827915e-05 
18.80001 -4.2486865890386796e-05 2.1320008762079806e-05 
19.10001 -1.7360242654033267e-05 2.4412530310525178e-05 
19.30001 -2.6564656301162432e-05 2.281942310615348e-05 
19.40001 -4.206539506279723e-05 3.1174044317230444e-05 
20.40001 -1.0240246538878548e-05 2.6843498336375224e-05 
20.20001 -2.8259440566396012e-05 3.819383965138957e-05 
19.80001 -2.4928973997465556e-05 2.631240632422804e-05 
19.70001 -1.2899998687826081e-05 2.1832908173127853e-05 
20.00001 -3.3555235259608974e-05 3.578740521233267e-05 
20.10001 -8.780237015014413e-06 1.443203869833532e-05 
20.30001 -1.5106369335441083e-05 2.8900147347625947e-05 
21.20001 -1.6621023742858583e-05 2.475415526895575e-05 
21.30001 -1.6729626863242194e-05 2.5803451628949557e-05 
20.60001 -5.3749540801572064e-06 3.2249139531352925e-05 
21.10001 -2.589987369228893e-05 3.0096986048717525e-05 
20.70001 -2.2827068129568868e-05 2.7134031063056815e-05 
21.00001 -1.6893940224121422e-05 3.7148507037050255e-05 
21.90001 -2.3936211574377043e-05 2.405050197267415e-05 
20.50001 -1.820177196617613e-05 1.6752709971937006e-05 
20.80001 -5.408086000676222e-06 2.6642778742859823e-05 
20.90001 -1.8399524748713257e-05 2.0752186254703366e-05 
22.00001 -2.6059182235913076e-05 1.7418650230528026e-05 
21.70001 -1.7350920425429526e-05 1.2931591199764068e-05 
21.60001 -2.01529020998713e-05 1.937002569136056e-05 
22.60001 -1.0128878842632559e-05 2.60048650562342e-05 
21.50001 -1.70541684692868e-05 1.931638626856717e-05 
22.70001 -2.3620064981635244e-05 3.073151907117325e-05 
22.40001 -2.0541222988068313e-05 3.316017191966492e-05 
21.40001 -1.6963518220146845e-05 2.483296753935409e-05 
21.80001 -5.243675265471809e-06 1.8386028370971682e-05 
22.50001 -2.4023925916683274e-05 2.7357556765728752e-05 
22.30001 -2.876409721408368e-05 1.7240275194223787e-05 
22.10001 -9.986654176086818e-06 2.2822669694926148e-05 
22.20001 -2.221191430096901e-05 3.64289744950996e-05 
23.20001 -7.260935281856708e-06 3.241852638296521e-05 
22.80001 -1.2428912654809936e-05 2.195171528870666e-05 
24.10001 -3.9128364677033785e-05 1.837419638308849e-05 
23.60001 -1.63633336310284e-05 1.8328603938622045e-05 
22.90001 -3.0952928905809095e-05 1.661536769693163e-05 
23.00001 -7.846979911145178e-06 2.63366556483083e-05 
23.90001 -1.1104331546946345e-05 2.658986682854308e-05 
23.40001 -2.6739607078913655e-05 2.605593782917943e-05 
23.10001 -7.30505261322974e-06 2.940233802269884e-05 
23.50001 -2.3632804646642675e-05 2.653706771630686e-05 
23.30001 -3.847476735569896e-06 1.7240164540017615e-05 
24.90001 -1.0906257991912002e-05 2.8488752228783233e-05 
23.70001 -2.0247519922590855e-05 2.1423135817510777e-05 
23.80001 -1.756512278014334e-05 1.752901865273977e-05 
24.20001 -1.6812271572924756e-05 3.0077725398693838e-05 
24.00001 -1.679660968150948e-05 1.863889799437514e-05 
25.10001 -1.711122018695513e-05 3.4125339614073594e-05 
24.50001 -3.987386762109486e-06 2.6400165160635624e-05 
24.60001 -2.2555234503146827e-05 2.7921652904095344e-05 
24.40001 -1.8201619804697635e-05 2.7883124065246433e-05 
24.70001 -1.9063297181746795e-05 2.2664285869419813e-05 
25.50001 -1.2404231649506652e-05 2.02998172243203e-05 
24.80001 -3.505873053621371e-06 3.135259217335075e-05 
24.30001 -8.726961394645941e-06 2.1398554462664327e-05 
25.20001 -1.541646122618171e-05 2.8807161013397863e-05 
26.00001 -1.8966949558485143e-05 2.2531588653804505e-05 
25.00001 6.479735086089049e-06 1.9885695163676725e-05 
26.50001 -8.999866696932021e-06 1.81095023127258e-05 
25.40001 -1.7677738409849654e-05 2.716082182752007e-05 
25.30001 -1.5790109496000408e-05 1.603370369026412e-05 
25.60001 -1.4090121858390488e-05 1.619149590253074e-05 
25.70001 -1.2327444193507935e-05 3.038011378022737e-05 
25.80001 -1.3496523121445551e-05 1.180646636314666e-05 
26.30001 2.922417056027674e-06 2.6946903179060504e-05 
25.90001 -1.662651736477294e-05 2.12030053798006e-05 
26.10001 -2.0286425141687627e-05 3.836314537849481e-05 
27.00001 -1.1731061261356761e-05 2.0361265576464852e-05 
26.60001 -3.1366207962610624e-05 2.4463876640665857e-05 
27.40001 -1.914633420337632e-05 1.7402913622990928e-05 
26.20001 -2.991702907270585e-05 2.4752118294506057e-05 
26.40001 -1.6272783400412404e-05 2.661911818810966e-05 
27.30001 -9.154520561697451e-06 2.612617987567673e-05 
26.70001 -2.1601986180764318e-05 2.4062157701001574e-05 
26.90001 -2.85969350671626e-05 2.683951274900059e-05 
27.60001 -1.785925163851453e-05 2.724854416995014e-05 
26.80001 4.1780377296792844e-07 2.7468771798109613e-05 
27.10001 -3.216203169052389e-05 2.9831046611909397e-05 
27.20001 -3.6242832468644625e-06 2.9831443622037952e-05 
27.70001 -1.7881712998157813e-05 3.2493721161419876e-05 
27.50001 -1.6769489465277694e-05 2.590317271407883e-05 
28.70001 -1.6503948857861394e-05 2.2956647587175665e-05 
28.50001 -1.0174467940188262e-05 3.2649172044849625e-05 
28.00001 -7.762882586081865e-06 2.2230608407671152e-05 
29.30001 -1.0522545532685517e-05 3.188902307611555e-05 
27.80001 2.6180863973295497e-06 2.7412143053781807e-05 
29.00001 -9.909861128672394e-06 2.6770502686399287e-05 
27.90001 -2.5726166243973056e-05 2.2218790244530962e-05 
28.20001 -1.2153346016140318e-05 2.8596874985806793e-05 
28.10001 -1.2403372802677517e-05 2.2056921776013764e-05 
28.60001 -1.9347628331324666e-05 2.954028857023488e-05 
28.30001 -1.6791096708035276e-05 3.4309100040789014e-05 
28.40001 -1.429683241891321e-05 2.066189026978944e-05 
29.10001 -1.3916778666081619e-05 2.571473850013753e-05 
28.80001 -2.327598745187273e-06 2.4039365415980208e-05 
28.90001 -1.0040480703383308e-05 2.394192527546211e-05 
29.20001 -1.8117831831521727e-05 2.165445675692576e-05 
29.90001 -3.0543891191345515e-05 1.453498454010381e-05 
30.20001 -1.0390349487320662e-05 1.9024650613094256e-05 
30.00001 -2.5029560645087068e-05 2.3655005420131977e-05 
29.40001 -1.1195654335153535e-05 2.4647691915821692e-05 
29.50001 -5.981033701683446e-06 4.008789254394572e-05 
29.60001 -1.1613190194096675e-05 2.9112046982840458e-05 
30.40001 -5.117960383252048e-06 1.5795065368877504e-05 
29.70001 -1.8578977098423633e-05 2.4393668774801815e-05 
29.80001 -1.356875679501156e-05 2.7558255133679424e-05 
30.10001 -8.240861229607668e-06 2.7078477514088587e-05 
31.50001 -1.3266414229147034e-05 1.718170824424429e-05 
31.60001 -1.78084578378469e-05 2.7061166958239423e-05 
30.30001 -1.27758405994989e-05 2.2305748110272865e-05 
30.70001 2.2028024537200896e-06 2.281466537669101e-05 
30.60001 -1.7955530289913533e-05 2.935962108581817e-05 
30.80001 -1.048308340708638e-05 2.2148236969640256e-05 
30.50001 -1.1390774962562041e-05 2.6031890949949944e-05 
31.70001 -5.90046662228865e-06 3.1784903160375466e-05 
31.10001 -3.9447614086762835e-06 2.5529810744134322e-05 
32.10001 -1.567669113270057e-05 2.731893927860797e-05 
30.90001 -5.462591423079641e-06 2.5528426276657192e-05 
31.40001 -1.136567435248593e-05 2.8910709149600624e-05 
32.50001 3.275581381054315e-06 2.4894433577393988e-05 
31.00001 -2.783973354413237e-05 2.3939529095230003e-05 
31.30001 -1.9038335924164942e-05 2.9589059760253658e-05 
31.20001 -2.5654767596567452e-06 2.2018027603719256e-05 
32.60001 -1.9252835212655738e-05 2.397541481108597e-05 
31.90001 -1.1821982012785773e-05 3.226517743085753e-05 
32.20001 -1.3455723034090083e-05 2.60581252453206e-05 
31.80001 -1.701848015998423e-05 1.7108737540914815e-05 
32.40001 -1.658461683265927e-05 1.8952499443996923e-05 
32.00001 -1.241956860161093e-05 1.8774590867162005e-05 
33.20001 -1.3680054025422094e-05 2.2857556030603194e-05 
33.70001 -1.7936980991775956e-05 2.2328546859968276e-05 
32.30001 -1.2453594780264656e-05 3.3651101795755554e-05 
33.40001 -1.9943250401952596e-05 3.43489438340273e-05 
32.80001 2.9627204877975102e-06 2.0038519649531196e-05 
32.90001 -6.913518614440469e-06 2.4510556103991968e-05 
33.00001 -1.4368510872653172e-05 1.4937471931779801e-05 
34.10001 -5.582235679605157e-06 2.223505825081081e-05 
33.30001 -1.3946861812156584e-05 3.328786575682462e-05 
32.70001 -8.235525744826482e-06 3.4368792658706955e-05 
33.10001 -2.6491697309521587e-06 2.2625138357130255e-05 
34.70001 -1.4772186371612492e-05 2.1140931765071604e-05 
33.60001 -7.068008809763036e-06 2.0545438478714127e-05 
34.80001 -1.6583744159827178e-05 2.2069008590430635e-05 
33.80001 -2.3020345193182954e-05 1.6730831084785356e-05 
33.90001 6.791785179227908e-07 2.32506120032406e-05 
35.00001 -7.082350217248574e-06 2.856938293543803e-05 
33.50001 -8.08377633444547e-06 2.8436372380512632e-05 
35.40001 -1.6069970793795922e-06 2.7878494946630257e-05 
34.00001 -1.4106584923830519e-05 2.2931381795744252e-05 
34.30001 -9.63760285860962e-06 2.6151435183568158e-05 
34.20001 -6.118009858492565e-06 1.2849369459648815e-05 
34.50001 -7.699149648667204e-06 2.769323610876337e-05 
34.40001 -6.56835519051219e-06 3.5797562629358084e-05 
34.60001 -1.6048369773145524e-05 2.206438670224029e-05 
35.30001 -1.6074906029398193e-05 1.9320890555039097e-05 
35.80001 -1.8540030548066042e-05 2.8322986903090162e-05 
35.20001 -7.177963927822116e-06 1.4268138205856339e-05 
35.10001 -7.5722914843063815e-06 2.00554452499553e-05 
36.30001 -1.3903552875477292e-05 2.4479148653794116e-05 
36.00001 -2.2260825367296688e-05 1.4456442963068873e-05 
34.90001 -2.274675805613525e-05 2.979277547334818e-05 
35.50001 -1.7104950468647522e-06 1.8001124146656686e-05 
36.50001 -1.262894465119831e-05 1.7089671376989913e-05 
35.60001 -2.4849888106841695e-05 2.960093736514755e-05 
35.70001 -1.5599582651830172e-05 2.1281711244301856e-05 
35.90001 -5.830833310881684e-06 2.280304231328604e-05 
37.30001 1.957153841767901e-06 1.7765635359402396e-05 
37.60001 -1.4833652892785632e-05 1.3859670701477252e-05 
37.70001 -8.200817230109903e-06 2.1796198557815625e-05 
36.10001 -6.405135890774904e-06 1.8950170678975724e-05 
36.20001 5.64511351314567e-07 2.5343550635360494e-05 
38.00001 -1.7764835364587723e-05 2.7569823861261425e-05 
36.70001 -1.6405903889062397e-05 1.962425579646629e-05 
36.40001 -1.6188917069516234e-05 2.523200146926977e-05 
36.90001 -1.645993580538151e-05 1.3868182934501967e-05 
36.60001 -1.4057847939733888e-05 1.9395367643999855e-05 
37.40001 -2.2994513569559508e-07 1.8248726663772705e-05 
37.20001 -1.4830288625269664e-05 2.12272590325601e-05 
36.80001 -1.3041191946903778e-05 1.8242893486484786e-05 
37.50001 -1.6345498797834684e-05 2.645152932108622e-05 
37.90001 -1.4084922411956153e-05 1.9702857466246795e-05 
37.00001 -2.141578682906982e-05 2.686179941662819e-05 
37.10001 -6.683197137218547e-06 1.680871040600992e-05 
38.40001 -7.512648198004414e-06 2.0347800763532648e-05 
38.50001 -2.2534165426694165e-05 1.361945255302438e-05 
38.90001 -7.693084355462371e-06 2.4153723271122814e-05 
38.60001 -2.957679917264184e-05 1.5198664152261676e-05 
37.80001 -2.3740932995331356e-05 1.9492016874825812e-05 
38.10001 -1.3200694023171285e-05 1.752628561652332e-05 
38.20001 -1.880658511484446e-05 2.8627662920760382e-05 
38.30001 -1.476922008691671e-05 2.6641506691250146e-05 
39.00001 -5.333788352096498e-06 1.9510225416482936e-05 
39.60001 2.7666585288472655e-06 2.4340945411846212e-05 
38.70001 -1.8430314928841758e-05 2.5343994895510073e-05 
39.20001 -5.124916227253942e-06 4.393112833306548e-05 
38.80001 -1.7563864007314578e-05 1.5024001951472104e-05 
39.40001 -1.585389266045203e-05 2.0715806534088997e-05 
39.50001 -1.8743564448452174e-05 1.031032302317695e-05 
39.30001 -1.6579648071306426e-05 2.5753685170792297e-05 
39.90001 -1.9012986415051857e-05 1.8189051721199546e-05 
39.10001 -1.1706860570143459e-05 2.0766624220130586e-05 
39.80001 -1.4147372955335586e-06 2.8905475370878375e-05 
39.70001 -2.0804082938628726e-05 1.7805999414386742e-05 
