1e-05 -5.814579011340824e-19 0.0 
0.10001 -4.999158378278921e-09 0.0 
0.20001 -2.0046738783820983e-08 3.308722450212111e-24 
0.30001 -4.520572292771419e-08 6.617444900424222e-24 
0.40001 -8.06557452546975e-08 1.3234889800848443e-23 
0.60001 -1.837488473539206e-07 0.0 
0.70001 -2.520386562799095e-07 0.0 
0.50001 -1.2674612524476665e-07 2.6469779601696886e-23 
0.80001 -3.322458856600099e-07 0.0 
0.90001 -4.248644712888274e-07 5.293955920339377e-23 
1.00001 -5.304753349777282e-07 1.0587911840678754e-22 
1.10001 -6.501506052881243e-07 0.0 
1.30001 -9.354159790241471e-07 1.0587911840678754e-22 
1.20001 -7.848554014111006e-07 1.0587911840678754e-22 
1.40001 -1.1032448541469875e-06 0.0 
1.50001 -1.2898110801189066e-06 0.0 
1.70001 -1.724793019703679e-06 2.117582368135751e-22 
1.60001 -1.4963229944663242e-06 0.0 
2.00001 -2.565160916635733e-06 0.0 
1.80001 -1.977683582947227e-06 0.0 
2.10001 -2.9057993538128123e-06 4.235164736271502e-22 
1.90001 -2.256946064297508e-06 4.235164736271502e-22 
2.20001 -3.2818908383230523e-06 0.0 
2.30001 -3.6971064506643915e-06 4.235164736271502e-22 
2.60001 -5.2304692396094504e-06 8.470329472543003e-22 
2.40001 -4.156800112079678e-06 0.0 
2.50001 -4.6661454497329885e-06 8.470329472543003e-22 
2.70001 -5.857294108870144e-06 8.470329472543003e-22 
2.80001 -6.554760086688999e-06 0.0 
3.40001 -1.2869358835845515e-05 0.0 
3.20001 -1.0259254177339959e-05 0.0 
2.90001 -7.331195367110196e-06 2.541098841762901e-21 
3.30001 -1.148507810614688e-05 0.0 
3.00001 -8.198181622062487e-06 0.0 
3.10001 -9.169535580378839e-06 1.6940658945086007e-21 
3.50001 -1.443616720178255e-05 1.6940658945086007e-21 
3.80001 -2.0571932914510932e-05 0.0 
3.70001 -1.8245636591833943e-05 0.0 
3.60001 -1.6215238851750596e-05 3.3881317890172014e-21 
4.40001 -4.493865788793249e-05 0.0 
4.20001 -3.413833218150624e-05 6.776263578034403e-21 
4.30001 -3.908075128493008e-05 0.0 
4.00001 -2.634061370493177e-05 3.3881317890172014e-21 
4.10001 -2.9936874447508113e-05 0.0 
3.90001 -2.324710892919312e-05 0.0 
5.20001 -0.00017557591663071794 0.0 
4.50001 -5.193002648477125e-05 6.776263578034403e-21 
5.60001 -0.0004621091543398433 0.0 
5.50001 -0.0003534119120102948 0.0 
4.70001 -7.056978313300507e-05 1.3552527156068805e-20 
4.60001 -6.03442095426965e-05 0.0 
4.90001 -9.869144550967488e-05 1.3552527156068805e-20 
4.80001 -8.311867701666751e-05 1.3552527156068805e-20 
5.70001 -0.0006153163179692815 1.0842021724855044e-19 
5.00001 -0.00011827409852341432 0.0 
5.10001 -0.00014324593039878345 2.710505431213761e-20 
5.80001 -0.0008307759884886179 0.0 
5.30001 -0.00021816227791246858 2.710505431213761e-20 
5.40001 -0.00027530275741979935 5.421010862427522e-20 
5.90001 -0.001122679373007753 0.0 
6.50001 -0.0011529086467935603 2.168404344971009e-19 
6.20001 -0.0019112697494531221 4.336808689942018e-19 
6.00001 -0.0014749135598438894 0.0 
6.10001 -0.001792518334284881 0.0 
6.30001 -0.0017625710108018905 6.505213034913027e-19 
7.00001 -0.00038437749994628666 0.0 
6.60001 -0.000899404432866103 2.168404344971009e-19 
6.90001 -0.0004625956350738796 5.421010862427522e-20 
6.70001 -0.0007080560636193294 0.0 
6.80001 -0.000566942021059044 1.0842021724855044e-19 
7.30001 -0.0002419546519575325 5.421010862427522e-20 
6.40001 -0.0014619106578108929 0.0 
7.80001 -0.00013935369759068345 2.710505431213761e-20 
7.70001 -0.00015305727159921242 2.710505431213761e-20 
7.40001 -0.000212691249743652 2.710505431213761e-20 
7.20001 -0.00027846276333052866 5.421010862427522e-20 
7.10001 -0.000324733601675399 0.0 
7.50001 -0.00018891302515076488 0.0 
8.00001 -0.0001177677975622276 0.0 
7.60001 -0.0001693485222846983 2.710505431213761e-20 
8.20001 -0.00010172857397747392 2.710505431213761e-20 
8.80001 -7.247294174472165e-05 1.3552527156068805e-20 
9.00001 -6.64461065943929e-05 1.3552527156068805e-20 
7.90001 -0.0001277244135431833 2.710505431213761e-20 
8.10001 -0.00010917972685795434 1.3552527156068805e-20 
8.50001 -8.446583386475765e-05 1.3552527156068805e-20 
8.60001 -7.999880487999835e-05 1.3552527156068805e-20 
8.30001 -9.522234794113729e-05 1.3552527156068805e-20 
8.70001 -7.602209440829527e-05 1.3552527156068805e-20 
8.40001 -8.950716358201785e-05 1.3552527156068805e-20 
9.70001 -5.295865780908877e-05 6.776263578034403e-21 
9.10001 -6.388023234331068e-05 1.3552527156068805e-20 
8.90001 -6.929762532671367e-05 0.0 
9.30001 -5.948171867269653e-05 6.776263578034403e-21 
10.10001 -4.8639097814872914e-05 6.776263578034403e-21 
9.50001 -5.589093675716355e-05 0.0 
10.00001 -4.9551556430381555e-05 6.776263578034403e-21 
9.20001 -6.156899739698827e-05 1.3552527156068805e-20 
9.90001 -5.0570587474973994e-05 0.0 
9.40001 -5.759477753489935e-05 1.3552527156068805e-20 
9.80001 -5.1702436691571054e-05 0.0 
9.60001 -5.435115149067505e-05 0.0 
11.00001 -4.4287008271568006e-05 0.0 
11.60001 -4.4595218290286355e-05 0.0 
10.40001 -4.647239927101017e-05 0.0 
10.20001 -4.7826809165863876e-05 0.0 
11.40001 -4.422006188812471e-05 0.0 
11.70001 -4.488838211627611e-05 0.0 
10.50001 -4.59219113201757e-05 0.0 
10.30001 -4.710619033454212e-05 0.0 
10.80001 -4.472618899034277e-05 0.0 
10.60001 -4.5448972155477154e-05 6.776263578034403e-21 
10.70001 -4.505057833047478e-05 6.776263578034403e-21 
11.30001 -4.4136155266855666e-05 0.0 
11.20001 -4.412016154348533e-05 6.776263578034403e-21 
11.10001 -4.4169961580906314e-05 6.776263578034403e-21 
10.90001 -4.4472548254906654e-05 6.776263578034403e-21 
11.50001 -4.4373245841456306e-05 0.0 
11.90001 -4.5698908408864395e-05 0.0 
12.40001 -4.921356806021193e-05 0.0 
12.60001 -5.134039770030523e-05 0.0 
12.30001 -4.831894290917129e-05 0.0 
12.10001 -4.6829528718655325e-05 6.776263578034403e-21 
12.00001 -4.622143254660296e-05 0.0 
11.80001 -4.525586600207396e-05 0.0 
12.80001 -5.3989419154847855e-05 1.3552527156068805e-20 
12.20001 -4.752702408291215e-05 0.0 
12.70001 -5.2593241490985706e-05 6.776263578034403e-21 
14.10001 -9.699851859263504e-05 0.0 
14.00001 -9.079022855565149e-05 1.3552527156068805e-20 
12.50001 -5.0218051221910346e-05 1.3552527156068805e-20 
14.20001 -0.0001041363561631952 0.0 
13.10001 -5.9186468538096286e-05 1.3552527156068805e-20 
13.00001 -5.726705049366072e-05 1.3552527156068805e-20 
13.30001 -6.369736710388871e-05 1.3552527156068805e-20 
12.90001 -5.554148241430445e-05 0.0 
13.50001 -6.931663067969038e-05 0.0 
13.80001 -8.059105015841394e-05 1.3552527156068805e-20 
14.60001 -0.00014678748123406735 0.0 
13.20001 -6.132069430546549e-05 1.3552527156068805e-20 
13.90001 -8.536185884370693e-05 0.0 
13.70001 -7.637652683268412e-05 1.3552527156068805e-20 
14.30001 -0.00011239818634685746 2.710505431213761e-20 
13.40001 -6.635058112508379e-05 1.3552527156068805e-20 
13.60001 -7.263985809636208e-05 0.0 
15.00001 -0.00023661895296457375 2.710505431213761e-20 
14.90001 -0.00020651955803228854 2.710505431213761e-20 
14.40001 -0.00012203202457026145 1.3552527156068805e-20 
15.20001 -0.00032494607800527797 5.421010862427522e-20 
14.50001 -0.0001333542709423558 0.0 
14.70001 -0.00016289959004148097 0.0 
14.80001 -0.00018245498837508007 2.710505431213761e-20 
15.90001 -0.002815182734391838 4.336808689942018e-19 
16.60001 -0.0011384865685179556 2.168404344971009e-19 
16.70001 -0.0007547791311837744 1.0842021724855044e-19 
15.50001 -0.0006170513371790813 1.0842021724855044e-19 
15.30001 -0.00039181057309907257 5.421010862427522e-20 
15.80001 -0.0017084897619559366 2.168404344971009e-19 
15.10001 -0.0002749755699154535 5.421010862427522e-20 
15.70001 -0.0011414509402300692 2.168404344971009e-19 
15.40001 -0.00048420923496472924 0.0 
15.60001 -0.0008178397204542876 0.0 
16.30001 -0.0070067684468418205 8.673617379884035e-19 
16.10001 -0.010314718355219854 0.0 
16.00001 -0.0052431056120806644 0.0 
16.90001 -0.0003910567576163367 0.0 
16.20001 -0.012635617230313917 0.0 
16.40001 -0.003409923962328235 4.336808689942018e-19 
16.50001 -0.0018638980676859108 4.336808689942018e-19 
17.50001 -0.00010579433508867517 1.3552527156068805e-20 
17.40001 -0.00012612587209186228 2.710505431213761e-20 
17.30001 -0.00015233412887816555 0.0 
17.00001 -0.0002979808618304094 5.421010862427522e-20 
16.80001 -0.0005312459245605355 1.0842021724855044e-19 
17.20001 -0.00018682413696564825 2.710505431213761e-20 
17.10001 -0.00023334769355302725 2.710505431213761e-20 
18.60001 -2.558151173662249e-05 3.3881317890172014e-21 
17.60001 -8.97405607517168e-05 0.0 
17.70001 -7.686674433301488e-05 1.3552527156068805e-20 
18.00001 -5.065501333006186e-05 0.0 
19.00001 -1.7491425404001267e-05 0.0 
17.80001 -6.640430217531771e-05 0.0 
19.10001 -1.6017149788146875e-05 3.3881317890172014e-21 
17.90001 -5.780239538563799e-05 0.0 
18.30001 -3.526959570335371e-05 0.0 
18.40001 -3.15619004035199e-05 6.776263578034403e-21 
19.20001 -1.4703156974400756e-05 0.0 
18.20001 -3.959007069493264e-05 6.776263578034403e-21 
18.10001 -4.465998991661836e-05 6.776263578034403e-21 
18.50001 -2.836085593864556e-05 1.0164395367051604e-20 
18.70001 -2.315500296216971e-05 3.3881317890172014e-21 
18.80001 -2.1026447939802955e-05 0.0 
18.90001 -1.915105895253669e-05 0.0 
20.10001 -7.434644186488631e-06 1.6940658945086007e-21 
19.70001 -9.891939176901196e-06 1.6940658945086007e-21 
20.30001 -6.501356954153559e-06 8.470329472543003e-22 
19.40001 -1.2473049971385034e-05 0.0 
19.50001 -1.1523890562107822e-05 1.6940658945086007e-21 
19.30001 -1.3527819038107023e-05 1.6940658945086007e-21 
19.80001 -9.188724154005977e-06 1.6940658945086007e-21 
19.90001 -8.549422594993464e-06 0.0 
20.70001 -5.045547853655526e-06 8.470329472543003e-22 
19.60001 -1.0667251169746544e-05 0.0 
20.50001 -5.71409760745585e-06 0.0 
20.20001 -6.947795703315021e-06 0.0 
20.00001 -7.966747223787426e-06 0.0 
21.40001 -3.3685195180937203e-06 4.235164736271502e-22 
20.40001 -6.0912894303352425e-06 8.470329472543003e-22 
20.60001 -5.366469796698317e-06 0.0 
21.60001 -3.0248053475882515e-06 0.0 
20.80001 -4.748915163240793e-06 8.470329472543003e-22 
21.50001 -3.1908079261154063e-06 4.235164736271502e-22 
20.90001 -4.47427422539714e-06 8.470329472543003e-22 
21.00001 -4.219597178190912e-06 0.0 
21.10001 -3.98321741094181e-06 8.470329472543003e-22 
22.20001 -2.2287387970309946e-06 0.0 
21.20001 -3.7635354080983267e-06 4.235164736271502e-22 
21.30001 -3.559047283900031e-06 0.0 
22.10001 -2.3411759549973245e-06 0.0 
22.00001 -2.460859270884073e-06 4.235164736271502e-22 
21.80001 -2.72442201455966e-06 4.235164736271502e-22 
21.70001 -2.869611420713947e-06 0.0 
21.90001 -2.5884078076536025e-06 0.0 
22.70001 -1.7583323984449498e-06 2.117582368135751e-22 
23.00001 -1.5353212823510014e-06 2.117582368135751e-22 
23.20001 -1.406144679467301e-06 0.0 
22.40001 -2.0235354866759094e-06 4.235164736271502e-22 
22.60001 -1.841594459262348e-06 0.0 
22.30001 -2.123003306550586e-06 0.0 
23.60001 -1.1860506974268768e-06 2.117582368135751e-22 
22.50001 -1.9298797397608273e-06 4.235164736271502e-22 
22.80001 -1.6797504598581403e-06 4.235164736271502e-22 
22.90001 -1.6055019888515941e-06 2.117582368135751e-22 
23.10001 -1.4689611073912412e-06 0.0 
23.40001 -1.2902675268654878e-06 2.117582368135751e-22 
23.30001 -1.3466443992916059e-06 0.0 
23.50001 -1.2367976005952381e-06 0.0 
23.90001 -1.0486487148533676e-06 2.117582368135751e-22 
24.00001 -1.0072960130226386e-06 2.117582368135751e-22 
24.40001 -8.608182665516865e-07 1.0587911840678754e-22 
23.80001 -1.0921390826490563e-06 0.0 
24.50001 -8.28410364935171e-07 1.0587911840678754e-22 
24.10001 -9.679530781601582e-07 0.0 
24.30001 -8.948068811293065e-07 0.0 
23.70001 -1.1378861517649463e-06 2.117582368135751e-22 
24.20001 -9.304876595146064e-07 0.0 
24.60001 -7.974974676904165e-07 1.0587911840678754e-22 
25.20001 -6.392005658205046e-07 1.0587911840678754e-22 
25.00001 -6.872495981691868e-07 1.0587911840678754e-22 
24.70001 -7.680058823648904e-07 1.0587911840678754e-22 
26.00001 -4.839070218729907e-07 1.0587911840678754e-22 
25.10001 -6.626908364668254e-07 0.0 
25.30001 -6.167322305409262e-07 1.0587911840678754e-22 
25.40001 -5.952300305924569e-07 0.0 
26.20001 -4.525896293721677e-07 0.0 
24.90001 -7.129442529537383e-07 0.0 
25.90001 -5.00556214056124e-07 0.0 
25.80001 -5.179185683364324e-07 0.0 
24.80001 -7.398454087764901e-07 1.0587911840678754e-22 
25.50001 -5.746363860190771e-07 1.0587911840678754e-22 
25.70001 -5.360262636393307e-07 0.0 
26.70001 -3.845441625194107e-07 1.0587911840678754e-22 
26.10001 -4.679284151035979e-07 1.0587911840678754e-22 
25.60001 -5.549151631296864e-07 0.0 
26.40001 -4.237308447986764e-07 5.293955920339377e-23 
26.90001 -3.608647664614289e-07 0.0 
27.10001 -3.389502023116985e-07 0.0 
26.60001 -3.970924079026518e-07 5.293955920339377e-23 
26.30001 -4.378685249774168e-07 0.0 
27.50001 -2.9979010540697643e-07 5.293955920339377e-23 
26.50001 -4.10145484592097e-07 5.293955920339377e-23 
27.00001 -3.496989806164716e-07 0.0 
27.80001 -2.740038697592808e-07 5.293955920339377e-23 
26.80001 -3.7247329511163035e-07 5.293955920339377e-23 
28.20001 -2.4368880633884006e-07 5.293955920339377e-23 
27.20001 -3.286023322850003e-07 5.293955920339377e-23 
27.60001 -2.908790071166201e-07 5.293955920339377e-23 
27.40001 -3.090402731767842e-07 5.293955920339377e-23 
27.30001 -3.1863969247284116e-07 0.0 
28.70001 -2.1132651009513942e-07 2.6469779601696886e-23 
29.00001 -1.9440725429057505e-07 0.0 
27.90001 -2.6601519458195254e-07 5.293955920339377e-23 
28.00001 -2.5830784340927764e-07 5.293955920339377e-23 
28.60001 -2.1736120460764808e-07 0.0 
27.70001 -2.8228870537953115e-07 0.0 
28.10001 -2.5086788444159054e-07 5.293955920339377e-23 
28.30001 -2.367600244462722e-07 2.6469779601696886e-23 
28.40001 -2.3006768023860124e-07 2.6469779601696886e-23 
28.50001 -2.2360420688218058e-07 2.6469779601696886e-23 
28.80001 -2.0549358902689035e-07 2.6469779601696886e-23 
28.90001 -1.9985732951876836e-07 0.0 
30.00001 -1.487117230580762e-07 0.0 
29.50001 -1.6970819523911446e-07 0.0 
30.10001 -1.4489692008455523e-07 2.6469779601696886e-23 
29.20001 -1.8403734463962912e-07 0.0 
29.10001 -1.8913546811813935e-07 2.6469779601696886e-23 
29.70001 -1.6090483792284294e-07 0.0 
29.30001 -1.7910425268429293e-07 0.0 
29.40001 -1.7432882616143464e-07 2.6469779601696886e-23 
30.40001 -1.3414491811472747e-07 2.6469779601696886e-23 
29.60001 -1.6523614358774682e-07 0.0 
29.80001 -1.5671062160190694e-07 0.0 
29.90001 -1.5264860229282243e-07 0.0 
31.20001 -1.0985374934481017e-07 1.3234889800848443e-23 
30.20001 -1.412013868224097e-07 0.0 
30.30001 -1.3761877800758592e-07 0.0 
30.60001 -1.275107389549683e-07 2.6469779601696886e-23 
31.40001 -1.0463264496256409e-07 1.3234889800848443e-23 
31.30001 -1.0720482466275426e-07 0.0 
30.50001 -1.307773438335253e-07 0.0 
30.70001 -1.243411167435521e-07 0.0 
32.00001 -9.067246300176669e-08 0.0 
30.90001 -1.1828511385315173e-07 2.6469779601696886e-23 
31.10001 -1.1258080968658939e-07 0.0 
30.80001 -1.2126721136674064e-07 2.6469779601696886e-23 
31.50001 -1.0213552155968595e-07 1.3234889800848443e-23 
31.00001 -1.1539024367383002e-07 0.0 
32.40001 -8.260425960092696e-08 1.3234889800848443e-23 
31.70001 -9.735220178899791e-08 0.0 
31.80001 -9.506235896526863e-08 1.3234889800848443e-23 
31.90001 -9.28365034568853e-08 1.3234889800848443e-23 
31.60001 -9.97094515610595e-08 1.3234889800848443e-23 
32.80001 -7.538341351978e-08 0.0 
32.10001 -8.856968438901553e-08 1.3234889800848443e-23 
32.90001 -7.369839164507149e-08 1.3234889800848443e-23 
32.30001 -8.453739188548167e-08 0.0 
32.20001 -8.652557359944462e-08 1.3234889800848443e-23 
32.50001 -8.072414130882919e-08 0.0 
33.20001 -6.890803028455944e-08 0.0 
33.80001 -6.040126313990049e-08 1.3234889800848443e-23 
32.60001 -7.889443286309719e-08 1.3234889800848443e-23 
32.70001 -7.711456013489013e-08 1.3234889800848443e-23 
33.00001 -7.205830553739979e-08 0.0 
34.30001 -5.425979219977262e-08 0.0 
33.40001 -6.592114367606258e-08 1.3234889800848443e-23 
34.00001 -5.784906434773506e-08 6.617444900424222e-24 
33.10001 -7.046227556327632e-08 0.0 
33.90001 -5.9108527485973005e-08 0.0 
34.50001 -5.201473552989573e-08 0.0 
33.30001 -6.739440033419082e-08 1.3234889800848443e-23 
33.50001 -6.448646716217703e-08 1.3234889800848443e-23 
33.60001 -6.30887132367792e-08 1.3234889800848443e-23 
33.70001 -6.172745138576976e-08 1.3234889800848443e-23 
35.00001 -4.6871038965366794e-08 0.0 
34.10001 -5.66220867794902e-08 0.0 
34.90001 -4.7849085769872174e-08 0.0 
34.40001 -5.312326232594796e-08 0.0 
35.40001 -4.318984611874275e-08 0.0 
34.20001 -5.5425868762924455e-08 0.0 
34.70001 -4.9879760977369894e-08 6.617444900424222e-24 
34.60001 -5.093360623484975e-08 1.3234889800848443e-23 
34.80001 -4.885192275905666e-08 6.617444900424222e-24 
36.40001 -3.5398679539903405e-08 6.617444900424222e-24 
35.90001 -3.906269235062882e-08 0.0 
35.10001 -4.5916757909034964e-08 0.0 
35.20001 -4.498523005342931e-08 0.0 
35.30001 -4.4076456810655764e-08 0.0 
36.60001 -3.404856961498839e-08 0.0 
36.80001 -3.2759848802941304e-08 0.0 
35.60001 -4.147932594279471e-08 6.617444900424222e-24 
35.50001 -4.232423736121055e-08 6.617444900424222e-24 
35.70001 -4.0654678326693175e-08 0.0 
36.20001 -3.681275853817121e-08 6.617444900424222e-24 
35.80001 -3.984922950507008e-08 0.0 
36.00001 -3.8295000015609474e-08 0.0 
36.30001 -3.6097496722595736e-08 6.617444900424222e-24 
36.10001 -3.7545223982746066e-08 6.617444900424222e-24 
36.50001 -3.4715678668629e-08 6.617444900424222e-24 
37.30001 -2.978408283089947e-08 9.926167350636332e-24 
36.70001 -3.33968882932472e-08 6.617444900424222e-24 
37.40001 -2.9228325631510198e-08 0.0 
37.90001 -2.662782351480878e-08 6.617444900424222e-24 
37.70001 -2.7633649733745813e-08 6.617444900424222e-24 
36.90001 -3.213731703529821e-08 6.617444900424222e-24 
37.00001 -3.152895745798246e-08 6.617444900424222e-24 
37.10001 -3.0934028920751515e-08 6.617444900424222e-24 
37.20001 -3.035242245932284e-08 0.0 
38.80001 -2.2608397550819736e-08 0.0 
38.00001 -2.6141495960069654e-08 3.308722450212111e-24 
38.10001 -2.566556824217717e-08 3.308722450212111e-24 
38.20001 -2.5199996268832947e-08 6.617444900424222e-24 
37.50001 -2.8684793385789704e-08 6.617444900424222e-24 
39.20001 -2.1056295405310303e-08 0.0 
37.60001 -2.8153425447773466e-08 0.0 
37.80001 -2.7125083688793795e-08 6.617444900424222e-24 
38.30001 -2.4744509180769864e-08 3.308722450212111e-24 
39.10001 -2.1432069536450812e-08 3.308722450212111e-24 
39.30001 -2.0688392742435895e-08 0.0 
38.90001 -2.2208054203538834e-08 0.0 
38.50001 -2.3862225854198877e-08 0.0 
38.40001 -2.429858977412176e-08 0.0 
38.60001 -2.343536059359244e-08 0.0 
39.00001 -2.1816019670619907e-08 3.308722450212111e-24 
39.80001 -1.8959174717465653e-08 0.0 
38.70001 -2.301748548286963e-08 3.308722450212111e-24 
39.90001 -1.8634381332935663e-08 3.308722450212111e-24 
39.50001 -1.9975123818896635e-08 0.0 
39.60001 -1.9629533626167542e-08 0.0 
39.70001 -1.929087156517659e-08 3.308722450212111e-24 
39.40001 -2.0328002038234405e-08 0.0 
