0.10001 -4.999158378278921e-09 0.0 
1e-05 -5.814579011340824e-19 0.0 
0.20001 -2.004673878382098e-08 0.0 
0.60001 -1.837488473539206e-07 0.0 
0.30001 -4.5205722927714184e-08 0.0 
0.40001 -8.065574525469749e-08 0.0 
0.50001 -1.2674612524476668e-07 0.0 
0.90001 -4.2486447128882736e-07 0.0 
0.70001 -2.520386562799095e-07 0.0 
0.80001 -3.322458856600099e-07 0.0 
1.10001 -6.501506052881243e-07 0.0 
1.00001 -5.30475334977728e-07 0.0 
1.20001 -7.848554014111004e-07 0.0 
1.30001 -9.35415979024147e-07 0.0 
1.50001 -1.2898110801189066e-06 0.0 
1.40001 -1.1032448541469875e-06 0.0 
1.60001 -1.4963229944663242e-06 0.0 
1.70001 -1.7247930197036792e-06 0.0 
1.80001 -1.977683582947227e-06 0.0 
1.90001 -2.2569460642975082e-06 0.0 
2.00001 -2.565160916635733e-06 0.0 
2.10001 -2.9057993538128127e-06 0.0 
2.30001 -3.697106450664391e-06 0.0 
2.40001 -4.156800112079678e-06 0.0 
2.50001 -4.666145449732989e-06 0.0 
2.20001 -3.2818908383230523e-06 0.0 
2.60001 -5.23046923960945e-06 0.0 
2.70001 -5.8572941088701434e-06 0.0 
3.00001 -8.198181622062487e-06 0.0 
2.90001 -7.331195367110193e-06 0.0 
3.10001 -9.169535580378837e-06 0.0 
2.80001 -6.554760086688999e-06 0.0 
3.20001 -1.0259254177339959e-05 0.0 
3.40001 -1.2869358835845515e-05 0.0 
3.60001 -1.62152388517506e-05 0.0 
3.50001 -1.4436167201782549e-05 0.0 
3.30001 -1.148507810614688e-05 0.0 
3.70001 -1.8245636591833943e-05 0.0 
3.90001 -2.324710892919312e-05 0.0 
4.10001 -2.9936874447508113e-05 0.0 
3.80001 -2.0571932914510932e-05 0.0 
4.00001 -2.6340613704931768e-05 0.0 
4.40001 -4.493865788793249e-05 0.0 
4.20001 -3.4138332181506244e-05 0.0 
4.30001 -3.908075128493008e-05 0.0 
4.70001 -7.056978313300505e-05 0.0 
4.60001 -6.03442095426965e-05 0.0 
4.50001 -5.193002648477126e-05 0.0 
4.80001 -8.31186770166675e-05 0.0 
4.90001 -9.86914455096749e-05 0.0 
5.00001 -0.00011827409852341432 0.0 
5.10001 -0.00014324593039878348 0.0 
5.30001 -0.00021816227791246855 0.0 
5.20001 -0.00017557591663071794 0.0 
5.50001 -0.0003534119120102948 0.0 
5.40001 -0.0002753027574197993 0.0 
5.80001 -0.0008307759884886179 0.0 
5.70001 -0.0006153163179692816 0.0 
5.90001 -0.001122679373007753 0.0 
6.20001 -0.0019112697494531226 0.0 
6.00001 -0.0014749135598438894 0.0 
5.60001 -0.0004621091543398433 0.0 
6.10001 -0.001792518334284881 0.0 
6.40001 -0.0014619106578108929 0.0 
6.30001 -0.0017625710108018899 0.0 
6.50001 -0.0011529086467935601 0.0 
6.60001 -0.0008994044328661028 0.0 
7.00001 -0.00038437749994628666 0.0 
6.80001 -0.0005669420210590439 0.0 
7.30001 -0.00024195465195753246 0.0 
7.10001 -0.000324733601675399 0.0 
6.70001 -0.0007080560636193294 0.0 
7.20001 -0.0002784627633305286 0.0 
6.90001 -0.00046259563507387966 0.0 
7.60001 -0.00016934852228469834 0.0 
7.70001 -0.00015305727159921245 0.0 
7.50001 -0.00018891302515076488 0.0 
7.40001 -0.00021269124974365196 0.0 
7.80001 -0.00013935369759068348 0.0 
8.00001 -0.0001177677975622276 0.0 
7.90001 -0.00012772441354318333 0.0 
8.30001 -9.522234794113728e-05 0.0 
8.10001 -0.00010917972685795435 0.0 
8.20001 -0.0001017285739774739 0.0 
8.60001 -7.999880487999836e-05 0.0 
8.40001 -8.950716358201784e-05 0.0 
9.00001 -6.644610659439292e-05 0.0 
8.80001 -7.247294174472164e-05 0.0 
8.50001 -8.446583386475764e-05 0.0 
8.70001 -7.602209440829528e-05 0.0 
9.10001 -6.388023234331067e-05 0.0 
8.90001 -6.929762532671367e-05 0.0 
9.20001 -6.156899739698829e-05 0.0 
9.30001 -5.9481718672696524e-05 0.0 
9.40001 -5.7594777534899365e-05 0.0 
9.60001 -5.435115149067505e-05 0.0 
9.50001 -5.589093675716355e-05 0.0 
9.70001 -5.295865780908878e-05 0.0 
10.10001 -4.863909781487292e-05 0.0 
9.90001 -5.0570587474973994e-05 0.0 
9.80001 -5.1702436691571054e-05 0.0 
10.00001 -4.955155643038155e-05 0.0 
10.20001 -4.7826809165863876e-05 0.0 
10.30001 -4.710619033454212e-05 0.0 
10.50001 -4.59219113201757e-05 0.0 
10.40001 -4.647239927101017e-05 0.0 
10.90001 -4.447254825490665e-05 0.0 
11.10001 -4.416996158090632e-05 0.0 
10.60001 -4.544897215547716e-05 0.0 
11.00001 -4.4287008271568006e-05 0.0 
10.70001 -4.5050578330474775e-05 0.0 
10.80001 -4.472618899034277e-05 0.0 
11.30001 -4.4136155266855666e-05 0.0 
11.40001 -4.422006188812471e-05 0.0 
11.20001 -4.412016154348534e-05 0.0 
11.50001 -4.4373245841456306e-05 0.0 
11.70001 -4.488838211627611e-05 0.0 
11.60001 -4.4595218290286355e-05 0.0 
11.80001 -4.525586600207396e-05 0.0 
12.10001 -4.682952871865533e-05 0.0 
11.90001 -4.5698908408864395e-05 0.0 
12.00001 -4.622143254660296e-05 0.0 
12.30001 -4.831894290917129e-05 0.0 
12.50001 -5.021805122191033e-05 0.0 
12.40001 -4.921356806021193e-05 0.0 
12.20001 -4.752702408291215e-05 0.0 
13.00001 -5.7267050493660704e-05 0.0 
12.90001 -5.554148241430445e-05 0.0 
13.10001 -5.91864685380963e-05 0.0 
12.70001 -5.25932414909857e-05 0.0 
12.60001 -5.134039770030523e-05 0.0 
13.20001 -6.13206943054655e-05 0.0 
12.80001 -5.398941915484787e-05 0.0 
13.30001 -6.369736710388872e-05 0.0 
13.40001 -6.63505811250838e-05 0.0 
13.60001 -7.263985809636208e-05 0.0 
14.00001 -9.079022855565147e-05 0.0 
13.70001 -7.637652683268413e-05 0.0 
13.90001 -8.536185884370693e-05 0.0 
14.30001 -0.00011239818634685744 0.0 
14.10001 -9.699851859263504e-05 0.0 
13.50001 -6.931663067969038e-05 0.0 
14.40001 -0.00012203202457026146 0.0 
13.80001 -8.059105015841392e-05 0.0 
14.20001 -0.0001041363561631952 0.0 
14.50001 -0.0001333542709423558 0.0 
15.00001 -0.00023661895296457378 0.0 
14.70001 -0.00016289959004148097 0.0 
14.60001 -0.00014678748123406735 0.0 
14.80001 -0.0001824549883750801 0.0 
15.10001 -0.00027497556991545343 0.0 
14.90001 -0.00020651955803228857 0.0 
15.30001 -0.0003918105730990725 0.0 
15.20001 -0.0003249460780052779 0.0 
15.50001 -0.0006170513371790814 0.0 
15.70001 -0.001141450940230069 0.0 
15.40001 -0.00048420923496472924 0.0 
15.60001 -0.0008178397204542876 0.0 
15.90001 -0.0028151827343918375 0.0 
15.80001 -0.0017084897619559368 0.0 
16.30001 -0.00700676844684182 0.0 
16.00001 -0.0052431056120806644 0.0 
16.10001 -0.010314718355219854 0.0 
16.60001 -0.0011384865685179553 0.0 
16.20001 -0.012635617230313917 0.0 
16.70001 -0.0007547791311837743 0.0 
16.90001 -0.0003910567576163367 0.0 
17.00001 -0.00029798086183040944 0.0 
16.40001 -0.0034099239623282354 0.0 
17.10001 -0.00023334769355302728 0.0 
16.50001 -0.0018638980676859104 0.0 
16.80001 -0.0005312459245605356 0.0 
17.40001 -0.0001261258720918623 0.0 
17.20001 -0.00018682413696564823 0.0 
17.30001 -0.00015233412887816555 0.0 
17.50001 -0.00010579433508867519 0.0 
17.70001 -7.686674433301487e-05 0.0 
18.10001 -4.465998991661837e-05 0.0 
18.00001 -5.065501333006186e-05 0.0 
18.20001 -3.9590070694932634e-05 0.0 
17.60001 -8.97405607517168e-05 0.0 
18.30001 -3.526959570335371e-05 0.0 
17.80001 -6.640430217531771e-05 0.0 
18.50001 -2.836085593864557e-05 0.0 
17.90001 -5.780239538563799e-05 0.0 
18.40001 -3.1561900403519896e-05 0.0 
18.90001 -1.915105895253669e-05 0.0 
19.00001 -1.7491425404001267e-05 0.0 
18.70001 -2.3155002962169712e-05 0.0 
18.60001 -2.5581511736622493e-05 0.0 
18.80001 -2.1026447939802955e-05 0.0 
19.10001 -1.6017149788146878e-05 0.0 
19.20001 -1.4703156974400756e-05 0.0 
19.30001 -1.3527819038107021e-05 0.0 
19.80001 -9.188724154005978e-06 0.0 
19.40001 -1.2473049971385034e-05 0.0 
19.60001 -1.0667251169746544e-05 0.0 
19.50001 -1.152389056210782e-05 0.0 
20.00001 -7.966747223787426e-06 0.0 
20.10001 -7.434644186488633e-06 0.0 
19.70001 -9.891939176901194e-06 0.0 
19.90001 -8.549422594993464e-06 0.0 
20.20001 -6.947795703315021e-06 0.0 
20.30001 -6.50135695415356e-06 0.0 
20.40001 -6.091289430335243e-06 0.0 
20.80001 -4.748915163240794e-06 0.0 
20.90001 -4.4742742253971395e-06 0.0 
20.60001 -5.366469796698317e-06 0.0 
20.70001 -5.0455478536555265e-06 0.0 
20.50001 -5.71409760745585e-06 0.0 
21.10001 -3.9832174109418105e-06 0.0 
21.00001 -4.219597178190912e-06 0.0 
21.30001 -3.559047283900031e-06 0.0 
21.40001 -3.3685195180937207e-06 0.0 
21.20001 -3.7635354080983263e-06 0.0 
21.50001 -3.190807926115406e-06 0.0 
21.60001 -3.0248053475882515e-06 0.0 
22.00001 -2.4608592708840727e-06 0.0 
22.10001 -2.3411759549973245e-06 0.0 
21.70001 -2.869611420713947e-06 0.0 
21.80001 -2.7244220145596594e-06 0.0 
21.90001 -2.5884078076536025e-06 0.0 
22.70001 -1.75833239844495e-06 0.0 
22.20001 -2.2287387970309946e-06 0.0 
22.90001 -1.605501988851594e-06 0.0 
22.30001 -2.123003306550586e-06 0.0 
22.80001 -1.6797504598581398e-06 0.0 
22.40001 -2.023535486675909e-06 0.0 
22.60001 -1.841594459262348e-06 0.0 
22.50001 -1.929879739760827e-06 0.0 
23.10001 -1.4689611073912412e-06 0.0 
23.00001 -1.5353212823510012e-06 0.0 
23.20001 -1.406144679467301e-06 0.0 
23.30001 -1.3466443992916059e-06 0.0 
23.40001 -1.290267526865488e-06 0.0 
23.50001 -1.2367976005952381e-06 0.0 
23.90001 -1.0486487148533674e-06 0.0 
24.10001 -9.679530781601582e-07 0.0 
23.70001 -1.1378861517649466e-06 0.0 
24.00001 -1.0072960130226383e-06 0.0 
23.60001 -1.186050697426877e-06 0.0 
24.20001 -9.304876595146064e-07 0.0 
23.80001 -1.0921390826490563e-06 0.0 
24.30001 -8.948068811293065e-07 0.0 
24.80001 -7.398454087764902e-07 0.0 
24.60001 -7.974974676904166e-07 0.0 
24.90001 -7.129442529537383e-07 0.0 
24.70001 -7.680058823648903e-07 0.0 
24.40001 -8.608182665516866e-07 0.0 
24.50001 -8.284103649351708e-07 0.0 
25.00001 -6.872495981691867e-07 0.0 
25.10001 -6.626908364668254e-07 0.0 
25.20001 -6.392005658205045e-07 0.0 
25.30001 -6.167322305409263e-07 0.0 
25.40001 -5.952300305924569e-07 0.0 
25.70001 -5.360262636393307e-07 0.0 
26.00001 -4.839070218729906e-07 0.0 
25.50001 -5.746363860190772e-07 0.0 
26.10001 -4.67928415103598e-07 0.0 
26.20001 -4.525896293721677e-07 0.0 
25.90001 -5.00556214056124e-07 0.0 
25.80001 -5.179185683364324e-07 0.0 
25.60001 -5.549151631296864e-07 0.0 
26.70001 -3.845441625194106e-07 0.0 
26.40001 -4.2373084479867646e-07 0.0 
27.00001 -3.496989806164716e-07 0.0 
26.80001 -3.724732951116304e-07 0.0 
26.30001 -4.378685249774168e-07 0.0 
27.10001 -3.389502023116985e-07 0.0 
26.50001 -4.101454845920969e-07 0.0 
26.90001 -3.608647664614289e-07 0.0 
26.60001 -3.9709240790265184e-07 0.0 
27.20001 -3.2860233228500023e-07 0.0 
27.30001 -3.1863969247284116e-07 0.0 
27.50001 -2.997901054069764e-07 0.0 
27.60001 -2.9087900711662004e-07 0.0 
27.40001 -3.0904027317678425e-07 0.0 
27.80001 -2.7400386975928076e-07 0.0 
28.10001 -2.508678844415906e-07 0.0 
27.70001 -2.8228870537953115e-07 0.0 
28.00001 -2.583078434092776e-07 0.0 
27.90001 -2.660151945819525e-07 0.0 
28.30001 -2.3676002444627216e-07 0.0 
28.70001 -2.1132651009513945e-07 0.0 
28.40001 -2.300676802386012e-07 0.0 
28.20001 -2.436888063388401e-07 0.0 
28.50001 -2.2360420688218055e-07 0.0 
28.60001 -2.1736120460764808e-07 0.0 
28.90001 -1.9985732951876836e-07 0.0 
28.80001 -2.0549358902689038e-07 0.0 
29.10001 -1.8913546811813932e-07 0.0 
29.00001 -1.9440725429057505e-07 0.0 
29.70001 -1.6090483792284294e-07 0.0 
29.20001 -1.8403734463962912e-07 0.0 
29.50001 -1.6970819523911446e-07 0.0 
30.10001 -1.4489692008455525e-07 0.0 
29.30001 -1.7910425268429293e-07 0.0 
29.80001 -1.5671062160190694e-07 0.0 
29.40001 -1.743288261614346e-07 0.0 
30.00001 -1.487117230580762e-07 0.0 
29.90001 -1.5264860229282243e-07 0.0 
29.60001 -1.6523614358774682e-07 0.0 
30.30001 -1.3761877800758592e-07 0.0 
30.20001 -1.412013868224097e-07 0.0 
30.50001 -1.307773438335253e-07 0.0 
30.70001 -1.243411167435521e-07 0.0 
30.40001 -1.341449181147275e-07 0.0 
31.00001 -1.1539024367383002e-07 0.0 
30.80001 -1.2126721136674062e-07 0.0 
31.10001 -1.1258080968658939e-07 0.0 
31.20001 -1.0985374934481016e-07 0.0 
30.90001 -1.182851138531517e-07 0.0 
30.60001 -1.2751073895496833e-07 0.0 
31.50001 -1.0213552155968593e-07 0.0 
31.40001 -1.046326449625641e-07 0.0 
31.70001 -9.735220178899791e-08 0.0 
31.30001 -1.0720482466275426e-07 0.0 
31.60001 -9.970945156105949e-08 0.0 
31.80001 -9.506235896526864e-08 0.0 
32.00001 -9.067246300176669e-08 0.0 
31.90001 -9.283650345688531e-08 0.0 
32.10001 -8.856968438901552e-08 0.0 
32.20001 -8.652557359944461e-08 0.0 
32.70001 -7.711456013489012e-08 0.0 
32.40001 -8.260425960092697e-08 0.0 
32.50001 -8.072414130882919e-08 0.0 
32.60001 -7.88944328630972e-08 0.0 
32.80001 -7.538341351978e-08 0.0 
32.30001 -8.453739188548167e-08 0.0 
33.10001 -7.046227556327632e-08 0.0 
33.00001 -7.205830553739979e-08 0.0 
32.90001 -7.369839164507147e-08 0.0 
33.20001 -6.890803028455944e-08 0.0 
33.30001 -6.739440033419084e-08 0.0 
33.50001 -6.448646716217702e-08 0.0 
33.40001 -6.592114367606259e-08 0.0 
34.00001 -5.7849064347735054e-08 0.0 
33.60001 -6.308871323677921e-08 0.0 
34.10001 -5.66220867794902e-08 0.0 
34.20001 -5.5425868762924455e-08 0.0 
33.90001 -5.9108527485973005e-08 0.0 
34.30001 -5.425979219977262e-08 0.0 
34.40001 -5.312326232594796e-08 0.0 
33.70001 -6.172745138576978e-08 0.0 
33.80001 -6.040126313990048e-08 0.0 
34.60001 -5.0933606234849736e-08 0.0 
34.50001 -5.201473552989573e-08 0.0 
34.70001 -4.987976097736989e-08 0.0 
34.90001 -4.7849085769872174e-08 0.0 
35.10001 -4.5916757909034964e-08 0.0 
34.80001 -4.885192275905665e-08 0.0 
35.30001 -4.4076456810655764e-08 0.0 
35.60001 -4.147932594279472e-08 0.0 
35.00001 -4.6871038965366794e-08 0.0 
35.70001 -4.0654678326693175e-08 0.0 
35.40001 -4.318984611874275e-08 0.0 
35.50001 -4.2324237361210545e-08 0.0 
35.80001 -3.984922950507008e-08 0.0 
35.90001 -3.906269235062882e-08 0.0 
35.20001 -4.498523005342931e-08 0.0 
36.10001 -3.754522398274607e-08 0.0 
36.00001 -3.8295000015609474e-08 0.0 
36.20001 -3.681275853817122e-08 0.0 
36.60001 -3.404856961498839e-08 0.0 
36.40001 -3.539867953990341e-08 0.0 
36.80001 -3.2759848802941304e-08 0.0 
36.50001 -3.471567866862901e-08 0.0 
36.30001 -3.609749672259573e-08 0.0 
36.70001 -3.3396888293247196e-08 0.0 
36.90001 -3.21373170352982e-08 0.0 
37.10001 -3.093402892075151e-08 0.0 
37.20001 -3.035242245932284e-08 0.0 
37.30001 -2.978408283089946e-08 0.0 
37.40001 -2.9228325631510198e-08 0.0 
37.50001 -2.8684793385789698e-08 0.0 
37.00001 -3.152895745798247e-08 0.0 
37.60001 -2.8153425447773466e-08 0.0 
37.90001 -2.6627823514808773e-08 0.0 
37.80001 -2.712508368879379e-08 0.0 
37.70001 -2.7633649733745806e-08 0.0 
38.20001 -2.5199996268832954e-08 0.0 
38.00001 -2.614149596006965e-08 0.0 
38.10001 -2.5665568242177173e-08 0.0 
38.30001 -2.4744509180769867e-08 0.0 
38.60001 -2.343536059359244e-08 0.0 
38.70001 -2.3017485482869627e-08 0.0 
38.80001 -2.2608397550819736e-08 0.0 
38.40001 -2.429858977412176e-08 0.0 
38.90001 -2.2208054203538834e-08 0.0 
39.00001 -2.181601967061991e-08 0.0 
39.10001 -2.1432069536450816e-08 0.0 
38.50001 -2.3862225854198877e-08 0.0 
39.20001 -2.1056295405310303e-08 0.0 
39.60001 -1.9629533626167542e-08 0.0 
39.40001 -2.0328002038234405e-08 0.0 
39.30001 -2.0688392742435895e-08 0.0 
39.80001 -1.8959174717465653e-08 0.0 
39.90001 -1.8634381332935666e-08 0.0 
39.50001 -1.9975123818896635e-08 0.0 
39.70001 -1.9290871565176592e-08 0.0 
