1e-05 -0.000945249278751939 0.0013966144295563658 
0.10001 3.398712991989032e-06 0.002198607372678417 
0.20001 0.00016926525843912496 0.001038815937495199 
0.30001 -0.00026124134318048045 0.002237154187403542 
0.40001 0.00032971321972974257 0.001964146919062304 
0.60001 -4.2556997299160515e-05 0.001690038287256809 
0.70001 -9.360640847855207e-05 0.001964424405211001 
0.50001 0.00020811699585043003 0.002114820549721935 
0.80001 -0.0003784314344344316 0.0017314602965914476 
0.90001 -0.0003769281840311635 0.0018944741310631906 
1.00001 -0.0008283943574494544 0.0015512120838547083 
1.10001 0.0007751839882866638 0.0023013708564628816 
1.30001 -3.97554104245824e-05 0.001201487420645599 
1.20001 -0.0012238211043251815 0.002811185049699481 
1.40001 -0.00012825449527515377 0.0015283052500373998 
1.50001 -0.0011836552923792274 0.0024089405614920864 
1.70001 -0.00021698004366223266 0.0017248991904239507 
1.60001 -0.0002777136956424858 0.0018813684595312093 
2.00001 0.0011112791664977752 0.002252945816396501 
1.80001 -0.001302864939578171 0.0027970307745973995 
2.10001 -4.412093260733132e-05 0.0027057867129409454 
1.90001 -0.00012548101483086008 0.0028452472056893197 
2.20001 -0.0005602075205878412 0.002193661683624832 
2.30001 -0.0005757327333557082 0.0019223139627991051 
2.60001 -0.0009084201737063407 0.0027963300209554445 
2.40001 -0.00011081755326377528 0.0017985913740491716 
2.50001 0.0006716399145043197 0.001774327927551701 
2.70001 0.0007203216651277939 0.002860088221897562 
2.80001 0.0003441683044816283 0.00224364508058283 
3.40001 3.0350213398242073e-05 0.002200850141123985 
3.20001 0.0005051322296402979 0.0016978580110579278 
2.90001 0.00032806343063298296 0.002089489666153005 
3.30001 -4.9468526325455544e-05 0.0027417745683027397 
3.00001 -0.0009682514719586535 0.0026104063577323004 
3.10001 -0.0003737092280986802 0.001948434264208694 
3.50001 0.00038874629535078586 0.0020820722359427835 
3.80001 -0.00032715168158773306 0.0021010685979791356 
3.70001 0.0001993762823199768 0.0021044336847490263 
3.60001 -0.00078150915429157 0.0022445072720810866 
4.40001 -0.0005353939596290928 0.0015540315027316193 
4.20001 -0.000312774053537842 0.0020966821825661374 
4.30001 -6.835816053944224e-05 0.0008088377212810056 
4.00001 0.00015029100844900366 0.0007371414073366449 
4.10001 -0.00024545089859985444 0.001781817023807936 
3.90001 0.00040515708338574537 0.0016495213894525353 
5.20001 -0.00046251519904579416 0.0014394660724336439 
4.50001 -0.00045356566337784464 0.002869445401810689 
5.60001 -0.0009070061413329037 0.002017050808899461 
5.50001 -0.00033189760463579634 0.001958843318300651 
4.70001 -0.0007533437428674898 0.001863250720202391 
4.60001 -0.0005342412893079407 0.0018437451437366237 
4.90001 -0.0002120726619413263 0.002421599170251576 
4.80001 0.0004204893009663631 0.002418115898244003 
5.70001 -0.00016500503157382027 0.0021815168352511175 
5.00001 0.00031938015285395597 0.002003091782461235 
5.10001 -0.0007566233093435085 0.0026541381892572794 
5.80001 -0.00043352191562519147 0.0022727455094558023 
5.30001 -0.0011581903095769072 0.0014528448972038063 
5.40001 -0.0009195372159617292 0.001780327666347807 
5.90001 -0.0013908304804385093 0.0027105578704971524 
6.50001 -0.001787965969949414 0.0024085146865752806 
6.20001 -0.0022088950718170412 0.0028232648591204 
6.00001 -0.0016614494216658034 0.003216802658665988 
6.10001 -0.002219529489115711 0.0031249483316120492 
6.30001 -0.0018227698532807316 0.0025848260834636 
7.00001 -6.342574576788836e-06 0.0024076532515405805 
6.60001 -0.001983169834147844 0.0023462282480474278 
6.90001 0.0004098876214434306 0.00152718209528173 
6.70001 -0.0005975226675553816 0.0017706777445568394 
6.80001 -0.00033465368342229903 0.0018808393725688562 
7.30001 -0.0003421663946413694 0.0029530352209495973 
6.40001 -0.001237798953436098 0.0033831048684460235 
7.80001 -0.0006756215714769676 0.0012193956709395629 
7.70001 -0.0005072746828324046 0.0018182446424267536 
7.40001 -2.6454692069683148e-05 0.0025632807392618295 
7.20001 0.0005291686670894098 0.0024772679888204886 
7.10001 -0.0004960461982584385 0.0015891834137728908 
7.50001 0.00035556154145847675 0.0018724780452319173 
8.00001 0.0002442670339179954 0.0013924455612720353 
7.60001 0.00030153579576989564 0.0015114224545544842 
8.20001 -0.0007494038544346732 0.0020639307146186397 
8.80001 -0.0007834065264348799 0.002289675560733025 
9.00001 0.0008402487143162669 0.0019270512062612459 
7.90001 -0.0010177407208652566 0.0014622577778469806 
8.10001 -0.0009503236285676229 0.002522204874155158 
8.50001 -0.00019977706308241478 0.0021599568427072995 
8.60001 0.0005944208198023146 0.0013430403223766926 
8.30001 0.0007970876938869992 0.0022528285765629273 
8.70001 0.0009929913088812146 0.0019526595269197282 
8.40001 0.00011892508762443698 0.0019060737108137678 
9.70001 -0.0012405893231976495 0.0021815299909995487 
9.10001 -0.0008468720937515093 0.0016568250679018888 
8.90001 0.00018202602348033026 0.0016716919034536796 
9.30001 -0.00025881797266983253 0.001797320473216739 
10.10001 0.00026056910377014264 0.0022684641692038115 
9.50001 0.00023521545578260522 0.0016985379034452131 
10.00001 -7.088849873687052e-06 0.0017796859495285483 
9.20001 -0.000771057461872138 0.0024991455363274156 
9.90001 0.00019369897408696383 0.00261059472694657 
9.40001 0.0002489135462872538 0.0018361808911924184 
9.80001 0.0002791792449887873 0.0013261726766359127 
9.60001 -0.00043763461837707215 0.0015806574098705482 
11.00001 0.0007052874863784642 0.001662399023621255 
11.60001 -0.0008395467928758423 0.0012172143957717627 
10.40001 -0.000990373848350101 0.0016698558261956323 
10.20001 -0.001497896371409473 0.0024799627762261563 
11.40001 -0.0003120858697049831 0.0015366634055779945 
11.70001 -0.00013004112075028565 0.0016415512185431757 
10.50001 0.00030176728099464437 0.0015423544508517213 
10.30001 0.00025187509660915696 0.0009157931779389372 
10.80001 -0.00043419715423339346 0.001636118720342061 
10.60001 -0.0008790910835445795 0.002621241446210316 
10.70001 -0.0006954838267844852 0.001959975912886887 
11.30001 -0.0009472788420809968 0.0017630627010374617 
11.20001 -0.00020356588709847937 0.0014741874127074668 
11.10001 -0.00036621780264440277 0.002103090357902728 
10.90001 -0.00019390580810869817 0.0016224597909553255 
11.50001 -0.00012589841133949756 0.0016023566829728734 
11.90001 0.00042902075873783597 0.0017793859530914559 
12.40001 -0.0018032734833547282 0.002588128365357484 
12.60001 -0.001403249978675519 0.001995241822210522 
12.30001 0.0002010505922051802 0.0021964496385337554 
12.10001 0.0003057854084525404 0.002299816480791382 
12.00001 0.00010693318594924344 0.0015737224083724412 
11.80001 -0.00035912676248291766 0.0021767155322585433 
12.80001 -0.0006100016787209953 0.0018883583500856214 
12.20001 -0.0010238613754798705 0.0019225281309253404 
12.70001 0.00011264626358872404 0.0010924011682166975 
14.10001 -0.0005137209227426316 0.0018513357527867949 
14.00001 0.0012555338050433055 0.0011425674271809897 
12.50001 -0.0002992329576849855 0.0021126251925926657 
14.20001 0.0006179543918271672 0.0022275065724419968 
13.10001 0.00013124488463116976 0.0016583985839789229 
13.00001 -0.0009182977767506644 0.0011209691803790096 
13.30001 -0.0008605958123399045 0.0019163158083538902 
12.90001 0.00031504448739846794 0.0017213424940176413 
13.50001 -0.0008479287100278411 0.0022503103863258057 
13.80001 0.00046190098794961416 0.0020465460321386774 
14.60001 -0.00011505074966472355 0.0018303445044768434 
13.20001 0.0003433669956849921 0.0023153606888485947 
13.90001 0.00023121050778408198 0.0018852022049219855 
13.70001 -0.0015562873574098389 0.0027347012218934446 
14.30001 0.00016916122389351338 0.001727822923615583 
13.40001 -0.0005787643036662202 0.0036105169132843126 
13.60001 -0.0014007544293323194 0.001807262915808291 
15.00001 -0.000721767326474838 0.0020726119144030422 
14.90001 -1.0968993022048752e-05 0.001507547795294835 
14.40001 0.000278681861517159 0.0018251250340873858 
15.20001 -0.0016678315752847502 0.002079867468516649 
14.50001 -0.00027626862519765236 0.0018343382315894712 
14.70001 -0.00020042086575345177 0.0009965204038976457 
14.80001 -7.070688353785232e-05 0.0018892193764731104 
15.90001 -0.002786383428051369 0.002666194597997825 
16.60001 -0.0011659612607696239 0.0024295478086640613 
16.70001 -0.0013657832666230075 0.0020752861096596104 
15.50001 0.001394231806822325 0.002421599391627875 
15.30001 0.0004385418787494766 0.0020632420770803346 
15.80001 -0.0020114328671942106 0.0020291902123996636 
15.10001 -0.0005295949674439183 0.0024135194261627572 
15.70001 -0.00104975744870509 0.0025370940924830626 
15.40001 5.16926484388673e-06 0.002999642134441849 
15.60001 -0.0007090287638243367 0.0019377078944651544 
16.30001 -0.008399811066066468 0.0052857034670107834 
16.10001 -0.01043967037076205 0.004786341281749002 
16.00001 -0.002104533821361313 0.0039584244823568215 
16.90001 -0.00019999032962304182 0.0020173029345427135 
16.20001 -0.01160609069883843 0.005410369140476312 
16.40001 -0.0019482634884452307 0.0034874683504151492 
16.50001 -0.0013104930771828435 0.0027974948211284788 
17.50001 -0.0001336881422698839 0.002492044091162415 
17.40001 -0.0009594884261642654 0.001999171947653661 
17.30001 -0.001051978082191869 0.0014476606683518803 
17.00001 -0.0008949013130314341 0.0019373883824656201 
16.80001 -0.0005938883275704589 0.0026003962341882595 
17.20001 -0.0007688295681260904 0.0019423486041315505 
17.10001 0.0005026821678440473 0.003329786626424397 
18.60001 -0.0005011496512529376 0.0016362302802955982 
17.60001 0.0007986327919236123 0.0014181474000760392 
17.70001 -0.00013876174825912667 0.002064203712768591 
18.00001 -0.0006165916659952603 0.0022067597495908932 
19.00001 -0.0004890553137727162 0.0027429054880614913 
17.80001 -0.001077998553461886 0.0025831838038578993 
19.10001 7.142261835925366e-05 0.0014891967925942224 
17.90001 -0.0004167278052245558 0.002403880631421866 
18.30001 0.0018473819876456395 0.0022284970444500013 
18.40001 -0.0009270511221893886 0.0020769385807972883 
19.20001 0.00045825935353693495 0.001123926107094413 
18.20001 6.126071264105472e-05 0.0017909295874186067 
18.10001 -0.0008598283271642475 0.002210094405206066 
18.50001 -0.0006487123005960905 0.0014138586081890194 
18.70001 -9.462595880573779e-05 0.0010087885681839032 
18.80001 0.0008267414374703586 0.0026202034663196615 
18.90001 -0.0008246901740689901 0.0016304960509552664 
20.10001 0.000946593991403867 0.0023042293160404305 
19.70001 0.0010437129074344737 0.0016875216140146102 
20.30001 0.000548483229780189 0.0015056355013984741 
19.40001 -3.634163425153667e-05 0.0012128889526321176 
19.50001 9.372105113838748e-06 0.001994492940954305 
19.30001 -0.0003242357469435374 0.002057815861426739 
19.80001 -0.00023614518689455636 0.0018573129047841305 
19.90001 5.7115325539619185e-05 0.0021738076005716396 
20.70001 -0.00018313920204591865 0.0020526299158224186 
19.60001 0.0006994163165013719 0.002045235426923484 
20.50001 -0.000832473165664053 0.0016785642785308976 
20.20001 0.0003121233099469477 0.0011162120154561595 
20.00001 0.00030256407994607657 0.0015439160086323529 
21.40001 -0.0003091586220395025 0.0026418961284298994 
20.40001 -0.0003493825664960726 0.001642387944837377 
20.60001 -0.00010003580666701453 0.002180626425903746 
21.60001 0.00010678698077183845 0.0018874977028812566 
20.80001 -0.000232564038575978 0.001479745880475241 
21.50001 -0.00020419048115850975 0.0012913156016408345 
20.90001 0.0011392717355467982 0.0016076191084448829 
21.00001 -3.0212114330481732e-05 0.002389924457981957 
21.10001 -0.0005352772526437841 0.0017731096907495638 
22.20001 0.00023263734575586377 0.0019043735754402072 
21.20001 0.00012275643645443706 0.0012087150366731638 
21.30001 0.0007785869890521759 0.0014764752913726453 
22.10001 0.0006460703453142147 0.001112169727766847 
22.00001 -0.0008094342229470293 0.001136471630597573 
21.80001 -0.0003148429882219648 0.0013777832926121613 
21.70001 0.0008150968940362946 0.0015272702985644425 
21.90001 0.0004210474429272453 0.001581725982036973 
22.70001 0.0011945252527452454 0.0016150890428808275 
23.00001 -0.0005146849106517371 0.00124349128338856 
23.20001 0.0005591904654309225 0.0030724673766875732 
22.40001 -0.0009872865253298861 0.0020581207758723174 
22.60001 3.357603707608676e-05 0.0018027087380832697 
22.30001 -0.0004685217900247461 0.0016334879734952925 
23.60001 -2.1854318261855697e-05 0.002563944365266548 
22.50001 -0.00020399186954662277 0.0021256945601231124 
22.80001 -0.0007604756465908057 0.0016088177649238437 
22.90001 -0.00016036120167695232 0.0032618106081241144 
23.10001 -0.0005902372898829155 0.0022244147263463096 
23.40001 -0.00026039254642172874 0.0021912517685823037 
23.30001 -0.00032840978749074866 0.002035413005403276 
23.50001 0.0003821741012468072 0.0022822525006626045 
23.90001 -9.344621952146276e-05 0.0020211025538345194 
24.00001 0.0004884066037213064 0.00260024565704851 
24.40001 0.00022076356705444137 0.002074782832440687 
23.80001 0.00020539538428153607 0.002118856317595868 
24.50001 -0.00035364729898848513 0.0011299519007932578 
24.10001 -0.00025122390360468794 0.002036729519094451 
24.30001 -0.0007344163191423827 0.0017406513799850672 
23.70001 -0.0009981158047062998 0.002666395561671825 
24.20001 0.0005755447183883056 0.0016293785242232444 
24.60001 -0.0004158235935721216 0.001873723721858834 
25.20001 -0.0004863511945742887 0.0018126557236042592 
25.00001 0.00010380086242677991 0.0017358353934819636 
24.70001 0.00017884995851080994 0.0035013153742088857 
26.00001 -0.0003605106469657268 0.001487726987078286 
25.10001 -0.0004343825170071523 0.002382729432127149 
25.30001 1.2466420526936826e-05 0.0021425938006530295 
25.40001 0.0009538761288840706 0.0015304949193822488 
26.20001 -0.00026960548593914257 0.0014500569327003056 
24.90001 0.00011795774728487364 0.0014807423092937262 
25.90001 0.0006163413514127838 0.0024836858989375067 
25.80001 3.4415721141534206e-06 0.001973322279325679 
24.80001 0.00011494881530036841 0.0016941890642423111 
25.50001 -0.00041053959630622355 0.0009698051084828651 
25.70001 5.9006922732526106e-05 0.001282505693894649 
26.70001 -0.00037174351587357916 0.0016182346539375964 
26.10001 0.0006300763999208639 0.001724589300189705 
25.60001 -0.0007268328335173855 0.0032685244636290753 
26.40001 0.0005251551655982852 0.0019190512588699888 
26.90001 0.0006562031500405729 0.0031667357284560597 
27.10001 -0.0003281339846526301 0.0017487327958528671 
26.60001 -0.0010404515020473876 0.002160008042510039 
26.30001 0.00031986819556606785 0.0018600232426753023 
27.50001 -0.0002616880609151642 0.0026888196758219516 
26.50001 -0.0009039148468020014 0.0023369767567188587 
27.00001 -0.00020781246510338225 0.0018762694383377362 
27.80001 -0.000450477855011273 0.001418474057417418 
26.80001 0.00010824674172021611 0.0020162572504755284 
28.20001 -0.00019153842222470439 0.0016426475852991207 
27.20001 -0.0004469958141040773 0.002155734401482103 
27.60001 -6.22735956631441e-05 0.0012509820646215313 
27.40001 -7.566822206899464e-05 0.002275709786339912 
27.30001 8.631925381564369e-05 0.0011921830021370677 
28.70001 0.0008790325507379123 0.0024712892153681797 
29.00001 -0.0005091532787302351 0.002158807981029318 
27.90001 -0.00013239198935730546 0.0014794411234204047 
28.00001 0.0005142765205052549 0.002126067658301582 
28.60001 0.0004821348339618151 0.0018483874804530388 
27.70001 -0.0009461337592105203 0.0022347140191347646 
28.10001 6.228662042573345e-05 0.0018994288135278303 
28.30001 0.000216776124182603 0.0013408560167319443 
28.40001 0.0007233344339775668 0.00140756681935277 
28.50001 -0.0010222737196512186 0.001438612835985296 
28.80001 -0.0009325724755962706 0.0011425603418160136 
28.90001 0.00041151385283846653 0.0010267240383428188 
30.00001 -0.0006419620159767861 0.0013779707995098059 
29.50001 0.0014618371772177358 0.0017074188191814168 
30.10001 -3.7440733461539e-05 0.0020952189274295423 
29.20001 0.00019399486338503294 0.0017920990429716535 
29.10001 0.001363005063756247 0.002293701252869943 
29.70001 -0.0011128786240229818 0.0015323532133370969 
29.30001 -0.00023578414718083315 0.0018269540731380316 
29.40001 0.0006356806085578855 0.0017711044093623673 
30.40001 -0.00022372127311247003 0.0023212663617616226 
29.60001 -0.0009540257860982116 0.002049174591136891 
29.80001 -0.0008606819238145856 0.0018656042576764742 
29.90001 -0.0008721282607084075 0.001945449320210244 
31.20001 0.00018487756285155083 0.0017437754934935762 
30.20001 -0.0005944471958016436 0.0018421806630702616 
30.30001 0.0006089264056327409 0.0021929019146486365 
30.60001 -0.0012679501429183483 0.001808872515788853 
31.40001 -0.0005458803252340306 0.001851742044447026 
31.30001 0.0002820665879677462 0.0018358806433188201 
30.50001 0.00015485275776124188 0.0013418867603709793 
30.70001 8.954829205596031e-05 0.001918171322778787 
32.00001 0.0006357270628345887 0.0020504205528619414 
30.90001 -0.0001880014945046092 0.001344347805424615 
31.10001 -6.082222059149492e-05 0.0017389649881723117 
30.80001 -0.00025814455928071405 0.0018809893705167711 
31.50001 -0.0009984784637067162 0.001788204296108982 
31.00001 -4.912854205937025e-05 0.0019159807987000294 
32.40001 0.0001481776243800394 0.0030495961427925767 
31.70001 0.0006069852275259782 0.0017818587592654802 
31.80001 0.00045723091833528893 0.00162016240015794 
31.90001 -5.693828729985543e-05 0.002244806913683779 
31.60001 0.00012198341757231692 0.0023987591331412284 
32.80001 -0.0002128763217777252 0.0014820000012749223 
32.10001 -0.0006663319197756462 0.0026860044248216194 
32.90001 2.6794015457244078e-05 0.003542160627958489 
32.30001 -0.00031604894891150567 0.001437476356855526 
32.20001 -0.0007187197962942878 0.0018336102705341605 
32.50001 -0.00021483241828933557 0.002251533406728362 
33.20001 -5.6369067397187205e-05 0.001438150293511561 
33.80001 -0.0012611435946768461 0.0012425631163480294 
32.60001 -0.00021997345175065714 0.0030992681534762275 
32.70001 -0.00036451573908056714 0.0020532338312452838 
33.00001 0.00018907731705550536 0.0018534731429360066 
34.30001 0.00020621352353847655 0.0016672041515982008 
33.40001 -0.0003927727519562821 0.0017577986261038793 
34.00001 0.0001172733071135826 0.0016316872409760249 
33.10001 -0.00011825372520588689 0.0012887676220922992 
33.90001 -0.0005085197153966045 0.0016233693046327287 
34.50001 -1.696101504620307e-05 0.0015964973183574345 
33.30001 -0.0005763953507099687 0.0013792075041388573 
33.50001 0.0003169008192525419 0.001003938569699346 
33.60001 -0.00012300234559796237 0.003166916232302623 
33.70001 0.0003324814796115176 0.002088144715042741 
35.00001 0.00030923194211610576 0.002917865559975768 
34.10001 0.0004170036003080379 0.0017353160093849826 
34.90001 0.0007658945669371779 0.002457101063947978 
34.40001 6.449425704663622e-05 0.0017158490782559173 
35.40001 0.0003891194994743914 0.0017695359369379457 
34.20001 0.00020656089818731036 0.0021387009104458106 
34.70001 -0.0007818750779583048 0.002002689036756131 
34.60001 -0.0005403855389290085 0.0027453931780503597 
34.80001 -0.00019077928490354991 0.0009392899545727267 
36.40001 -0.00026792801686082547 0.0010066821544055045 
35.90001 0.0005602205573798568 0.0023314988991547177 
35.10001 -0.0010413338077969014 0.0029744927954137293 
35.20001 -0.0016585262454867824 0.0025035199505243407 
35.30001 -0.0006610196167571191 0.001462684607265043 
36.60001 -0.0005254050613691992 0.0023772389049147836 
36.80001 -0.00037832625678876924 0.0014597760410428539 
35.60001 -0.0006886488689364284 0.0021821478473339514 
35.50001 0.0009267039684928087 0.0011345031426382465 
35.70001 0.00011304150956556928 0.000982642051500983 
36.20001 -0.000295774740749936 0.0015093269062785362 
35.80001 -0.0012365608594046616 0.003029999857190367 
36.00001 -0.0017085046983683538 0.0022935907177633738 
36.30001 -0.0002278570600754669 0.001370816723370521 
36.10001 0.0002998943422468855 0.0007334641825863904 
36.50001 2.0778934228016175e-05 0.0012048964890501973 
37.30001 -0.0008624856212222997 0.001326181282783986 
36.70001 0.0009547590372440259 0.0017826389110096009 
37.40001 -0.00021783416467292783 0.0020629799649496197 
37.90001 0.00010109808444976763 0.001611763471177376 
37.70001 0.0007281132948802265 0.0021283672502372055 
36.90001 0.0007809226038413643 0.0014886410565127474 
37.00001 -0.0002001975667776519 0.002602801421935778 
37.10001 9.711533814260922e-05 0.0012404636681842373 
37.20001 -1.9085861139930398e-05 0.0029011703036327793 
38.80001 -0.0003382027902975853 0.0016052399655125328 
38.00001 0.00022412357243945454 0.0016578786340603897 
38.10001 -0.0003387805782674445 0.0014447879276485755 
38.20001 -0.000565433952005479 0.00266758872954673 
37.50001 -0.0002209643498090854 0.001628883467104417 
39.20001 0.0003535890963008033 0.0020277506359136287 
37.60001 -0.0008101200423695987 0.0025148719084409255 
37.80001 3.320835287059236e-05 0.0025815938392136743 
38.30001 0.0006999054080325903 0.0015512232551090214 
39.10001 0.00043335641776138693 0.0021574166602424693 
39.30001 -0.00019425883489497964 0.001377891383243948 
38.90001 -0.0007556035777811452 0.0018856282753174306 
38.50001 -0.00026633650415671257 0.0013329872755212416 
38.40001 0.0009332197204872921 0.002175328980734285 
38.60001 0.0005531399966378959 0.0019760221671253093 
39.00001 -0.00011328326939472824 0.0021035400802980517 
39.80001 -0.0001971753575436648 0.0020537262518083147 
38.70001 0.0004905627976297695 0.001830494566517433 
39.90001 -0.0007213884805539274 0.0017547641881291481 
39.50001 -0.000159050177643237 0.002295478665535994 
39.60001 7.64021802409878e-05 0.0019094527826482386 
39.70001 -5.321927344493629e-05 0.0014031263230997423 
39.40001 0.0006775031786908211 0.002653095777155014 
