0.10001 -0.0008955287383623894 0.0005054004268136939 
1e-05 0.00015649911210324725 1.3849515026198727e-05 
0.20001 -0.00010114162117147931 0.00035310969176881324 
0.60001 -0.00045821425108813073 0.0005408403134896829 
0.30001 -0.0011426693213146318 0.002436401470782215 
0.40001 -0.0020016803723853695 0.0018009635769467129 
0.50001 0.0005868161606731289 0.0002689435513200102 
0.90001 0.0008518108050259523 0.0013503044751479757 
0.70001 -0.00029978522357084565 0.0017964374853817544 
0.80001 -0.0015698264159556385 0.0003308159964077271 
1.10001 -0.0016692230281451833 0.0026916874090371547 
1.00001 1.9010629436453665e-05 0.0011862687112926887 
1.20001 -0.0016410258632738022 0.0002932465821788756 
1.30001 0.00018679706054229171 0.001207348960830852 
1.50001 -0.00045895380715533433 0.0006486859109156615 
1.40001 -0.0008261624141269173 3.312249734371809e-05 
1.60001 0.0009452080399187826 0.0013492963446554871 
1.70001 0.0026337490153383963 0.00172092018847409 
1.80001 -0.0018709853396057866 7.108504113018967e-05 
1.90001 0.0005847408301168293 6.0037923887069856e-05 
2.00001 -1.5269293923653675e-05 6.77433517441994e-06 
2.10001 -0.00048265032907989386 6.859376648241311e-05 
2.30001 0.00012506885153040434 0.001077663236513596 
2.40001 -0.0013176727890369202 0.0005083033213399343 
2.50001 -0.0010161137463565633 0.001655095221620054 
2.20001 0.0002220517378125525 0.0006776655344805502 
2.60001 -0.001775465043849025 0.0015498062190092267 
2.70001 -0.0021653838667330004 0.00017266670858094644 
3.00001 0.00024836756553498385 0.0008344815184289855 
2.90001 -5.186838676865535e-05 0.0034676229470344253 
3.10001 0.0011418791713640336 0.0019679902384202473 
2.80001 0.0007285597751600262 0.0029000206684641275 
3.20001 -0.0023090672066047343 0.00229577432519714 
3.40001 0.0006157799600153007 0.0016869237093947976 
3.60001 0.0005843201816530727 0.0002160599406880517 
3.50001 0.00033585586204608504 0.0006844489691907388 
3.30001 -0.0016314730879344104 0.000247620836615204 
3.70001 -0.0012696064556724487 0.0019852718195223253 
3.90001 0.001428730486749461 0.0003670395896493927 
4.10001 -0.0008338105211365205 0.0014480342706994472 
3.80001 0.0005603830157630543 0.0003309508942419795 
4.00001 -0.000205845807285767 0.0007414120726069175 
4.40001 -0.004495692801114169 0.0007779558298139837 
4.20001 0.0013296656556005112 0.001459100784231515 
4.30001 0.0023165969202028755 0.00027549997714791663 
4.70001 7.389599165595062e-05 0.00028489307411715787 
4.60001 -0.003720875621736681 0.0012828035842913674 
4.50001 0.0009870254089888978 2.3615943117916442e-05 
4.80001 -6.656442313852982e-05 0.0018523293565301155 
4.90001 0.00207241727260552 0.0004964535686118931 
5.00001 -0.0022384177555639833 0.00013629799851897265 
5.10001 0.0005106396260693966 0.00027706012848294215 
5.30001 0.003950482207269217 0.002565064469078246 
5.20001 0.00021778157277321556 0.00011440742234588737 
5.50001 -0.0011562761102894778 0.0009052111171136601 
5.40001 0.0007556923210084521 0.0013800590902706277 
5.80001 0.002483402905549777 0.0008304593326381899 
5.70001 0.0008836988223031029 0.0022312743121233884 
5.90001 -0.0016108303483677651 0.002520158537480213 
6.20001 -0.0035146594216559773 0.0009562138210192689 
6.00001 -0.0014891649287345527 0.0019555299822684247 
5.60001 -0.001973122935122297 0.003833897757664088 
6.10001 -0.0012900542573090847 0.0007923306425894126 
6.40001 0.0011281153745195168 0.0012392227794525488 
6.30001 -0.0011023202324573873 0.0001911871855531037 
6.50001 0.0006701520545405503 0.00034187522997466757 
6.60001 0.0010586689876852077 0.0006547383936689813 
7.00001 0.0006934320602955282 5.2760943670404246e-05 
6.80001 0.0010356108441388204 0.0007583494183510999 
7.30001 -0.0006917090384122675 0.0015718184179634536 
7.10001 0.0006616468682484764 6.295034499876782e-05 
6.70001 -0.0014953985236361485 0.0002535335355135889 
7.20001 0.0014251148392125325 0.001373410268638363 
6.90001 0.0008312880844583799 0.0001465276665360143 
7.60001 0.0020560618146672014 0.0006461162872635109 
7.70001 0.00023946399582452024 0.000581664470367062 
7.50001 0.0018744821718497057 0.0014183815259447962 
7.40001 -0.0014379940326746598 0.0003405017753944225 
7.80001 0.00031983195246274655 0.000325778911009019 
8.00001 -0.0009181810973448359 0.00044805428966541446 
7.90001 1.0069718605832718e-05 0.000335811977328036 
8.30001 0.0012961571216601306 0.0009275444703642997 
8.10001 0.001973048468621125 0.001979038983398553 
8.20001 -0.0009825576315036781 0.0015110161683522642 
8.60001 -0.0020546366052715654 0.00027750806497013126 
8.40001 -0.0011823495163665754 0.002285269671323303 
9.00001 0.0003612318407000685 0.0008688379825451578 
8.80001 0.00020059062012256653 0.0002078406734124099 
8.50001 0.0003738197599024752 0.00154615956014356 
8.70001 -0.003164909724067873 0.0013360729685507984 
9.10001 -5.473385451646871e-06 0.0006638637245994809 
8.90001 -0.001478167849517843 0.0017522834783165308 
9.20001 0.0004997313381373036 0.0015454758272401268 
9.30001 0.0004453003194655788 0.0008933516696241273 
9.40001 -0.0003165867276189919 0.0012561307408116246 
9.60001 0.0012205733204396505 0.0011158294019949873 
9.50001 -0.0011919749471883945 0.0006350891764209852 
9.70001 0.002196840942030478 0.001745113553773753 
10.10001 -0.003482736746494382 0.0007726605601613872 
9.90001 -0.001637403646182221 0.0022004501235275697 
9.80001 0.0024313731364017073 0.0008877726515989283 
10.00001 -0.002999781035112568 0.0010026379878519873 
10.20001 0.0006257737717369023 0.0006543945890295608 
10.30001 0.0003394934097967822 8.933679569183428e-06 
10.50001 0.0003134435575132715 0.0007373496449854637 
10.40001 0.00011832491674989393 0.00043793405743297695 
10.90001 -0.0007279796391039376 0.0014852440022552738 
11.10001 0.0016921023466912356 1.97091306957766e-05 
10.60001 0.00033191701033484863 0.0010814219322390734 
11.00001 0.0010741883754569461 0.0008418050115599995 
10.70001 -0.0008509127848570517 0.002313104480492846 
10.80001 -0.0005135908112318161 0.0011306991722661451 
11.30001 0.00045322531256322067 0.0016382170748107236 
11.40001 -0.0025742686227607976 0.0001822215106564531 
11.20001 -8.782379396438006e-05 0.00040320013372680756 
11.50001 0.0002431248414910131 0.00160631204888425 
11.70001 0.0008038574882950361 0.0009222953630355386 
11.60001 0.0004266183526073667 0.001500268515771422 
11.80001 -0.003077420096552824 0.00043210941659565334 
12.10001 -0.0007622707707360093 0.00230482523392092 
11.90001 0.001040094027021855 0.0016878596023547046 
12.00001 0.0001988492621549714 0.00022359379052880297 
12.30001 0.0018627619935140617 0.003269340695189437 
12.50001 -0.0024949552170251167 0.002503845340472167 
12.40001 0.0007916243032144835 0.000932227526701858 
12.20001 0.0007685710951480687 0.00020965212321103757 
13.00001 0.0008098735753365811 0.00015433268026087234 
12.90001 0.0006617514516247295 0.001213387417937876 
13.10001 0.003277250749360005 0.0035707420166776315 
12.70001 -0.0006609552352082924 0.0004809430144657245 
12.60001 -0.0015110928700320595 0.0008995982996300911 
13.20001 0.0009509351450426944 0.0010664215546701923 
12.80001 -0.0015953670005131211 0.001079018326407033 
13.30001 0.002248335728537152 0.000956269096306016 
13.40001 0.00019132839803814422 0.0009698456540918486 
13.60001 -0.006205374952500199 0.0023575113012478588 
14.00001 0.00026762688119221504 0.0005037460540425003 
13.70001 0.001575763003548705 0.0020436478112139944 
13.90001 0.0017691477226928517 0.0006161082402816928 
14.30001 -0.0012721980439477374 0.0010428004231329583 
14.10001 -0.0010620874998468815 0.0006527324674990728 
13.50001 -0.00045538518953124 0.001721510655546011 
14.40001 -0.0014622442551528558 0.002365771348475248 
13.80001 2.2316759984332445e-05 0.0008693549358950302 
14.20001 0.00028116235740162056 0.00047127316285321575 
14.50001 0.00023386057010467572 0.0008726737757831181 
15.00001 -0.001217472598597714 0.002258148316282472 
14.70001 0.0007124528918311706 0.0001625298810318032 
14.60001 -0.0009454107506754009 0.0020289946031077115 
14.80001 0.0006440640315347478 0.00017143803014221413 
15.10001 0.001225708558800259 0.0028167729308590677 
14.90001 -0.0009104778941651368 0.00020542343105046685 
15.30001 -0.0030059838751639685 0.002267708311092624 
15.20001 5.521159439235662e-05 0.0013008165322078448 
15.50001 -3.7249905180999636e-05 3.5670064619589054e-05 
15.70001 -0.0006514780934827442 0.0019848066542779126 
15.40001 -2.4318569007342498e-05 0.0012697505255587465 
15.60001 -0.0012413069175050322 0.0003111886474481678 
15.90001 -0.0017531280300125552 0.005552727660445988 
15.80001 -0.0020300199334390336 0.002282163379912934 
16.30001 -0.011141712765223423 0.0039682997867496 
16.00001 -0.004824292464819278 0.0010048163002030835 
16.10001 -0.012154445536179961 0.0038272765394082343 
16.60001 -0.0015319325845039445 0.0018771865412088842 
16.20001 -0.012604671314285474 0.0010688582939055846 
16.70001 -0.0008243680484635403 0.002036482737929897 
16.90001 -0.0006445359707408673 0.0008297022979544701 
17.00001 0.0007923452488572659 0.0009521696524236687 
16.40001 -0.003183762441797613 0.00016125307115200864 
17.10001 0.00043561742852594445 0.0003652961148040134 
16.50001 -0.0014580188874585762 0.0006882780518461704 
16.80001 0.0018586750639094105 0.0038086733697774997 
17.40001 -0.00490434081258747 0.002627396349776216 
17.20001 0.0007530444136194072 4.3082916618336034e-05 
17.30001 0.0017497808409028177 0.0010158318757870215 
17.50001 -0.00018460454747843048 0.00034952390713601823 
17.70001 -0.0011099267502399912 0.0006588226119664352 
18.10001 0.0013131794078525736 0.003917034263882478 
18.00001 -0.0009106737999878376 0.0005158432790878267 
18.20001 0.00016670884777393645 0.0008622856816668075 
17.60001 0.0004388765884402573 0.0017142681150258444 
18.30001 -0.00017699053839323204 0.0017002957451166464 
17.80001 -0.002101075837407208 0.0014164206584820094 
18.50001 -0.0007191391201790571 0.0025351458611274176 
17.90001 0.0014849883132515651 0.001226429388767758 
18.40001 -0.00021112362856859444 0.0013933452435826279 
18.90001 0.0014606063541523604 0.00033639798338097983 
19.00001 0.0003262271018840174 0.004311385651805489 
18.70001 -0.0007619171559155293 0.0007145226704921596 
18.60001 0.0003978235024520198 0.0003113202618782758 
18.80001 0.001294896121638222 0.00045387778632798064 
19.10001 -0.000558607542360422 0.00026163504981955313 
19.20001 0.000281470253714445 0.0005189837785853812 
19.30001 0.0005720293335419593 0.0003686147083002962 
19.80001 -0.00047991615540551543 0.0005898339504621026 
19.40001 0.001275018105077409 0.0012597450778747577 
19.60001 -0.0027368204196115097 0.001986963011124723 
19.50001 -0.0005656848326903015 0.0013442234359855956 
20.00001 -0.0007782738154142759 0.0007085166194043959 
20.10001 -0.0020663592817543727 0.0021902181319494256 
19.70001 -0.0024426845338225522 0.0009280432467440285 
19.90001 0.0031622815703334283 0.001926646196496359 
20.20001 -0.00011281016119047872 0.0002618708452738738 
20.30001 0.0013440289010666483 0.004370045565400295 
20.40001 9.981613710090262e-05 3.848912455993911e-05 
20.80001 -0.00091069194658465 0.00021720094850444103 
20.90001 -0.00020114756590452663 0.002701135819773052 
20.60001 0.00051512965387309 0.0009877085827017951 
20.70001 -0.00040574891025530873 0.0003056418795855179 
20.50001 -0.0015118407025163881 0.0016604329530357064 
21.10001 0.00045313158252108503 0.002205115921243431 
21.00001 9.980032988807843e-05 0.0006988848638570838 
21.30001 -0.001841220668634866 7.615471865013738e-05 
21.40001 0.0005909812038189952 0.0005528672703887448 
21.20001 -8.509529081789915e-05 0.0030956211843289083 
21.50001 0.0007869529558751931 8.855864423560695e-05 
21.60001 0.0005159329236382437 0.00014939313055313257 
22.00001 -0.0006612734173219736 0.0002321647727719861 
22.10001 -0.0013134692151677014 0.0012612794903270567 
21.70001 0.0012901779108639056 0.0003971020732340577 
21.80001 0.00030010924492395136 0.0013517127872930395 
21.90001 -0.0013813238145262505 0.0004280393600872952 
22.70001 -0.002873091592534011 0.0028049541593237735 
22.20001 0.0009358794790877332 6.901251289752103e-06 
22.90001 -0.001048998568928347 0.0007827144869347281 
22.30001 -0.0007115223160459211 0.00030223890739168325 
22.80001 0.0014793651002235448 0.001978729927066143 
22.40001 -0.0006893160738234637 7.262585219776233e-05 
22.60001 -0.0029232222114912287 0.00241697705331741 
22.50001 0.00047518427481899576 0.0005170343647598175 
23.10001 0.0013750587809301916 0.0028838365513355743 
23.00001 -0.0013982797276483048 0.0008541626180094189 
23.20001 -0.001759097112749431 0.001909539176106486 
23.30001 0.0021805617300809524 0.0020841192364941113 
23.40001 0.0021734970637762308 0.0016141870339261538 
23.50001 0.0024662997251711904 0.0009382224465335671 
23.90001 -0.0016957821905374182 6.743935567204236e-05 
24.10001 -0.0013459452690058504 0.0011920801081029505 
23.70001 0.00013366646831847515 0.00010759268353727506 
24.00001 -0.0009335822645890027 0.0011607179343607718 
23.60001 0.0011441938482881521 0.0008685543553210993 
24.20001 0.00047949808511811814 0.001059165968821395 
23.80001 0.002199224942139096 0.000979432831212207 
24.30001 0.001802685209889862 0.0014874553779365262 
24.80001 0.002645096476376574 0.002906818442318205 
24.60001 -0.002459731359406401 0.003919531716781973 
24.90001 0.0009229351991671351 0.0014792419263963087 
24.70001 -0.0006679203285971853 0.0014118931273293667 
24.40001 0.0010750067964890378 6.758737637615065e-05 
24.50001 0.001973474157910614 0.0024635162634096893 
25.00001 0.00048642677006033796 0.0007518830125658716 
25.10001 0.0006280189796519603 0.0005364312610294074 
25.20001 -0.0010753639850483937 4.282746082892618e-05 
25.30001 0.00032078955074787095 0.0009348339593721009 
25.40001 -0.0031463928290737207 0.0002082304509401071 
25.70001 0.000178861330130087 0.0007892240946850637 
26.00001 -0.00014324189241989114 0.0015097546084581936 
25.50001 7.78434441039915e-05 0.0001494298704982172 
26.10001 -0.0004003564797709021 0.0008352881736690448 
26.20001 3.4183635796445136e-05 0.0004663920477177789 
25.90001 -0.0010947095124774393 0.0014323328356820927 
25.80001 0.0020635437119558933 0.0004484219043339355 
25.60001 -0.0008092596402768204 5.852813095206182e-05 
26.70001 -0.00013040958583935777 0.00020520561865206547 
26.40001 -0.0009811224881871286 0.0017210273920904517 
27.00001 -0.0018053403762122212 0.002548795374811581 
26.80001 -0.003126743702425152 0.0015288234908271765 
26.30001 -0.00041843927314423433 0.0004057651990072002 
27.10001 -0.0017292585318128945 0.0009123383169276372 
26.50001 0.0016448161458691218 0.0002635741445903935 
26.90001 -0.00021907495144788563 0.003172881616435623 
26.60001 -0.0014290853261783487 0.0001586451182770481 
27.20001 -0.0018036568935522795 0.0025663688039801276 
27.30001 0.0012970409882605766 0.0017024250314621055 
27.50001 0.0008152543563567079 0.0035258084876157152 
27.60001 0.0005166387417691699 0.0014009927791270105 
27.40001 -0.0009416612187186934 0.001375560708841773 
27.80001 -0.00010827203218040848 0.002886812284832033 
28.10001 0.0001822750781834081 0.0006403512667493654 
27.70001 0.00172646057305784 0.00052731239393043 
28.00001 -0.0012432052665075806 0.0001305808223065186 
27.90001 -0.0004601903942617038 0.00016696636638142726 
28.30001 -0.0016109741820486288 0.0008246910835597597 
28.70001 -0.0025946601276040197 0.0013211697766754942 
28.40001 -0.000597589719015443 1.7900850733547954e-05 
28.20001 -0.0014540533268798915 0.002962462518054437 
28.50001 0.0002866176174665421 0.00012682215922281997 
28.60001 -0.0038840182548501327 0.0020014321258037156 
28.90001 -0.002075032946793438 0.001435679545535688 
28.80001 0.0003683713662686398 0.00019808790870275551 
29.10001 0.0008128072315375851 0.00013120578989439844 
29.00001 0.0016651326965634527 0.00024579752455503425 
29.70001 -0.0012680423057478173 0.0015451097015047673 
29.20001 0.0025830238571326845 0.0013323494966118656 
29.50001 -0.0009825197279117349 0.0004253028912132187 
30.10001 -0.0004820709515899965 0.0022589993234892183 
29.30001 -5.177229119203506e-05 0.001103601288959403 
29.80001 0.0008112472236888493 0.0015297663730651874 
29.40001 -0.000854127821160107 8.841540518203755e-06 
30.00001 0.001307137969272079 0.00045509483685304933 
29.90001 -0.0015976458609658413 0.0013386930321010963 
29.60001 0.002401084704408824 0.0005454015535323667 
30.30001 -0.001990321625577161 0.001967533056868146 
30.20001 -0.0019913831041215918 0.00040750584174766924 
30.50001 -0.0009800963523961526 0.0016138534743592482 
30.70001 0.00048634533324805687 0.0011560746198121708 
30.40001 0.0018732078212623533 0.0009957588232762256 
31.00001 0.0015217087662320952 0.0018699086034078306 
30.80001 -0.00033499126723461506 0.0015752623627108935 
31.10001 6.370551906912671e-05 0.0010959504692970503 
31.20001 0.004148541266975309 0.001733705859308131 
30.90001 0.0011781090215399895 0.0002517161160415363 
30.60001 -0.0011053289994624386 0.00020571179420041374 
31.50001 0.002788615577796247 0.0035650340718515324 
31.40001 0.0008054117700004141 0.0013143884723928311 
31.70001 0.0020086107202333843 0.000353167329460315 
31.30001 0.0014908784359953292 0.00168248721046967 
31.60001 -0.0013157688538046237 0.0008218086800845256 
31.80001 -0.0009416799912535842 0.000707448740567465 
32.00001 -3.140832139967675e-05 0.001388323624709854 
31.90001 -0.0013982864710900878 0.00468599304208246 
32.10001 -0.0013221854461775199 0.00016406953245621094 
32.20001 -0.00020991744944441807 0.00024764222364557565 
32.70001 -0.0028683880022217826 0.001985711565161918 
32.40001 -0.0007622549078628984 0.0005356232006577127 
32.50001 0.000304144143546917 0.001359435579283618 
32.60001 -0.0007682800263399181 0.0021670481429621096 
32.80001 -0.0003393753581919167 0.0024719422925636057 
32.30001 -0.001980784445241741 0.002176962000901139 
33.10001 -0.0012983110381104084 0.0019116380769004214 
33.00001 0.0007699296661001914 0.0002489604933989523 
32.90001 0.004429249030405863 0.0012241968433769805 
33.20001 0.0006786787224011255 0.0009219129487524436 
33.30001 -0.0009190279781438029 0.0007582556742435219 
33.50001 -0.0010447131439152433 0.00039493369552156995 
33.40001 -0.0007022609431033903 0.0022065244775038863 
34.00001 0.0012147290552559933 0.002934884982469145 
33.60001 0.0007806052286561083 0.0007981565298154649 
34.10001 -0.0010000042321567744 4.931658341411204e-05 
34.20001 6.873928909296588e-05 0.0017560977497804954 
33.90001 -0.0023406921758149547 0.002794613895031546 
34.30001 -9.46461956304212e-05 7.092490562082356e-05 
34.40001 -0.00041692583159632003 0.0013196188107291048 
33.70001 -0.000463492815202513 0.00048521974822323446 
33.80001 -0.0007583485750455548 0.0027874481339757932 
34.60001 -0.002666406139681508 0.0019004071013845863 
34.50001 0.0019579463986715536 0.0011093825476042314 
34.70001 -0.0030825082280873115 0.0017479783443238755 
34.90001 -0.0022617845106137693 0.0009212177847875167 
35.10001 -0.00025437802179030945 0.0008203484114055873 
34.80001 0.0009939938507535287 0.0026806847740118538 
35.30001 -0.0005574978841366893 0.0008047741230427887 
35.60001 0.00012263765247481125 0.001093979446714914 
35.00001 0.0005418266275228313 0.00044559224586314844 
35.70001 0.002794982628768477 0.00039323387886983714 
35.40001 0.0004569686291402108 0.00048403916997891014 
35.50001 -0.0010552535589291828 0.0003689327041868139 
35.80001 -0.00027994354888510344 0.001474209402091916 
35.90001 2.3916238300152905e-05 0.00026949428219975375 
35.20001 0.0014854949289098457 0.0019890117604464182 
36.10001 0.00020561654603058318 6.085770904460468e-05 
36.00001 0.0002835982875423774 0.0004147938979917082 
36.20001 0.00019509567765535094 0.0002705013450010047 
36.60001 -0.0012930168909036119 0.0008996199627646855 
36.40001 -0.0004372911231928021 0.0004217669332540888 
36.80001 -0.0004181440742567043 0.000550104904798244 
36.50001 -0.0007947884463274427 3.5466457873940046e-05 
36.30001 -0.00020711407877240483 0.0030058891529367695 
36.70001 -0.0011340599407738009 0.0010374655956588556 
36.90001 -0.0006271680825157668 0.0013225119358369146 
37.10001 0.0005111732527572744 0.00046644869791758576 
37.20001 0.001308208661801129 0.00023968907126176522 
37.30001 9.584478183637094e-05 0.00014397058544593204 
37.40001 -0.0016037407832813731 0.00018785256142376844 
37.50001 0.0011690141749586109 0.001248398469617679 
37.00001 7.51063135934861e-05 0.00029824463017262223 
37.60001 0.0011973260073970672 0.0014668061384173273 
37.90001 -0.0002862729894611602 0.00020683591103381148 
37.80001 0.0014267667780340112 0.00036057597048624846 
37.70001 -0.002265517019035622 0.001637840464604409 
38.20001 0.0005038134718800601 0.0009291851386052249 
38.00001 -0.0004594267020461974 0.00012625018254404014 
38.10001 -0.0007269654732564529 0.00045576000961324416 
38.30001 -0.0021351876731584203 0.003710007980884387 
38.60001 0.0008899817969380994 0.00042025532082569963 
38.70001 -6.27609651964329e-05 0.0015930747292340268 
38.80001 0.0005797913800013638 0.0007105282319423907 
38.40001 0.0005887535858232506 0.0021348185788688683 
38.90001 0.002708589930986697 0.0027201066938867136 
39.00001 0.0006447451015138149 0.000779410704092568 
39.10001 0.00012289378185737475 0.0017846216378325703 
38.50001 -0.0010181467054692218 0.0018993493014709422 
39.20001 -0.0009830985583684127 0.00011253067513841897 
39.60001 0.0013033953618947671 0.0009896665025515249 
39.40001 -0.0004980296419998091 0.00031181758510969863 
39.30001 0.00035464871033492 0.0003151691284035715 
39.80001 -0.001721761324889336 0.0006012758723122129 
39.90001 0.00015240233488112906 3.0345372184192254e-05 
39.50001 0.0013089197565020777 0.0014626296260306399 
39.70001 -0.0006256849534468227 0.00046235327846302725 
