1.000000000000000000e+00 2.000000000000000000e+00 0.000000000000000000e+00
1.099999999999988987e+00 1.997600966763856123e+00 1.999200209327858021e-03
1.199999999999977973e+00 1.990415465386778715e+00 7.987208599761893776e-03
1.299999999999966960e+00 1.978478251497375995e+00 1.793529502773193868e-02
1.399999999999955946e+00 1.961847096082022679e+00 3.179573102677283464e-02
1.499999999999944933e+00 1.940602525773619247e+00 4.950202190972023686e-02
1.599999999999933920e+00 1.914847445046537366e+00 7.096923041457633974e-02
1.699999999999922906e+00 1.884706641617594158e+00 9.609439042561104816e-02
1.799999999999911893e+00 1.850326177333157185e+00 1.247570088129335564e-01
1.899999999999900879e+00 1.811872667711996066e+00 1.568196529553889385e-01
1.999999999999889866e+00 1.769532454116347298e+00 1.921286210474648370e-01
2.099999999999878852e+00 1.723510673248755509e+00 2.305146918449023918e-01
2.199999999999867839e+00 1.674030229325574659e+00 2.717939500785426787e-01
2.299999999999856826e+00 1.621330674857961229e+00 3.157686833649821501e-01
2.399999999999845812e+00 1.565667006494790181e+00 3.622283460673959010e-01
2.499999999999834799e+00 1.507308382863294716e+00 4.109505852132770420e-01
2.599999999999823785e+00 1.446536771790234877e+00 4.617023232596907945e-01
2.699999999999812772e+00 1.383645534675768785e+00 5.142408922134028559e-01
2.799999999999801759e+00 1.318937956093609420e+00 5.683152133644759907e-01
2.899999999999790745e+00 1.252725726887316648e+00 6.236670166786117964e-01
2.999999999999779732e+00 1.185327389136156873e+00 6.800320937154999967e-01
3.099999999999768718e+00 1.117066751399018232e+00 7.371415777973850947e-01
3.199999999999757705e+00 1.048271282628929546e+00 7.947232450437488049e-01
3.299999999999746692e+00 9.792704930851563461e-01 8.525028298134752491e-01
3.399999999999735678e+00 9.103943104552196797e-01 9.102053480544187725e-01
3.499999999999724665e+00 8.419714592426804645e-01 9.675564220498370505e-01
3.599999999999713651e+00 7.743278513012572528e-01 1.024283600071726363e+00
3.699999999999702638e+00 7.077849952251756838e-01 1.080117664499006480e+00
3.799999999999691624e+00 6.426584321494999141e-01 1.134793922036582581e+00
3.899999999999680611e+00 5.792562053625985863e-01 1.188053469776927606e+00
3.999999999999669598e+00 5.178773709686582682e-01 1.239644430980266554e+00
4.099999999999658584e+00 4.588105566466158525e-01 1.289323154612731059e+00
4.199999999999647571e+00 4.023325753301805752e-01 1.336855372872736147e+00
4.299999999999636557e+00 3.487071003836837435e-01 1.382017311153180605e+00
4.399999999999625544e+00 2.981834085717465777e-01 1.424596745132744369e+00
4.499999999999614531e+00 2.509951968106522435e-01 1.464393999959394899e+00
4.599999999999603517e+00 2.073594783356267346e-01 1.501222886786722999e+00
4.699999999999592504e+00 1.674755635133546305e-01 1.534911572243732536e+00
4.799999999999581490e+00 1.315241300738123342e-01 1.565303376761379539e+00
4.899999999999570477e+00 9.966638704540507765e-02 1.592257498040453800e+00
4.999999999999559464e+00 7.204333617455817296e-02 1.615649656321339389e+00
5.099999999999548450e+00 4.877513411489171197e-02 1.635372658506953458e+00
5.199999999999537437e+00 2.996055818622917269e-02 1.651336878590067725e+00
5.299999999999526423e+00 1.567657801831369782e-02 1.663470652250004012e+00
5.399999999999515410e+00 5.978034894442239150e-03 1.671720583904693136e+00
5.499999999999504396e+00 8.974300923404415591e-04 1.676051764935402533e+00
5.599999999999493383e+00 4.448229919119024321e-04 1.676447902236411380e+00
5.699999999999482370e+00 4.607839193447716038e-03 1.672911356679865236e+00
5.799999999999471356e+00 1.335178836945274602e-02 1.665463091524474581e+00
5.899999999999460343e+00 2.661989105232850580e-02 1.654142531234648938e+00
5.999999999999449329e+00 4.433361302990922181e-02 1.639007331612967189e+00
6.099999999999438316e+00 6.639310548070222195e-02 1.620133062580753514e+00
6.199999999999427303e+00 9.267774844041434812e-02 1.597612805369455602e+00
6.299999999999416289e+00 1.230467946607712026e-01 1.571556666301520355e+00
6.399999999999405276e+00 1.573401103998684214e-01 1.542091209746409231e+00
6.499999999999394262e+00 1.953790091635568271e-01 1.509358813230215146e+00
6.599999999999383249e+00 2.369671739017815970e-01 1.473516948056459386e+00
6.699999999999372235e+00 2.818916626740253228e-01 1.434737389157298315e+00
6.799999999999361222e+00 3.299239923649708306e-01 1.393205358234727687e+00
6.899999999999350209e+00 3.808212946776082242e-01 1.349118604568260382e+00
6.999999999999339195e+00 4.343275383553553137e-01 1.302686428152756593e+00
7.099999999999328182e+00 4.901748113691374309e-01 1.254128650091594244e+00
7.199999999999317168e+00 5.480846566236452500e-01 1.203674535403220336e+00
7.299999999999306155e+00 6.077694545703484774e-01 1.151561673606050107e+00
7.399999999999295142e+00 6.689338459464353459e-01 1.098034822627734552e+00
7.499999999999284128e+00 7.312761876811555428e-01 1.043344721741807701e+00
7.599999999999273115e+00 7.944900348223848940e-01 9.877468793662662616e-01
7.699999999999262101e+00 8.582656411530195095e-01 9.315003416650089463e-01
7.799999999999251088e+00 9.222914710090308610e-01 8.748664479721344200e-01
7.899999999999240075e+00 9.862557146956680842e-01 8.181075791102034866e-01
7.999999999999229061e+00 1.049847799831917339e+00 7.614859046934451259e-01
8.099999999999218048e+00 1.112759890943306962e+00 7.052621354959364153e-01
8.199999999999207034e+00 1.174688369680109590e+00 6.496942869221629113e-01
8.299999999999196021e+00 1.235335288174156609e+00 5.950364595413879520e-01
8.399999999999185007e+00 1.294409788261869920e+00 5.415376425395708182e-01
8.499999999999173994e+00 1.351629479588065896e+00 4.894405458024436717e-01
8.599999999999162981e+00 1.406721769951180034e+00 4.389804661734289515e-01
8.699999999999151967e+00 1.459425141647490820e+00 3.903841932309690677e-01
8.799999999999140954e+00 1.509490367990091064e+00 3.438689597053039559e-01
8.899999999999129940e+00 1.556681664583678737e+00 2.996414414062441023e-01
8.999999999999118927e+00 1.600777770284983692e+00 2.578968112653662881e-01
9.099999999999107914e+00 1.641572953069465157e+00 2.188178518095761638e-01
9.199999999999096900e+00 1.678877936292370698e+00 1.825741300802017630e-01
9.299999999999085887e+00 1.712520741141327463e+00 1.493212386928038093e-01
9.399999999999074873e+00 1.742347441470598834e+00 1.192001063970748037e-01
9.499999999999063860e+00 1.768222827705628886e+00 9.233638114464599866e-02
9.599999999999052847e+00 1.790030977083033603e+00 6.883988830608113452e-02
9.699999999999041833e+00 1.807675728110331281e+00 4.880416629965584480e-02
9.799999999999030820e+00 1.821081057736843478e+00 3.230608150687308555e-02
9.899999999999019806e+00 1.830191360290591929e+00 1.940552395643047046e-02
9.999999999999008793e+00 1.834971627732418176e+00 1.014518486282123787e-02
1.009999999999899778e+01 1.835407531218694821e+00 4.550416710104986801e-03
1.019999999999898677e+01 1.831505404366052137e+00 2.629176177654178690e-03
1.029999999999897575e+01 1.823292128996929939e+00 4.372049813946383631e-03
1.039999999999896474e+01 1.810814924524818625e+00 9.752361977995303854e-03
1.049999999999895373e+01 1.794141042517518381e+00 1.872636418683713139e-02
1.059999999999894271e+01 1.773357368361952346e+00 3.123350463282750442e-02
1.069999999999893170e+01 1.748569932351516698e+00 4.719677626767187356e-02
1.079999999999892069e+01 1.719903332919214600e+00 6.652314149256779996e-02
1.089999999999890967e+01 1.687500075129048538e+00 8.910403114725337637e-02
1.099999999999889866e+01 1.651519827883024760e+00 1.148159151565580766e-01
1.109999999999888765e+01 1.612138603592744079e+00 1.435209418724772978e-01
1.119999999999887663e+01 1.569547864307185625e+00 1.750676428434624066e-01
1.129999999999886562e+01 1.523953558503501116e+00 2.092916994509605999e-01
1.139999999999885461e+01 1.475575092964940049e+00 2.460167675765258799e-01
1.149999999999884359e+01 1.424644244410135263e+00 2.850553562015676334e-01
1.159999999999883258e+01 1.371404015822561329e+00 3.262097555968859752e-01
1.169999999999882156e+01 1.316107442752034284e+00 3.692730105324444345e-01
1.179999999999881055e+01 1.259016355206658222e+00 4.140299337310907046e-01
1.189999999999879954e+01 1.200400101089002414e+00 4.602581546057699646e-01
1.199999999999878852e+01 1.140534237432084375e+00 5.077291981599090231e-01
1.209999999999877751e+01 1.079699195945462264e+00 5.562095887975375685e-01
1.219999999999876650e+01 1.018178929584214965e+00 6.054619736841795330e-01
1.229999999999875548e+01 9.562595469893824252e-01 6.552462602234619959e-01
1.239999999999874447e+01 8.942279417028610178e-01 7.053207621679689066e-01
1.249999999999873346e+01 8.323704230290206452e-01 7.554433488658913731e-01
1.259999999999872244e+01 7.709713553123449525e-01 8.053725921563531509e-01
1.269999999999871143e+01 7.103118122474255669e-01 8.548689054648194174e-01
1.279999999999870042e+01 6.506682526499281138e-01 9.036956697147735529e-01
1.289999999999868940e+01 5.923112239001220303e-01 9.516203407606199649e-01
1.299999999999867839e+01 5.355040990311717986e-01 9.984155331592045046e-01
1.309999999999866738e+01 4.805018531880929644e-01 1.043860075230961026e+00
1.319999999999865636e+01 4.275498849456720318e-01 1.087740030515372602e+00
1.329999999999864535e+01 3.768828877596004379e-01 1.129849680899016606e+00
1.339999999999863434e+01 3.287237766338315659e-01 1.169992466886639493e+00
1.349999999999862332e+01 2.832826749025266211e-01 1.207981880699355637e+00
1.359999999999861231e+01 2.407559658193610119e-01 1.243642308117012485e+00
1.369999999999860130e+01 2.013254133970300008e-01 1.276809815237099688e+00
1.379999999999859028e+01 1.651573566376450808e-01 1.307332876595705962e+00
1.389999999999857927e+01 1.324019809498832856e-01 1.335073041389178483e+00
1.399999999999856826e+01 1.031926701750573439e-01 1.359905534842726693e+00
1.409999999999855724e+01 7.764544225076980277e-02 1.381719792095383648e+00
1.419999999999854623e+01 5.585847112697440997e-02 1.400419922307403642e+00
1.429999999999853522e+01 3.791169711045289104e-02 1.415925101045714785e+00
1.439999999999852420e+01 2.386652734453189803e-02 1.428169889361621481e+00
1.449999999999851319e+01 1.376562762927562716e-02 1.437104478346096448e+00
1.459999999999850218e+01 7.632806256485396082e-03 1.442694858322688178e+00
1.469999999999849116e+01 5.472989982366852947e-03 1.444922912218886024e+00
1.479999999999848015e+01 7.272291702178292246e-03 1.443786433038726003e+00
1.489999999999846914e+01 1.299816884092977812e-02 1.439299065738101957e+00
1.499999999999845812e+01 2.259967094801839174e-02 1.431490174178333685e+00
1.509999999999844711e+01 3.600777449596397062e-02 1.420404634198769278e+00
1.519999999999843610e+01 5.313580244487362686e-02 1.406102554201997368e+00
1.529999999999842508e+01 7.387992574940141499e-02 1.388658924985364029e+00
1.539999999999841407e+01 9.811974365040168622e-02 1.368163200877227759e+00
1.549999999999840306e+01 1.257189392987839160e-01 1.344718814545258212e+00
1.559999999999839204e+01 1.565260069904634010e-01 1.318442628139159245e+00
1.569999999999838103e+01 1.903750470371144976e-01 1.289464323708890969e+00
1.579999999999837001e+01 2.270866240519917867e-01 1.257925736105620862e+00
1.589999999999835900e+01 2.664686841943788020e-01 1.223980131820025630e+00
1.599999999999834799e+01 3.083175266950428650e-01 1.187791437447396348e+00
1.609999999999833875e+01 3.524188247844412536e-01 1.149533421681286915e+00
1.619999999999832596e+01 3.985486909677831147e-01 1.109388834933342727e+00
1.629999999999831317e+01 4.464747814310520702e-01 1.067548510850384602e+00
1.639999999999830393e+01 4.959574342038481354e-01 1.024210434153637550e+00
1.649999999999829470e+01 5.467508355273700271e-01 9.795787793580541525e-01
1.659999999999828191e+01 5.986042086688515562e-01 9.338629250444522301e-01
1.669999999999826912e+01 6.512630192063920687e-01 8.872764484521020734e-01
1.679999999999825988e+01 7.044701906281790604e-01 8.400361052333890077e-01
1.689999999999825064e+01 7.579673240036438608e-01 7.923607992616933382e-01
1.699999999999823785e+01 8.114959155240535349e-01 7.444705474050700156e-01
1.709999999999822506e+01 8.647985658762801231e-01 6.965854441705695566e-01
1.719999999999821583e+01 9.176201756829666101e-01 6.489246310853178379e-01
1.729999999999820659e+01 9.697091215875567327e-01 6.017052756152079240e-01
1.739999999999819380e+01 1.020818407958005825e+00 5.551415643293495794e-01
1.749999999999818101e+01 1.070706789594932928e+00 5.094437149052204461e-01
1.759999999999817177e+01 1.119139861203874542e+00 4.648170114362095706e-01
1.769999999999816254e+01 1.165891109667509751e+00 4.214608673565847230e-01
1.779999999999814975e+01 1.210742925291997230e+00 3.795679201409910553e-01
1.789999999999813696e+01 1.253487568215623682e+00 3.393231617695598445e-01
1.799999999999812772e+01 1.293928086108519171e+00 3.009031087745824840e-01
1.809999999999811848e+01 1.331879179230293087e+00 2.644750154995108016e-01
1.819999999999810569e+01 1.367168008895363274e+00 2.301961340024265279e-01
1.829999999999809290e+01 1.399634945449339529e+00 1.982130238221172791e-01
1.839999999999808367e+01 1.429134251994568894e+00 1.686609145940831944e-01
1.849999999999807443e+01 1.455534700337960397e+00 1.416631242554081127e-01
1.859999999999806164e+01 1.478720115995713069e+00 1.173305353116884525e-01
1.869999999999804885e+01 1.498589849583148226e+00 9.576113135674482746e-02
1.879999999999803961e+01 1.515059172507845053e+00 7.703959573920118875e-02
1.889999999999803038e+01 1.528059595498272305e+00 6.123697396200043080e-02
1.899999999999801759e+01 1.537539109066979215e+00 4.841040108616364440e-02
1.909999999999800480e+01 1.543462345486652731e+00 3.860289509204516134e-02
1.919999999999799556e+01 1.545810662253304990e+00 3.184321683306222395e-02
1.929999999999798632e+01 1.544582147353867452e+00 2.814579690002847953e-02
1.939999999999797353e+01 1.539791546977115733e+00 2.751072939997827038e-02
1.949999999999796074e+01 1.531470116627119626e+00 2.992383234235190814e-02
1.959999999999795151e+01 1.519665396912974309e+00 3.535677401863983327e-02
1.969999999999794227e+01 1.504440915592604622e+00 4.376726446009022303e-02
1.979999999999792948e+01 1.485875817743119054e+00 5.509931076308246384e-02
1.989999999999791669e+01 1.464064426218795845e+00 6.928353478450692549e-02
1.999999999999790745e+01 1.439115734845860306e+00 8.623755143126039802e-02
2.009999999999789821e+01 1.411152837086382839e+00 1.058664055000147902e-01
2.019999999999788542e+01 1.380312293178505012e+00 1.280630647669915301e-01
2.029999999999787264e+01 1.346743439019082889e+00 1.527089667835051789e-01
2.039999999999786340e+01 1.310607640287054343e+00 1.796746166024649760e-01
2.049999999999785416e+01 1.272077495508391332e+00 2.088202324443645119e-01
2.059999999999784137e+01 1.231335991937427377e+00 2.399964361091065368e-01
2.069999999999782858e+01 1.188575618286271673e+00 2.730449847529874963e-01
2.079999999999781934e+01 1.143997438480273798e+00 3.077995404788299583e-01
2.089999999999781011e+01 1.097810130757243874e+00 3.440864740323085202e-01
2.099999999999779732e+01 1.050228996569675610e+00 3.817256987594526696e-01
2.109999999999778453e+01 1.001474943896101921e+00 4.205315308599781310e-01
2.119999999999777529e+01 9.517734497132408489e-01 4.603135718688407541e-01
2.129999999999776605e+01 9.013535065096668353e-01 5.008776092157475324e-01
2.139999999999775326e+01 8.504465578121132019e-01 5.420265306490996693e-01
2.149999999999774047e+01 7.992854277319367817e-01 5.835612482690915037e-01
2.159999999999773124e+01 7.481032495199191334e-01 6.252816278928808869e-01
2.169999999999772200e+01 6.971323980464239067e-01 6.669874194737764883e-01
2.179999999999770921e+01 6.466034310243100602e-01 7.084791843144849777e-01
2.189999999999769642e+01 5.967440436798128189e-01 7.495592148514077513e-01
2.199999999999768718e+01 5.477780414717247082e-01 7.900324428414901012e-01
2.209999999999767795e+01 4.999243353589152838e-01 8.297073318560844735e-01
2.219999999999766516e+01 4.533959640139501590e-01 8.683967500766266445e-01
2.229999999999765237e+01 4.083991472621234520e-01 9.059188194969671759e-01
2.239999999999764313e+01 3.651323748731557517e-01 9.420977377650219253e-01
2.249999999999763389e+01 3.237855346328916695e-01 9.767645690436425054e-01
2.259999999999762110e+01 2.845390833686424759e-01 1.009758000434210823e+00
2.269999999999760831e+01 2.475632643096137564e-01 1.040925060684458447e+00
2.279999999999759908e+01 2.130173738580335707e-01 1.070121798092388943e+00
2.289999999999758984e+01 1.810490805559064054e-01 1.097213914716367311e+00
2.299999999999757705e+01 1.517937987717774828e-01 1.122077354208998567e+00
2.309999999999756426e+01 1.253741194058053954e-01 1.144598840805284512e+00
2.319999999999755502e+01 1.018992997108394971e-01 1.164676367217404751e+00
2.329999999999754579e+01 8.146481413839085084e-02 1.182219629415961926e+00
2.339999999999753300e+01 6.415196792769325973e-02 1.197150406513796561e+00
2.349999999999752021e+01 5.002757495592564246e-02 1.209402884210266205e+00
2.359999999999751097e+01 3.914370115793729815e-02 1.218923920502949398e+00
2.369999999999750173e+01 3.153747460481778897e-02 1.225673252626955145e+00
2.379999999999748894e+01 2.723096309751776162e-02 1.229623644442224384e+00
2.389999999999747615e+01 2.623111987360557049e-02 1.230760973754305265e+00
2.399999999999746692e+01 2.852979772985238596e-02 1.229084259325489148e+00
2.409999999999745768e+01 3.410383152413790087e-02 1.224605627610866776e+00
2.419999999999744489e+01 4.291518864372140946e-02 1.217350219532798095e+00
2.429999999999743210e+01 5.491118663527016358e-02 1.207356037888643430e+00
2.439999999999742286e+01 7.002477681617404193e-02 1.194673736262053865e+00
2.449999999999741362e+01 8.817489235166872663e-02 1.179366350577089717e+00
2.459999999999740083e+01 1.092668589937321605e-01 1.161508974693443941e+00
2.469999999999738804e+01 1.331928664200852375e-01 1.141188381690037446e+00
2.479999999999737881e+01 1.598324978609622082e-01 1.118502592724792688e+00
2.489999999999736957e+01 1.890533154421979722e-01 1.093560395590558842e+00
2.499999999999735678e+01 2.207114984067336250e-01 1.066480815310801411e+00
2.509999999999734399e+01 2.546525311168208461e-01 1.037392539332515851e+00
2.519999999999733475e+01 2.907119375012489626e-01 1.006433300075924464e+00
2.529999999999732552e+01 3.287160584047310596e-01 9.737492177869956356e-01
2.539999999999731273e+01 3.684828681208761059e-01 9.394941068120554739e-01
2.549999999999729994e+01 4.098228262397210497e-01 9.038287485682733324e-01
2.559999999999729070e+01 4.525397608102527669e-01 8.669201346246347972e-01
2.569999999999728146e+01 4.964317787029836615e-01 8.289406834312691430e-01
2.579999999999726867e+01 5.412921989547819779e-01 7.900674343428391033e-01
2.589999999999725588e+01 5.869105047859901614e-01 7.504812226726041979e-01
2.599999999999724665e+01 6.330733099017263887e-01 7.103658395876402132e-01
2.609999999999723741e+01 6.795653346361608671e-01 6.699071807115221100e-01
2.619999999999722462e+01 7.261703874862577290e-01 6.292923873380527056e-01
2.629999999999721183e+01 7.726723476164900628e-01 5.887089841776432797e-01
2.639999999999720259e+01 8.188561439893061733e-01 5.483440175575413633e-01
2.649999999999719336e+01 8.645087268644879863e-01 5.083831979779137589e-01
2.659999999999718057e+01 9.094200274985788646e-01 4.690100508902942944e-01
2.669999999999716778e+01 9.533839019619345656e-01 4.304050795132500773e-01
2.679999999999715854e+01 9.961990550816136603e-01 3.927449434334199796e-01
2.689999999999714930e+01 1.037669940620396414e+00 3.562016566587362099e-01
2.699999999999713651e+01 1.077607633915333096e+00 3.209418086944444415e-01
2.709999999999712372e+01 1.115830673326638767e+00 2.871258121028599786e-01
2.719999999999711449e+01 1.152165866992475474e+00 2.549071798836008984e-01
2.729999999999710525e+01 1.186449061546072103e+00 2.244318358744360753e-01
2.739999999999709246e+01 1.218525869611339685e+00 1.958374612231697787e-01
2.749999999999707967e+01 1.248252353027747397e+00 1.692528798201663742e-01
2.759999999999707043e+01 1.275495658844505886e+00 1.447974854097071051e-01
2.769999999999706120e+01 1.300134605173948854e+00 1.225807129172342275e-01
2.779999999999704841e+01 1.322060214034457504e+00 1.027015563383358587e-01
2.789999999999703562e+01 1.341176188390445612e+00 8.524813533336725313e-02
2.799999999999702638e+01 1.357399330741557275e+00 7.029731245753492730e-02
2.809999999999701714e+01 1.370659900846652679e+00 5.791436272960216736e-02
2.819999999999700435e+01 1.380901910483125050e+00 4.815269700299367600e-02
2.829999999999699156e+01 1.388083353520703334e+00 4.105364035212325652e-02
2.839999999999698233e+01 1.392176369993999296e+00 3.664626642618096924e-02
2.849999999999697309e+01 1.393167343250534262e+00 3.494728845457855532e-02
2.859999999999696030e+01 1.391056929610482884e+00 3.596100731506399889e-02
2.869999999999694751e+01 1.385860020308683049e+00 3.967931679882310408e-02
2.879999999999693827e+01 1.377605635830368547e+00 4.608176592804553995e-02
2.889999999999692903e+01 1.366336753127952663e+00 5.513567790177800049e-02
2.899999999999691624e+01 1.352110066644701680e+00 6.679632496721339685e-02
2.909999999999690345e+01 1.334995684571339547e+00 8.100715823834095386e-02
2.919999999999689422e+01 1.315076762308867053e+00 9.770009121539802166e-02
2.929999999999688498e+01 1.292449075644318546e+00 1.167958355002950560e-01
2.939999999999687219e+01 1.267220536596358027e+00 1.382042869586042610e-01
2.949999999999685940e+01 1.239510655186177646e+00 1.618249603499808953e-01
2.959999999999685016e+01 1.209449950524848161e+00 1.875474702366929092e-01
2.969999999999684093e+01 1.177179314627512463e+00 2.152520557837394599e-01
2.979999999999682814e+01 1.142849332346127733e+00 2.448101468821785032e-01
2.989999999999681535e+01 1.106619560822813098e+00 2.760849688589429030e-01
2.999999999999680611e+01 1.068657771931494915e+00 3.089321828809700188e-01
3.009999999999679687e+01 1.029139161278280978e+00 3.432005590193805133e-01
3.019999999999678408e+01 9.882455274323431738e-01 3.787326788109854903e-01
3.029999999999677129e+01 9.461644251249606841e-01 4.153656640403116107e-01
3.039999999999676206e+01 9.030882961792104924e-01 4.529319283648413630e-01
3.049999999999675282e+01 8.592135819390369633e-01 4.912599483190525640e-01
3.059999999999674003e+01 8.147398209899877619e-01 5.301750501590469788e-01
3.069999999999672724e+01 7.698687360291220916e-01 5.695002089489522579e-01
3.079999999999671800e+01 7.248033138447492751e-01 6.090568562450596746e-01
3.089999999999670877e+01 6.797468824744169469e-01 6.486656927043124021e-01
3.099999999999669598e+01 6.349021896818108912e-01 6.881475019323570752e-01
3.109999999999668319e+01 5.904704869060152239e-01 7.273239618923090788e-01
3.119999999999667395e+01 5.466506227974896603e-01 7.660184502186326849e-01
3.129999999999666471e+01 5.036381503903579748e-01 8.040568398197334155e-01
3.139999999999665192e+01 4.616244518881644221e-01 8.412682812083948081e-01
3.149999999999663913e+01 4.207958849638609999e-01 8.774859680706011966e-01
3.159999999999662990e+01 3.813329543751001194e-01 9.125478826715156533e-01
3.169999999999662066e+01 3.434095125558745965e-01 9.462975178024154443e-01
3.179999999999660787e+01 3.071919926529789735e-01 9.785845720928139091e-01
3.189999999999659508e+01 2.728386772340906097e-01 1.009265615647365610e+00
3.199999999999658584e+01 2.404990056279353861e-01 1.038204723112631234e+00
3.209999999999657661e+01 2.103129226042156075e-01 1.065274071433986558e+00
3.219999999999656382e+01 1.824102708942664797e-01 1.090354499723486192e+00
3.229999999999655103e+01 1.569102299004768164e-01 1.113336028828485702e+00
3.239999999999653824e+01 1.339208028214497193e-01 1.134118338367212875e+00
3.249999999999653255e+01 1.135383542937069001e-01 1.152611199186029944e+00
3.259999999999651976e+01 9.584720049001176079e-02 1.168734859391430625e+00
3.269999999999650697e+01 8.091925340768515995e-02 1.182420382320585661e+00
3.279999999999650129e+01 6.881372083428907716e-02 1.193609935032576175e+00
3.289999999999648850e+01 5.957686320823054466e-02 1.202257026128048967e+00
3.299999999999647571e+01 5.324180831542503489e-02 1.208326691933073960e+00
3.309999999999646292e+01 4.982842449437793753e-02 1.211795630312746841e+00
3.319999999999645013e+01 4.934325277084545408e-02 1.212652281609861271e+00
3.329999999999644444e+01 5.177949811552021858e-02 1.210896856431345592e+00
3.339999999999643165e+01 5.711707981490821845e-02 1.206541310233734787e+00
3.349999999999641886e+01 6.532274076128083418e-02 1.199609264884657689e+00
3.359999999999641318e+01 7.635021529144586649e-02 1.190135877604803438e+00
3.369999999999640039e+01 9.014045502258927201e-02 1.178167657920377476e+00
3.379999999999638760e+01 1.066219119341878935e-01 1.163762233482994235e+00
3.389999999999637481e+01 1.257108777191132676e-01 1.146988065838762116e+00
3.399999999999636202e+01 1.473118781702544289e-01 1.127924117452367092e+00
3.409999999999635634e+01 1.713181210846753399e-01 1.106659471515131665e+00
3.419999999999634355e+01 1.976119958683516253e-01 1.083292906283503054e+00
3.429999999999633076e+01 2.260656227291112930e-01 1.057932425909649421e+00
3.439999999999632507e+01 2.565414490651792834e-01 1.030694749931316601e+00
3.449999999999631228e+01 2.888928903897997613e-01 1.001704763784506458e+00
3.459999999999629949e+01 3.229650128692851396e-01 9.710949328890305932e-01
3.469999999999628670e+01 3.585952542926199027e-01 9.390046830301593817e-01
3.479999999999627391e+01 3.956141800530528219e-01 9.055797499213673607e-01
3.489999999999626823e+01 4.338462705326421309e-01 8.709715009794399831e-01
3.499999999999625544e+01 4.731107361521779131e-01 8.353362324740073452e-01
3.509999999999624265e+01 5.132223562666823335e-01 7.988344453262138378e-01
3.519999999999623697e+01 5.539923380129436747e-01 7.616301029282691593e-01
3.529999999999622418e+01 5.952291911139807601e-01 7.238898744355219961e-01
3.539999999999621139e+01 6.367396145061311463e-01 6.857823670501479452e-01
3.549999999999619860e+01 6.783293904958542786e-01 6.474773508660898180e-01
3.559999999999618581e+01 7.198042820136978381e-01 6.091449798813082239e-01
3.569999999999618012e+01 7.609709284456995793e-01 5.709550127995232094e-01
3.579999999999616733e+01 8.016377355163308849e-01 5.330760372404920178e-01
3.589999999999615454e+01 8.416157547803961858e-01 4.956747009527741055e-01
3.599999999999614886e+01 8.807195484488435921e-01 4.589149535761988252e-01
3.609999999999613607e+01 9.187680355031886403e-01 4.229573024350771759e-01
3.619999999999612328e+01 9.555853153115014820e-01 3.879580857584630227e-01
3.629999999999611049e+01 9.910014652184077066e-01 3.540687666243619858e-01
3.639999999999609770e+01 1.024853308816980668e+00 3.214352508123122232e-01
3.649999999999609201e+01 1.056985151809484602e+00 2.901972316250987505e-01
3.659999999999607923e+01 1.087249482518708010e+00 2.604875646069541029e-01
3.669999999999606644e+01 1.115507634228091183e+00 2.324316749425523743e-01
3.679999999999606075e+01 1.141630406625787408e+00 2.061470001690783871e-01
3.689999999999604796e+01 1.165498643737935769e+00 1.817424706724865280e-01
3.699999999999603517e+01 1.187003765883746231e+00 1.593180302683232796e-01
3.709999999999602238e+01 1.206048253378074531e+00 1.389641989873827421e-01
3.719999999999600959e+01 1.222546079928023888e+00 1.207616799973280780e-01
3.729999999999600391e+01 1.236423093896668268e+00 1.047810123938081317e-01
3.739999999999599112e+01 1.247617345819659773e+00 9.108227138949627488e-02
3.749999999999597833e+01 1.256079360757645702e+00 7.971481721752340932e-02
3.759999999999597264e+01 1.261772354262277185e+00 7.071709384782787211e-02
3.769999999999595985e+01 1.264672390941019131e+00 6.411647839171243091e-02
3.779999999999594706e+01 1.264768484825621542e+00 5.992918184251272429e-02
3.789999999999593427e+01 1.262062640965472271e+00 5.816020157004688634e-02
3.799999999999592148e+01 1.256569837852131277e+00 5.880332575462343669e-02
3.809999999999591580e+01 1.248317950432302315e+00 6.184118971363181116e-02
3.819999999999590301e+01 1.237347613603573482e+00 6.724538384016723325e-02
3.829999999999589022e+01 1.223712026250453722e+00 7.497661263840632584e-02
3.839999999999588454e+01 1.207476696110413972e+00 8.498490410420520003e-02
3.849999999999587175e+01 1.188719126075731491e+00 9.720986846205892373e-02
3.859999999999585896e+01 1.167528442928387200e+00 1.115810050323553376e-01
3.869999999999584617e+01 1.144004969937020499e+00 1.280180557680610509e-01
3.879999999999583338e+01 1.118259745180835818e+00 1.464314037699540327e-01
3.889999999999582769e+01 1.090413987875887614e+00 1.667225148666925949e-01
3.899999999999581490e+01 1.060598515351387272e+00 1.887844201323432003e-01
3.909999999999580211e+01 1.028953113649627937e+00 2.125022370111612491e-01
3.919999999999579643e+01 9.956258649962904661e-01 2.377537265286754076e-01
3.929999999999578364e+01 9.607724356086290163e-01 2.644098838905238891e-01
3.939999999999577085e+01 9.245553274890350171e-01 2.923355596068468731e-01
3.949999999999575806e+01 8.871430980193935056e-01 3.213901081309517571e-01
3.959999999999574527e+01 8.487095513451380357e-01 3.514280608674045792e-01
3.969999999999573959e+01 8.094329057242609649e-01 3.822998202873995610e-01
3.979999999999572680e+01 7.694949411958731389e-01 4.138523717901829713e-01
3.989999999999571401e+01 7.290801320645767802e-01 4.459300098690227587e-01
3.999999999999570832e+01 6.883747687713062113e-01 4.783750750803789087e-01
4.009999999999569553e+01 6.475660737178104975e-01 5.110286982749525642e-01
4.019999999999568274e+01 6.068413155450255170e-01 5.437315485290935557e-01
4.029999999999566995e+01 5.663869262667219351e-01 5.763245812128177104e-01
4.039999999999565716e+01 5.263876255593277209e-01 6.086497826459628113e-01
4.049999999999565148e+01 4.870255564212250809e-01 6.405509078261205635e-01
4.059999999999563869e+01 4.484794363333798883e-01 6.718742077601196350e-01
4.069999999999562590e+01 4.109237279637897866e-01 7.024691429966136713e-01
4.079999999999562021e+01 3.745278333450687280e-01 7.321890800395476351e-01
4.089999999999560742e+01 3.394553153130019374e-01 7.608919674205926187e-01
4.099999999999559464e+01 3.058631498234060664e-01 7.884409883239362760e-01
4.109999999999558185e+01 2.739010125673278506e-01 8.147051867861007102e-01
4.119999999999556906e+01 2.437106030808612878e-01 8.395600646365689590e-01
4.129999999999556337e+01 2.154250092958774065e-01 8.628881465016864372e-01
4.139999999999555058e+01 1.891681152040738667e-01 8.845795103612453802e-01
4.149999999999553779e+01 1.650540540130926159e-01 9.045322813246807758e-01
4.159999999999553211e+01 1.431867088718091208e-01 9.226530864795751130e-01
4.169999999999551932e+01 1.236592629477304972e-01 9.388574688563547932e-01
4.179999999999550653e+01 1.065538003722251853e-01 9.530702587498690592e-01
4.189999999999549374e+01 9.194095933982016078e-02 9.652259008373433868e-01
4.199999999999548095e+01 7.987963845391471418e-02 9.752687357358140741e-01
4.209999999999547526e+01 7.041675723517397401e-02 9.831532348486009543e-01
4.219999999999546247e+01 6.358707152802313411e-02 9.888441875629129241e-01
4.229999999999544968e+01 5.941304433999094331e-02 9.923168400773478837e-01
4.239999999999544400e+01 5.790477242520288004e-02 9.935569853584372835e-01
4.249999999999543121e+01 5.905996868319447063e-02 9.925610039488932390e-01
4.259999999999541842e+01 6.286400019681813445e-02 9.893358555729205861e-01
4.269999999999540563e+01 6.928998149134393825e-02 9.838990217062638655e-01
4.279999999999539284e+01 7.829892237588541304e-02 9.762783994962804801e-01
4.289999999999538716e+01 8.983992953992779584e-02 9.665121476296790748e-01
4.299999999999537437e+01 1.038504609234519593e-01 9.546484849507548276e-01
4.309999999999536158e+01 1.202566317483935443e-01 9.407454428331738505e-01
4.319999999999535589e+01 1.389735709757571047e-01 9.248705725022842161e-01
4.329999999999534310e+01 1.599058268210150624e-01 9.071006086956026060e-01
4.339999999999533031e+01 1.829478198087439444e-01 8.875210912363594717e-01
4.349999999999531752e+01 2.079843416684122037e-01 8.662259462776590313e-01
4.359999999999530473e+01 2.348910981632852113e-01 8.433170291551217446e-01
4.369999999999529905e+01 2.635352937071114288e-01 8.189036309597979013e-01
4.379999999999528626e+01 2.937762553682228273e-01 7.931019511127784805e-01
4.389999999999527347e+01 3.254660936063337728e-01 7.660345383841417055e-01
4.399999999999526779e+01 3.584503968544289210e-01 7.378297029515423766e-01
4.409999999999525500e+01 3.925689568635908344e-01 7.086209022348496367e-01
4.419999999999524221e+01 4.276565215721301882e-01 6.785461033715126655e-01
4.429999999999522942e+01 4.635435721243664764e-01 6.477471253126022566e-01
4.439999999999521663e+01 5.000571205247381634e-01 6.163689636201941102e-01
4.449999999999521094e+01 5.370215242575402392e-01 5.845591011349778876e-01
4.459999999999519815e+01 5.742593140381269112e-01 5.524668077570465963e-01
4.469999999999518536e+01 6.115920307129767419e-01 5.202424326426438039e-01
4.479999999999517968e+01 6.488410672226379017e-01 4.880366921636545841e-01
4.489999999999516689e+01 6.858285114993687426e-01 4.559999570038159589e-01
4.499999999999515410e+01 7.223779861902374089e-01 4.242815417742313300e-01
4.509999999999514131e+01 7.583154811591643618e-01 3.930290005217293992e-01
4.519999999999512852e+01 7.934701748073420546e-01 3.623874314760733295e-01
4.529999999999512283e+01 8.276752403412405146e-01 3.324987943377578636e-01
4.539999999999511004e+01 8.607686332039951038e-01 3.035012433470616333e-01
4.549999999999509726e+01 8.925938559653182613e-01 2.755284792992176435e-01
4.559999999999509157e+01 9.230006970386490650e-01 2.487091235797441457e-01
4.569999999999507878e+01 9.518459396565106534e-01 2.231661171900384544e-01
4.579999999999506599e+01 9.789940375941642570e-01 1.990161476158602560e-01
4.589999999999505320e+01 1.004317754202343149e+00 1.763691062607068982e-01
4.599999999999504041e+01 1.027698761422023432e+00 1.553275790217411023e-01
4.609999999999503473e+01 1.049028195633485705e+00 1.359863724273320529e-01
4.619999999999502194e+01 1.068207167451372452e+00 1.184320775826979422e-01
4.629999999999500915e+01 1.085147222901530206e+00 1.027426739848179560e-01
4.639999999999500346e+01 1.099770753761863062e+00 8.898717507103343083e-02
4.649999999999499067e+01 1.112011355164429283e+00 7.722531716035817284e-02
4.659999999999497788e+01 1.121814128808202637e+00 6.750729323420079364e-02
4.669999999999496509e+01 1.129135930333978743e+00 5.987353278543734031e-02
4.679999999999495230e+01 1.133945559605807007e+00 5.435452874212202967e-02
4.689999999999494662e+01 1.136223892870859675e+00 5.097071224475369783e-02
4.699999999999493383e+01 1.135963956044186540e+00 4.973237582415798719e-02
4.709999999999492104e+01 1.133170938674222361e+00 5.063964529151288030e-02
4.719999999999491536e+01 1.127862148460293090e+00 5.368250041408213769e-02
4.729999999999490257e+01 1.120066906490817971e+00 5.884084421127459136e-02
4.739999999999488978e+01 1.109826383643437442e+00 6.608462046694883740e-02
4.749999999999487699e+01 1.097193378842200140e+00 7.537397881639232300e-02
4.759999999999486420e+01 1.082232040134168960e+00 8.665948653083541120e-02
4.769999999999485851e+01 1.065017529854371370e+00 9.988238588961984021e-02
4.779999999999484572e+01 1.045635635506867223e+00 1.149748958016464512e-01
4.789999999999483293e+01 1.024182328387884588e+00 1.318605561154246042e-01
4.799999999999482725e+01 1.000763272376799184e+00 1.504546128432661389e-01
4.809999999999481446e+01 9.754932856870247582e-01 1.706644423218938444e-01
4.819999999999480167e+01 9.484957586703336441e-01 1.923900121410412889e-01
4.829999999999478888e+01 9.199020309902052883e-01 2.155243764946537521e-01
4.839999999999477609e+01 8.898507316225362507e-01 2.399542034465633467e-01
4.849999999999477041e+01 8.584870852171971878e-01 2.655603314541801208e-01
4.859999999999475762e+01 8.259621883903973671e-01 2.922183523589926279e-01
4.869999999999474483e+01 7.924322595499123656e-01 3.197992179309140925e-01
4.879999999999473914e+01 7.580578659183485613e-01 3.481698669447255701e-01
4.889999999999472635e+01 7.230031315319634944e-01 3.771938696711994443e-01
4.899999999999471356e+01 6.874349301479441010e-01 4.067320865846776878e-01
4.909999999999470077e+01 6.515220671606896108e-01 4.366433380242097928e-01
4.919999999999468798e+01 6.154344547715385749e-01 4.667850814987014041e-01
4.929999999999468230e+01 5.793422847471416670e-01 4.970140932980563475e-01
4.939999999999466951e+01 5.434152031261523241e-01 5.271871510636413349e-01
4.949999999999465672e+01 5.078214911950701405e-01 5.571617139806558372e-01
4.959999999999465103e+01 4.727272569690113557e-01 5.867965972828379506e-01
4.969999999999463824e+01 4.382956413057920719e-01 6.159526378040616201e-01
4.979999999999462545e+01 4.046860426726923698e-01 6.444933473727025852e-01
4.989999999999461266e+01 3.720533644827664355e-01 6.722855509211388414e-01
