1.000000000000000000e+00 2.000000000000000000e+00 0.000000000000000000e+00
1.099999999999988987e+00 1.997600966682657964e+00 1.999200209314403506e-03
1.199999999999977973e+00 1.990415462757889165e+00 7.987208598011360031e-03
1.299999999999966960e+00 1.978478231517146968e+00 1.793529499769866767e-02
1.399999999999955946e+00 1.961847012216783925e+00 3.179573080174471350e-02
1.499999999999944933e+00 1.940602271785484056e+00 4.950202083933303437e-02
1.599999999999933920e+00 1.914846820004129313e+00 7.096922659693223612e-02
1.699999999999922906e+00 1.884705310067173567e+00 9.609437926940929409e-02
1.799999999999911893e+00 1.850323627336733834e+00 1.247569806502608764e-01
1.899999999999900879e+00 1.811868169851820420e+00 1.568195894115923250e-01
1.999999999999889866e+00 1.769525024769948329e+00 1.921284898827474164e-01
2.099999999999878852e+00 1.723499045442522082e+00 2.305144400141761751e-01
2.199999999999867839e+00 1.674012834284014595e+00 2.717934948118640448e-01
2.299999999999856826e+00 1.621305637001196676e+00 3.157679011487737331e-01
2.399999999999845812e+00 1.565632154102829521e+00 3.622270595045291031e-01
2.499999999999834799e+00 1.507261275913306164e+00 4.109485478533538849e-01
2.599999999999823785e+00 1.446474747586980136e+00 4.616992026139763450e-01
2.699999999999812772e+00 1.383565770884971347e+00 5.142362512938180030e-01
2.799999999999801759e+00 1.318837549750801141e+00 5.683084912051262760e-01
2.899999999999790745e+00 1.252601787003498224e+00 6.236575084028002092e-01
2.999999999999779732e+00 1.185177139740754004e+00 6.800189307960087248e-01
3.099999999999768718e+00 1.116887641296052225e+00 7.371237092177085337e-01
3.199999999999757705e+00 1.048061097802075681e+00 7.946994201014573322e-01
3.299999999999746692e+00 9.790274675665974202e-01 8.524715833129579146e-01
3.399999999999735678e+00 9.101172315492319642e-01 9.101649886159105529e-01
3.499999999999724665e+00 8.416597632398827855e-01 9.675050242178186988e-01
3.599999999999713651e+00 7.739817061889632255e-01 1.024219000840393301e+00
3.699999999999702638e+00 7.074053673447439072e-01 1.080037464790518209e+00
3.799999999999691624e+00 6.422471342327658039e-01 1.134695493570835323e+00
3.899999999999680611e+00 5.788159238762456971e-01 1.187933967662801349e+00
3.999999999999669598e+00 5.174116712042168276e-01 1.239500812240538430e+00
4.099999999999658584e+00 4.583238645171254233e-01 1.289152202730038832e+00
4.199999999999647571e+00 4.018301353663927822e-01 1.336653728315648770e+00
4.299999999999636557e+00 3.481949099457475327e-01 1.381781507713540025e+00
4.399999999999625544e+00 2.976681287846681401e-01 1.424323251780379440e+00
4.499999999999614531e+00 2.504840411761008467e-01 1.464079267799779149e+00
4.599999999999603517e+00 2.068600803622238360e-01 1.500863400594263153e+00
4.699999999999592504e+00 1.669958250476044348e-01 1.534503905935400869e+00
4.799999999999581490e+00 1.310720523210148480e-01 1.564844252075613396e+00
4.899999999999570477e+00 9.924988656403406495e-02 1.591743845590595008e+00
4.999999999999559464e+00 7.167004842491003780e-02 1.615078678105444698e+00
5.099999999999548450e+00 4.845220744844009469e-02 1.634741890874142900e+00
5.199999999999537437e+00 2.969444147374089224e-02 1.650644254592214644e+00
5.299999999999526423e+00 1.547280542755927711e-02 1.662714562246031758e+00
5.399999999999515410e+00 5.841011629920396346e-03 1.670899933238211510e+00
5.499999999999504396e+00 8.302231679928464636e-04 1.675166027479039199e+00
5.599999999999493383e+00 4.489612685862497577e-04 1.675497168595097230e+00
5.699999999999482370e+00 4.683126915478160422e-03 1.671896375877061303e+00
5.799999999999471356e+00 1.349613624301844103e-02 1.664385305062427767e+00
5.899999999999460343e+00 2.682916852991820353e-02 1.653004098520485465e+00
5.999999999999449329e+00 4.460152494492852088e-02 1.637811145870930352e+00
6.099999999999438316e+00 6.671109556753256065e-02 1.618882756521529798e+00
6.199999999999427303e+00 9.303493161543284484e-02 1.596312746050676079e+00
6.299999999999416289e+00 1.234299192476751017e-01 1.570211938789232820e+00
6.399999999999405276e+00 1.577335507744430099e-01 1.540707589367707797e+00
6.499999999999394262e+00 1.957647885946122435e-01 1.507942726389440491e+00
6.599999999999383249e+00 2.373250167072737671e-01 1.472075421766672276e+00
6.699999999999372235e+00 2.821990742155644494e-01 1.433277989608479297e+00
6.799999999999361222e+00 3.301563648757259717e-01 1.391736118878805106e+00
6.899999999999350209e+00 3.809520364558611205e-01 1.347647944343464133e+00
6.999999999999339195e+00 4.343282234622998228e-01 1.301223060597760828e+00
7.099999999999328182e+00 4.900153466589288742e-01 1.252681484207737173e+00
7.199999999999317168e+00 5.477334627263241718e-01 1.202252569212004074e+00
7.299999999999306155e+00 6.071936573613467836e-01 1.150173881413997456e+00
7.399999999999295142e+00 6.680994750845858920e-01 1.096690037052894029e+00
7.499999999999284128e+00 7.301483789894647192e-01 1.042051511572635647e+00
7.599999999999273115e+00 7.930332336224360512e-01 9.865134243159113803e-01
7.699999999999262101e+00 8.564438041231348109e-01 9.303343050530388236e-01
7.799999999999251088e+00 9.200682646787979868e-01 8.737748483155726165e-01
7.899999999999240075e+00 9.835947092690334737e-01 8.170966615397000643e-01
7.999999999999229061e+00 1.046712657610965769e+00 7.605610130354503173e-01
8.099999999999218048e+00 1.109114549178001230e+00 7.044275857820939679e-01
8.199999999999207034e+00 1.170497218172922294e+00 6.489532430077817882e-01
8.299999999999196021e+00 1.230563342394198845e+00 5.943908114404045095e-01
8.399999999999185007e+00 1.289022859042629587e+00 5.409878880177313443e-01
8.499999999999173994e+00 1.345594340662519039e+00 4.889856757168043466e-01
8.599999999999162981e+00 1.400006324592019347e+00 4.386178540074074927e-01
8.699999999999151967e+00 1.451998589514911453e+00 3.901094892516853707e-01
8.799999999999140954e+00 1.501323372972587444e+00 3.436759901632455705e-01
8.899999999999129940e+00 1.547746524021336612e+00 2.995221132046154700e-01
8.999999999999118927e+00 1.591048585604065035e+00 2.578410225427767988e-01
9.099999999999107914e+00 1.631025801634081063e+00 2.188134089005173144e-01
9.199999999999096900e+00 1.667491044241637077e+00 1.826066713380625206e-01
9.299999999999085887e+00 1.700274657084111851e+00 1.493741656776610971e-01
9.399999999999074873e+00 1.729225211049470801e+00 1.192545229456316996e-01
9.499999999999063860e+00 1.754210169080719917e+00 9.237104085429935496e-02
9.599999999999052847e+00 1.775116457231551870e+00 6.883115098189676595e-02
9.699999999999041833e+00 1.791850939465663650e+00 4.872596393327655734e-02
9.799999999999030820e+00 1.804340794169283946e+00 3.212989437914932217e-02
9.899999999999019806e+00 1.812533790879165663e+00 1.910036747785497091e-02
9.999999999999008793e+00 1.816398466318123184e+00 9.677607783324864571e-03
1.009999999999899778e+01 1.815924199440104303e+00 3.884511338436319114e-03
1.019999999999898677e+01 1.811121185766183528e+00 1.726601247423584359e-03
1.029999999999897575e+01 1.802020311809815922e+00 3.192066617295992014e-03
1.039999999999896474e+01 1.788672930839367625e+00 8.251884358686831233e-03
1.049999999999895373e+01 1.771150541622409147e+00 1.686002294302320695e-02
1.059999999999894271e+01 1.749544372160405148e+00 2.895372682664551153e-02
1.069999999999893170e+01 1.723964870768206481e+00 4.445387987454800516e-02
1.079999999999892069e+01 1.694541107186866347e+00 6.326544574767664630e-02
1.089999999999890967e+01 1.661420086751620229e+00 8.527798285907081666e-02
1.099999999999889866e+01 1.624765980979704594e+00 1.103662311565235393e-01
1.109999999999888765e+01 1.584759278313583541e+00 1.383907676540273302e-01
1.119999999999887663e+01 1.541595859153163550e+00 1.691987273125213909e-01
1.129999999999886562e+01 1.495485999737887539e+00 2.026245855643551419e-01
1.139999999999885461e+01 1.446653309871404280e+00 2.384909984875887290e-01
1.149999999999884359e+01 1.395333609904609862e+00 2.766096963682835308e-01
1.159999999999883258e+01 1.341773752777080775e+00 3.167824261434145638e-01
1.169999999999882156e+01 1.286230397239399137e+00 3.588019379961378541e-01
1.179999999999881055e+01 1.228968738624279800e+00 4.024530111803525378e-01
1.189999999999879954e+01 1.170261203691375540e+00 4.475135139828481101e-01
1.199999999999878852e+01 1.110386116156884428e+00 4.937554925898204328e-01
1.209999999999877751e+01 1.049626339557657273e+00 5.409462835085920851e-01
1.219999999999876650e+01 9.882679041214931237e-01 5.888496441054965613e-01
1.229999999999875548e+01 9.265986243388387722e-01 6.372268957567709391e-01
1.239999999999874447e+01 8.649067139535961957e-01 6.858380740715821489e-01
1.249999999999873346e+01 8.034794050975921920e-01 7.344430806352129082e-01
1.259999999999872244e+01 7.426015782655306374e-01 7.828028307374843564e-01
1.269999999999871143e+01 6.825544097615484640e-01 8.306803915956063600e-01
1.279999999999870042e+01 6.236140431424493924e-01 8.778421056529339683e-01
1.289999999999868940e+01 5.660502910384460629e-01 9.240586936350477787e-01
1.299999999999867839e+01 5.101253735434635450e-01 9.691063321713168088e-01
1.309999999999866738e+01 4.560926991282110432e-01 1.012767700944143368e+00
1.319999999999865636e+01 4.041956937390643878e-01 1.054832994505363386e+00
1.329999999999864535e+01 3.546666834118633593e-01 1.095100894101257660e+00
1.339999999999863434e+01 3.077258353647064348e-01 1.133379495068152165e+00
1.349999999999862332e+01 2.635801621531035921e-01 1.169487185601176149e+00
1.359999999999861231e+01 2.224225930843704291e-01 1.203253472954237457e+00
1.369999999999860130e+01 1.844311167026670140e-01 1.234519753400483477e+00
1.379999999999859028e+01 1.497679977774184212e-01 1.263140022565227394e+00
1.389999999999857927e+01 1.185790718623118134e-01 1.288981523037802779e+00
1.399999999999856826e+01 9.099312014519719827e-02 1.311925326471735209e+00
1.409999999999855724e+01 6.712132698413554588e-02 1.331866847694679112e+00
1.419999999999854623e+01 4.705682221980712898e-02 1.348716288668067032e+00
1.429999999999853522e+01 3.087431006225231298e-02 1.362399010462879145e+00
1.439999999999852420e+01 1.862978605557584488e-02 1.372855831752225475e+00
1.449999999999851319e+01 1.036034330786321164e-02 1.380043252664068909e+00
1.459999999999850218e+01 6.084068817051395926e-03 1.383933603188080674e+00
1.469999999999849116e+01 5.800030319311774360e-03 1.384515115690155174e+00
1.479999999999848015e+01 9.488353642477548311e-03 1.381791921450197913e+00
1.489999999999846914e+01 1.711039008243056894e-02 1.375783971504757286e+00
1.499999999999845812e+01 2.860897285681585078e-02 1.366526882438026336e+00
1.509999999999844711e+01 4.390876124274548098e-02 1.354071708122790652e+00
1.519999999999843610e+01 6.291667057754325720e-02 1.338484638764336321e+00
1.529999999999842508e+01 8.552238588921365348e-02 1.319846628943630140e+00
1.539999999999841407e+01 1.115989565168584580e-01 1.298252956691808624e+00
1.549999999999840306e+01 1.410034686721296782e-01 1.273812715954892427e+00
1.559999999999839204e+01 1.735777924789764781e-01 1.246648245124001075e+00
1.569999999999838103e+01 2.091493996161700730e-01 1.216894494611322264e+00
1.579999999999837001e+01 2.475322472882760527e-01 1.184698336741398350e+00
1.589999999999835900e+01 2.885277238795843635e-01 1.150217821500652438e+00
1.599999999999834799e+01 3.319256513123864383e-01 1.113621381940011146e+00
1.609999999999833875e+01 3.775053388410521960e-01 1.075086993257802437e+00
1.619999999999832596e+01 4.250366827656305024e-01 1.034801289799207602e+00
1.629999999999831317e+01 4.742813063422062214e-01 9.929586443946328833e-01
1.639999999999830393e+01 5.249937340011120446e-01 9.497602146221271191e-01
1.649999999999829470e+01 5.769225938594556569e-01 9.054129607175870342e-01
1.659999999999828191e+01 6.298118424291839768e-01 8.601286399698711005e-01
1.669999999999826912e+01 6.834020053704754627e-01 8.141227825267628448e-01
1.679999999999825988e+01 7.374314281164267015e-01 7.676136536010612632e-01
1.689999999999825064e+01 7.916375301982366830e-01 7.208212071035603463e-01
1.699999999999823785e+01 8.457580571424849758e-01 6.739660357431944693e-01
1.709999999999822506e+01 8.995323239057814169e-01 6.272683226208838336e-01
1.719999999999821583e+01 9.527024439677929113e-01 5.809467993058318180e-01
1.729999999999820659e+01 1.005014538403920188e+00 5.352177153196177040e-01
1.739999999999819380e+01 1.056219919470364754e+00 4.902938238665660031e-01
1.749999999999818101e+01 1.106076243414030325e+00 4.463833885416279013e-01
1.759999999999817177e+01 1.154348627347205669e+00 4.036892156204389681e-01
1.769999999999816254e+01 1.200810725113367949e+00 3.624077163924579459e-01
1.779999999999814975e+01 1.245245757152816157e+00 3.227280038362628778e-01
1.789999999999813696e+01 1.287447489496067465e+00 2.848310277560299197e-01
1.799999999999812772e+01 1.327221157202562729e+00 2.488887522980956224e-01
1.809999999999811848e+01 1.364384327840779010e+00 2.150633795463953446e-01
1.819999999999810569e+01 1.398767700981039530e+00 1.835066226549617041e-01
1.829999999999809290e+01 1.430215840128798099e+00 1.543590317166753934e-01
1.839999999999808367e+01 1.458587834024715146e+00 1.277493752917750192e-01
1.849999999999807443e+01 1.483757884734527632e+00 1.037940802304368054e-01
1.859999999999806164e+01 1.505615820398177096e+00 8.259673212466663028e-02
1.869999999999804885e+01 1.524067530904122059e+00 6.424763841793157404e-02
1.879999999999803961e+01 1.539035325113005781e+00 4.882345588919628082e-02
1.889999999999803038e+01 1.550458208612860878e+00 3.638688391202226508e-02
1.899999999999801759e+01 1.558292081363630066e+00 2.698642457052094143e-02
1.909999999999800480e+01 1.562509854981048329e+00 2.065621039313524088e-02
1.919999999999799556e+01 1.563101489795220456e+00 1.741590014408041578e-02
1.929999999999798632e+01 1.560073952176673551e+00 1.727064279228385929e-02
1.939999999999797353e+01 1.553451092947238932e+00 2.021110946036463324e-02
1.949999999999796074e+01 1.543273448000340498e+00 2.621359284271953388e-02
1.959999999999795151e+01 1.529597962563802760e+00 3.524017327312021358e-02
1.969999999999794227e+01 1.512497640855747116e+00 4.723895031934418481e-02
1.979999999999792948e+01 1.492061123204450279e+00 6.214433848624654338e-02
1.989999999999791669e+01 1.468392193022575620e+00 7.987742532050996769e-02
1.999999999999790745e+01 1.441609216332698118e+00 1.003463899311726748e-01
2.009999999999789821e+01 1.411844516836157082e+00 1.234469796711901574e-01
2.019999999999788542e+01 1.379243689790646821e+00 1.490630424678195121e-01
2.029999999999787264e+01 1.343964858215782376e+00 1.770671120447494529e-01
2.039999999999786340e+01 1.306177875186156356e+00 2.073210430475110888e-01
2.049999999999785416e+01 1.266063476209184691e+00 2.396766928670356345e-01
2.059999999999784137e+01 1.223812385932909308e+00 2.739766467553183538e-01
2.069999999999782858e+01 1.179624383679680255e+00 3.100549826439167878e-01
2.079999999999781934e+01 1.133707332536535439e+00 3.477380719115474306e-01
2.089999999999781011e+01 1.086276176925936143e+00 3.868454122035195897e-01
2.099999999999779732e+01 1.037551913708468776e+00 4.271904882834510753e-01
2.109999999999778453e+01 9.877605419238244533e-01 4.685816567973613567e-01
2.119999999999777529e+01 9.371319962601905029e-01 5.108230507511032359e-01
2.129999999999776605e+01 8.858990692755622787e-01 5.537154994431690014e-01
2.139999999999775326e+01 8.342963273089925025e-01 5.970574595548464591e-01
2.149999999999774047e+01 7.825590249448262092e-01 6.406459530781495326e-01
2.159999999999773124e+01 7.309220228429519350e-01 6.842775077578248100e-01
2.169999999999772200e+01 6.796187137095861530e-01 7.277490957390682080e-01
2.179999999999770921e+01 6.288799611265377676e-01 7.708590661456731219e-01
2.189999999999769642e+01 5.789330558589543818e-01 8.134080673666266303e-01
2.199999999999768718e+01 5.300006941226190760e-01 8.551999548992184064e-01
2.209999999999767795e+01 4.822999821285929856e-01 8.960426806844672409e-01
2.219999999999766516e+01 4.360414710626644430e-01 9.357491599735567878e-01
2.229999999999765237e+01 3.914282265090429092e-01 9.741381118822445284e-01
2.239999999999764313e+01 3.486549361905696975e-01 1.011034869923445045e+00
2.249999999999763389e+01 3.079070597582511670e-01 1.046272158956076836e+00
2.259999999999762110e+01 2.693600242129249867e-01 1.079690835151037032e+00
2.269999999999760831e+01 2.331784683788573065e-01 1.111140585751915211e+00
2.279999999999759908e+01 1.995155396748194421e-01 1.140480585598920626e+00
2.289999999999758984e+01 1.685122462402061372e-01 1.167580107589586413e+00
2.299999999999757705e+01 1.402968672640840242e-01 1.192319084467912793e+00
2.309999999999756426e+01 1.149844241239933729e-01 1.214588619567424033e+00
2.319999999999755502e+01 9.267621466189517043e-02 1.234291444378323721e+00
2.329999999999754579e+01 7.345941260483838942e-02 1.251342321068909857e+00
2.339999999999753300e+01 5.740673377820287165e-02 1.265668388359785235e+00
2.349999999999752021e+01 4.457617036312957332e-02 1.277209449430209753e+00
2.359999999999751097e+01 3.501079402515439032e-02 1.285918200820323820e+00
2.369999999999750173e+01 2.873862830262558302e-02 1.291760401583919471e+00
2.379999999999748894e+01 2.577259021051210922e-02 1.294714982234422385e+00
2.389999999999747615e+01 2.611050060697521144e-02 1.294774093313146857e+00
2.399999999999746692e+01 2.973516250278674874e-02 1.291943093687755617e+00
2.409999999999745768e+01 3.661450617975407079e-02 1.286240478960049893e+00
2.419999999999744489e+01 4.670179973055200995e-02 1.277697750623012940e+00
2.429999999999743210e+01 5.993592343675492595e-02 1.266359226857824760e+00
2.439999999999742286e+01 7.624170625116034883e-02 1.252281796102849620e+00
2.449999999999741362e+01 9.553032252209686659e-02 1.235534614759777883e+00
2.459999999999740083e+01 1.176997469662615231e-01 1.216198750627028646e+00
2.469999999999738804e+01 1.426352657443584193e-01 1.194366773872584275e+00
2.479999999999737881e+01 1.702100413150869906e-01 1.170142297571439283e+00
2.489999999999736957e+01 2.002857285465598491e-01 1.143639470043383399e+00
2.499999999999735678e+01 2.327131393669241710e-01 1.114982421425957160e+00
2.509999999999734399e+01 2.673329530528203435e-01 1.084304667109762033e+00
2.519999999999733475e+01 3.039764690913869249e-01 1.051748470841597616e+00
2.529999999999732552e+01 3.424663994009043422e-01 1.017464170468374896e+00
2.539999999999731273e+01 3.826176965420011178e-01 9.816094694490933303e-01
2.549999999999729994e+01 4.242384143820247533e-01 9.443486974052129890e-01
2.559999999999729070e+01 4.671305974873520839e-01 9.058520431105850923e-01
2.569999999999728146e+01 5.110911953242102124e-01 8.662947634415842924e-01
2.579999999999726867e+01 5.559129971670007109e-01 8.258563719136957637e-01
2.589999999999725588e+01 6.013855834618438978e-01 7.847198105206923957e-01
2.599999999999724665e+01 6.472962892795027789e-01 7.430706086658285248e-01
2.609999999999723741e+01 6.934311754095749958e-01 7.010960330297282272e-01
2.619999999999722462e+01 7.395760025887450073e-01 6.589842322556811460e-01
2.629999999999721183e+01 7.855172043107637725e-01 6.169233803517283343e-01
2.639999999999720259e+01 8.310428536397008736e-01 5.751008227081665369e-01
2.649999999999719336e+01 8.759436194519429897e-01 5.337022286104990965e-01
2.659999999999718057e+01 9.200137075828074273e-01 4.929107540896042750e-01
2.669999999999716778e+01 9.630517824572929486e-01 4.529062188929961486e-01
2.679999999999715854e+01 1.004861864937017790e+00 4.138643012837036617e-01
2.689999999999714930e+01 1.045254202300587520e+00 3.759557542761736704e-01
2.699999999999713651e+01 1.084046106475996529e+00 3.393456468038656415e-01
2.709999999999712372e+01 1.121062756854849907e+00 3.041926331812124240e-01
2.719999999999711449e+01 1.156137964245490091e+00 2.706482540758862743e-01
2.729999999999710525e+01 1.189114892776040433e+00 2.388562720460646049e-01
2.739999999999709246e+01 1.219846736838208878e+00 2.089520445236874580e-01
2.749999999999707967e+01 1.248197350446881959e+00 1.810619369398577261e-01
2.759999999999707043e+01 1.274041826647014375e+00 1.553027784939936262e-01
2.769999999999706120e+01 1.297267024807440050e+00 1.317813628664483427e-01
2.779999999999704841e+01 1.317772043803904447e+00 1.105939959657718935e-01
2.789999999999703562e+01 1.335468639234833166e+00 9.182609258730303758e-02
2.799999999999702638e+01 1.350281582958061888e+00 7.555182363940124435e-02
2.809999999999701714e+01 1.362148963397843415e+00 6.183381536713353221e-02
2.819999999999700435e+01 1.371022425250260746e+00 5.072290177055975569e-02
2.829999999999699156e+01 1.376867347413529119e+00 4.225793117627953122e-02
2.839999999999698233e+01 1.379662958202355627e+00 3.646562767673003358e-02
2.849999999999697309e+01 1.379402387186759782e+00 3.336050790239063202e-02
2.859999999999696030e+01 1.376092653338692351e+00 3.294485333844392877e-02
2.869999999999694751e+01 1.369754589564106118e+00 3.520873814087119996e-02
2.879999999999693827e+01 1.360422704128391835e+00 4.013011214953934175e-02
2.889999999999692903e+01 1.348144979915548713e+00 4.767493853985159402e-02
2.899999999999691624e+01 1.332982612876973505e+00 5.779738530254919376e-02
2.909999999999690345e+01 1.315009691398096203e+00 7.044006949554919295e-02
2.919999999999689422e+01 1.294312818641363050e+00 8.553435297422445904e-02
2.929999999999688498e+01 1.270990680204861389e+00 1.030006880789948037e-01
2.939999999999687219e+01 1.245153559677318444e+00 1.227490115428607753e-01
2.949999999999685940e+01 1.216922804855705920e+00 1.446791846778497093e-01
2.959999999999685016e+01 1.186430247519042025e+00 1.686814777088694595e-01
2.969999999999684093e+01 1.153817579714294883e+00 1.946370959464552020e-01
2.979999999999682814e+01 1.119235689520197363e+00 2.224187453255419278e-01
2.989999999999681535e+01 1.082843959236293729e+00 2.518912346850039619e-01
2.999999999999680611e+01 1.044809528921133213e+00 2.829121120206816165e-01
3.009999999999679687e+01 1.005306528191764803e+00 3.153323318125634267e-01
3.019999999999678408e+01 9.645152792086982840e-01 3.489969504032889303e-01
3.029999999999677129e+01 9.226214738136810922e-01 3.837458462903247103e-01
3.039999999999676206e+01 8.798153278690714618e-01 4.194144620881464225e-01
3.049999999999675282e+01 8.362907159773941279e-01 4.558345648196865385e-01
3.059999999999674003e+01 7.922442899339497968e-01 4.928350211100955836e-01
3.069999999999672724e+01 7.478745844718205360e-01 5.302425837819435550e-01
3.079999999999671800e+01 7.033811140700062525e-01 5.678826862909749362e-01
3.089999999999670877e+01 6.589634647830949765e-01 6.055802413978134124e-01
3.099999999999669598e+01 6.148203851952026566e-01 6.431604404436903621e-01
3.109999999999668319e+01 5.711488806952228492e-01 6.804495495885183320e-01
3.119999999999667395e+01 5.281433153210155496e-01 7.172756993772160250e-01
3.129999999999666471e+01 4.859945254376458745e-01 7.534696640249289867e-01
3.139999999999665192e+01 4.448889495084911716e-01 7.888656268540708005e-01
3.149999999999663913e+01 4.050077781889745987e-01 8.233019283765311558e-01
3.159999999999662990e+01 3.665261289161479974e-01 8.566217935929962835e-01
3.169999999999662066e+01 3.296122490716045794e-01 8.886740351789474968e-01
3.179999999999660787e+01 2.944267516518906946e-01 9.193137293419109124e-01
3.189999999999659508e+01 2.611218871905016115e-01 9.484028612670126757e-01
3.199999999999658584e+01 2.298408554529648984e-01 9.758109372144516680e-01
3.209999999999657661e+01 2.007171601909099323e-01 1.001415560492335821e+00
3.219999999999656382e+01 1.738740100073999095e-01 1.025102968700414063e+00
3.229999999999655103e+01 1.494237681575508736e-01 1.046768529823260963e+00
3.239999999999653824e+01 1.274674538783004962e-01 1.066317194946267977e+00
3.249999999999653255e+01 1.080942976022275376e-01 1.083663905572538555e+00
3.259999999999651976e+01 9.138135216262092964e-02 1.098733953732693447e+00
3.269999999999650697e+01 7.739316184864451775e-02 1.111463293301043320e+00
3.279999999999650129e+01 6.618149092662974076e-02 1.121798801159954229e+00
3.289999999999648850e+01 5.778511300041304366e-02 1.129698487088801606e+00
3.299999999999647571e+01 5.222966232184926560e-02 1.135131651496731120e+00
3.309999999999646292e+01 4.952754786167593015e-02 1.138078990368591281e+00
3.319999999999645013e+01 4.967793060108165876e-02 1.138532647050590541e+00
3.329999999999644444e+01 5.266676411351806086e-02 1.136496210764837311e+00
3.339999999999643165e+01 5.846689809626333389e-02 1.131984662004236863e+00
3.349999999999641886e+01 6.703824410898873154e-02 1.125024265222432263e+00
3.359999999999641318e+01 7.832800240397450042e-02 1.115652409488017804e+00
3.369999999999640039e+01 9.227094840150601440e-02 1.103917398023050112e+00
3.379999999999638760e+01 1.087897770756670046e-01 1.089878187786158525e+00
3.389999999999637481e+01 1.277955032635289534e-01 1.073604080493048007e+00
3.399999999999636202e+01 1.491879156834617359e-01 1.055174366691037369e+00
3.409999999999635634e+01 1.728560822340014513e-01 1.034677924718419462e+00
3.419999999999634355e+01 1.986789039345835117e-01 1.012212776584950902e+00
3.429999999999633076e+01 2.265257146614287342e-01 9.878856030041579528e-01
3.439999999999632507e+01 2.562569236302126297e-01 9.618112199921190486e-01
3.449999999999631228e+01 2.877246973922423789e-01 9.341120196179800717e-01
3.459999999999629949e+01 3.207736779541623395e-01 9.049173776495399446e-01
3.469999999999628670e+01 3.552417335099202766e-01 8.743630309793881672e-01
3.479999999999627391e+01 3.909607381835061846e-01 8.425904278453725249e-01
3.489999999999626823e+01 4.277573771055409591e-01 8.097460539717052930e-01
3.499999999999625544e+01 4.654539730617924809e-01 7.759807378560145130e-01
3.509999999999624265e+01 5.038693308392810932e-01 7.414489385128966159e-01
3.519999999999623697e+01 5.428195952550061154e-01 7.063080190579242856e-01
3.529999999999622418e+01 5.821191187064119754e-01 6.707175095747954785e-01
3.539999999999621139e+01 6.215813339645593905e-01 6.348383627537049767e-01
3.549999999999619860e+01 6.610196278712476836e-01 5.988322058153194849e-01
3.559999999999618581e+01 7.002482116132064949e-01 5.628605922426992425e-01
3.569999999999618012e+01 7.390829833201647547e-01 5.270842568304286990e-01
3.579999999999616733e+01 7.773423788496216513e-01 4.916623775273472052e-01
3.589999999999615454e+01 8.148482067524244199e-01 4.567518474967046660e-01
3.599999999999614886e+01 8.514264635459142250e-01 4.225065607487727415e-01
3.609999999999613607e+01 8.869081255525279595e-01 3.890767146166640433e-01
3.619999999999612328e+01 9.211299137042956442e-01 3.566081322477643867e-01
3.629999999999611049e+01 9.539350278839515695e-01 3.252416081715691631e-01
3.639999999999609770e+01 9.851738475786813165e-01 2.951122798800671632e-01
3.649999999999609201e+01 1.014704595852512936e+00 2.663490282192132463e-01
3.659999999999607923e+01 1.042393963874312712e+00 2.390739092409671085e-01
3.669999999999606644e+01 1.068117693449513572e+00 2.134016200056791379e-01
3.679999999999606075e+01 1.091761115187407594e+00 1.894390006556302408e-01
3.689999999999604796e+01 1.113219640102514951e+00 1.672845749031897922e-01
3.699999999999603517e+01 1.132399202617675682e+00 1.470281308917279484e-01
3.709999999999602238e+01 1.149216653118145803e+00 1.287503441947559502e-01
3.719999999999600959e+01 1.163600098406471828e+00 1.125224445190326911e-01
3.729999999999600391e+01 1.175489188623826786e+00 9.840592747145583685e-02
3.739999999999599112e+01 1.184835349431632601e+00 8.645231253767370061e-02
3.749999999999597833e+01 1.191601958491125712e+00 7.670294820339149111e-02
3.759999999999597264e+01 1.195764465536877097e+00 6.918886492752134021e-02
3.769999999999595985e+01 1.197310455615914204e+00 6.393067645061663307e-02
3.779999999999594706e+01 1.196239655354704556e+00 6.093852969318930973e-02
3.789999999999593427e+01 1.192563882418813392e+00 6.021210326795564671e-02
3.799999999999592148e+01 1.186306938641009445e+00 6.174065439909776076e-02
3.809999999999591580e+01 1.177504447607242044e+00 6.550311381219814377e-02
3.819999999999590301e+01 1.166203637794517967e+00 7.146822793206264457e-02
3.829999999999589022e+01 1.152463072641436881e+00 7.959474750421687006e-02
3.839999999999588454e+01 1.136352329185312371e+00 8.983166154077923404e-02
3.849999999999587175e+01 1.117951627118804137e+00 1.021184752840540860e-01
3.859999999999585896e+01 1.097351410308104125e+00 1.163855306822885877e-01
3.869999999999584617e+01 1.074651882994650087e+00 1.325543676823088546e-01
3.879999999999583338e+01 1.049962503085742016e+00 1.505381244633882398e-01
3.889999999999582769e+01 1.023401435138038051e+00 1.702419745663072415e-01
3.899999999999581490e+01 9.950949658498268180e-01 1.915635987115617000e-01
3.909999999999580211e+01 9.651768850941052635e-01 2.143936889523691547e-01
3.919999999999579643e+01 9.337878357235721571e-01 2.386164826723545240e-01
3.929999999999578364e+01 9.010746355384395834e-01 2.641103238164150269e-01
3.939999999999577085e+01 8.671895749066381720e-01 2.907482486364513230e-01
3.949999999999575806e+01 8.322896935660630824e-01 3.183985931420975635e-01
3.959999999999574527e+01 7.965360401343387631e-01 3.469256193694072454e-01
3.969999999999573959e+01 7.600929178256612406e-01 3.761901575171490708e-01
3.979999999999572680e+01 7.231271198392358324e-01 4.060502609501686622e-01
3.989999999999571401e+01 6.858071578434175031e-01 4.363618710318138416e-01
3.999999999999570832e+01 6.483024869326780015e-01 4.669794887226711988e-01
4.009999999999569553e+01 6.107827303842151556e-01 4.977568498706492206e-01
4.019999999999568274e+01 5.734169074908166408e-01 5.285476011174562450e-01
4.029999999999566995e+01 5.363726677022997436e-01 5.592059733595625692e-01
4.039999999999565716e+01 4.998155342654486688e-01 5.895874497263297043e-01
4.049999999999565148e+01 4.639081605066732727e-01 6.195494250755118060e-01
4.059999999999563869e+01 4.288096018486181604e-01 6.489518540552051684e-01
4.069999999999562590e+01 3.946746065910308743e-01 6.776578848418389756e-01
4.079999999999562021e+01 3.616529284198513050e-01 7.055344757362280728e-01
4.089999999999560742e+01 3.298886635384542521e-01 7.324529918831529374e-01
4.099999999999559464e+01 2.995196152389289490e-01 7.582897794751303211e-01
4.109999999999558185e+01 2.706766886477317557e-01 7.829267149079920385e-01
4.119999999999556906e+01 2.434833182855390132e-01 8.062517264731879907e-01
4.129999999999556337e+01 2.180549309728506691e-01 8.281592863002377181e-01
4.139999999999555058e+01 1.944984464897174525e-01 8.485508704012997283e-01
4.149999999999553779e+01 1.729118182575103413e-01 8.673353848187391746e-01
4.159999999999553211e+01 1.533836161486686334e-01 8.844295560350765584e-01
4.169999999999551932e+01 1.359926533415774241e-01 8.997582839734526994e-01
4.179999999999550653e+01 1.208076589214063939e-01 9.132549560941670697e-01
4.189999999999549374e+01 1.078869976896699445e-01 9.248617212777014984e-01
4.199999999999548095e+01 9.727843839969697870e-02 9.345297223748986193e-01
4.209999999999547526e+01 8.901897139524955760e-02 9.422192864996596917e-01
4.219999999999546247e+01 8.313467640138422210e-02 9.479000723365705872e-01
4.229999999999544968e+01 7.964064099394409235e-02 9.515511739359681087e-01
4.239999999999544400e+01 7.854093004232162722e-02 9.531611806713335966e-01
4.249999999999543121e+01 7.982860616561504585e-02 9.527281932397033692e-01
4.259999999999541842e+01 8.348580096106292259e-02 9.502597957924932004e-01
4.269999999999540563e+01 8.948383646580912454e-02 9.457729844915654382e-01
4.279999999999539284e+01 9.778339601780831891e-02 9.392940529909139524e-01
4.289999999999538716e+01 1.083347434094014544e-01 9.308584355445795877e-01
4.299999999999537437e+01 1.210779889895285538e-01 9.205105086357525668e-01
4.309999999999536158e+01 1.359434011688738231e-01 9.083033522083437949e-01
4.319999999999535589e+01 1.528517616101883747e-01 8.942984717598686517e-01
4.329999999999534310e+01 1.717147622357377001e-01 8.785654827228325248e-01
4.339999999999533031e+01 1.924354420488344763e-01 8.611817587220752523e-01
4.349999999999531752e+01 2.149086616405500583e-01 8.422320454467735473e-01
4.359999999999530473e+01 2.390216131313116776e-01 8.218080420198813352e-01
4.369999999999529905e+01 2.646543631772223515e-01 8.000079518844184223e-01
4.379999999999528626e+01 2.916804265556580678e-01 7.769360053540848021e-01
4.389999999999527347e+01 3.199673677379834547e-01 7.527019560955097166e-01
4.399999999999526779e+01 3.493774277627375580e-01 7.274205539187591496e-01
4.409999999999525500e+01 3.797681736409982411e-01 7.012109963521996336e-01
4.419999999999524221e+01 4.109931674534224033e-01 6.741963615664700038e-01
4.429999999999522942e+01 4.429026522328236570e-01 6.465030252905833441e-01
4.439999999999521663e+01 4.753442516644169613e-01 6.182600644305842330e-01
4.449999999999521094e+01 5.081636805735260110e-01 5.895986501570908977e-01
4.459999999999519815e+01 5.412054631038452079e-01 5.606514332731717953e-01
4.469999999999518536e+01 5.743136554125050086e-01 5.315519247073822173e-01
4.479999999999517968e+01 6.073325696238982552e-01 5.024338739994090863e-01
4.489999999999516689e+01 6.401074957063493942e-01 4.734306486565519889e-01
4.499999999999515410e+01 6.724854178843714392e-01 4.446746172581204082e-01
4.509999999999514131e+01 7.043157221935382184e-01 4.162965391697679429e-01
4.519999999999512852e+01 7.354508918243093385e-01 3.884249637001891409e-01
4.529999999999512283e+01 7.657471869687709765e-01 3.611856414878625299e-01
4.539999999999511004e+01 7.950653059469779960e-01 3.347009508464899863e-01
4.549999999999509726e+01 8.232710244271863598e-01 3.090893417253301467e-01
4.559999999999509157e+01 8.502358095696218587e-01 2.844647998557323643e-01
4.569999999999507878e+01 8.758374059482618712e-01 2.609363335581874610e-01
4.579999999999506599e+01 8.999603901804064110e-01 2.386074855743482159e-01
4.589999999999505320e+01 9.224966913430351356e-01 2.175758721654525996e-01
4.599999999999504041e+01 9.433460744758564998e-01 1.979327515822623396e-01
4.609999999999503473e+01 9.624165847374638316e-01 1.797626238627843265e-01
4.619999999999502194e+01 9.796249500687242984e-01 1.631428637540058568e-01
4.629999999999500915e+01 9.948969405018330825e-01 1.481433883846865196e-01
4.639999999999500346e+01 1.008167682524205855e+00 1.348263611394971973e-01
4.649999999999499067e+01 1.019381927159986878e+00 1.232459330020826832e-01
4.659999999999497788e+01 1.028494270675468281e+00 1.134480224472505655e-01
4.669999999999496509e+01 1.035469327060159372e+00 1.054701347709306319e-01
4.679999999999495230e+01 1.040281851691127191e+00 9.934122155197855353e-02
4.689999999999494662e+01 1.042916815851199663e+00 9.508158074301645279e-02
4.699999999999493383e+01 1.043369432035627931e+00 9.270279768926188713e-02
4.709999999999492104e+01 1.041645130232018657e+00 9.220772717633028692e-02
4.719999999999491536e+01 1.037759485596048137e+00 9.359051641067284155e-02
4.729999999999490257e+01 1.031738098174709073e+00 9.683666864100394511e-02
4.739999999999488978e+01 1.023616425561883814e+00 1.019231469359588721e-01
4.749999999999487699e+01 1.013439569611556124e+00 1.088185174433835140e-01
4.759999999999486420e+01 1.001262018575055368e+00 1.174831312711088621e-01
4.769999999999485851e+01 9.871473462500516272e-01 1.278693439491682959e-01
4.779999999999484572e+01 9.711678699128918346e-01 1.399217712606137254e-01
4.789999999999483293e+01 9.534042689477469912e-01 1.535775800632631638e-01
4.799999999999482725e+01 9.339451661969726537e-01 1.687668125682075526e-01
4.809999999999481446e+01 9.128866741599440671e-01 1.854127423932526442e-01
4.819999999999480167e+01 8.903319082773945015e-01 2.034322605703297038e-01
4.829999999999478888e+01 8.663904696629231017e-01 2.227362895562706169e-01
4.839999999999477609e+01 8.411778997739425279e-01 2.432302231762254463e-01
4.849999999999477041e+01 8.148151096412270533e-01 2.648143903195941395e-01
4.859999999999475762e+01 7.874277863883896167e-01 2.873845401094676233e-01
4.869999999999474483e+01 7.591457798660775635e-01 3.108323461790161168e-01
4.879999999999473914e+01 7.301024722977906833e-01 3.350459276116370955e-01
4.889999999999472635e+01 7.004341338868208533e-01 3.599103840352802508e-01
4.899999999999471356e+01 6.702792673717629102e-01 3.853083423054145529e-01
4.909999999999470077e+01 6.397779445511813101e-01 4.111205121646512306e-01
4.919999999999468798e+01 6.090711378365289974e-01 4.372262482297969433e-01
4.929999999999468230e+01 5.783000499448237575e-01 4.635041156303895127e-01
4.939999999999466951e+01 5.476054449053381346e-01 4.898324566068194552e-01
4.949999999999465672e+01 5.171269836213083781e-01 5.160899553728984790e-01
4.959999999999465103e+01 4.870025672830743946e-01 5.421561985584623100e-01
4.969999999999463824e+01 4.573676919581028955e-01 5.679122285737732145e-01
4.979999999999462545e+01 4.283548176700677779e-01 5.932410872790996326e-01
4.989999999999461266e+01 4.000927552165302603e-01 6.180283474006648126e-01
