1.000000000000000000e+00 2.000000000000000000e+00 0.000000000000000000e+00
1.099999999999988987e+00 1.997600966525467703e+00 1.999200209288272065e-03
1.199999999999977973e+00 1.990415457762583662e+00 7.987208594667068173e-03
1.299999999999966960e+00 1.978478194303860072e+00 1.793529494127607885e-02
1.399999999999955946e+00 1.961846859232445839e+00 3.179573038633481258e-02
1.499999999999944933e+00 1.940601818191939776e+00 4.950201889849001335e-02
1.599999999999933920e+00 1.914845727211036408e+00 7.096921979890315202e-02
1.699999999999922906e+00 1.884703030194349704e+00 9.609435975835012300e-02
1.799999999999911893e+00 1.850319348562123878e+00 1.247569322597691654e-01
1.899999999999900879e+00 1.811860766079033347e+00 1.568194820809240275e-01
1.999999999999889866e+00 1.769513012454514644e+00 1.921282719293678221e-01
2.099999999999878852e+00 1.723480549817976160e+00 2.305140279540701942e-01
2.199999999999867839e+00 1.673985566672499647e+00 2.717927604666980912e-01
2.299999999999856826e+00 1.621266884403573583e+00 3.157666558332208884e-01
2.399999999999845812e+00 1.565578781864712221e+00 3.622250351442631300e-01
2.499999999999834799e+00 1.507189743976197427e+00 4.109453749434713865e-01
2.599999999999823785e+00 1.446381140654819486e+00 4.616943849873358929e-01
2.699999999999812772e+00 1.383445842738787457e+00 5.142291377303113142e-01
2.799999999999801759e+00 1.318686781882328019e+00 5.682982439760572158e-01
2.899999999999790745e+00 1.252415461667127028e+00 6.236430689108581893e-01
2.999999999999779732e+00 1.184950427410744744e+00 6.799989825397778631e-01
3.099999999999768718e+00 1.116615702347633521e+00 7.370966383811496936e-01
3.199999999999757705e+00 1.047739198011093942e+00 7.946632741397769983e-01
3.299999999999746692e+00 9.786511067602304825e-01 8.524240279770139983e-01
3.399999999999735678e+00 9.096822844685616971e-01 9.101032639245395517e-01
3.499999999999724665e+00 8.411626314254871950e-01 9.674258999493375866e-01
3.599999999999713651e+00 7.734194794956441577e-01 1.024118732171332313e+00
3.699999999999702638e+00 7.067759935354775980e-01 1.079911748760036705e+00
3.799999999999691624e+00 6.415495949825276156e-01 1.134539427094577446e+00
3.899999999999680611e+00 5.780504154099032066e-01 1.187742007860250970e+00
3.999999999999669598e+00 5.165797876785612752e-01 1.239266739875257262e+00
4.099999999999658584e+00 4.574287821229769957e-01 1.288869089592047601e+00
4.199999999999647571e+00 4.008767949730226987e-01 1.336313909398431532e+00
4.299999999999636557e+00 3.471901959474070209e-01 1.381376559052770459e+00
4.399999999999625544e+00 2.966210416528954896e-01 1.423843974824859027e+00
4.499999999999614531e+00 2.494058610898742812e-01 1.463515681177949057e+00
4.599999999999603517e+00 2.057645192007101775e-01 1.500204740116183100e+00
4.699999999999592504e+00 1.658991640035655801e-01 1.533738633634716519e+00
4.799999999999581490e+00 1.299932624333411113e-01 1.563960075044568354e+00
4.899999999999570477e+00 9.821072956472465254e-02 1.590727745300687612e+00
4.999999999999559464e+00 7.069515542210923209e-02 1.613916950835127873e+00
5.099999999999548450e+00 4.756913308973301918e-02 1.633420199789783478e+00
5.199999999999537437e+00 2.893369132496640544e-02 1.649147693949126303e+00
5.299999999999526423e+00 1.486783435087296601e-02 1.661027734092490160e+00
5.399999999999515410e+00 5.428190963561305669e-03 1.669007036916677400e+00
5.499999999999504396e+00 6.487745381027111178e-04 1.673050962117843987e+00
5.599999999999493383e+00 5.408549568624386851e-04 1.673143648667128502e+00
5.699999999999482370e+00 5.092942918773256736e-03 1.669288059764890253e+00
5.799999999999471356e+00 1.427088652041923374e-02 1.661505936409239048e+00
5.899999999999460343e+00 2.801807943281748106e-02 1.649837659966069348e+00
5.999999999999449329e+00 4.625577943454718677e-02 1.634342024576761476e+00
6.099999999999438316e+00 6.888353550549501658e-02 1.615095920683043085e+00
6.199999999999427303e+00 9.577972113898351736e-02 1.592193931384908057e+00
6.299999999999416289e+00 1.268021709965669597e-01 1.565747843775430193e+00
6.399999999999405276e+00 1.617889175121476064e-01 1.535886077810244776e+00
6.499999999999394262e+00 2.005590235533486476e-01 1.502753035673628279e+00
6.599999999999383249e+00 2.429135067708756424e-01 1.466508374986630558e+00
6.699999999999372235e+00 2.886363508136390865e-01 1.427326209573469784e+00
6.799999999999361222e+00 3.374955981610275324e-01 1.385394241850093078e+00
6.899999999999350209e+00 3.892445189263708527e-01 1.340912831226915625e+00
6.999999999999339195e+00 4.436228496189845716e-01 1.294094003223092315e+00
7.099999999999328182e+00 5.003580955183307699e-01 1.245160404269986421e+00
7.199999999999317168e+00 5.591668900143673682e-01 1.194344207436531358e+00
7.299999999999306155e+00 6.197564040040238753e-01 1.141885974537813597e+00
7.399999999999295142e+00 6.818257982065162315e-01 1.088033480288271848e+00
7.499999999999284128e+00 7.450677110702969008e-01 1.033040504332519927e+00
7.599999999999273115e+00 8.091697747930545193e-01 9.771655971291649534e-01
7.699999999999262101e+00 8.738161518630219726e-01 9.206708257742677315e-01
7.799999999999251088e+00 9.386890844557732594e-01 8.638205059339518765e-01
7.899999999999240075e+00 1.003470448985240404e+00 8.068799261044263815e-01
7.999999999999229061e+00 1.067843308111630973e+00 7.501140704392543768e-01
8.099999999999218048e+00 1.131493452549527490e+00 6.937863463711293477e-01
8.199999999999207034e+00 1.194110925100145826e+00 6.381573232146238173e-01
8.299999999999196021e+00 1.255391519447244031e+00 5.834834878632987332e-01
8.399999999999185007e+00 1.315038246409247380e+00 5.300160235932062092e-01
8.499999999999173994e+00 1.372762760527509673e+00 4.779996178528226891e-01
8.599999999999162981e+00 1.428286740092896245e+00 4.276713047602432316e-01
8.699999999999151967e+00 1.481343213966582750e+00 3.792593478406285912e-01
8.799999999999140954e+00 1.531677828837385791e+00 3.329821683229824969e-01
8.899999999999129940e+00 1.579050050872981892e+00 2.890473240762851392e-01
8.999999999999118927e+00 1.623234296067446181e+00 2.476505440009418579e-01
9.099999999999107914e+00 1.664020983957184230e+00 2.089748224056508230e-01
9.199999999999096900e+00 1.701217509773993886e+00 1.731895775918429470e-01
9.299999999999085887e+00 1.734649130523655103e+00 1.404498785406556871e-01
9.399999999999074873e+00 1.764159760917135999e+00 1.108957432518360570e-01
9.499999999999063860e+00 1.789612675542486375e+00 8.465151192237148348e-02
9.599999999999052847e+00 1.810891114141486957e+00 6.182529777627953499e-02
9.699999999999041833e+00 1.827898787345079601e+00 4.250851796830782542e-02
9.799999999999030820e+00 1.840560280725744624e+00 2.677550658487673485e-02
9.899999999999019806e+00 1.848821355536045985e+00 1.468321135760006398e-02
9.999999999999008793e+00 1.852649145021824095e+00 6.270975290261517759e-03
1.009999999999899778e+01 1.852032245721253467e+00 1.560403981177306424e-03
1.019999999999898677e+01 1.846980703683748226e+00 5.553190016169940553e-04
1.029999999999897575e+01 1.837525896065584474e+00 3.241797269489779271e-03
1.039999999999896474e+01 1.823720309074884582e+00 9.588295937913793657e-03
1.049999999999895373e+01 1.805637213748914727e+00 1.954586190267747214e-02
1.059999999999894271e+01 1.783370241545668033e+00 3.304842462301453565e-02
1.069999999999893170e+01 1.757032862218368408e+00 5.001317054856138644e-02
1.079999999999892069e+01 1.726757766912795367e+00 7.034099705380605916e-02
1.089999999999890967e+01 1.692696159881743156e+00 9.391704340163579967e-02
1.099999999999889866e+01 1.655016962644970668e+00 1.206112958915980249e-01
1.109999999999888765e+01 1.613905934836213918e+00 1.502792639979394218e-01
1.119999999999887663e+01 1.569564716368393453e+00 1.827627239689255112e-01
1.129999999999886562e+01 1.522209795913264996e+00 2.178905260441253156e-01
1.139999999999885461e+01 1.472071411029691745e+00 2.554794611514895619e-01
1.149999999999884359e+01 1.419392385585956262e+00 2.953351826726306473e-01
1.159999999999883258e+01 1.364426910402515514e+00 3.372531786140559595e-01
1.169999999999882156e+01 1.307439273293892645e+00 3.810197892949175325e-01
1.179999999999881055e+01 1.248702544907810186e+00 4.264132654598521976e-01
1.189999999999879954e+01 1.188497226948894481e+00 4.732048615486976195e-01
1.199999999999878852e+01 1.127109869528629016e+00 5.211599587048283411e-01
1.209999999999877751e+01 1.064831664506139530e+00 5.700392119805846036e-01
1.219999999999876650e+01 1.001957021771047618e+00 6.195997161026238764e-01
1.229999999999875548e+01 9.387821354743366431e-01 6.695961840923220221e-01
1.239999999999874447e+01 8.756035472306564760e-01 7.197821329964533277e-01
1.249999999999873346e+01 8.127167133008682542e-01 7.699110709719610979e-01
1.259999999999872244e+01 7.504145827124877322e-01 8.197376799850649709e-01
1.269999999999871143e+01 6.889861931916253512e-01 8.690189884293376688e-01
1.279999999999870042e+01 6.287152916621721044e-01 9.175155280395540514e-01
1.289999999999868940e+01 5.698789859167301408e-01 9.649924695769048766e-01
1.299999999999867839e+01 5.127464338812496303e-01 1.011220731886676383e+00
1.309999999999866738e+01 4.575775766816029821e-01 1.055978059081168707e+00
1.319999999999865636e+01 4.046219214770667705e-01 1.099050060775896620e+00
1.329999999999864535e+01 3.541173797543271662e-01 1.140231210507985926e+00
1.339999999999863434e+01 3.062891664776974388e-01 1.179325797687826860e+00
1.349999999999862332e+01 2.613487651686504654e-01 1.216148828679381788e+00
1.359999999999861231e+01 2.194929636415750007e-01 1.250526872869404116e+00
1.369999999999860130e+01 1.809029647561834209e-01 1.282298849869223378e+00
1.379999999999859028e+01 1.457435761605686275e-01 1.311316754293198050e+00
1.389999999999857927e+01 1.141624825958198614e-01 1.337446314875020414e+00
1.399999999999856826e+01 8.628960391482437542e-02 1.360567585014194725e+00
1.409999999999855724e+01 6.223654153665873767e-02 1.380575462187465963e+00
1.419999999999854623e+01 4.209611561608286867e-02 1.397380134015739461e+00
1.429999999999853522e+01 2.594199475715729120e-02 1.410907449138758318e+00
1.439999999999852420e+01 1.382841964317643203e-02 1.421099211421762654e+00
1.449999999999851319e+01 5.790021494267106640e-03 1.427913396393462708e+00
1.459999999999850218e+01 1.841735801250710038e-03 1.431324289194578547e+00
1.469999999999849116e+01 1.978811322134018270e-03 1.431322543697356675e+00
1.479999999999848015e+01 6.176913867996656343e-03 1.427915162837819052e+00
1.489999999999846914e+01 1.439232395039868537e-02 1.421125400581494391e+00
1.499999999999845812e+01 2.656222691487376483e-02 1.410992586318556397e+00
1.509999999999844711e+01 4.260509374675020694e-02 1.397571872854848074e+00
1.519999999999843610e+01 6.242115030849120644e-02 1.380933909526999237e+00
1.529999999999842508e+01 8.589293235391479153e-02 1.361164442323497648e+00
1.539999999999841407e+01 1.128859232659292361e-01 1.338363843236790141e+00
1.549999999999840306e+01 1.432492710824613269e-01 1.312646571401457685e+00
1.559999999999839204e+01 1.768165810117890702e-01 1.284140568890330680e+00
1.569999999999838103e+01 2.134067792948770304e-01 1.252986594342706539e+00
1.579999999999837001e+01 2.528250439501852354e-01 1.219337497882388099e+00
1.589999999999835900e+01 2.948637976365999225e-01 1.183357441052131032e+00
1.599999999999834799e+01 3.393037575944423123e-01 1.145221065737453969e+00
1.609999999999833875e+01 3.859150373733665762e-01 1.105112616282296845e+00
1.619999999999832596e+01 4.344582948307590953e-01 1.063225019204960153e+00
1.629999999999831317e+01 4.846859206858152858e-01 1.019758925107900671e+00
1.639999999999830393e+01 5.363432617433566696e-01 9.749217175372869582e-01
1.649999999999829470e+01 5.891698727588859930e-01 9.289264936868298905e-01
1.659999999999828191e+01 6.429007908024363394e-01 8.819910219546989172e-01
1.669999999999826912e+01 6.972678258943214580e-01 8.343366814528033748e-01
1.679999999999825988e+01 7.520008616314791672e-01 7.861873886330035255e-01
1.689999999999825064e+01 8.068291594987110349e-01 7.377685162346254710e-01
1.699999999999823785e+01 8.614826605652681213e-01 6.893058097729370948e-01
1.709999999999822506e+01 9.156932783037213808e-01 6.410243067779263226e-01
1.719999999999821583e+01 9.691961763352811010e-01 5.931472639572751282e-01
1.729999999999820659e+01 1.021731025002787785e+00 5.458950973974082688e-01
1.739999999999819380e+01 1.073043230799174408e+00 4.994843408319492029e-01
1.749999999999818101e+01 1.122885132836132005e+00 4.541266268980454490e-01
1.759999999999817177e+01 1.171017160720844386e+00 4.100276961695794586e-01
1.769999999999816254e+01 1.217208948421736547e+00 3.673864386013406258e-01
1.779999999999814975e+01 1.261240398941145369e+00 3.263939718421391412e-01
1.789999999999813696e+01 1.302902694876738821e+00 2.872327606777055342e-01
1.799999999999812772e+01 1.341999250239256369e+00 2.500757816473141992e-01
1.809999999999811848e+01 1.378346599202997069e+00 2.150857366425730777e-01
1.819999999999810569e+01 1.411775217793695525e+00 1.824143190439986850e-01
1.829999999999809290e+01 1.442130274864906303e+00 1.522015356820944909e-01
1.839999999999808367e+01 1.469272309077148897e+00 1.245750876261581680e-01
1.849999999999807443e+01 1.493077828970537091e+00 9.964981250736050511e-02
1.859999999999806164e+01 1.513439833610930485e+00 7.752719077435334116e-02
1.869999999999804885e+01 1.530268251688307268e+00 5.829491796124611908e-02
1.879999999999803961e+01 1.543490297352523299e+00 4.202654472106035627e-02
1.889999999999803038e+01 1.553050741483941399e+00 2.878118604404801897e-02
1.899999999999801759e+01 1.558912097511853334e+00 1.860330074155979591e-02
1.909999999999800480e+01 1.561054721310763949e+00 1.152254193383717151e-02
1.919999999999799556e+01 1.559476825121413945e+00 7.553678936063353867e-03
1.929999999999798632e+01 1.554194405856203387e+00 6.696590592797836521e-03
1.939999999999797353e+01 1.545241088559953457e+00 8.936329768227384285e-03
1.949999999999796074e+01 1.532667886197652374e+00 1.424325836013554808e-02
1.959999999999795151e+01 1.516542877337971884e+00 2.257325187071741734e-02
1.969999999999794227e+01 1.496950803684684805e+00 3.386797223892747122e-02
1.979999999999792948e+01 1.473992589782287643e+00 4.805520731846635307e-02
1.989999999999791669e+01 1.447784787582563792e+00 6.504927507430943723e-02
1.999999999999790745e+01 1.418458948903457584e+00 8.475149027022611803e-02
2.009999999999789821e+01 1.386160929142162379e+00 1.070506911314947907e-01
2.019999999999788542e+01 1.351050125915018718e+00 1.318238231922052861e-01
2.029999999999787264e+01 1.313298656589745095e+00 1.589365772764904094e-01
2.039999999999786340e+01 1.273090478948219140e+00 1.882440783188009670e-01
2.049999999999785416e+01 1.230620459468296568e+00 2.195916215011772532e-01
2.059999999999784137e+01 1.186093393941718643e+00 2.528154519762038088e-01
2.069999999999782858e+01 1.139722985349530537e+00 2.877435842539737276e-01
2.079999999999781934e+01 1.091730784095868323e+00 3.241966571607949321e-01
2.089999999999781011e+01 1.042345095856185733e+00 3.619888201271274641e-01
2.099999999999779732e+01 9.917998624232067240e-01 4.009286464331481836e-01
2.109999999999778453e+01 9.403335210364313079e-01 4.408200689326612354e-01
2.119999999999777529e+01 8.881878477548114104e-01 4.814633336905237981e-01
2.129999999999776605e+01 8.356067904800954516e-01 5.226559669054022805e-01
2.139999999999775326e+01 7.828352972575728375e-01 5.641937504487802846e-01
2.149999999999774047e+01 7.301181454741718646e-01 6.058717013327592493e-01
2.159999999999773124e+01 6.776987775386040802e-01 6.474850504232713133e-01
2.169999999999772200e+01 6.258181485672917876e-01 6.888302157421818395e-01
2.179999999999770921e+01 5.747135915120182847e-01 7.297057657496689442e-01
2.189999999999769642e+01 5.246177050514471141e-01 7.699133680694784099e-01
2.199999999999768718e+01 4.757572694308584982e-01 8.092587192106289740e-01
2.209999999999767795e+01 4.283521952711377145e-01 8.475524509518073124e-01
2.219999999999766516e+01 3.826145101829550033e-01 8.846110091873204961e-01
2.229999999999765237e+01 3.387473878140300765e-01 9.202575011847342612e-01
2.239999999999764313e+01 2.969442237286603614e-01 9.543225073751777643e-01
2.249999999999763389e+01 2.573877622708666824e-01 9.866448539847493260e-01
2.259999999999762110e+01 2.202492782958094530e-01 1.017072343019880032e+00
2.269999999999760831e+01 1.856878173712069591e-01 1.045462436339438028e+00
2.279999999999759908e+01 1.538494977520880880e-01 1.071682890780748965e+00
2.289999999999758984e+01 1.248668771200753674e-01 1.095612341553556135e+00
2.299999999999757705e+01 9.885838675422700672e-02 1.117140831375963206e+00
2.309999999999756426e+01 7.592783546564811636e-02 1.136170283095620626e+00
2.319999999999755502e+01 5.616398528455689848e-02 1.152614913818979181e+00
2.329999999999754579e+01 3.964020053763918361e-02 1.166401588858321459e+00
2.339999999999753300e+01 2.641417159737164191e-02 1.177470114099901988e+00
2.349999999999752021e+01 1.652771422501048484e-02 1.185773465694859086e+00
2.359999999999751097e+01 1.000664506709046317e-02 1.191277956277157379e+00
2.369999999999750173e+01 6.860733503149482083e-03 1.193963337216864318e+00
2.379999999999748894e+01 7.083729681780108478e-03 1.193822836722116643e+00
2.389999999999747615e+01 1.065346822466659016e-02 1.190863133907881011e+00
2.399999999999746692e+01 1.753204672560796165e-02 1.185104269251316289e+00
2.409999999999745768e+01 2.766607782522506956e-02 1.176579492152616924e+00
2.419999999999744489e+01 4.098701330358010125e-02 1.165335046613603875e+00
2.429999999999743210e+01 5.741153830372005412e-02 1.151429896334312364e+00
2.439999999999742286e+01 7.684203348053597615e-02 1.134935390807122690e+00
2.449999999999741362e+01 9.916710256258744194e-02 1.115934874259663090e+00
2.459999999999740083e+01 1.242621625208943509e-01 1.094523239558324423e+00
2.469999999999738804e+01 1.519900932593107878e-01 1.070806429434520091e+00
2.479999999999737881e+01 1.822019434771123270e-01 1.044900887633077646e+00
2.489999999999736957e+01 2.147376891068530358e-01 1.016932962806588625e+00
2.499999999999735678e+01 2.494270405004172242e-01 9.870382681893197230e-01
2.509999999999734399e+01 2.860902943246919627e-01 9.553610002792525258e-01
2.519999999999733475e+01 3.245392259358026443e-01 9.220532199351790803e-01
2.529999999999732552e+01 3.645780178290321527e-01 8.872740994574911388e-01
2.539999999999731273e+01 4.060042196105890233e-01 8.511891393657985416e-01
2.549999999999729994e+01 4.486097348081784508e-01 8.139693587122488472e-01
2.559999999999729070e+01 4.921818297311072454e-01 7.757904628768599320e-01
2.569999999999728146e+01 5.365041595069268698e-01 7.368319928794921925e-01
2.579999999999726867e+01 5.813578063621644976e-01 6.972764603116023974e-01
2.589999999999725588e+01 6.265223251787714887e-01 6.573084720398819636e-01
2.599999999999724665e+01 6.717767913463398299e-01 6.171138488632971209e-01
2.609999999999723741e+01 7.169008459428967139e-01 5.768787423135874892e-01
2.619999999999722462e+01 7.616757333138057806e-01 5.367887537789449715e-01
2.629999999999721183e+01 8.058853261788883060e-01 4.970280600998017717e-01
2.639999999999720259e+01 8.493171334818786500e-01 4.577785497354769362e-01
2.649999999999719336e+01 8.917632863030752199e-01 4.192189735313263665e-01
2.659999999999718057e+01 9.330214972846916366e-01 3.815241140277341736e-01
2.669999999999716778e+01 9.728959891682005257e-01 3.448639771461939341e-01
2.679999999999715854e+01 1.011198388213341293e+00 3.094030099636719822e-01
2.689999999999714930e+01 1.047748578457050161e+00 2.752993481456615377e-01
2.699999999999713651e+01 1.082375512978722476e+00 2.427040964512877375e-01
2.709999999999712372e+01 1.114917978561399847e+00 2.117606455515483876e-01
2.719999999999711449e+01 1.145225310379484052e+00 1.826040282149176130e-01
2.729999999999710525e+01 1.173158053597087358e+00 1.553603177144920189e-01
2.739999999999709246e+01 1.198588569029529483e+00 1.301460710980406055e-01
2.749999999999707967e+01 1.221401580299418699e+00 1.070678197385508401e-01
2.759999999999707043e+01 1.241494660208971590e+00 8.622160934845383984e-02
2.769999999999706120e+01 1.258778654348649217e+00 6.769259139760953892e-02
2.779999999999704841e+01 1.273178040268905908e+00 5.155466762389041002e-02
2.789999999999703562e+01 1.284631220853036826e+00 3.787018906751291741e-02
2.799999999999702638e+01 1.293090750846186632e+00 2.668971079705739768e-02
2.809999999999701714e+01 1.298523495813890483e+00 1.805180322791596556e-02
2.819999999999700435e+01 1.300910723123474888e+00 1.198292066375789174e-02
2.829999999999699156e+01 1.300248124862079635e+00 8.497327419982825258e-03
2.839999999999698233e+01 1.296545772921445572e+00 7.597081616166807133e-03
2.849999999999697309e+01 1.289828006795333382e+00 9.272076453563869378e-03
2.859999999999696030e+01 1.280133254944633148e+00 1.350013852498928649e-02
2.869999999999694751e+01 1.267513790889137626e+00 2.024718243915922186e-02
2.879999999999693827e+01 1.252035425482116437e+00 2.946742078096255962e-02
2.889999999999692903e+01 1.233777137111805366e+00 4.110362817440402911e-02
2.899999999999691624e+01 1.212830641852977953e+00 5.508745796719497628e-02
2.909999999999690345e+01 1.189299905860004003e+00 7.133980981631977969e-02
2.919999999999689422e+01 1.163300602549125484e+00 8.977124622339190119e-02
2.929999999999688498e+01 1.134959517361376902e+00 1.102824558483131989e-01
2.939999999999687219e+01 1.104413903127232421e+00 1.327647612205474226e-01
2.949999999999685940e+01 1.071810789268895725e+00 1.571006682702149049e-01
2.959999999999685016e+01 1.037306248275575271e+00 1.831644549170082514e-01
2.969999999999684093e+01 1.001064623069160664e+00 2.108227957844324985e-01
2.979999999999682814e+01 9.632577190431851344e-01 2.399354199507710006e-01
2.989999999999681535e+01 9.240639647047889094e-01 2.703557985072647107e-01
2.999999999999680611e+01 8.836675449778613745e-01 3.019318585686198708e-01
3.009999999999679687e+01 8.422575113342865016e-01 3.345067202718803312e-01
3.019999999999678408e+01 8.000268730102524373e-01 3.679194532072552204e-01
3.029999999999677129e+01 7.571716736332803066e-01 4.020058486488447547e-01
3.039999999999676206e+01 7.138900576355319272e-01 4.365992038951175824e-01
3.049999999999675282e+01 6.703813308573787211e-01 4.715311149880395125e-01
3.059999999999674003e+01 6.268450197538628643e-01 5.066322740566492344e-01
3.069999999999672724e+01 5.834799336048186458e-01 5.417332675250391416e-01
3.079999999999671800e+01 5.404832340972580695e-01 5.766653714368146222e-01
3.089999999999670877e+01 4.980495165968690796e-01 6.112613401772876154e-01
3.099999999999669598e+01 4.563699073539468354e-01 6.453561849211354451e-01
3.109999999999668319e+01 4.156311807985460516e-01 6.787879381969170733e-01
3.119999999999667395e+01 3.760149009704315537e-01 7.113984010395845159e-01
3.129999999999666471e+01 3.376965910026444306e-01 7.430338692984495008e-01
3.139999999999665192e+01 3.008449344324257146e-01 7.735458357798412621e-01
3.149999999999663913e+01 2.656210119526011826e-01 8.027916650304454116e-01
3.159999999999662990e+01 2.321775770388596061e-01 8.306352377086791972e-01
3.169999999999662066e+01 2.006583736959026143e-01 8.569475616463942957e-01
3.179999999999660787e+01 1.711974993583129379e-01 8.816073468715153183e-01
3.189999999999659508e+01 1.439188157611095420e-01 9.045015420419548757e-01
3.199999999999658584e+01 1.189354103613595726e-01 9.255258299330978433e-01
3.209999999999657661e+01 9.634911064669257619e-02 9.445850798228373479e-01
3.219999999999656382e+01 7.625005341041203588e-02 9.615937548295857562e-01
3.229999999999655103e+01 5.871631080697987948e-02 9.764762724781672620e-01
3.239999999999653824e+01 4.381357472756639004e-02 9.891673169961898715e-01
3.249999999999653255e+01 3.159490075411144211e-02 9.996121020758697018e-01
3.259999999999651976e+01 2.210051266357824021e-02 1.007766583075735189e+00
3.269999999999650697e+01 1.535766816315500306e-02 1.013597617878188251e+00
3.279999999999650129e+01 1.138058624363145165e-02 1.017083075864599229e+00
3.289999999999648850e+01 1.017043624354961942e-02 1.018211894716068766e+00
3.299999999999647571e+01 1.171538842259416471e-02 1.016984084995456339e+00
3.309999999999646292e+01 1.599072555051500935e-02 1.013410682712179156e+00
3.319999999999645013e+01 2.295901472920564360e-02 1.007513650316228082e+00
3.329999999999644444e+01 3.257033838183980706e-02 9.993257268087902823e-01
3.339999999999643165e+01 4.476258306559235262e-02 9.888902278939006862e-01
3.349999999999641886e+01 5.946178449482484446e-02 9.762607973273230710e-01
3.359999999999641318e+01 7.658252690096337134e-02 9.615011108437347964e-01
3.369999999999640039e+01 9.602839460487709589e-02 9.446845342611320806e-01
3.379999999999638760e+01 1.176924734385775412e-01 9.258937375703336636e-01
3.389999999999637481e+01 1.414578994265121015e-01 9.052202670169953169e-01
3.399999999999636202e+01 1.671984519237384170e-01 8.827640773729643620e-01
3.409999999999635634e+01 1.947791882096863991e-01 8.586330267714553655e-01
3.419999999999634355e+01 2.240571163529977983e-01 8.329423366466692791e-01
3.429999999999633076e+01 2.548819029957021809e-01 8.058140194715990301e-01
3.439999999999632507e+01 2.870966125547467773e-01 7.773762771272442196e-01
3.449999999999631228e+01 3.205384742058813297e-01 7.477628728625179688e-01
3.459999999999629949e+01 3.550396728999421492e-01 7.171124799147320372e-01
3.469999999999628670e+01 3.904281605652598075e-01 6.855680099571243025e-01
3.479999999999627391e+01 4.265284835720446477e-01 6.532759246199478786e-01
3.489999999999626823e+01 4.631626224764413546e-01 6.203855333972153607e-01
3.499999999999625544e+01 5.001508400227179241e-01 5.870482812994048949e-01
3.509999999999624265e+01 5.373125333626812550e-01 5.534170296459076654e-01
3.519999999999623697e+01 5.744670864516595588e-01 5.196453334070666452e-01
3.529999999999622418e+01 6.114347185999176038e-01 4.858867185064014160e-01
3.539999999999621139e+01 6.480373251976496718e-01 4.522939624777161383e-01
3.549999999999619860e+01 6.840993066898150010e-01 4.190183818400500804e-01
3.559999999999618581e+01 7.194483819538994851e-01 3.862091295061882423e-01
3.569999999999618012e+01 7.539163823288898003e-01 3.540125054772408353e-01
3.579999999999616733e+01 7.873400226559585935e-01 3.225712839983596592e-01
3.589999999999615454e+01 8.195616458210998045e-01 2.920240602577365840e-01
3.599999999999614886e+01 8.504299374345576368e-01 2.625046196049672376e-01
3.609999999999613607e+01 8.798006074425563927e-01 2.341413321444982820e-01
3.619999999999612328e+01 9.075370356404502958e-01 2.070565754276226245e-01
3.629999999999611049e+01 9.335108782435145303e-01 1.813661878212410872e-01
3.639999999999609770e+01 9.576026328704694279e-01 1.571789549758410842e-01
3.649999999999609201e+01 9.797021595037717079e-01 1.345961316483278714e-01
3.659999999999607923e+01 9.997091552099867107e-01 1.137110009591915799e-01
3.669999999999606644e+01 1.017533580630497259e+00 9.460847297835532632e-02
3.679999999999606075e+01 1.033096036487612945e+00 7.736472434121476061e-02
3.689999999999604796e+01 1.046328088591530703e+00 6.204688039646202163e-02
3.699999999999603517e+01 1.057172540080007384e+00 4.871274118154271526e-02
3.709999999999602238e+01 1.065583649871856275e+00 3.741055231070877091e-02
3.719999999999600959e+01 1.071527296569393384e+00 2.817882164588093527e-02
3.729999999999600391e+01 1.074981087299486937e+00 2.104618240263136930e-02
3.739999999999599112e+01 1.075934411239539479e+00 1.603130312381373726e-02
3.749999999999597833e+01 1.074388437831626852e+00 1.314284473249288654e-02
3.759999999999597264e+01 1.070356059943164295e+00 1.237946465503158601e-02
3.769999999999595985e+01 1.063861782486832608e+00 1.372986778538274125e-02
3.779999999999594706e+01 1.054941557263129770e+00 1.717290384387872709e-02
3.789999999999593427e+01 1.043642565035747705e+00 2.267771046908645741e-02
3.799999999999592148e+01 1.030022946091587066e+00 3.020390117055336832e-02
3.809999999999591580e+01 1.014151480772203628e+00 3.970179706454723956e-02
3.819999999999590301e+01 9.961072216912403299e-01 5.111270111505335917e-02
3.829999999999589022e+01 9.759790795714046174e-01 6.436921340930731872e-02
3.839999999999588454e+01 9.538653648431600907e-01 7.939558581186000052e-02
3.849999999999587175e+01 9.298732873460784365e-01 9.610811416444905997e-02
3.859999999999585896e+01 9.041184166599552929e-01 1.144155660315938905e-01
3.869999999999584617e+01 8.767241057662531478e-01 1.342196418345426856e-01
3.879999999999583338e+01 8.478208809009183389e-01 1.554154670697914797e-01
3.889999999999582769e+01 8.175458006048175186e-01 1.778921131733165184e-01
3.899999999999581490e+01 7.860417871091740505e-01 2.015331444687619433e-01
3.909999999999580211e+01 7.534569333084032428e-01 2.262171885273730754e-01
3.919999999999579643e+01 7.199437886718056401e-01 2.518185271700568717e-01
3.929999999999578364e+01 6.856586275286027377e-01 2.782077052580325116e-01
3.939999999999577085e+01 6.507607032263069691e-01 3.052521543482617505e-01
3.949999999999575806e+01 6.154114917121231709e-01 3.328168282337219397e-01
3.959999999999574527e+01 5.797739281183017512e-01 3.607648473464494243e-01
3.969999999999573959e+01 5.440116399478331921e-01 3.889581489738183628e-01
3.979999999999572680e+01 5.082881804540485549e-01 4.172581402250826188e-01
3.989999999999571401e+01 4.727662657886553821e-01 4.455263506864945433e-01
3.999999999999570832e+01 4.376070194563922433e-01 4.736250817185548301e-01
4.009999999999569553e+01 4.029692275617988706e-01 5.014180493788249482e-01
4.019999999999568274e+01 3.690086082646238941e-01 5.287710179968549973e-01
4.029999999999566995e+01 3.358770987756712345e-01 5.555524214855577236e-01
4.039999999999565716e+01 3.037221631248102072e-01 5.816339695432064527e-01
4.049999999999565148e+01 2.726861238183307390e-01 6.068912359842372206e-01
4.059999999999563869e+01 2.429055203740872193e-01 6.312042265325675805e-01
4.069999999999562590e+01 2.145104975810862291e-01 6.544579235192020672e-01
4.079999999999562021e+01 1.876242261757807006e-01 6.765428050446464781e-01
4.089999999999560742e+01 1.623623584617858162e-01 6.973553362969810987e-01
4.099999999999559464e+01 1.388325212231208694e-01 7.167984308559370854e-01
4.109999999999558185e+01 1.171338480954337569e-01 7.347818799629300957e-01
4.119999999999556906e+01 9.735655336506743307e-02 7.512227478943113157e-01
4.129999999999556337e+01 7.958154896399506628e-02 7.660457317411081268e-01
4.139999999999555058e+01 6.388010622030165786e-02 7.791834840708571353e-01
4.149999999999553779e+01 5.031356371013942508e-02 7.905768971258880784e-01
4.159999999999553211e+01 3.893308233907268046e-02 8.001753473962935903e-01
4.169999999999551932e+01 2.977944855929546067e-02 8.079368995942390885e-01
4.179999999999550653e+01 2.288292640543655374e-02 8.138284692482600224e-01
4.189999999999549374e+01 1.826315880648881826e-02 8.178259433306728221e-01
4.199999999999548095e+01 1.592911840563732487e-02 8.199142585273949679e-01
4.209999999999547526e+01 1.587910789443644846e-02 8.200874369571248268e-01
4.219999999999546247e+01 1.810080964364170486e-02 8.183485793435033573e-01
4.229999999999544968e+01 2.257138419101148430e-02 8.147098158405053914e-01
4.239999999999544400e+01 2.925761692736644076e-02 8.091922149058256020e-01
4.249999999999543121e+01 3.811611210704009961e-02 8.018256508088117407e-01
4.259999999999541842e+01 4.909353309846608421e-02 7.926486305479690797e-01
4.269999999999540563e+01 6.212688758588493648e-02 7.817080811373396942e-01
4.279999999999539284e+01 7.714385623495856326e-02 7.690590983998228936e-01
4.289999999999538716e+01 9.406316314427878855e-02 7.547646585785783291e-01
4.299999999999537437e+01 1.127949862222542982e-01 7.388952942442792438e-01
4.309999999999536158e+01 1.332414054554129368e-01 7.215287361346715000e-01
4.319999999999535589e+01 1.552968868706862404e-01 7.027495227139664014e-01
4.329999999999534310e+01 1.788487998411579516e-01 6.826485793814920378e-01
4.339999999999533031e+01 2.037779652432783195e-01 6.613227693919699890e-01
4.349999999999531752e+01 2.299592318434401650e-01 6.388744186725022756e-01
4.359999999999530473e+01 2.572620781745011964e-01 6.154108168337966145e-01
4.369999999999529905e+01 2.855512370579316173e-01 5.910436967743593062e-01
4.379999999999528626e+01 3.146873398357026286e-01 5.658886953670054787e-01
4.389999999999527347e+01 3.445275772976916784e-01 5.400647977950107093e-01
4.399999999999526779e+01 3.749263742256510601e-01 5.136937681720962212e-01
4.409999999999525500e+01 4.057360744238331374e-01 4.868995691344626953e-01
4.419999999999524221e+01 4.368076330691422204e-01 4.598077731351079001e-01
4.429999999999522942e+01 4.679913131901721202e-01 4.325449681997454721e-01
4.439999999999521663e+01 4.991373830753133012e-01 4.052381609204608881e-01
4.449999999999521094e+01 5.300968114139942289e-01 3.780141794669588107e-01
4.459999999999519815e+01 5.607219569937403891e-01 3.509990793866202274e-01
4.469999999999518536e+01 5.908672498073146429e-01 3.243175549431022153e-01
4.479999999999517968e+01 6.203898604702965391e-01 2.980923587093750604e-01
4.489999999999516689e+01 6.491503549082993096e-01 2.724437320848458466e-01
4.499999999999515410e+01 6.770133313463597702e-01 2.474888493478679119e-01
4.509999999999514131e+01 7.038480367189631215e-01 2.233412777847883501e-01
4.519999999999512852e+01 7.295289597184009267e-01 2.001104563550345217e-01
4.529999999999512283e+01 7.539363978114967946e-01 1.779011952589101830e-01
4.539999999999511004e+01 7.769569956790784993e-01 1.568131986713231507e-01
4.549999999999509726e+01 7.984842526686566355e-01 1.369406127910265392e-01
4.559999999999509157e+01 8.184189969989755786e-01 1.183716012315689237e-01
4.569999999999507878e+01 8.366698246125859884e-01 1.011879496477847834e-01
4.579999999999506599e+01 8.531535007413317828e-01 8.546470135082383235e-02
4.589999999999505320e+01 8.677953224257987097e-01 7.126982551605033633e-02
4.599999999999504041e+01 8.805294404157657517e-01 5.866391943249005259e-02
4.609999999999503473e+01 8.912991390698359329e-01 4.769994608052671031e-02
4.619999999999502194e+01 9.000570730713792766e-01 3.842300815694665861e-02
4.629999999999500915e+01 9.067654599806316273e-01 3.087015949419827723e-02
4.639999999999500346e+01 9.113962278504504910e-01 2.507025464445752916e-02
4.649999999999499067e+01 9.139311173431424740e-01 2.104383721981804845e-02
4.659999999999497788e+01 9.143617379980751858e-01 1.880306739832570545e-02
4.669999999999496509e+01 9.126895785128448235e-01 1.835168882262393567e-02
4.679999999999495230e+01 9.089259711132270381e-01 1.968503493446580738e-02
4.689999999999494662e+01 9.030920102993896803e-01 2.279007460514088576e-02
4.699999999999493383e+01 8.952184264646757539e-01 2.764549673981895467e-02
4.709999999999492104e+01 8.853454150900836872e-01 3.422183335375103552e-02
4.719999999999491536e+01 8.735224224194564346e-01 4.248162044101191220e-02
4.729999999999490257e+01 8.598078887179432250e-01 5.237959578283239021e-02
4.739999999999488978e+01 8.442689504077233176e-01 6.386293267332830703e-02
4.749999999999487699e+01 8.269811025596757181e-01 7.687150837631975819e-02
4.759999999999486420e+01 8.080278233979089064e-01 9.133820596874629716e-02
4.769999999999485851e+01 7.875001626430172541e-01 1.071892480745119253e-01
4.779999999999484572e+01 7.654962956818412989e-01 1.243445608482345865e-01
4.789999999999483293e+01 7.421210457029250307e-01 1.427181664318515064e-01
4.799999999999482725e+01 7.174853760796158220e-01 1.622186019790039513e-01
4.809999999999481446e+01 6.917058554146170435e-01 1.827493632231666776e-01
4.819999999999480167e+01 6.649040977814537623e-01 2.042093704560350442e-01
4.829999999999478888e+01 6.372061808083443468e-01 2.264934546834179718e-01
4.839999999999477609e+01 6.087420443481439403e-01 2.494928616369224139e-01
4.849999999999477041e+01 5.796448725645798605e-01 2.730957712419057604e-01
4.859999999999475762e+01 5.500504623378980051e-01 2.971878300754096092e-01
4.869999999999474483e+01 5.200965809531534756e-01 3.216526942926602461e-01
4.879999999999473914e+01 4.899223160811992939e-01 3.463725804575143452e-01
4.889999999999472635e+01 4.596674210943013095e-01 3.712288216807977936e-01
4.899999999999471356e+01 4.294716587770675553e-01 3.961024264514764748e-01
4.909999999999470077e+01 3.994741464969472355e-01 4.208746375386061556e-01
4.919999999999468798e+01 3.698127058880463780e-01 4.454274883473623436e-01
4.929999999999468230e+01 3.406232200770930030e-01 4.696443541300666102e-01
4.939999999999466951e+01 3.120390014408442880e-01 4.934104954827263079e-01
4.949999999999465672e+01 2.841901728313354636e-01 5.166135915993145256e-01
4.959999999999465103e+01 2.572030651378592880e-01 5.391442608094291211e-01
4.969999999999463824e+01 2.311996339745023554e-01 5.608965659897040545e-01
4.979999999999462545e+01 2.062968981884688024e-01 5.817685025156063006e-01
4.989999999999461266e+01 1.826064027788651956e-01 6.016624665068597277e-01
