1.000000000000000000e+00 2.000000000000000000e+00 0.000000000000000000e+00
1.099999999999988987e+00 1.997600966555830082e+00 1.999200209293321845e-03
1.199999999999977973e+00 1.990415458732941234e+00 7.987208595315568524e-03
1.299999999999966960e+00 1.978478201583665275e+00 1.793529495227958945e-02
1.399999999999955946e+00 1.961846889414318174e+00 3.179573046789235108e-02
1.499999999999944933e+00 1.940601908554143273e+00 4.950201928248226801e-02
1.599999999999933920e+00 1.914845947259285586e+00 7.096922115542153575e-02
1.699999999999922906e+00 1.884703494585841854e+00 9.609436368778986881e-02
1.799999999999911893e+00 1.850320230661139265e+00 1.247569421008646873e-01
1.899999999999900879e+00 1.811862311368978462e+00 1.568195041304967785e-01
1.999999999999889866e+00 1.769515551031843881e+00 1.921283171701554104e-01
2.099999999999878852e+00 1.723484507220009565e+00 2.305141143827595940e-01
2.199999999999867839e+00 1.673991472338730357e+00 2.717929161056852894e-01
2.299999999999856826e+00 1.621275377137225249e+00 3.157669224965849453e-01
2.399999999999845812e+00 1.565590611743414629e+00 3.622254730120070820e-01
2.499999999999834799e+00 1.507205770255094723e+00 4.109460679780346792e-01
2.599999999999823785e+00 1.446402325308459247e+00 4.616954472039124791e-01
2.699999999999812772e+00 1.383473239397995602e+00 5.142307203077232103e-01
2.799999999999801759e+00 1.318721520036147510e+00 5.683005431687551123e-01
2.899999999999790745e+00 1.252458726116590704e+00 6.236463346952308973e-01
2.999999999999779732e+00 1.185003433079470758e+00 6.800035279007556888e-01
3.099999999999768718e+00 1.116679664671091254e+00 7.371028491171948138e-01
3.199999999999757705e+00 1.047815299243151310e+00 7.946716190386871048e-01
3.299999999999746692e+00 9.787404586469223844e-01 8.524350691897367716e-01
3.399999999999735678e+00 9.097858878463498389e-01 9.101176673413859941e-01
3.499999999999724665e+00 8.412813333997550824e-01 9.674444453636986685e-01
3.599999999999713651e+00 7.735539289439217203e-01 1.024142322998963461e+00
3.699999999999702638e+00 7.069265957561935432e-01 1.079941421069684937e+00
3.799999999999691624e+00 6.417164663709047367e-01 1.134576357697384408e+00
3.899999999999680611e+00 5.782333390876572832e-01 1.187787521202109176e+00
3.999999999999669598e+00 5.167781710296927011e-01 1.239322313477556170e+00
4.099999999999658584e+00 4.576416171944450162e-01 1.288936357793789345e+00
4.199999999999647571e+00 4.011026226849881970e-01 1.336394665163969320e+00
4.299999999999636557e+00 3.474270750231523430e-01 1.381472753627811745e+00
4.399999999999625544e+00 2.968665231232829882e-01 1.423957715045254258e+00
4.499999999999614531e+00 2.496569691530972634e-01 1.463649224263682047e+00
4.599999999999603517e+00 2.060177391254311707e-01 1.500360485814521860e+00
4.699999999999592504e+00 1.661504376553969153e-01 1.533919113611936558e+00
4.799999999999581490e+00 1.302379918825023186e-01 1.564167939465356927e+00
4.899999999999570477e+00 9.844378910011065964e-02 1.590965746574938944e+00
4.999999999999559464e+00 7.091091215664029057e-02 1.614187924555844367e+00
5.099999999999548450e+00 4.776147619704276120e-02 1.633727042929893569e+00
5.199999999999537437e+00 2.909606980152958100e-02 1.649493340429480481e+00
5.299999999999526423e+00 1.499330305361841129e-02 1.661415127877722497e+00
5.399999999999515410e+00 5.509464533749256106e-03 1.669439102837881217e+00
5.499999999999504396e+00 6.782886904505153192e-04 1.673530574661577397e+00
5.599999999999493383e+00 5.108344906994710145e-04 1.673673599008641322e+00
5.699999999999482370e+00 4.995475697323756119e-03 1.669871021357165253e+00
5.799999999999471356e+00 1.409800256660742775e-02 1.662144429470626683e+00
5.899999999999460343e+00 2.776183420640367105e-02 1.650534015235467278e+00
5.999999999999449329e+00 4.590834028678218021e-02 1.635098346726478802e+00
6.099999999999438316e+00 6.843727025439277911e-02 1.615914051796611073e+00
6.199999999999427303e+00 9.522728767115533344e-02 1.593075414918139199e+00
6.299999999999416289e+00 1.261366067804709779e-01 1.566693889424490616e+00
6.399999999999405276e+00 1.610037279026262091e-01 1.536897527712399958e+00
6.499999999999394262e+00 1.996482677782734638e-01 1.503830332359274102e+00
6.599999999999383249e+00 2.418718805171639619e-01 1.467651531493012529e+00
6.699999999999372235e+00 2.874592643713958506e-01 1.428534782113299206e+00
6.799999999999361222e+00 3.361792491402160743e-01 1.386667305408472828e+00
6.899999999999350209e+00 3.877859586291895200e-01 1.342248958434520079e+00
6.999999999999339195e+00 4.420200422320207934e-01 1.295491246823544662e+00
7.099999999999328182e+00 4.986099693800085109e-01 1.246616283465924457e+00
7.199999999999317168e+00 5.572733803138524289e-01 1.195855698361661723e+00
7.299999999999306155e+00 6.177184863759010991e-01 1.143449505061962856e+00
7.399999999999295142e+00 6.796455127997274026e-01 1.089644929319481204e+00
7.499999999999284128e+00 7.427481767881375374e-01 1.034695205736304802e+00
7.599999999999273115e+00 8.067151935220113756e-01 9.788583483383141992e-01
7.699999999999262101e+00 8.712318026297863893e-01 9.223959011167975897e-01
7.799999999999251088e+00 9.359813075723834030e-01 8.655716746591411992e-01
7.899999999999240075e+00 1.000646620360546857e+00 8.086504750414045262e-01
7.999999999999229061e+00 1.064911804019576858e+00 7.518968311766963675e-01
8.099999999999218048e+00 1.128463605252227442e+00 6.955737268034754006e-01
8.199999999999207034e+00 1.190992969820938274e+00 6.399413432582581329e-01
8.299999999999196021e+00 1.252196533276896284e+00 5.852558191076282501e-01
8.399999999999185007e+00 1.311778079804258423e+00 5.317680326155651560e-01
8.499999999999173994e+00 1.369449962122463171e+00 4.797224128939692744e-01
8.599999999999162981e+00 1.424934475597096073e+00 4.293557854284191233e-01
8.699999999999151967e+00 1.477965179950632368e+00 3.808962574876668117e-01
8.799999999999140954e+00 1.528288162235613479e+00 3.345621487156446583e-01
8.899999999999129940e+00 1.575663235036728560e+00 2.905609719692616166e-01
8.999999999999118927e+00 1.619865064199727644e+00 2.490884692062758643e-01
9.099999999999107914e+00 1.660684220747123074e+00 2.103277069447568870e-01
9.199999999999096900e+00 1.697928152028599591e+00 1.744482355123062878e-01
9.299999999999085887e+00 1.731422067567080614e+00 1.416053159791647031e-01
9.399999999999074873e+00 1.761009735497686135e+00 1.119392183276066571e-01
9.499999999999063860e+00 1.786554185953924900e+00 8.557459405129359820e-02
9.599999999999052847e+00 1.807938318229660224e+00 6.261992600517431173e-02
9.699999999999041833e+00 1.825065409035752984e+00 4.316705794044909533e-02
9.799999999999030820e+00 1.837859519671321884e+00 2.729080576229283780e-02
9.899999999999019806e+00 1.846265800441359461e+00 1.504865214254964313e-02
9.999999999999008793e+00 1.850250691168855210e+00 6.480525707271706480e-03
1.009999999999899778e+01 1.849802017169928758e+00 1.608665602201752665e-03
1.019999999999898677e+01 1.844928980580721634e+00 4.375718199501225448e-04
1.029999999999897575e+01 1.835662047442499167e+00 2.954041252915475153e-03
1.039999999999896474e+01 1.822052731464314901e+00 9.127289017997367720e-03
1.049999999999895373e+01 1.804173275886713501e+00 1.890915418490293071e-02
1.059999999999894271e+01 1.782116235365572177e+00 3.223438863138752136e-02
1.069999999999893170e+01 1.755993960276332366e+00 4.902102734805904860e-02
1.079999999999892069e+01 1.725937986308504479e+00 6.917083812433738599e-02
1.089999999999890967e+01 1.692098332669969452e+00 9.256984816766629376e-02
1.099999999999889866e+01 1.654642712656155812e+00 1.190889448418888247e-01
1.109999999999888765e+01 1.613755660751128529e+00 1.485845473595720223e-01
1.119999999999887663e+01 1.569637580820467226e+00 1.808993459285989647e-01
1.129999999999886562e+01 1.522503720325367293e+00 2.158631045371564861e-01
1.139999999999885461e+01 1.472583075830707022e+00 2.532935232647168800e-01
1.149999999999884359e+01 1.420117235398834055e+00 2.929971557312241459e-01
1.159999999999883258e+01 1.365359163751202143e+00 3.347703770436020188e-01
1.169999999999882156e+01 1.308571936341401232e+00 3.784003973691990041e-01
1.179999999999881055e+01 1.250027428714206135e+00 4.236663160608168388e-01
1.189999999999879954e+01 1.190004967724624052e+00 4.703402110785795953e-01
1.199999999999878852e+01 1.128789951357521693e+00 5.181882583007569876e-01
1.209999999999877751e+01 1.066672444021269150e+00 5.669718751897419029e-01
1.219999999999876650e+01 1.003945754287169478e+00 6.164488831806425040e-01
1.229999999999875548e+01 9.409050021092142391e-01 6.663746830898590323e-01
1.239999999999874447e+01 8.778456825866562951e-01 7.165034377982264502e-01
1.249999999999873346e+01 8.150622333230485017e-01 7.665892564500560447e-01
1.259999999999872244e+01 7.528466123916416342e-01 8.163873744232446050e-01
1.269999999999871143e+01 6.914868938374659768e-01 8.656553233688824012e-01
1.279999999999870042e+01 6.312658875320470431e-01 9.141540856886480881e-01
1.289999999999868940e+01 5.724597900485067781e-01 9.616492279165854695e-01
1.299999999999867839e+01 5.153368730434387812e-01 1.007912007596331039e+00
1.309999999999866738e+01 4.601562154190825260e-01 1.052720448395290553e+00
1.319999999999865636e+01 4.071664852959819281e-01 1.095860378373562760e+00
1.329999999999864535e+01 3.566047775541625331e-01 1.137126426524603717e+00
1.339999999999863434e+01 3.086955124016316221e-01 1.176322972928706578e+00
1.349999999999862332e+01 2.636494001039231816e-01 1.213265048104219312e+00
1.359999999999861231e+01 2.216624766598609964e-01 1.247779177407775331e+00
1.369999999999860130e+01 1.829152148378730136e-01 1.279704166618983452e+00
1.379999999999859028e+01 1.475717145964940691e-01 1.308891825147672217e+00
1.389999999999857927e+01 1.157789765038181873e-01 1.335207623619845352e+00
1.399999999999856826e+01 8.766626134586186225e-02 1.358531282931987549e+00
1.409999999999855724e+01 6.334453867522900350e-02 1.378757292208523388e+00
1.419999999999854623e+01 4.290602660143294500e-02 1.395795353454315046e+00
1.429999999999853522e+01 2.642382466511910763e-02 1.409570751059658456e+00
1.439999999999852420e+01 1.395164117251780113e-02 1.420024644688717697e+00
1.449999999999851319e+01 5.523615896458073521e-03 1.427114284460787363e+00
1.459999999999850218e+01 1.154238578284933750e-03 1.430813147716197387e+00
1.469999999999849116e+01 8.383631937510723246e-04 1.431110997042406741e+00
1.479999999999848015e+01 4.551317477597271663e-03 1.428013859619535530e+00
1.489999999999846914e+01 1.224910673848776145e-02 1.421543928326572948e+00
1.499999999999845812e+01 2.386871054047037116e-02 1.411739385426225679e+00
1.509999999999844711e+01 3.932847038138199275e-02 1.398654150019459808e+00
1.519999999999843610e+01 5.852856606476104784e-02 1.382357550823724690e+00
1.529999999999842508e+01 8.135157804188491992e-02 1.362933926185051492e+00
1.539999999999841407e+01 1.076631325965251990e-01 1.340482153577482238e+00
1.549999999999840306e+01 1.373126263587524376e-01 1.315115111174933515e+00
1.559999999999839204e+01 1.701340262673441683e-01 1.286959074397819425e+00
1.569999999999838103e+01 2.059467407547695139e-01 1.256153050638986413e+00
1.579999999999837001e+01 2.445565576056363821e-01 1.222848055657279609e+00
1.589999999999835900e+01 2.857566436403168320e-01 1.187206335394618284e+00
1.599999999999834799e+01 3.293286011012956926e-01 1.149400537218971952e+00
1.609999999999833875e+01 3.750435753713406983e-01 1.109612834822465866e+00
1.619999999999832596e+01 4.226634084309432993e-01 1.068034011208906620e+00
1.629999999999831317e+01 4.719418322678352595e-01 1.024862504388277751e+00
1.639999999999830393e+01 5.226256962843847109e-01 9.803034205548666336e-01
1.649999999999829470e+01 5.744562226096504576e-01 9.345675196627100112e-01
1.659999999999828191e+01 6.271702831119702060e-01 8.878701784232589933e-01
1.669999999999826912e+01 6.805016918257854597e-01 8.404303358375913025e-01
1.679999999999825988e+01 7.341825064528718636e-01 7.924694264380719444e-01
1.689999999999825064e+01 7.879443325742560011e-01 7.442103064508474031e-01
1.699999999999823785e+01 8.415196242147786609e-01 6.958761781027762439e-01
1.709999999999822506e+01 8.946429744380606230e-01 6.476895172823748936e-01
1.719999999999821583e+01 9.470523897166653882e-01 5.998710097257290430e-01
1.729999999999820659e+01 9.984905419192489084e-01 5.526385008341061500e-01
1.739999999999819380e+01 1.048705991885620303e+00 5.062059641413967359e-01
1.749999999999818101e+01 1.097454378719040058e+00 4.607824933368043774e-01
1.759999999999817177e+01 1.144499569115311699e+00 4.165713226111943390e-01
1.769999999999816254e+01 1.189614761266687415e+00 3.737688799363366177e-01
1.779999999999814975e+01 1.232583538125916700e+00 3.325638777045496486e-01
1.789999999999813696e+01 1.273200865090342360e+00 2.931364449533780947e-01
1.799999999999812772e+01 1.311274027465756831e+00 2.556573051775208327e-01
1.809999999999811848e+01 1.346623503393023169e+00 2.202870034883603056e-01
1.819999999999810569e+01 1.379083768266495369e+00 1.871751866226605276e-01
1.829999999999809290e+01 1.408504027037502215e+00 1.564599390267360224e-01
1.839999999999808367e+01 1.434748871178552321e+00 1.282671779528145595e-01
1.849999999999807443e+01 1.457698857480020260e+00 1.027101102015400835e-01
1.859999999999806164e+01 1.477251006259851174e+00 7.988875283052337961e-02
1.869999999999804885e+01 1.493319216984018372e+00 5.988951982500653748e-02
1.879999999999803961e+01 1.505834599719322986e+00 4.278487639502871059e-02
1.889999999999803038e+01 1.514745721268211609e+00 2.863306222534903536e-02
1.899999999999801759e+01 1.520018765263883020e+00 1.747788466198476470e-02
1.909999999999800480e+01 1.521637605932771420e+00 9.348582473864022052e-03
1.919999999999799556e+01 1.519603795655942280e+00 4.259760481849703823e-03
1.929999999999798632e+01 1.513936466881232290e+00 2.211395001752211337e-03
1.939999999999797353e+01 1.504672149351544475e+00 3.188909704704109057e-03
1.949999999999796074e+01 1.491864504017928583e+00 7.163321159014214394e-03
1.959999999999795151e+01 1.475583975402268821e+00 1.409145298397548353e-02
1.969999999999794227e+01 1.455917364555693982e+00 2.391621721961186345e-02
1.979999999999792948e+01 1.432967325128891023e+00 3.656696119853268534e-02
1.989999999999791669e+01 1.406851785426725510e+00 5.195987789836883225e-02
1.999999999999790745e+01 1.377703299657800473e+00 6.999847745707780955e-02
2.009999999999789821e+01 1.345668331913712379e+00 9.057411725009355263e-02
2.019999999999788542e+01 1.310906476716339419e+00 1.135665876590788576e-01
2.029999999999787264e+01 1.273589620257662647e+00 1.388447504081932182e-01
2.039999999999786340e+01 1.233901046720758066e+00 1.662672261063591894e-01
2.049999999999785416e+01 1.192034494314008652e+00 1.956831274141367094e-01
2.059999999999784137e+01 1.148193165871492116e+00 2.269328340524296994e-01
2.069999999999782858e+01 1.102588699068389522e+00 2.598488056882009567e-01
2.079999999999781934e+01 1.055440101473010595e+00 2.942564285706294469e-01
2.089999999999781011e+01 1.006972655802576222e+00 3.299748916501432650e-01
2.099999999999779732e+01 9.574168008700941757e-01 3.668180877933974737e-01
2.109999999999778453e+01 9.070069938010661970e-01 4.045955356098197564e-01
2.119999999999777529e+01 8.559805591632408950e-01 4.431133173304318551e-01
2.129999999999776605e+01 8.045765306880903189e-01 4.821750281272047522e-01
2.139999999999775326e+01 7.530344912688559100e-01 5.215827322318448145e-01
2.149999999999774047e+01 7.015934168974450325e-01 5.611379212064342425e-01
2.159999999999773124e+01 6.504905301510542914e-01 6.006424697343827335e-01
2.169999999999772200e+01 5.999601687578283160e-01 6.398995843392872862e-01
2.179999999999770921e+01 5.502326746627830278e-01 6.787147405004300138e-01
2.189999999999769642e+01 5.015333088772960801e-01 7.168966037167459060e-01
2.199999999999768718e+01 4.540811972320372703e-01 7.542579301755817367e-01
2.209999999999767795e+01 4.080883119632952027e-01 7.906164428072244288e-01
2.219999999999766516e+01 3.637584938488874764e-01 8.257956786517970382e-01
2.229999999999765237e+01 3.212865193728141056e-01 8.596258036279702530e-01
2.239999999999764313e+01 2.808572171403787565e-01 8.919443909753694832e-01
2.249999999999763389e+01 2.426446374892385072e-01 9.225971598408386765e-01
2.259999999999762110e+01 2.068112789482652036e-01 9.514386706928987802e-01
2.269999999999760831e+01 1.735073748885438971e-01 9.783329744777518044e-01
2.279999999999759908e+01 1.428702433900401469e-01 1.003154212671787393e+00
2.289999999999758984e+01 1.150237030165017632e-01 1.025787165639662213e+00
2.299999999999757705e+01 9.007755685117001254e-02 1.046127746971210470e+00
2.309999999999756426e+01 6.812714679918441263e-02 1.064083441744126723e+00
2.319999999999755502e+01 4.925297981055884455e-02 1.079573686940705546e+00
2.329999999999754579e+01 3.352042732210098325e-02 1.092530192534507227e+00
2.339999999999753300e+01 2.097949885906135598e-02 1.102897202056008386e+00
2.349999999999752021e+01 1.166469037927115454e-02 1.110631691741897242e+00
2.359999999999751097e+01 5.594907585446095774e-03 1.115703507671975903e+00
2.369999999999750173e+01 2.773464076730235671e-03 1.118095440596212686e+00
2.379999999999748894e+01 3.188153859847354336e-03 1.117803238453356052e+00
2.389999999999747615e+01 6.811397394896292166e-03 1.114835556879138156e+00
2.399999999999746692e+01 1.360046001229925187e-02 1.109213848294920979e+00
2.409999999999745768e+01 2.349774120711220493e-02 1.100972190456686484e+00
2.419999999999744489e+01 3.643113299621897339e-02 1.090157055625876614e+00
2.429999999999743210e+01 5.231444521419172100e-02 1.076827021799271256e+00
2.439999999999742286e+01 7.104789532609698255e-02 1.061052427701514533e+00
2.449999999999741362e+01 9.251866005142814209e-02 1.042914973500502995e+00
2.459999999999740083e+01 1.166014858237917479e-01 1.022507269452113121e+00
2.469999999999738804e+01 1.431593548569553564e-01 9.999323349149272788e-01
2.479999999999737881e+01 1.720442033503028489e-01 9.753030503966827469e-01
2.489999999999736957e+01 2.030976881464924000e-01 9.487415655016850913e-01
2.499999999999735678e+01 2.361519979518012236e-01 9.203786658414069288e-01
2.509999999999734399e+01 2.710307050459596634e-01 8.903531021475165064e-01
2.519999999999733475e+01 3.075496532437624331e-01 8.588108849880544682e-01
2.529999999999732552e+01 3.455178777256380229e-01 8.259045486316676232e-01
2.539999999999731273e+01 3.847385522291529858e-01 7.917923877319299475e-01
2.549999999999729994e+01 4.250099589885253937e-01 7.566376706128888907e-01
2.559999999999729070e+01 4.661264767242441209e-01 7.206078330279607203e-01
2.569999999999728146e+01 5.078795819212230667e-01 6.838736563366442089e-01
2.579999999999726867e+01 5.500588585905621386e-01 6.466084340969515676e-01
2.589999999999725588e+01 5.924530116885089459e-01 6.089871311061040293e-01
2.599999999999724665e+01 6.348508793660583294e-01 5.711855389370729119e-01
2.609999999999723741e+01 6.770424392449035933e-01 5.333794320150017088e-01
2.619999999999722462e+01 7.188198039601969569e-01 4.957437282542613843e-01
2.629999999999721183e+01 7.599782012778677487e-01 4.584516582351676472e-01
2.639999999999720259e+01 8.003169341848390683e-01 4.216739468382532108e-01
2.649999999999719336e+01 8.396403164634957950e-01 3.855780111751025419e-01
2.659999999999718057e+01 8.777585793969261418e-01 3.503271785572777408e-01
2.669999999999716778e+01 9.144887454090968593e-01 3.160799281299117025e-01
2.679999999999715854e+01 9.496554646213383188e-01 2.829891596651511465e-01
2.689999999999714930e+01 9.830918105045249877e-01 2.512014928624184962e-01
2.699999999999713651e+01 1.014640031021465827e+00 2.208566003391682353e-01
2.709999999999712372e+01 1.044152251887424665e+00 1.920865773180833180e-01
2.719999999999711449e+01 1.071491128823885752e+00 1.650153508249640188e-01
2.729999999999710525e+01 1.096530445943283416e+00 1.397581310076196903e-01
2.739999999999709246e+01 1.119155657676799587e+00 1.164209069704996158e-01
2.749999999999707967e+01 1.139264371942821708e+00 9.509998929374885446e-02
2.759999999999707043e+01 1.156766772549199906e+00 7.588160117007386463e-02
2.769999999999706120e+01 1.171585979126293475e+00 5.884151984954064801e-02
2.779999999999704841e+01 1.183658343198609408e+00 4.404476983211341040e-02
2.789999999999703562e+01 1.192933679319223339e+00 3.154536899196781763e-02
2.799999999999702638e+01 1.199375430512672480e+00 2.138612855739278201e-02
2.809999999999701714e+01 1.202960767594352554e+00 1.359850760685525281e-02
2.819999999999700435e+01 1.203680622259890809e+00 8.202522476776434590e-03
2.829999999999699156e+01 1.201539654161807524e+00 5.206711211117241028e-03
2.839999999999698233e+01 1.196556152511637272e+00 4.608152918251787016e-03
2.849999999999697309e+01 1.188761873064193786e+00 6.392541638169565651e-03
2.859999999999696030e+01 1.178201811650938513e+00 1.053431406405644193e-02
2.869999999999694751e+01 1.164933915733858738e+00 1.699683020803936101e-02
2.879999999999693827e+01 1.149028735744810570e+00 2.573260585257555050e-02
2.889999999999692903e+01 1.130569018258098968e+00 3.668359538781044982e-02
2.899999999999691624e+01 1.109649243314231537e+00 4.978152340240391688e-02
2.909999999999690345e+01 1.086375108468389028e+00 6.494826317185949105e-02
2.919999999999689422e+01 1.060862962376959207e+00 8.209625997540982711e-02
2.929999999999688498e+01 1.033239190959794662e+00 1.011289969708793618e-01
2.939999999999687219e+01 1.003639559380826274e+00 1.219415011676381472e-01
2.949999999999685940e+01 9.722085132780572403e-01 1.444208868615467489e-01
2.959999999999685016e+01 9.390984428423998498e-01 1.684469337334055794e-01
2.969999999999684093e+01 9.044689134934869035e-01 1.938926966645768690e-01
2.979999999999682814e+01 8.684858670305575234e-01 2.206251441906011135e-01
2.989999999999681535e+01 8.313207972450572525e-01 2.485058223964715651e-01
2.999999999999680611e+01 7.931499040711387227e-01 2.773915409558520007e-01
3.009999999999679687e+01 7.541532304186051583e-01 3.071350779316769919e-01
3.019999999999678408e+01 7.145137858822904198e-01 3.375858998869579186e-01
3.029999999999677129e+01 6.744166615507585227e-01 3.685908938030514892e-01
3.039999999999676206e+01 6.340481401478892387e-01 3.999951072675382302e-01
3.049999999999675282e+01 5.935948057319889726e-01 4.316424933756184967e-01
3.059999999999674003e+01 5.532426571507876867e-01 4.633766567877625198e-01
3.069999999999672724e+01 5.131762294057677920e-01 4.950415974012092879e-01
3.079999999999671800e+01 4.735777270177181641e-01 5.264824481247416532e-01
3.089999999999670877e+01 4.346261734063431303e-01 5.575462032939800805e-01
3.099999999999669598e+01 3.964965802005984696e-01 5.880824343283123090e-01
3.109999999999668319e+01 3.593591402843797078e-01 6.179439893097345982e-01
3.119999999999667395e+01 3.233784482527202186e-01 6.469876732586161694e-01
3.129999999999666471e+01 2.887127518087229117e-01 6.750749059906265837e-01
3.139999999999665192e+01 2.555132374701670761e-01 7.020723545620728423e-01
3.149999999999663913e+01 2.239233537779851124e-01 7.278525374483704180e-01
3.159999999999662990e+01 1.940781750070860179e-01 7.522943977495434309e-01
3.169999999999662066e+01 1.661038081736584127e-01 7.752838428789504688e-01
3.179999999999660787e+01 1.401168459132344501e-01 7.967142483644708006e-01
3.189999999999659508e+01 1.162238675710148272e-01 8.164869235749808718e-01
3.199999999999658584e+01 9.452099060169120992e-02 8.345115373784187662e-01
3.209999999999657661e+01 7.509347412126125831e-02 8.507065019390012139e-01
3.219999999999656382e+01 5.801537618995688400e-02 8.649993130708022449e-01
3.229999999999655103e+01 4.334926613476004775e-02 8.773268457802758657e-01
3.239999999999653824e+01 3.114599294410951014e-02 8.876356038511192814e-01
3.249999999999653255e+01 2.144451048810606247e-02 8.958819225498948491e-01
3.259999999999651976e+01 1.427176003671312872e-02 9.020321237590951391e-01
3.269999999999650697e+01 9.642610268043383739e-03 9.060626230731727571e-01
3.279999999999650129e+01 7.559854680580867237e-03 9.079599886246042528e-01
3.289999999999648850e+01 8.014266048741419679e-03 9.077209516357521712e-01
3.299999999999647571e+01 1.098470729203324808e-02 9.053523689212280567e-01
3.309999999999646292e+01 1.643829786550295505e-02 9.008711377905531670e-01
3.319999999999645013e+01 2.433063452424695516e-02 8.943040640229568128e-01
3.329999999999644444e+01 3.460606506844166735e-02 8.856876838025715681e-01
3.339999999999643165e+01 4.719801343836843577e-02 8.750680407145520201e-01
3.349999999999641886e+01 6.202935430189132626e-02 8.625004191059694181e-01
3.359999999999641318e+01 7.901283506036994864e-02 8.480490353139703563e-01
3.369999999999640039e+01 9.805154299354809644e-02 8.317866884513158698e-01
3.379999999999638760e+01 1.190394150701046955e-01 8.137943726200910222e-01
3.389999999999637481e+01 1.418617877688648499e-01 7.941608525937875473e-01
3.399999999999636202e+01 1.663959840868977080e-01 7.729822051676904504e-01
3.409999999999635634e+01 1.925119347553939098e-01 7.503613285253680765e-01
3.419999999999634355e+01 2.200728305435950827e-01 7.264074221059818592e-01
3.429999999999633076e+01 2.489358024053649754e-01 7.012354395801474460e-01
3.439999999999632507e+01 2.789526261137419416e-01 6.749655176539406387e-01
3.449999999999631228e+01 3.099704479361191645e-01 6.477223835176896261e-01
3.459999999999629949e+01 3.418325278275388679e-01 6.196347438399824048e-01
3.469999999999628670e+01 3.743789965620483162e-01 5.908346582771520916e-01
3.479999999999627391e+01 4.074476231824802341e-01 5.614569005235788834e-01
3.489999999999626823e+01 4.408745891268491257e-01 5.316383099689602210e-01
3.499999999999625544e+01 4.744952653854046520e-01 5.015171370549456054e-01
3.509999999999624265e+01 5.081449890542233394e-01 4.712323854349768637e-01
3.519999999999623697e+01 5.416598356802534431e-01 4.409231540383979908e-01
3.529999999999622418e+01 5.748773838371338263e-01 4.107279821225113814e-01
3.539999999999621139e+01 6.076374684302963125e-01 3.807842003648495011e-01
3.549999999999619860e+01 6.397829193043594875e-01 3.512272910025311390e-01
3.559999999999618581e+01 6.711602818137083482e-01 3.221902599667734735e-01
3.569999999999618012e+01 7.016205161189574824e-01 2.938030238881556011e-01
3.579999999999616733e+01 7.310196720874625465e-01 2.661918147635189968e-01
3.589999999999615454e+01 7.592195368038091585e-01 2.394786049777240522e-01
3.599999999999614886e+01 7.860882518372143135e-01 2.137805552643693707e-01
3.609999999999613607e+01 8.115008975657929113e-01 1.892094880687247849e-01
3.619999999999612328e+01 8.353400420224226242e-01 1.658713886449537933e-01
3.629999999999611049e+01 8.574962519028078711e-01 1.438659360779251384e-01
3.639999999999609770e+01 8.778685635626510830e-01 1.232860662691595138e-01
3.649999999999609201e+01 8.963649120268915027e-01 1.042175687666967304e-01
3.659999999999607923e+01 9.129025162378590075e-01 8.673871915115442810e-02
3.669999999999606644e+01 9.274082189811181376e-01 7.091994851557725799e-02
3.679999999999606075e+01 9.398187801456223678e-01 5.682355139577682790e-02
3.689999999999604796e+01 9.500811221974700960e-01 4.450343332157085524e-02
3.699999999999603517e+01 9.581525269730147842e-01 3.400489896858725075e-02
3.709999999999602238e+01 9.640007831265182681e-01 2.536448169592306692e-02
3.719999999999600959e+01 9.676042837977751887e-01 1.860981505800027302e-02
3.729999999999600391e+01 9.689520742967797640e-01 1.375954668017657055e-02
3.739999999999599112e+01 9.680438498324760443e-01 1.082329468814068399e-02
3.749999999999597833e+01 9.648899035429769899e-01 9.801646681629371666e-03
3.759999999999597264e+01 9.595110253113282583e-01 1.068620104451730932e-02
3.769999999999595985e+01 9.519383520760810180e-01 1.345965018674909024e-02
3.779999999999594706e+01 9.422131705667751156e-01 1.809590511974851906e-02
3.789999999999593427e+01 9.303866736114142499e-01 2.456026057679231919e-02
3.799999999999592148e+01 9.165196713742433943e-01 3.280959970416855165e-02
3.809999999999591580e+01 9.006822590879706159e-01 4.279263716868279138e-02
3.819999999999590301e+01 8.829534430421616120e-01 5.445019935297222557e-02
3.829999999999589022e+01 8.634207267793588825e-01 6.771554014300747160e-02
3.839999999999588454e+01 8.421796596309121252e-01 8.251469065286955173e-02
3.849999999999587175e+01 8.193333498935798653e-01 9.876684108107333659e-02
3.859999999999585896e+01 7.949919451061475684e-01 1.163847527511449459e-01
3.869999999999584617e+01 7.692720820302445528e-01 1.352751982574409428e-01
3.879999999999583338e+01 7.422963090711466316e-01 1.553394275159321603e-01
3.889999999999582769e+01 7.141924839916420353e-01 1.764736574094190880e-01
3.899999999999581490e+01 6.850931498746407611e-01 1.985695826178516810e-01
3.909999999999580211e+01 6.551348923769874100e-01 2.215149051375353839e-01
3.919999999999579643e+01 6.244576813889035627e-01 2.451938799183082662e-01
3.929999999999578364e+01 5.932042002686376270e-01 2.694878739857604621e-01
3.939999999999577085e+01 5.615191658621716542e-01 2.942759363660053529e-01
3.949999999999575806e+01 5.295486425409743347e-01 3.194353760941241460e-01
3.959999999999574527e+01 4.974393534992553878e-01 3.448423455639505475e-01
3.969999999999573959e+01 4.653379925440998544e-01 3.703724264661351628e-01
3.979999999999572680e+01 4.333905395891574086e-01 3.959012155641304931e-01
3.989999999999571401e+01 4.017415830243895036e-01 4.213049075727776094e-01
3.999999999999570832e+01 3.705336520821987945e-01 4.464608724323684830e-01
4.009999999999569553e+01 3.399065622537547626e-01 4.712482243112891545e-01
4.019999999999568274e+01 3.099967767296666898e-01 4.955483797231274301e-01
4.029999999999566995e+01 2.809367867463568591e-01 5.192456022085408796e-01
4.039999999999565716e+01 2.528545136145155525e-01 5.422275311080887450e-01
4.049999999999565148e+01 2.258727350892641150e-01 5.643856920394322296e-01
4.059999999999563869e+01 2.001085386134111022e-01 5.856159867897002824e-01
4.069999999999562590e+01 1.756728038267455771e-01 6.058191604417575427e-01
4.079999999999562021e+01 1.526697165852303750e-01 6.249012436701926188e-01
4.089999999999560742e+01 1.311963165759800209e-01 6.427739682690568612e-01
4.099999999999559464e+01 1.113420804467246672e-01 6.593551541080380218e-01
4.109999999999558185e+01 9.318854219360699076e-02 6.745690658555955066e-01
4.119999999999556906e+01 7.680895236888221622e-02 6.883467379569484512e-01
4.129999999999556337e+01 6.226797748167825497e-02 7.006262665098584863e-01
4.139999999999555058e+01 4.962144077112355667e-02 7.113530668421436109e-01
4.149999999999553779e+01 3.891610533292970409e-02 7.204800957598971323e-01
4.159999999999553211e+01 3.018950037897268415e-02 7.279680376050362556e-01
4.169999999999551932e+01 2.346979120545410538e-02 7.337854534328255296e-01
4.179999999999550653e+01 1.877569323996991155e-02 7.379088927949867260e-01
4.189999999999549374e+01 1.611643033218980448e-02 7.403229677894991312e-01
4.199999999999548095e+01 1.549173724786777513e-02 7.410203892154562100e-01
4.209999999999547526e+01 1.689190612251008014e-02 7.400019648470895772e-01
4.219999999999546247e+01 2.029787643013386544e-02 7.372765600173566414e-01
4.229999999999544968e+01 2.568136782502652288e-02 7.328610208739047005e-01
4.239999999999544400e+01 3.300505502109717798e-02 7.267800608425444286e-01
4.249999999999543121e+01 4.222278368503664531e-02 7.190661109998753853e-01
4.259999999999541842e+01 5.327982613683794610e-02 7.097591352210724791e-01
4.269999999999540563e+01 6.611317547489255209e-02 6.989064111269968071e-01
4.279999999999539284e+01 8.065187657359008944e-02 6.865622780083949772e-01
4.289999999999538716e+01 9.681739223969476615e-02 6.727878530517259481e-01
4.299999999999537437e+01 1.145240026604506106e-01 6.576507173315448984e-01
4.309999999999536158e+01 1.336792361320096600e-01 6.412245731669388160e-01
4.319999999999535589e+01 1.541843289220170554e-01 6.235888745644985187e-01
4.329999999999534310e+01 1.759347119958244998e-01 6.048284325863705346e-01
4.339999999999533031e+01 1.988205222221859914e-01 5.850329975890896650e-01
4.349999999999531752e+01 2.227271355723679791e-01 5.642968203766515201e-01
4.359999999999530473e+01 2.475357197366533091e-01 5.427181943988710344e-01
4.369999999999529905e+01 2.731238035046084089e-01 5.203989812035602069e-01
4.379999999999528626e+01 2.993658601912290163e-01 4.974441214178186299e-01
4.389999999999527347e+01 3.261339023392688663e-01 4.739611335896561917e-01
4.399999999999526779e+01 3.532980848906508986e-01 4.500596032660881818e-01
4.409999999999525500e+01 3.807273139950684837e-01 4.258506647172632942e-01
4.419999999999524221e+01 4.082898586135798591e-01 4.014464777386189676e-01
4.429999999999522942e+01 4.358539620779735557e-01 3.769597019737226939e-01
4.439999999999521663e+01 4.632884507833731624e-01 3.525029712001374049e-01
4.449999999999521094e+01 4.904633372216469778e-01 3.281883700086321576e-01
4.459999999999519815e+01 5.172504146064931252e-01 3.041269152831256317e-01
4.469999999999518536e+01 5.435238403969020471e-01 2.804280448547488147e-01
4.479999999999517968e+01 5.691607060939195550e-01 2.571991156585170524e-01
4.489999999999516689e+01 5.940415907657226047e-01 2.345449136659064904e-01
4.499999999999515410e+01 6.180510958462372972e-01 2.125671778011261615e-01
4.509999999999514131e+01 6.410783588548281120e-01 1.913641399736977777e-01
4.519999999999512852e+01 6.630175437944423322e-01 1.710300832753594014e-01
4.529999999999512283e+01 6.837683061068211554e-01 1.516549202957850062e-01
4.539999999999511004e+01 7.032362301910459745e-01 1.333237934098309152e-01
4.549999999999509726e+01 7.213332376284795622e-01 1.161166987790858279e-01
4.559999999999509157e+01 7.379779644009432094e-01 1.001081356934460653e-01
4.569999999999507878e+01 7.530961055387610514e-01 8.536678275452452835e-02
4.579999999999506599e+01 7.666207257919094298e-01 7.195520227255017276e-02
4.589999999999505320e+01 7.784925350789435594e-01 5.992957411281869817e-02
4.599999999999504041e+01 7.886601276342005695e-01 4.933946008717656623e-02
4.609999999999503473e+01 7.970801839438335090e-01 4.022759984119115423e-02
4.619999999999502194e+01 8.037176347335620585e-01 3.262973903929396874e-02
4.629999999999500915e+01 8.085457864454387300e-01 2.657449049887481221e-02
4.639999999999500346e+01 8.115464078169969397e-01 2.208322877084712213e-02
4.649999999999499067e+01 8.127097773510884027e-01 1.917001850920361725e-02
4.659999999999497788e+01 8.120346916409929561e-01 1.784157681630615250e-02
4.669999999999496509e+01 8.095284346886505444e-01 1.809726959473827168e-02
4.679999999999495230e+01 8.052067085267542446e-01 1.992914178120764115e-02
4.689999999999494662e+01 7.990935256252610364e-01 2.332198118387642308e-02
4.699999999999493383e+01 7.912210637301799743e-01 2.825341549229840044e-02
4.709999999999492104e+01 7.816294839466231270e-01 3.469404187947034562e-02
4.719999999999491536e+01 7.703667130386742112e-01 4.260758846905177144e-02
4.729999999999490257e+01 7.574881910745062674e-01 5.195110679816221377e-02
4.739999999999488978e+01 7.430565856971647065e-01 6.267519426792897419e-02
4.749999999999487699e+01 7.271414744473221337e-01 7.472424544083414166e-02
4.759999999999486420e+01 7.098189967050155813e-01 8.803673091627574332e-02
4.769999999999485851e+01 6.911714769503499722e-01 1.025455023944373267e-01
4.779999999999484572e+01 6.712870211700775469e-01 1.181781224238777211e-01
4.789999999999483293e+01 6.502590883541753408e-01 1.348572172207842257e-01
4.799999999999482725e+01 6.281860391363873752e-01 1.525008508481636993e-01
4.809999999999481446e+01 6.051706637316391912e-01 1.710229189516146997e-01
4.819999999999480167e+01 5.813196914132159332e-01 1.903335601653272091e-01
4.829999999999478888e+01 5.567432838516352955e-01 2.103395832278978639e-01
4.839999999999477609e+01 5.315545147049970387e-01 2.309449077826185304e-01
4.849999999999477041e+01 5.058688379079945285e-01 2.520510167816927272e-01
4.859999999999475762e+01 4.798035471523964812e-01 2.735574183682318861e-01
4.869999999999474483e+01 4.534772290857269628e-01 2.953621150743039880e-01
4.879999999999473914e+01 4.270092127774760549e-01 3.173620781479159492e-01
4.889999999999472635e+01 4.005190180123161525e-01 3.394537248065827018e-01
4.899999999999471356e+01 3.741258049681252529e-01 3.615333962100619192e-01
4.909999999999470077e+01 3.479478278224877319e-01 3.834978339505084599e-01
4.919999999999468798e+01 3.221018948048077757e-01 4.052446528734940934e-01
4.929999999999468230e+01 2.967028371723474667e-01 4.266728080694683900e-01
4.939999999999466951e+01 2.718629895373094740e-01 4.476830539108219709e-01
4.949999999999465672e+01 2.476916839088146582e-01 4.681783930553545248e-01
4.959999999999465103e+01 2.242947597386088510e-01 4.880645133920539780e-01
4.969999999999463824e+01 2.017740921731642212e-01 5.072502109695492534e-01
4.979999999999462545e+01 1.802271406176777779e-01 5.256477970207682482e-01
4.989999999999461266e+01 1.597465196103622087e-01 5.431734872793182456e-01
