1.000000000000000000e+00 2.000000000000000000e+00 0.000000000000000000e+00
1.099999999999988987e+00 1.997600966735985528e+00 1.999200209323337332e-03
1.199999999999977973e+00 1.990415464326302564e+00 7.987208599086321331e-03
1.299999999999966960e+00 1.978478242160339740e+00 1.793529501452186675e-02
1.399999999999955946e+00 1.961847051419924881e+00 3.179573091530167595e-02
1.499999999999944933e+00 1.940602374131790819e+00 4.950202131997658711e-02
1.599999999999933920e+00 1.914847032944599015e+00 7.096922810308912977e-02
1.699999999999922906e+00 1.884705684957633576e+00 9.609438308396628381e-02
1.799999999999911893e+00 1.850324203566603876e+00 1.247569888661710785e-01
1.899999999999900879e+00 1.811868952564911650e+00 1.568196049278392235e-01
1.999999999999889866e+00 1.769525956941250699e+00 1.921285160241957557e-01
2.099999999999878852e+00 1.723499975105953652e+00 2.305144795437904792e-01
2.199999999999867839e+00 1.674013477701779884e+00 2.717935480597593045e-01
2.299999999999856826e+00 1.621305538681971026e+00 3.157679629392849407e-01
2.399999999999845812e+00 1.565630644913554415e+00 3.622271145218261545e-01
2.499999999999834799e+00 1.507257431108179890e+00 4.109485640530234907e-01
2.599999999999823785e+00 1.446467347285770533e+00 4.616991222698195174e-01
2.699999999999812772e+00 1.383553266166795304e+00 5.142359792735171631e-01
2.799999999999801759e+00 1.318818037899471385e+00 5.683078800997262148e-01
2.899999999999790745e+00 1.252572999469681259e+00 6.236563401949883900e-01
2.999999999999779732e+00 1.185136446102563523e+00 6.800168948379983203e-01
3.099999999999768718e+00 1.116832071968382856e+00 7.371203763978565471e-01
3.199999999999757705e+00 1.047987387544778493e+00 7.946942132033050221e-01
3.299999999999746692e+00 9.789321210427843756e-01 8.524637437056821199e-01
3.399999999999735678e+00 9.099966113691838610e-01 9.101535395551877405e-01
3.499999999999724665e+00 8.415102001484439098e-01 9.674887311754002406e-01
3.599999999999713651e+00 7.737996303449030666e-01 1.024196329416366291e+00
3.699999999999702638e+00 7.071874589850314363e-01 1.080006536889313473e+00
3.799999999999691624e+00 6.419904913879903585e-01 1.134654042637464277e+00
3.899999999999680611e+00 5.785182442145957449e-01 1.187879293873148168e+00
3.999999999999669598e+00 5.170714445924278202e-01 1.239429738614061138e+00
4.099999999999658584e+00 4.579405725595773746e-01 1.289061033181166938e+00
4.199999999999647571e+00 4.014044540288993490e-01 1.336538208681082196e+00
4.299999999999636557e+00 3.477289113652344832e-01 1.381636790786278102e+00
4.399999999999625544e+00 2.971654785010553468e-01 1.424143867347165138e+00
4.499999999999614531e+00 2.499501873112169037e-01 1.463859098620836185e+00
4.599999999999603517e+00 2.063024317075666525e-01 1.500595665183405369e+00
4.699999999999592504e+00 1.664239155647670998e-01 1.534181148907636683e+00
4.799999999999581490e+00 1.304976901266327594e-01 1.564458342730584262e+00
4.899999999999570477e+00 9.868728598577571065e-02 1.591285985305582296e+00
4.999999999999559464e+00 7.113594412901673436e-02 1.614539417021948475e+00
5.099999999999548450e+00 4.796594993562074138e-02 1.634111154281810530e+00
5.199999999999537437e+00 2.927807341020091311e-02 1.649911379344460860e+00
5.299999999999526423e+00 1.515111832020118662e-02 1.661868343481777144e+00
5.399999999999515410e+00 5.641582291520149187e-03 1.669928681632103284e+00
5.499999999999504396e+00 7.834293020702745927e-04 1.674057637190178749e+00
5.599999999999493383e+00 5.879754114038404861e-04 1.674239196024937870e+00
5.699999999999482370e+00 5.043887988756426931e-03 1.670476129272163046e+00
5.799999999999471356e+00 1.411729814535240407e-02 1.662789944902432593e+00
5.899999999999460343e+00 2.775202548831629673e-02 1.651220748523118065e+00
5.999999999999449329e+00 4.586991363412609712e-02 1.635827014334494622e+00
6.099999999999438316e+00 6.837127415867313984e-02 1.616685267627690603e+00
6.199999999999427303e+00 9.513543590978223996e-02 1.593889680670638187e+00
6.299999999999416289e+00 1.260213959689702734e-01 1.567551584269097908e+00
6.399999999999405276e+00 1.608685680742845403e-01 1.537798897702947309e+00
6.499999999999394262e+00 1.994976240075947704e-01 1.504775480120655429e+00
6.599999999999383249e+00 2.417114232692937070e-01 1.468640406827268929e+00
6.699999999999372235e+00 2.872960262107152052e-01 1.429567174228529414e+00
6.799999999999361222e+00 3.360217855249391650e-01 1.387742837505909543e+00
6.899999999999350209e+00 3.876445105219761267e-01 1.343367085401738548e+00
6.999999999999339195e+00 4.419066979980855736e-01 1.296651256794700169e+00
7.099999999999328182e+00 4.985388229266191074e-01 1.247817304031992203e+00
7.199999999999317168e+00 5.572606817911984756e-01 1.197096708244862029e+00
7.299999999999306155e+00 6.177827811604067465e-01 1.144729352096583108e+00
7.399999999999295142e+00 6.798077639818805862e-01 1.090962355596910571e+00
7.499999999999284128e+00 7.430318659875155829e-01 1.036048880765145119e+00
7.599999999999273115e+00 8.071463945867758394e-01 9.802469110393313700e-01
7.699999999999262101e+00 8.718392227815299211e-01 9.238180114082064076e-01
7.799999999999251088e+00 9.367962909730367382e-01 8.670260752858047759e-01
7.899999999999240075e+00 1.001703109910538458e+00 8.101360641556943909e-01
7.999999999999229061e+00 1.066246258280761694e+00 7.534127459911178493e-01
8.099999999999218048e+00 1.130114868534146000e+00 6.971194384150245504e-01
8.199999999999207034e+00 1.193002094615210229e+00 6.415167625034506882e-01
8.299999999999196021e+00 1.254606555430685555e+00 5.868614130529012929e-01
8.399999999999185007e+00 1.314633748122012724e+00 5.334049510281060336e-01
8.499999999999173994e+00 1.372797425383924130e+00 4.813926237795840279e-01
8.599999999999162981e+00 1.428820931108856440e+00 4.310622184761445652e-01
8.699999999999151967e+00 1.482438488574996827e+00 3.826429540360156700e-01
8.799999999999140954e+00 1.533396435322168738e+00 3.363544166619017450e-01
8.899999999999129940e+00 1.581454398865315580e+00 2.924055438861610789e-01
8.999999999999118927e+00 1.626386407525535649e+00 2.509936618099206096e-01
9.099999999999107914e+00 1.667981930889370190e+00 2.123035799727351625e-01
9.199999999999096900e+00 1.706046844697622689e+00 1.765067480171009229e-01
9.299999999999085887e+00 1.740404315353974551e+00 1.437604780166608087e-01
9.399999999999074873e+00 1.770895599768260498e+00 1.142072360192894070e-01
9.499999999999063860e+00 1.797380756879831454e+00 8.797400601864345526e-02
9.599999999999052847e+00 1.819739267835392749e+00 6.517172921339459135e-02
9.699999999999041833e+00 1.837870562332550861e+00 4.589482104633649945e-02
9.799999999999030820e+00 1.851694449037781132e+00 3.022076813925695521e-02
9.899999999999019806e+00 1.861151448270715436e+00 1.820980685634511140e-02
9.999999999999008793e+00 1.866203025388215808e+00 9.904684839907718433e-03
1.009999999999899778e+01 1.866831723596454440e+00 5.330506467501824192e-03
1.019999999999898677e+01 1.863041195309231624e+00 4.494662779769212704e-03
1.029999999999897575e+01 1.854856131639883277e+00 7.386846024384422296e-03
1.039999999999896474e+01 1.842322090133952317e+00 1.397914855529980294e-02
1.049999999999895373e+01 1.825505221404835066e+00 2.422624541960697112e-02
1.059999999999894271e+01 1.804491895921302769e+00 3.806565955864737311e-02
1.069999999999893170e+01 1.779388232783357005e+00 5.541810814761514992e-02
1.079999999999892069e+01 1.750319532876516648e+00 7.618792820111904007e-02
1.089999999999890967e+01 1.717429619271640950e+00 1.002635791833052237e-01
1.099999999999889866e+01 1.680880088177021836e+00 1.275182199820400208e-01
1.109999999999888765e+01 1.640849474249397977e+00 1.578103572393813603e-01
1.119999999999887663e+01 1.597532334712471691e+00 1.909845616785683375e-01
1.129999999999886562e+01 1.551138257426474043e+00 2.268722487354465633e-01
1.139999999999885461e+01 1.501890798600653998e+00 2.652925194935457642e-01
1.149999999999884359e+01 1.450026356152107399e+00 3.060530576386512602e-01
1.159999999999883258e+01 1.395792984906952361e+00 3.489510778902991661e-01
1.169999999999882156e+01 1.339449160100892877e+00 3.937743211354265971e-01
1.179999999999881055e+01 1.281262495993710004e+00 4.403020912862176672e-01
1.189999999999879954e+01 1.221508426714694062e+00 4.883063287133856401e-01
1.199999999999878852e+01 1.160468856490467271e+00 5.375527149686153416e-01
1.209999999999877751e+01 1.098430786094362732e+00 5.878018034005777492e-01
1.219999999999876650e+01 1.035684921871078412e+00 6.388101701809040245e-01
1.229999999999875548e+01 9.725242733260360817e-01 6.903315801837489607e-01
1.239999999999874447e+01 9.092427452263333043e-01 7.421181621046446519e-01
1.249999999999873346e+01 8.461337304158650374e-01 7.939215871672697933e-01
1.259999999999872244e+01 7.834887099462766180e-01 8.454942457571364978e-01
1.269999999999871143e+01 7.215958674870279754e-01 8.965904163464999410e-01
1.279999999999870042e+01 6.607387251470795420e-01 9.469674211385383789e-01
1.289999999999868940e+01 6.011948077218893793e-01 9.963867629604398202e-01
1.299999999999867839e+01 5.432343419897271986e-01 1.044615238068644203e+00
1.309999999999866738e+01 4.871189971425575749e-01 1.091426019687019133e+00
1.319999999999865636e+01 4.331006718934955479e-01 1.136599707273757698e+00
1.329999999999864535e+01 3.814203333450740252e-01 1.179925336699365612e+00
1.339999999999863434e+01 3.323069123639368350e-01 1.221201346716032754e+00
1.349999999999862332e+01 2.859762599837686325e-01 1.260236497307412051e+00
1.359999999999861231e+01 2.426301692231927210e-01 1.296850735730264326e+00
1.369999999999860130e+01 2.024554666232611100e-01 1.330876006299947178e+00
1.379999999999859028e+01 1.656231777331164112e-01 1.362157000231200898e+00
1.389999999999857927e+01 1.322877706424902267e-01 1.390551842134290395e+00
1.399999999999856826e+01 1.025864814071652947e-01 1.415932710078553036e+00
1.409999999999855724e+01 7.663872480721299618e-02 1.438186386475018841e+00
1.419999999999854623e+01 5.454559334463879305e-02 1.457214737388911496e+00
1.429999999999853522e+01 3.638944678444924752e-02 1.472935118264280474e+00
1.439999999999852420e+01 2.223359391763213636e-02 1.485280704423532550e+00
1.449999999999851319e+01 1.212206761414628790e-02 1.494200745085434656e+00
1.459999999999850218e+01 6.079493684102633098e-03 1.499660740023463612e+00
1.469999999999849116e+01 4.111053606460072195e-03 1.501642538356979806e+00
1.479999999999848015e+01 6.202540798371922702e-03 1.500144359333395849e+00
1.489999999999846914e+01 1.232050973481194599e-02 1.495180735324787236e+00
1.499999999999845812e+01 2.241251684999313876e-02 1.486782377626334251e+00
1.509999999999844711e+01 3.640745174505845283e-02 1.474995966010183679e+00
1.519999999999843610e+01 5.421595679279088420e-02 1.459883863351768785e+00
1.529999999999842508e+01 7.573093279342832385e-02 1.441523757003962292e+00
1.539999999999841407e+01 1.008281279292180671e-01 1.420008228941671113e+00
1.549999999999840306e+01 1.293668068990585229e-01 1.395444257032653512e+00
1.559999999999839204e+01 1.611904967632044328e-01 1.367952650107576273e+00
1.569999999999838103e+01 1.961278056508835854e-01 1.337667419808052038e+00
1.579999999999837001e+01 2.339933100574787816e-01 1.304735092487333548e+00
1.589999999999835900e+01 2.745885060073400830e-01 1.269313964720803600e+00
1.599999999999834799e+01 3.177028189582518092e-01 1.231573306252490285e+00
1.609999999999833875e+01 3.631146670396014908e-01 1.191692514446677453e+00
1.619999999999832596e+01 4.105925720324269390e-01 1.149860224531014330e+00
1.629999999999831317e+01 4.598963123410956810e-01 1.106273380108269144e+00
1.639999999999830393e+01 5.107781120333114711e-01 1.061136268583208420e+00
1.649999999999829470e+01 5.629838598775174230e-01 1.014659526295855763e+00
1.659999999999828191e+01 6.162543522382863959e-01 9.670591182742288572e-01
1.669999999999826912e+01 6.703265536998128660e-01 9.185552976104749412e-01
1.679999999999825988e+01 7.249348693178581104e-01 8.693715495300384788e-01
1.689999999999825064e+01 7.798124223931766075e-01 8.197335252632610425e-01
1.699999999999823785e+01 8.346923316008244553e-01 7.698679708484336137e-01
1.709999999999822506e+01 8.893089812514385351e-01 7.200016559920541237e-01
1.719999999999821583e+01 9.433992784738145509e-01 6.703603080871406439e-01
1.729999999999820659e+01 9.967038912176480192e-01 6.211675564385026327e-01
1.739999999999819380e+01 1.048968461159009102e+00 5.726438916664294831e-01
1.749999999999818101e+01 1.099944785807661640e+00 5.250056451568207994e-01
1.759999999999817177e+01 1.149391964351099249e+00 4.784639932998532297e-01
1.769999999999816254e+01 1.197077502020433615e+00 4.332239911110807862e-01
1.779999999999814975e+01 1.242778368011276058e+00 3.894836396606428108e-01
1.789999999999813696e+01 1.286282002202209007e+00 3.474329915491155552e-01
1.799999999999812772e+01 1.327387266073345895e+00 3.072532984643973619e-01
1.809999999999811848e+01 1.365905333386426612e+00 2.691162046338156366e-01
1.819999999999810569e+01 1.401660516447217120e+00 2.331829897484813674e-01
1.829999999999809290e+01 1.434491024166294038e+00 1.996038646810212036e-01
1.839999999999808367e+01 1.464249648590275399e+00 1.685173230431841196e-01
1.849999999999807443e+01 1.490804376990103819e+00 1.400495513384538426e-01
1.859999999999806164e+01 1.514038926975200816e+00 1.143139001599933341e-01
1.869999999999804885e+01 1.533853202542999394e+00 9.141041856826920275e-02
1.879999999999803961e+01 1.550163669502903963e+00 7.142545345793978318e-02
1.889999999999803038e+01 1.562903649272768369e+00 5.443131539275771619e-02
1.899999999999801759e+01 1.572023530598906982e+00 4.048601205352925919e-02
1.909999999999800480e+01 1.577490899296003057e+00 2.963305011005640949e-02
1.919999999999799556e+01 1.579290586583508516e+00 2.190130599630687666e-02
1.929999999999798632e+01 1.577424636877884145e+00 1.730496574107986268e-02
1.939999999999797353e+01 1.571912195948053093e+00 1.584353368589959052e-02
1.949999999999796074e+01 1.562789320308769936e+00 1.750190960713913016e-02
1.959999999999795151e+01 1.550108708833523696e+00 2.225053344854509285e-02
1.969999999999794227e+01 1.533939357939701820e+00 3.004559656194954673e-02
1.979999999999792948e+01 1.514366142292872919e+00 4.082931804875315068e-02
1.989999999999791669e+01 1.491489323688106605e+00 5.453028449575578890e-02
1.999999999999790745e+01 1.465423991473961074e+00 7.106385111046256697e-02
2.009999999999789821e+01 1.436299438455193922e+00 9.033260198782920580e-02
2.019999999999788542e+01 1.404258476503159825e+00 1.122268669858434431e-01
2.029999999999787264e+01 1.369456696095959103e+00 1.366252924519902878e-01
2.039999999999786340e+01 1.332061673888513598e+00 1.633954628246367946e-01
2.049999999999785416e+01 1.292252132415811383e+00 1.923945699308846347e-01
2.059999999999784137e+01 1.250217056215793265e+00 2.234701266159044020e-01
2.069999999999782858e+01 1.206154768847901737e+00 2.564607211706575463e-01
2.079999999999781934e+01 1.160271975309084214e+00 2.911968088764833595e-01
2.089999999999781011e+01 1.112782774209966519e+00 3.275015368554413664e-01
2.099999999999779732e+01 1.063907643875908304e+00 3.651915983019276557e-01
2.109999999999778453e+01 1.013872406380936120e+00 4.040781120711360308e-01
2.119999999999777529e+01 9.629071734695144880e-01 4.439675235115861374e-01
2.129999999999776605e+01 9.112452783925228950e-01 4.846625223514472447e-01
2.139999999999775326e+01 8.591221978535372727e-01 5.259629733834175758e-01
2.149999999999774047e+01 8.067744684994150317e-01 5.676668556418656975e-01
2.159999999999773124e+01 7.544386026946916513e-01 6.095712057320434862e-01
2.169999999999772200e+01 7.023500086805584131e-01 6.514730609592259691e-01
2.179999999999770921e+01 6.507419205352950042e-01 6.931703979205872113e-01
2.189999999999769642e+01 5.998443434665428065e-01 7.344630622692660538e-01
2.199999999999768718e+01 5.498830197956788846e-01 7.751536854351429584e-01
2.209999999999767795e+01 5.010784206025296061e-01 8.150485841860937164e-01
2.219999999999766516e+01 4.536447675467223939e-01 8.539586390283913087e-01
2.229999999999765237e+01 4.077890890080174136e-01 8.917001475737240668e-01
2.239999999999764313e+01 3.637103144170899527e-01 9.280956491420747634e-01
2.249999999999763389e+01 3.215984104057902915e-01 9.629747170262070721e-01
2.259999999999762110e+01 2.816335621376273579e-01 9.961747150129484085e-01
2.269999999999760831e+01 2.439854029049024486e-01 1.027541514936001654e+00
2.279999999999759908e+01 2.088122948414622704e-01 1.056930172222100506e+00
2.289999999999758984e+01 1.762606634076230583e-01 1.084205556586461228e+00
2.299999999999757705e+01 1.464643881277786497e-01 1.109242935234920457e+00
2.309999999999756426e+01 1.195442518778473823e-01 1.131928506139502355e+00
2.319999999999755502e+01 9.560745084457535070e-02 1.152159879171175128e+00
2.329999999999754579e+01 7.474716713702002358e-02 1.169846503099154722e+00
2.339999999999753300e+01 5.704220590763806747e-02 1.184910036704211134e+00
2.349999999999752021e+01 4.255669868251080873e-02 1.197284662505839536e+00
2.359999999999751097e+01 3.133987435718869202e-02 1.206917341872008276e+00
2.369999999999750173e+01 2.342589896556782764e-02 1.213768010561020017e+00
2.379999999999748894e+01 1.883378488492221461e-02 1.217809714036543145e+00
2.389999999999747615e+01 1.756736963552767497e-02 1.219028682195772539e+00
2.399999999999746692e+01 1.961536391762809181e-02 1.217424343451644075e+00
2.409999999999745768e+01 2.495146805264903539e-02 1.213009278406251612e+00
2.419999999999744489e+01 3.353455559568256639e-02 1.205809113640865515e+00
2.429999999999743210e+01 4.530892257573165133e-02 1.195862356419886918e+00
2.439999999999742286e+01 6.020460059335977498e-02 1.183220171362795003e+00
2.449999999999741362e+01 7.813773184873859523e-02 1.167946100378474794e+00
2.459999999999740083e+01 9.901100407537878623e-02 1.150115727380540021e+00
2.469999999999738804e+01 1.227141433000168980e-01 1.129816289514191663e+00
2.479999999999737881e+01 1.491244622913101836e-01 1.107146236828523200e+00
2.489999999999736957e+01 1.781074624193574596e-01 1.082214742528847529e+00
2.499999999999735678e+01 2.095174863631835138e-01 1.055141166149437870e+00
2.509999999999734399e+01 2.431984186944022019e-01 1.026054472198531187e+00
2.519999999999733475e+01 2.789844309295504421e-01 9.950926070398662393e-01
2.529999999999732552e+01 3.167007672802425455e-01 9.624018369798865713e-01
2.539999999999731273e+01 3.561645670790186124e-01 9.281360507154431394e-01
2.549999999999729994e+01 3.971857197075939760e-01 8.924560294606754818e-01
2.559999999999729070e+01 4.395677477847530490e-01 8.555286882098925849e-01
2.569999999999728146e+01 4.831087143757589186e-01 8.175262917064219925e-01
2.579999999999726867e+01 5.276021500635830197e-01 7.786256487767319046e-01
2.589999999999725588e+01 5.728379958813897277e-01 7.390072887542697977e-01
2.599999999999724665e+01 6.186035583226310308e-01 6.988546237628612268e-01
2.609999999999723741e+01 6.646844728320371321e-01 6.583531006557005183e-01
2.619999999999722462e+01 7.108656721995125771e-01 6.176893464220359897e-01
2.629999999999721183e+01 7.569323560591060263e-01 5.770503108833101580e-01
2.639999999999720259e+01 8.026709572975224694e-01 5.366224105082622042e-01
2.649999999999719336e+01 8.478701007486201258e-01 4.965906771785358886e-01
2.659999999999718057e+01 8.923215492129338289e-01 4.571379157257451920e-01
2.669999999999716778e+01 9.358211316881080988e-01 4.184438740309625593e-01
2.679999999999715854e+01 9.781696488279646440e-01 3.806844294220602110e-01
2.689999999999714930e+01 1.019173751117320004e+00 3.440307950180293561e-01
2.699999999999713651e+01 1.058646785962378933e+00 3.086487495537144077e-01
2.709999999999712372e+01 1.096409610635919796e+00 2.746978940769372879e-01
2.719999999999711449e+01 1.132291368591633596e+00 2.423309387528303216e-01
2.729999999999710525e+01 1.166130226987123208e+00 2.116930228446066431e-01
2.739999999999709246e+01 1.197774073345422075e+00 1.829210707726665608e-01
2.749999999999707967e+01 1.227081169231616586e+00 1.561431869863576238e-01
2.759999999999707043e+01 1.253920758757246290e+00 1.314780922138860664e-01
2.769999999999706120e+01 1.278173629725814164e+00 1.090346034830411009e-01
2.779999999999704841e+01 1.299732625286575960e+00 8.891116012673941360e-02
2.789999999999703562e+01 1.318503104006012006e+00 7.119539780198866352e-02
2.799999999999702638e+01 1.334403346245752298e+00 5.596377235831762054e-02
2.809999999999701714e+01 1.347364904628657323e+00 4.328123519098516642e-02
2.819999999999700435e+01 1.357332896175840187e+00 3.320096150395645401e-02
2.829999999999699156e+01 1.364266233463180100e+00 2.576413268564220829e-02
2.839999999999698233e+01 1.368137792033643052e+00 2.099977376375576979e-02
2.849999999999697309e+01 1.368934511526969322e+00 1.892464665146326511e-02
2.859999999999696030e+01 1.366657428667135132e+00 1.954319962477164482e-02
2.869999999999694751e+01 1.361321641303562480e+00 2.284757318451229730e-02
2.879999999999693827e+01 1.352956203897972776e+00 2.881766216308809941e-02
2.889999999999692903e+01 1.341603955924685954e+00 3.742123364553383985e-02
2.899999999999691624e+01 1.327321285408650686e+00 4.861409999419059186e-02
2.909999999999690345e+01 1.310177830177737146e+00 6.234034600099401524e-02
2.919999999999689422e+01 1.290256119418108804e+00 7.853260894156435801e-02
2.929999999999688498e+01 1.267651157987481181e+00 9.711241006871787484e-02
2.939999999999687219e+01 1.242469955854481389e+00 1.179905358567941709e-01
2.949999999999685940e+01 1.214831005110277973e+00 1.410674670908534101e-01
2.959999999999685016e+01 1.184863707242748587e+00 1.662338536870651140e-01
2.969999999999684093e+01 1.152707753674196534e+00 1.933710329345772194e-01
2.979999999999682814e+01 1.118512462804939211e+00 2.223515886664244046e-01
2.989999999999681535e+01 1.082436076905112010e+00 2.530399486978883727e-01
2.999999999999680611e+01 1.044645022184809369e+00 2.852930177148308988e-01
3.009999999999679687e+01 1.005313135327966068e+00 3.189608426503411920e-01
3.019999999999678408e+01 9.646208597862994116e-01 3.538873074551200926e-01
3.029999999999677129e+01 9.227544152626296903e-01 3.899108540451818872e-01
3.039999999999676206e+01 8.799049440540157585e-01 4.268652261019320604e-01
3.049999999999675282e+01 8.362676381765319356e-01 4.645802323061666295e-01
3.059999999999674003e+01 7.920408513803740558e-01 5.028825255117153059e-01
3.069999999999672724e+01 7.474252002965946495e-01 5.415963943066537389e-01
3.079999999999671800e+01 7.026226590638572356e-01 5.805445633726995514e-01
3.089999999999670877e+01 6.578356518209095283e-01 6.195489990388366452e-01
3.099999999999669598e+01 6.132661473371299188e-01 6.584317164322647242e-01
3.109999999999668319e+01 5.691147597933537972e-01 6.970155846566573610e-01
3.119999999999667395e+01 5.255798594124908574e-01 7.351251264674943942e-01
3.129999999999666471e+01 4.828566963644603249e-01 7.725873089664383464e-01
3.139999999999665192e+01 4.411365411461572461e-01 8.092323218975506771e-01
3.149999999999663913e+01 4.006058444457289980e-01 8.448943401975754774e-01
3.159999999999662990e+01 3.614454193442103724e-01 8.794122675277977752e-01
3.169999999999662066e+01 3.238296486250811235e-01 9.126304575955731524e-01
3.179999999999660787e+01 2.879257199698297964e-01 9.443994101614843206e-01
3.189999999999659508e+01 2.538928918621523034e-01 9.745764387267843443e-01
3.199999999999658584e+01 2.218817930174676323e-01 1.003026307008046070e+00
3.209999999999657661e+01 1.920337580717723924e-01 1.029621831429089474e+00
3.219999999999656382e+01 1.644802021722035212e-01 1.054244446990160400e+00
3.229999999999655103e+01 1.393420370913492357e-01 1.076784734010432842e+00
3.239999999999653824e+01 1.167291315295985038e-01 1.097142903386338686e+00
3.249999999999653255e+01 9.673981828436697961e-02 1.115229238169467951e+00
3.259999999999651976e+01 7.946045087380582128e-02 1.130964489447092713e+00
3.269999999999650697e+01 6.496501200144562393e-02 1.144280224703775772e+00
3.279999999999650129e+01 5.331477598810066554e-02 1.155119127051118522e+00
3.289999999999648850e+01 4.455802703566391632e-02 1.163435243929332508e+00
3.299999999999647571e+01 3.872983495764614759e-02 1.169194184107754664e+00
3.309999999999646292e+01 3.585188981235896272e-02 1.172373262035987684e+00
3.319999999999645013e+01 3.593239668448575813e-02 1.172961588824784629e+00
3.329999999999644444e+01 3.896603165712481109e-02 1.170960109365825286e+00
3.339999999999643165e+01 4.493395978201075031e-02 1.166381585335959592e+00
3.349999999999641886e+01 5.380391557839967615e-02 1.159250524076355093e+00
3.359999999999641318e+01 6.553034626466815171e-02 1.149603053589852930e+00
3.369999999999640039e+01 8.005461754884081460e-02 1.137486744161177121e+00
3.379999999999638760e+01 9.730528138074082123e-02 1.122960377372489216e+00
3.389999999999637481e+01 1.171984046293876036e-01 1.106093663555280493e+00
3.399999999999636202e+01 1.396379572474303332e-01 1.086966908983486801e+00
3.409999999999635634e+01 1.645162581546320002e-01 1.065670634361220559e+00
3.419999999999634355e+01 1.917144767988467058e-01 1.042305146392878523e+00
3.429999999999633076e+01 2.211031880847491027e-01 1.016980064443177012e+00
3.439999999999632507e+01 2.525429780628451470e-01 9.898138045067010893e-01
3.449999999999631228e+01 2.858850974556523816e-01 9.609330229103483223e-01
3.459999999999629949e+01 3.209721598125139796e-01 9.304720223658381473e-01
3.469999999999628670e+01 3.576388808815976761e-01 8.985721231685820376e-01
3.479999999999627391e+01 3.957128556895012084e-01 8.653810025009750495e-01
3.489999999999626823e+01 4.350153697902138794e-01 8.310520049425247358e-01
3.499999999999625544e+01 4.753622410888278527e-01 7.957434274191328427e-01
3.509999999999624265e+01 5.165646884575360032e-01 7.596177819462626157e-01
3.519999999999623697e+01 5.584302230204897244e-01 7.228410396348599054e-01
3.529999999999622418e+01 6.007635575761511859e-01 6.855818595366379720e-01
3.539999999999621139e+01 6.433675292685453462e-01 6.480108059964631018e-01
3.549999999999619860e+01 6.860440303912301863e-01 6.102995582520542861e-01
3.559999999999618581e+01 7.285949421491718647e-01 5.726201160674878610e-01
3.569999999999618012e+01 7.708230663225517088e-01 5.351440052064481145e-01
3.579999999999616733e+01 8.125330500316003679e-01 4.980414865414375392e-01
3.589999999999615454e+01 8.535322991156559791e-01 4.614807725585057807e-01
3.599999999999614886e+01 8.936318759319185068e-01 4.256272549572168162e-01
3.609999999999613607e+01 9.326473775724883897e-01 3.906427469675184394e-01
3.619999999999612328e+01 9.703997905466117402e-01 3.566847439137624809e-01
3.629999999999611049e+01 1.006716317923991300e+00 3.239057054546454206e-01
3.639999999999609770e+01 1.041431174905625978e+00 2.924523628153171129e-01
3.649999999999609201e+01 1.074386348878094921e+00 2.624650542018334698e-01
3.659999999999607923e+01 1.105432320207802466e+00 2.340770914466933639e-01
3.669999999999606644e+01 1.134428740238372590e+00 2.074141607766451234e-01
3.679999999999606075e+01 1.161245063071070893e+00 1.825937604232185096e-01
3.689999999999604796e+01 1.185761127760418976e+00 1.597246776133069979e-01
3.699999999999603517e+01 1.207867687697061987e+00 1.389065072807469381e-01
3.709999999999602238e+01 1.227466884326703367e+00 1.202292146277391116e-01
3.719999999999600959e+01 1.244472662997168966e+00 1.037727434362077650e-01
3.729999999999600391e+01 1.258811129522001471e+00 8.960667178573739067e-02
3.739999999999599112e+01 1.270420846797748693e+00 7.778991658264169939e-02
3.749999999999597833e+01 1.279253071342225656e+00 6.837048805072684643e-02
3.759999999999597264e+01 1.285271929883783137e+00 6.138529508382083860e-02
3.769999999999595985e+01 1.288454536230473346e+00 5.686000211526112680e-02
3.779999999999594706e+01 1.288791048728337163e+00 5.480893792007585780e-02
3.789999999999593427e+01 1.286284668745772297e+00 5.523505653108923275e-02
3.799999999999592148e+01 1.280951580800040235e+00 5.812995022024410041e-02
3.809999999999591580e+01 1.272820835194631961e+00 6.347391427095314120e-02
3.819999999999590301e+01 1.261934174373835260e+00 7.123606304667430555e-02
3.829999999999589022e+01 1.248345804531302283e+00 8.137449664664743454e-02
3.839999999999588454e+01 1.232122114160575821e+00 9.383651723300150127e-02
3.849999999999587175e+01 1.213341341138741702e+00 1.085588939136801628e-01
3.859999999999585896e+01 1.192093189704909850e+00 1.254681748698932842e-01
3.869999999999584617e+01 1.168478398531423101e+00 1.444810452222645702e-01
3.879999999999583338e+01 1.142608261096199174e+00 1.655047289353344386e-01
3.889999999999582769e+01 1.114604099711934415e+00 1.884374328664478737e-01
3.899999999999581490e+01 1.084596694815695983e+00 2.131688308738189097e-01
3.909999999999580211e+01 1.052725671498069948e+00 2.395805857117465631e-01
3.919999999999579643e+01 1.019138845774942403e+00 2.675469062611617321e-01
3.929999999999578364e+01 9.839915336972876458e-01 2.969351374753418926e-01
3.939999999999577085e+01 9.474458269041080571e-01 3.276063802670496905e-01
3.949999999999575806e+01 9.096698385347952165e-01 3.594161384279436211e-01
3.959999999999574527e+01 8.708369235054156388e-01 3.922149895540554820e-01
3.969999999999573959e+01 8.311248771099664090e-01 4.258492768511232263e-01
3.979999999999572680e+01 7.907151158661748225e-01 4.601618186093446861e-01
3.989999999999571401e+01 7.497918445595177506e-01 4.949926320685106296e-01
3.999999999999570832e+01 7.085412135168267511e-01 5.301796683434433222e-01
4.009999999999569553e+01 6.671504701784515268e-01 5.655595550474332711e-01
4.019999999999568274e+01 6.258071089922198071e-01 6.009683432363532862e-01
4.029999999999566995e+01 5.846980235546626048e-01 6.362422552965919520e-01
4.039999999999565716e+01 5.440086648193899199e-01 6.712184304138726354e-01
4.049999999999565148e+01 5.039222090661308329e-01 7.057356642884818898e-01
4.059999999999563869e+01 4.646187391410183665e-01 7.396351398037507296e-01
4.069999999999562590e+01 4.262744422614312412e-01 7.727611454067436769e-01
4.079999999999562021e+01 3.890608274936017685e-01 8.049617780209726847e-01
4.089999999999560742e+01 3.531439658994137143e-01 8.360896273801380341e-01
4.099999999999559464e+01 3.186837563156921793e-01 8.660024387521322309e-01
4.109999999999558185e+01 2.858332197626238802e-01 8.945637511145905219e-01
4.119999999999556906e+01 2.547378255434070149e-01 9.216435079509756045e-01
4.129999999999556337e+01 2.255348521307883880e-01 9.471186379609382033e-01
4.139999999999555058e+01 1.983527858567014079e-01 9.708736031238307529e-01
4.149999999999553779e+01 1.733107601733305803e-01 9.928009117176515019e-01
4.159999999999553211e+01 1.505180378736226954e-01 1.012801594071943478e+00
4.169999999999551932e+01 1.300735382615074154e-01 1.030785639016148059e+00
4.179999999999550653e+01 1.120654109499067408e-01 1.046672389166589889e+00
4.189999999999549374e+01 9.657065776286431757e-02 1.060390893377273880e+00
4.199999999999548095e+01 8.365480410032495595e-02 1.071880214859440628e+00
4.209999999999547526e+01 7.337162105925609801e-02 1.081089693657873108e+00
4.219999999999546247e+01 6.576289955869599191e-02 1.087979162359158591e+00
4.229999999999544968e+01 6.085827763543878027e-02 1.092519114103039701e+00
4.239999999999544400e+01 5.867512190712127762e-02 1.094690822173989497e+00
4.249999999999543121e+01 5.921846392532430919e-02 1.094486410666963616e+00
4.259999999999541842e+01 6.248099179386579216e-02 1.091908875942972035e+00
4.269999999999540563e+01 6.844309706046403097e-02 1.086972058816753961e+00
4.279999999999539284e+01 7.707297655570394257e-02 1.079700567642947417e+00
4.289999999999538716e+01 8.832678858947531908e-02 1.070129652690632760e+00
4.299999999999537437e+01 1.021488627366131940e-01 1.058305032413439761e+00
4.309999999999536158e+01 1.184719623393158811e-01 1.044282672433259229e+00
4.319999999999535589e+01 1.372175987859835522e-01 1.028128518256563595e+00
4.329999999999534310e+01 1.582963965395610129e-01 1.009918182937476594e+00
4.339999999999533031e+01 1.816085077272371340e-01 9.897365910946630541e-01
4.349999999999531752e+01 2.070440748324922364e-01 9.676775808860174077e-01
4.359999999999530473e+01 2.344837396538287655e-01 9.438434657486092227e-01
4.369999999999529905e+01 2.637991962540721103e-01 9.183445579163206363e-01
4.379999999999528626e+01 2.948537851811000032e-01 8.912986559290902999e-01
4.389999999999527347e+01 3.275031258587776106e-01 8.628304985365222723e-01
4.399999999999526779e+01 3.615957837690080279e-01 8.330711875681756640e-01
4.409999999999525500e+01 3.969739688770462793e-01 8.021575824901471252e-01
4.419999999999524221e+01 4.334742616782803482e-01 7.702316694897478611e-01
4.429999999999522942e+01 4.709283632624822191e-01 7.374399080311675458e-01
4.439999999999521663e+01 5.091638658902997161e-01 7.039325579052470028e-01
4.449999999999521094e+01 5.480050406895734527e-01 6.698629898596279997e-01
4.459999999999519815e+01 5.872736391043604787e-01 6.353869829465774721e-01
4.469999999999518536e+01 6.267897046154352614e-01 6.006620117715280038e-01
4.479999999999517968e+01 6.663723910573426945e-01 5.658465268653788405e-01
4.489999999999516689e+01 7.058407837088429559e-01 5.310992314367652956e-01
4.499999999999515410e+01 7.450147193189919914e-01 4.965783577794491976e-01
4.509999999999514131e+01 7.837156013430395252e-01 4.624409466102629152e-01
4.519999999999512852e+01 8.217672068252326323e-01 4.288421325957808561e-01
4.529999999999512283e+01 8.589964815109486507e-01 3.959344392911691157e-01
4.539999999999511004e+01 8.952343199007501973e-01 3.638670866676985693e-01
4.549999999999509726e+01 9.303163271364618403e-01 3.327853143445890782e-01
4.559999999999509157e+01 9.640835598589662103e-01 3.028297235665499132e-01
4.569999999999507878e+01 9.963832434103355729e-01 2.741356408804590528e-01
4.579999999999506599e+01 1.027069462802747246e+00 2.468325063660986862e-01
4.589999999999505320e+01 1.056003824648841460e+00 2.210432891711646974e-01
4.599999999999504041e+01 1.083056086818646735e+00 1.968839329927760118e-01
4.609999999999503473e+01 1.108104752199471355e+00 1.744628340343569450e-01
4.619999999999502194e+01 1.131037622827224309e+00 1.538803538421695538e-01
4.629999999999500915e+01 1.151752310893376707e+00 1.352283692832425555e-01
4.639999999999500346e+01 1.170156703550236488e+00 1.185898617625534696e-01
4.649999999999499067e+01 1.186169378851711143e+00 1.040385475932910087e-01
4.659999999999497788e+01 1.199719970529905977e+00 9.163855123245054357e-02
4.669999999999496509e+01 1.210749479678427942e+00 8.144412287890605284e-02
4.679999999999495230e+01 1.219210531829416633e+00 7.349940170612799528e-02
4.689999999999494662e+01 1.225067578373677302e+00 6.783822577124075381e-02
4.699999999999493383e+01 1.228297041778485754e+00 6.448398940903254939e-02
4.709999999999492104e+01 1.228887404553915763e+00 6.344954868569691042e-02
4.719999999999491536e+01 1.226839242289143206e+00 6.473717525458620725e-02
4.729999999999490257e+01 1.222165201253272881e+00 6.833855872672246756e-02
4.739999999999488978e+01 1.214889921096106384e+00 7.423485744383592766e-02
4.749999999999487699e+01 1.205049903240915654e+00 8.239679732135953005e-02
4.759999999999486420e+01 1.192693325713851671e+00 9.278481821315170963e-02
4.769999999999485851e+01 1.177879805372880728e+00 1.053492670388697511e-01
4.779999999999484572e+01 1.160680108706011682e+00 1.200306367089424425e-01
4.789999999999483293e+01 1.141175812571182613e+00 1.367598496814387832e-01
4.799999999999482725e+01 1.119458916505490231e+00 1.554585847899117579e-01
4.809999999999481446e+01 1.095631408535006512e+00 1.760396457922949187e-01
4.819999999999480167e+01 1.069804786675913721e+00 1.984073699087962050e-01
4.829999999999478888e+01 1.042099538479203114e+00 2.224580744418213907e-01
4.839999999999477609e+01 1.012644581099679142e+00 2.480805394043692491e-01
4.849999999999477041e+01 9.815766645382617561e-01 2.751565239260868045e-01
4.859999999999475762e+01 9.490397408702687665e-01 3.035613140607375526e-01
4.869999999999474483e+01 9.151843023191531534e-01 3.331642994850702033e-01
4.879999999999473914e+01 8.801666909393081051e-01 3.638295764560172674e-01
4.889999999999472635e+01 8.441483825784753536e-01 3.954165742770758274e-01
4.899999999999471356e+01 8.072952478932318154e-01 4.277807024153614246e-01
4.909999999999470077e+01 7.697767935250340310e-01 4.607740153110376213e-01
4.919999999999468798e+01 7.317653869386129273e-01 4.942458918373243137e-01
4.929999999999468230e+01 6.934354686370003407e-01 5.280437263065160813e-01
4.939999999999466951e+01 6.549627554032086962e-01 5.620136278750417214e-01
4.949999999999465672e+01 6.165234379860020653e-01 5.960011251728862813e-01
4.959999999999465103e+01 5.782933764618579664e-01 6.298518729644507763e-01
4.969999999999463824e+01 5.404472965176077004e-01 6.634123576371219189e-01
4.979999999999462545e+01 5.031579900915555958e-01 6.965305983135688939e-01
4.989999999999461266e+01 4.665955240355629807e-01 7.290568403978258116e-01
