1.000000000000000000e+00 2.000000000000000000e+00 0.000000000000000000e+00
1.099999999999988987e+00 1.997600966720546767e+00 1.999200209320753461e-03
1.199999999999977973e+00 1.990415463888560499e+00 7.987208598782618088e-03
1.299999999999966960e+00 1.978478239354746426e+00 1.793529500996722537e-02
1.399999999999955946e+00 1.961847041915218970e+00 3.179573088632411254e-02
1.499999999999944933e+00 1.940602352298162359e+00 4.950202120707909714e-02
1.599999999999933920e+00 1.914846996303637860e+00 7.096922778972730717e-02
1.699999999999922906e+00 1.884705643288409727e+00 9.609438242896223281e-02
1.799999999999911893e+00 1.850324194000855460e+00 1.247569878717488256e-01
1.899999999999900879e+00 1.811869062039493494e+00 1.568196041830003107e-01
1.999999999999889866e+00 1.769526353170473021e+00 1.921285176318183463e-01
2.099999999999878852e+00 1.723500946656962185e+00 2.305144888204112841e-01
2.199999999999867839e+00 1.674015482813707489e+00 2.717935763836472063e-01
2.299999999999856826e+00 1.621309261274297864e+00 3.157680322056380939e-01
2.399999999999845812e+00 1.565637054934651884e+00 3.622272637324677191e-01
2.499999999999834799e+00 1.507267845153003272e+00 4.109488586105793928e-01
2.599999999999823785e+00 1.446483484458507718e+00 4.616996665525255894e-01
2.699999999999812772e+00 1.383577293667163088e+00 5.142369330309281006e-01
2.799999999999801759e+00 1.318852600866615044e+00 5.683094791303421323e-01
2.899999999999790745e+00 1.252621230189359558e+00 6.236589216493009236e-01
2.999999999999779732e+00 1.185201948633859859e+00 6.800209273423476475e-01
3.099999999999768718e+00 1.116918879429943834e+00 7.371264950258423765e-01
3.199999999999757705e+00 1.048099890590953542e+00 7.947032591426737014e-01
3.299999999999746692e+00 9.790749673569453249e-01 8.524768082898838140e-01
3.399999999999735678e+00 9.101745771872384871e-01 9.101720121597263180e-01
3.499999999999724665e+00 8.417280357837264582e-01 9.675143503259420186e-01
3.599999999999713651e+00 7.740618823458531583e-01 1.024231236320450655e+00
3.699999999999702638e+00 7.074982719533539077e-01 1.080053330485087448e+00
3.799999999999691624e+00 6.423533927251731113e-01 1.134715835147915408e+00
3.899999999999680611e+00 5.789359152499380379e-01 1.187959765761865683e+00
3.999999999999669598e+00 5.175454817156726062e-01 1.239533191756613251e+00
4.099999999999658584e+00 4.584712421575473651e-01 1.289192440995867717e+00
4.199999999999647571e+00 4.019904452568895947e-01 1.336703261904935047e+00
4.299999999999636557e+00 3.483670911093608713e-01 1.381841937540777998e+00
4.399999999999625544e+00 2.978506532639187410e-01 1.424396346124814805e+00
4.499999999999614531e+00 2.506748770505944912e-01 1.464166962845617093e+00
4.599999999999603517e+00 2.070566607397778536e-01 1.500967798065145686e+00
4.699999999999592504e+00 1.671950254427364280e-01 1.534627267419635732e+00
4.799999999999581490e+00 1.312701789336720992e-01 1.564988989692765564e+00
4.899999999999570477e+00 9.944267779270375696e-02 1.591912508746331278e+00
4.999999999999559464e+00 7.185269145636101473e-02 1.615273936218596385e+00
5.099999999999548450e+00 4.861937093645599811e-02 1.634966512137786543e+00
5.199999999999537437e+00 2.984032417496257014e-02 1.650901081036539431e+00
5.299999999999526423e+00 1.559119930433173346e-02 1.663006481590038277e+00
5.399999999999515410e+00 5.925376528837616487e-03 1.671229848224389691e+00
5.499999999999504396e+00 8.737689400991417894e-04 1.675536823558935851e+00
5.599999999999493383e+00 4.447322872915068109e-04 1.675911680954050187e+00
5.699999999999482370e+00 4.624083471931514019e-03 1.672357356841935649e+00
5.799999999999471356e+00 1.337522727031465949e-02 1.664895392926616813e+00
5.899999999999460343e+00 2.663939047799770629e-02 1.653565788748468712e+00
5.999999999999449329e+00 4.433596232189306735e-02 1.638426765520403228e+00
6.099999999999438316e+00 6.636293959931878483e-02 1.619554442552872064e+00
6.199999999999427303e+00 9.259747456485113715e-02 1.597042427995691183e+00
6.299999999999416289e+00 1.228965230796046915e-01 1.571001326032832379e+00
6.399999999999405276e+00 1.570975899807067477e-01 1.541558163073839527e+00
6.499999999999394262e+00 1.950195680682519639e-01 1.508855735884080618e+00
6.599999999999383249e+00 2.364636665818395656e-01 1.473051884979854842e+00
6.699999999999372235e+00 2.812144245560221356e-01 1.434318696981616847e+00
6.799999999999361222e+00 3.290408039941787322e-01 1.392841639964169653e+00
6.899999999999350209e+00 3.796973573787416067e-01 1.348818636168618523e+00
6.999999999999339195e+00 4.329254636470218909e-01 1.302459076742688460e+00
7.099999999999328182e+00 4.884546264091996770e-01 1.253982783455158012e+00
7.199999999999317168e+00 5.460038278651452304e-01 1.203618922582602835e+00
7.299999999999306155e+00 6.052829315858921921e-01 1.151604876393197641e+00
7.399999999999295142e+00 6.659941270667243396e-01 1.098185077851596247e+00
7.499999999999284128e+00 7.278334087461071356e-01 1.043609814339470976e+00
7.599999999999273115e+00 7.904920820347386412e-01 9.881340063271731866e-01
7.699999999999262101e+00 8.536582888193214869e-01 9.320159670414257524e-01
7.799999999999251088e+00 9.170185448793487515e-01 8.755161492517312682e-01
7.899999999999240075e+00 9.802592816376295426e-01 8.188958853444836539e-01
7.999999999999229061e+00 1.043068384610829957e+00 7.624161268713003370e-01
8.099999999999218048e+00 1.105136720853569621e+00 7.063361897470101791e-01
8.199999999999207034e+00 1.166159647677988298e+00 6.509125112337887931e-01
8.299999999999196021e+00 1.225838495046472909e+00 5.963974247769285864e-01
8.399999999999185007e+00 1.283882014262638371e+00 5.430379586553810700e-01
8.499999999999173994e+00 1.340007785850586997e+00 4.910746642747680357e-01
8.599999999999162981e+00 1.393943579766766083e+00 4.407404797662641815e-01
8.699999999999151967e+00 1.445428661334809295e+00 3.922596343624731863e-01
8.799999999999140954e+00 1.494215036554279452e+00 3.458465988034951089e-01
8.899999999999129940e+00 1.540068630707168262e+00 3.017050867827554272e-01
8.999999999999118927e+00 1.582770394448730356e+00 2.600271121758667703e-01
9.099999999999107914e+00 1.622117331822221065e+00 2.209921065063449874e-01
9.199999999999096900e+00 1.657923444927432932e+00 1.847661007916900355e-01
9.299999999999085887e+00 1.690020590351701379e+00 1.515009755815320269e-01
9.399999999999074873e+00 1.718259242950208598e+00 1.213337826468000452e-01
9.499999999999063860e+00 1.742509163112844428e+00 9.438614140645305850e-02
9.599999999999052847e+00 1.762659964266747759e+00 7.076371278810127119e-02
9.699999999999041833e+00 1.778621578046111429e+00 5.055575281337375965e-02
9.799999999999030820e+00 1.790324615298243716e+00 3.383474778088238488e-02
9.899999999999019806e+00 1.797720621825806608e+00 2.065613249316481173e-02
9.999999999999008793e+00 1.800782228409697483e+00 1.105809254314737457e-02
1.009999999999899778e+01 1.799503195188241644e+00 5.061451244248774649e-03
1.019999999999898677e+01 1.793898350946595555e+00 2.669641358810525503e-03
1.029999999999897575e+01 1.784003428391500501e+00 3.868761353523839618e-03
1.039999999999896474e+01 1.769874797119088017e+00 8.627715489626295448e-03
1.049999999999895373e+01 1.751589096708650706e+00 1.689843664259279427e-02
1.059999999999894271e+01 1.729242773078565332e+00 2.861619034485320470e-02
1.069999999999893170e+01 1.702951521768432563e+00 4.369995815977303216e-02
1.079999999999892069e+01 1.672849642084680788e+00 6.205289812820576067e-02
1.089999999999890967e+01 1.639089306112916145e+00 8.356287968036432701e-02
1.099999999999889866e+01 1.601839746615224547e+00 1.081030900740162781e-01
1.109999999999888765e+01 1.561286367947386511e+00 1.355327091035236076e-01
1.119999999999887663e+01 1.517629784397656056e+00 1.656976485233507546e-01
1.129999999999886562e+01 1.471084790695696531e+00 1.984313523457378603e-01
1.139999999999885461e+01 1.421879269761001874e+00 2.335556539073188331e-01
1.149999999999884359e+01 1.370253043005479565e+00 2.708816853543495884e-01
1.159999999999883258e+01 1.316456668685612064e+00 3.102108349715071434e-01
1.169999999999882156e+01 1.260750193958472432e+00 3.513357475747413972e-01
1.179999999999881055e+01 1.203401866463603254e+00 3.940413630051284866e-01
1.189999999999879954e+01 1.144686811437235274e+00 4.381059875991487051e-01
1.199999999999878852e+01 1.084885680537776453e+00 4.833023933723957777e-01
1.209999999999877751e+01 1.024283278676816122e+00 5.293989395394945729e-01
1.219999999999876650e+01 9.631671751996470077e-01 5.761607109020393525e-01
1.229999999999875548e+01 9.018263057962301321e-01 6.233506675684392651e-01
1.239999999999874447e+01 8.405495716113623450e-01 6.707308004247385380e-01
1.249999999999873346e+01 7.796244421666144175e-01 7.180632867555315491e-01
1.259999999999872244e+01 7.193355688391575020e-01 7.651116404226656620e-01
1.269999999999871143e+01 6.599634156999938384e-01 8.116418510465034375e-01
1.279999999999870042e+01 6.017829144799450303e-01 8.574235067015038014e-01
1.289999999999868940e+01 5.450621503243957555e-01 9.022308947329400475e-01
1.299999999999867839e+01 4.900610848297664024e-01 9.458440754252493976e-01
1.309999999999866738e+01 4.370303226276414099e-01 9.880499234016203447e-01
1.319999999999865636e+01 3.862099274949981065e-01 1.028643131810262012e+00
1.329999999999864535e+01 3.378282936397740133e-01 1.067427174548415403e+00
1.339999999999863434e+01 2.921010774721268244e-01 1.104215221993275931e+00
1.349999999999862332e+01 2.492301948641395815e-01 1.138831005941906893e+00
1.359999999999861231e+01 2.094028886512213361e-01 1.171109629715486600e+00
1.369999999999860130e+01 1.727908709175581814e-01 1.200898319655703483e+00
1.379999999999859028e+01 1.395495443523716017e-01 1.228057114540491268e+00
1.389999999999857927e+01 1.098173065735204568e-01 1.252459489770098244e+00
1.399999999999856826e+01 8.371494077109231657e-02 1.273992913519737202e+00
1.409999999999855724e+01 6.134509539811929674e-02 1.292559332412356543e+00
1.419999999999854623e+01 4.279185503579115146e-02 1.308075584626881227e+00
1.429999999999853522e+01 2.812040405720536013e-02 1.320473738720278734e+00
1.439999999999852420e+01 1.737678430360299967e-02 1.329701356805511159e+00
1.449999999999851319e+01 1.058774761899587864e-02 1.335721681094708790e+00
1.459999999999850218e+01 7.760703718557610854e-03 1.338513743188893601e+00
1.469999999999849116e+01 8.883763478718194675e-03 1.338072395870241182e+00
1.479999999999848015e+01 1.392587732680539495e-02 1.334408267529280101e+00
1.489999999999846914e+01 2.283706795829443248e-02 1.327547639739663721e+00
1.499999999999845812e+01 3.554875610694052668e-02 1.317532248875697976e+00
1.509999999999844711e+01 5.197417755219636143e-02 1.304419013047353637e+00
1.519999999999843610e+01 7.200888900943280824e-02 1.288279686004445868e+00
1.529999999999842508e+01 9.553136004769290091e-02 1.269200440024008669e+00
1.539999999999841407e+01 1.224036477242579218e-01 1.247281380145666585e+00
1.549999999999840306e+01 1.524721501930763334e-01 1.222635992454525145e+00
1.559999999999839204e+01 1.855684351034690704e-01 1.195390529434424032e+00
1.569999999999838103e+01 2.215101381403136727e-01 1.165683335722395686e+00
1.579999999999837001e+01 2.601019265804286329e-01 1.133664117891632461e+00
1.589999999999835900e+01 3.011365222933382046e-01 1.099493162164163262e+00
1.599999999999834799e+01 3.443957782535257972e-01 1.063340504206144121e+00
1.609999999999833875e+01 3.896518024034906214e-01 1.025385055378428945e+00
1.619999999999832596e+01 4.366681226279747197e-01 9.858136900017020476e-01
1.629999999999831317e+01 4.852008866422977684e-01 9.448202983492244300e-01
1.639999999999830393e+01 5.350000906998734207e-01 9.026048102020354236e-01
1.649999999999829470e+01 5.858108311137608659e-01 8.593721938997862519e-01
1.659999999999828191e+01 6.373745726092280295e-01 8.153314358965053632e-01
1.669999999999826912e+01 6.894304274665113974e-01 7.706945058907411772e-01
1.679999999999825988e+01 7.417164393075461604e-01 7.256753126409080101e-01
1.689999999999825064e+01 7.939708652796365618e-01 6.804886555990423691e-01
1.699999999999823785e+01 8.459334503212607714e-01 6.353491774954794780e-01
1.709999999999822506e+01 8.973466871783908339e-01 5.904703229804438847e-01
1.719999999999821583e+01 9.479570559006074149e-01 5.460633083752896022e-01
1.729999999999820659e+01 9.975162367237546679e-01 5.023361075042767077e-01
1.739999999999819380e+01 1.045782290547904170e+00 4.594924584675912360e-01
1.749999999999818101e+01 1.092520801586830625e+00 4.177308960795519388e-01
1.759999999999817177e+01 1.137505977106180621e+00 3.772438145360845763e-01
1.769999999999816254e+01 1.180521699417813375e+00 3.382165646968759987e-01
1.779999999999814975e+01 1.221362525468947524e+00 3.008265901729580416e-01
1.789999999999813696e+01 1.259834629511224380e+00 2.652426062015054709e-01
1.799999999999812772e+01 1.295756684517102686e+00 2.316238250654299169e-01
1.809999999999811848e+01 1.328960678257706585e+00 2.001192315755969398e-01
1.819999999999810569e+01 1.359292660260414953e+00 1.708669118772416784e-01
1.829999999999809290e+01 1.386613416207687521e+00 1.439934385706151676e-01
1.839999999999808367e+01 1.410799066706255100e+00 1.196133148494233772e-01
1.849999999999807443e+01 1.431741587754581158e+00 9.782848006086734827e-02
1.859999999999806164e+01 1.449349250679271117e+00 7.872787877859177552e-02
1.869999999999804885e+01 1.463546979796863212e+00 6.238709515617749113e-02
1.879999999999803961e+01 1.474276626566348503e+00 4.886805399573513481e-02
1.889999999999803038e+01 1.481497159497275229e+00 3.821878962681640041e-02
1.899999999999801759e+01 1.485184769542497563e+00 3.047328334846182915e-02
1.909999999999800480e+01 1.485332891105843434e+00 2.565136984466399525e-02
1.919999999999799556e+01 1.481952139121452516e+00 2.375871264288118706e-02
1.929999999999798632e+01 1.475070162951675368e+00 2.478684834736629219e-02
1.939999999999797353e+01 1.464731418178953248e+00 2.871329904455166213e-02
1.949999999999796074e+01 1.450996857783741767e+00 3.550175194747717117e-02
1.959999999999795151e+01 1.433943544676606896e+00 4.510230502211563103e-02
1.969999999999794227e+01 1.413664188023967982e+00 5.745177702281323295e-02
1.979999999999792948e+01 1.390266606234323632e+00 7.247408005939154352e-02
1.989999999999791669e+01 1.363873119855633975e+00 9.008065252657808386e-02
1.999999999999790745e+01 1.334619877986230163e+00 1.101709499491649036e-01
2.009999999999789821e+01 1.302656122099942415e+00 1.326329910346591978e-01
2.019999999999788542e+01 1.268143391407384302e+00 1.573439559798783804e-01
2.029999999999787264e+01 1.231254674024179874e+00 1.841708338486530427e-01
2.039999999999786340e+01 1.192173508350321098e+00 2.129711156247053039e-01
2.049999999999785416e+01 1.151093039235006943e+00 2.435935293471107876e-01
2.059999999999784137e+01 1.108215033713666031e+00 2.758788135574055667e-01
2.069999999999782858e+01 1.063748861317783234e+00 3.096605251289666905e-01
2.079999999999781934e+01 1.017910444115316393e+00 3.447658774124460757e-01
2.089999999999781011e+01 9.709211817133056588e-01 3.810166045162893811e-01
2.099999999999779732e+01 9.230068564526190400e-01 4.182298474475155126e-01
2.109999999999778453e+01 8.743965239750028928e-01 4.562190577635912292e-01
2.119999999999777529e+01 8.253213942823689475e-01 4.947949143299940622e-01
2.129999999999776605e+01 7.760137083683082970e-01 5.337662487392158539e-01
2.139999999999775326e+01 7.267056154838240634e-01 5.729409749264646745e-01
2.149999999999774047e+01 6.776280560784362361e-01 6.121270185157374755e-01
2.159999999999773124e+01 6.290096553982391647e-01 6.511332414471950880e-01
2.169999999999772200e+01 5.810756326248188719e-01 6.897703574721658626e-01
2.179999999999770921e+01 5.340467303416767120e-01 7.278518341538791070e-01
2.189999999999769642e+01 4.881381690629943426e-01 7.651947770806636351e-01
2.199999999999768718e+01 4.435586315685386971e-01 8.016207920847371327e-01
2.209999999999767795e+01 4.005092818374295649e-01 8.369568213657762046e-01
2.219999999999766516e+01 3.591828234303722223e-01 8.710359495460212598e-01
2.229999999999765237e+01 3.197626021918811290e-01 9.036981758355646654e-01
2.239999999999764313e+01 2.824217580840500119e-01 9.347911486640960721e-01
2.249999999999763389e+01 2.473224307692689083e-01 9.641708593400462046e-01
2.259999999999762110e+01 2.146150232043139150e-01 9.917022915272722949e-01
2.269999999999760831e+01 1.844375270158550850e-01 1.017260023576794348e+00
2.279999999999759908e+01 1.569149128783691449e-01 1.040728781010587856e+00
2.289999999999758984e+01 1.321585886108196661e-01 1.062003936717387242e+00
2.299999999999757705e+01 1.102659273189650901e-01 1.080991956686094380e+00
2.309999999999756426e+01 9.131986763494566450e-02 1.097610789369928730e+00
2.319999999999755502e+01 7.538858788076979733e-02 1.111790197050957607e+00
2.329999999999754579e+01 6.252525572366962603e-02 1.123472027861628364e+00
2.339999999999753300e+01 5.276785453556702421e-02 1.132610427422761745e+00
2.349999999999752021e+01 4.613908718830846828e-02 1.139171989374641258e+00
2.359999999999751097e+01 4.264635742625582510e-02 1.143135844406860446e+00
2.369999999999750173e+01 4.228182831779309786e-02 1.144493687726385600e+00
2.379999999999748894e+01 4.502255668288114576e-02 1.143249745233635428e+00
2.389999999999747615e+01 5.083070189670935851e-02 1.139420678994641500e+00
2.399999999999746692e+01 5.965380710469109227e-02 1.133035432900157069e+00
2.409999999999745768e+01 7.142515062492768574e-02 1.124135019687946491e+00
2.419999999999744489e+01 8.606416510411307730e-02 1.112772250775172944e+00
2.429999999999743210e+01 1.034769217755646953e-01 1.099011410609086248e+00
2.439999999999742286e+01 1.235566769099393780e-01 1.082927877498583991e+00
2.449999999999741362e+01 1.461844772491263378e-01 1.064607693137849420e+00
2.459999999999740083e+01 1.712298208972370672e-01 1.044147083273309295e+00
2.469999999999738804e+01 1.985513698476696343e-01 1.021651932193187395e+00
2.479999999999737881e+01 2.279977100839338244e-01 9.972372139291038051e-01
2.489999999999736957e+01 2.594081550174565653e-01 9.710263832500477532e-01
2.499999999999735678e+01 2.926135879077870205e-01 9.431507296986372246e-01
2.509999999999734399e+01 3.274373388275197416e-01 9.137486980698107386e-01
2.519999999999733475e+01 3.636960916655407883e-01 8.829651788635224374e-01
2.529999999999732552e+01 4.012008165873579557e-01 8.509507723568625615e-01
2.539999999999731273e+01 4.397577232685183635e-01 8.178610300374271613e-01
2.549999999999729994e+01 4.791692300762246393e-01 7.838556772201988876e-01
2.559999999999729070e+01 5.192349442229795553e-01 7.490978207342480211e-01
2.569999999999728146e+01 5.597526478170438136e-01 7.137531456117692796e-01
2.579999999999726867e+01 6.005192847401765732e-01 6.779891047389623449e-01
2.589999999999725588e+01 6.413319433817062931e-01 6.419741054323547802e-01
2.599999999999724665e+01 6.819888303875908386e-01 6.058766968876874159e-01
2.609999999999723741e+01 7.222902306865247590e-01 5.698647624113433174e-01
2.619999999999722462e+01 7.620394491358071232e-01 5.341047202884567913e-01
2.629999999999721183e+01 8.010437292421034305e-01 4.987607370668004636e-01
2.639999999999720259e+01 8.391151446090405752e-01 4.639939569404154529e-01
2.649999999999719336e+01 8.760714590377219890e-01 4.299617508019459300e-01
2.659999999999718057e+01 9.117369515159767790e-01 3.968169883987873181e-01
2.669999999999716778e+01 9.459432026360623524e-01 3.647073368791767245e-01
2.679999999999715854e+01 9.785298392663973610e-01 3.337745888508221181e-01
2.689999999999714930e+01 1.009345234561468407e+00 3.041540228996724160e-01
2.699999999999713651e+01 1.038247160623146703e+00 2.759737993302342485e-01
2.709999999999712372e+01 1.065103391356446716e+00 2.493543936933606542e-01
2.719999999999711449e+01 1.089792253353127682e+00 2.244080704626436329e-01
2.729999999999710525e+01 1.112203123037118990e+00 2.012383990074507745e-01
2.739999999999709246e+01 1.132236868796842932e+00 1.799398137903286121e-01
2.749999999999707967e+01 1.149806237309086709e+00 1.605972204917566759e-01
2.759999999999707043e+01 1.164836183593408903e+00 1.432856495396789276e-01
2.769999999999706120e+01 1.177264144449086336e+00 1.280699582988615859e-01
2.779999999999704841e+01 1.187040254843847009e+00 1.150045829571044731e-01
2.789999999999703562e+01 1.194127506658978932e+00 1.041333409312441144e-01
2.799999999999702638e+01 1.198501849077330483e+00 9.548928440235306125e-02
2.809999999999701714e+01 1.200152229919968061e+00 8.909460537292181181e-02
2.819999999999700435e+01 1.199080577424045391e+00 8.496059241632430981e-02
2.829999999999699156e+01 1.195301722296997493e+00 8.308763905970006913e-02
2.839999999999698233e+01 1.188843260338145136e+00 8.346530350648356800e-02
2.849999999999697309e+01 1.179745356412049917e+00 8.607241916723730457e-02
2.859999999999696030e+01 1.168060490993848122e+00 9.087725523103364067e-02
2.869999999999694751e+01 1.153853150815453921e+00 9.783772627775107200e-02
2.879999999999693827e+01 1.137199465319959302e+00 1.069016497065111981e-01
2.889999999999692903e+01 1.118186790749869486e+00 1.180070495373274769e-01
2.899999999999691624e+01 1.096913243861986631e+00 1.310825049320160918e-01
2.909999999999690345e+01 1.073487187545336452e+00 1.460475415773338781e-01
2.919999999999689422e+01 1.048026670986558218e+00 1.628130638799787921e-01
2.929999999999688498e+01 1.020658827360969578e+00 1.812818257420462098e-01
2.939999999999687219e+01 9.915192322292267768e-01 2.013489375179569052e-01
2.949999999999685940e+01 9.607512258845143371e-01 2.229024065999381798e-01
2.959999999999685016e+01 9.285052029019330577e-01 2.458237089382814544e-01
2.969999999999684093e+01 8.949378721840639539e-01 2.699883886738362881e-01
2.979999999999682814e+01 8.602114909215653471e-01 2.952666829437165519e-01
2.989999999999681535e+01 8.244930760649080703e-01 3.215241688174276802e-01
2.999999999999680611e+01 7.879535970709642401e-01 3.486224292308089390e-01
3.009999999999679687e+01 7.507671537941238427e-01 3.764197347101064239e-01
3.019999999999678408e+01 7.131101434346464041e-01 4.047717376184417071e-01
3.029999999999677129e+01 6.751604204555858857e-01 4.335321756131793602e-01
3.039999999999676206e+01 6.370964533500258486e-01 4.625535809735464299e-01
3.049999999999675282e+01 5.990964820911909294e-01 4.916879924450945349e-01
3.059999999999674003e+01 5.613376800413765189e-01 5.207876662493623465e-01
3.069999999999672724e+01 5.239953240382326793e-01 5.497057829247373739e-01
3.079999999999671800e+01 4.872419763219786315e-01 5.782971466968626073e-01
3.089999999999670877e+01 4.512466819168340360e-01 6.064188741234334268e-01
3.099999999999669598e+01 4.161741850316242886e-01 6.339310688184054410e-01
3.109999999999668319e+01 3.821841679895076616e-01 6.606974791331864383e-01
3.119999999999667395e+01 3.494305161289790740e-01 6.865861357575649970e-01
3.129999999999666471e+01 3.180606120386775815e-01 7.114699663014677489e-01
3.139999999999665192e+01 2.882146623891339021e-01 7.352273840301907226e-01
3.149999999999663913e+01 2.600250604902254459e-01 7.577428480524923682e-01
3.159999999999662990e+01 2.336157875293048969e-01 7.789073923997954507e-01
3.169999999999662066e+01 2.091018552443469625e-01 7.986191215866632609e-01
3.179999999999660787e+01 1.865887925730893293e-01 8.167836704040470908e-01
3.189999999999659508e+01 1.661721786034646431e-01 8.333146258681994878e-01
3.199999999999658584e+01 1.479372239465996663e-01 8.481339094282348556e-01
3.209999999999657661e+01 1.319584024724112792e-01 8.611721177255867721e-01
3.219999999999656382e+01 1.182991351767107568e-01 8.723688204002439939e-01
3.229999999999655103e+01 1.070115277541193594e-01 8.816728136508135139e-01
3.239999999999653824e+01 9.813616320628336387e-02 8.890423284785703428e-01
3.249999999999653255e+01 9.170195052092197652e-02 8.944451927728573892e-01
3.259999999999651976e+01 8.772603013557388196e-02 8.978589466263774410e-01
3.269999999999650697e+01 8.621373657194167373e-02 8.992709105008930281e-01
3.279999999999650129e+01 8.715861829712727438e-02 8.986782060982737574e-01
3.289999999999648850e+01 9.054251452512217246e-02 8.960877300284821878e-01
3.299999999999647571e+01 9.633568830093022783e-02 8.915160806043364028e-01
3.309999999999646292e+01 1.044970148185195707e-01 8.849894383290374256e-01
3.319999999999645013e+01 1.149742235514964461e-01 8.765434008736529004e-01
3.329999999999644444e+01 1.277041924700314246e-01 8.662227735628742487e-01
3.339999999999643165e+01 1.426132924011622449e-01 8.540813165959993958e-01
3.349999999999641886e+01 1.596177794449785969e-01 8.401814504265743278e-01
3.359999999999641318e+01 1.786242332535245281e-01 8.245939209069689246e-01
3.369999999999640039e+01 1.995300388914961198e-01 8.073974259755648530e-01
3.379999999999638760e+01 2.222239099221295922e-01 7.886782058221426528e-01
3.389999999999637481e+01 2.465864502897042732e-01 7.685295986152360648e-01
3.399999999999636202e+01 2.724907524798487191e-01 7.470515640133543744e-01
3.409999999999635634e+01 2.998030293090046539e-01 7.243501768147411202e-01
3.419999999999634355e+01 3.283832765286390232e-01 7.005370932278587315e-01
3.429999999999633076e+01 3.580859632610168264e-01 6.757289923664179243e-01
3.439999999999632507e+01 3.887607471434739170e-01 6.500469956880678968e-01
3.449999999999631228e+01 4.202532109479815703e-01 6.236160671988209003e-01
3.459999999999629949e+01 4.524056173329720765e-01 5.965643973373301323e-01
3.469999999999628670e+01 4.850576782536572540e-01 5.690227735320890767e-01
3.479999999999627391e+01 5.180473354114421003e-01 5.411239404894825356e-01
3.489999999999626823e+01 5.512115479773046500e-01 5.130019533220853134e-01
3.499999999999625544e+01 5.843870836738559449e-01 4.847915266623422093e-01
3.509999999999624265e+01 6.174113091369832773e-01 4.566273829277057161e-01
3.519999999999623697e+01 6.501229753168840109e-01 4.286436029089022992e-01
3.529999999999622418e+01 6.823629935869653940e-01 4.009729818421147174e-01
3.539999999999621139e+01 7.139751982793328677e-01 3.737463940959217523e-01
3.549999999999619860e+01 7.448070915796407565e-01 3.470921695529196049e-01
3.559999999999618581e+01 7.747105670273886080e-01 3.211354846938411778e-01
3.569999999999618012e+01 8.035426081688304967e-01 2.959977713022425294e-01
3.579999999999616733e+01 8.311659591142014358e-01 2.717961456042802260e-01
3.589999999999615454e+01 8.574497638651799036e-01 2.486428605436800388e-01
3.599999999999614886e+01 8.822701713693443804e-01 2.266447837672116439e-01
3.609999999999613607e+01 9.055109033901925786e-01 2.059029037595082046e-01
3.619999999999612328e+01 9.270637824658471970e-01 1.865118664169291840e-01
3.629999999999611049e+01 9.468292174548512685e-01 1.685595441879349232e-01
3.639999999999609770e+01 9.647166444350019354e-01 1.521266397328266684e-01
3.649999999999609201e+01 9.806449210427288232e-01 1.372863258698112654e-01
3.659999999999607923e+01 9.945426726850511434e-01 1.241039233798366809e-01
3.669999999999606644e+01 1.006348589360402501e+00 1.126366180429885649e-01
3.679999999999606075e+01 1.016011672054280890e+00 1.029332180772057209e-01
3.689999999999604796e+01 1.023491427868163273e+00 9.503395294760433321e-02
3.699999999999603517e+01 1.028758013243539438e+00 8.897031431119320488e-02
3.709999999999602238e+01 1.031792324851532827e+00 8.476493965704377798e-02
3.719999999999600959e+01 1.032586037892418096e+00 8.243153899564235887e-02
3.729999999999600391e+01 1.031141591696500992e+00 8.197486474359717834e-02
3.739999999999599112e+01 1.027472122707576485e+00 8.339072474077459385e-02
3.749999999999597833e+01 1.021601345218100532e+00 8.666603812663753459e-02
3.759999999999597264e+01 1.013563380602882757e+00 9.177893359199106038e-02
3.769999999999595985e+01 1.003402536210265428e+00 9.869888931363218765e-02
3.779999999999594706e+01 9.911730354711689728e-01 1.073869136751130354e-01
3.789999999999593427e+01 9.769387011456778236e-01 1.177957656793185010e-01
3.799999999999592148e+01 9.607725939136823046e-01 1.298702137696245984e-01
3.809999999999591580e+01 9.427566087187099209e-01 1.435473315973514186e-01
3.819999999999590301e+01 9.229810314048415565e-01 1.587568291048140900e-01
3.829999999999589022e+01 9.015440582722620277e-01 1.754214171361551111e-01
3.839999999999588454e+01 8.785512812337712418e-01 1.934572036425925290e-01
3.849999999999587175e+01 8.541151412874499194e-01 2.127741194147531600e-01
3.859999999999585896e+01 8.283543530373905783e-01 2.332763711515954130e-01
3.869999999999584617e+01 8.013933030207190944e-01 2.548629195623530186e-01
3.879999999999583338e+01 7.733614246536444359e-01 2.774279800942638374e-01
3.889999999999582769e+01 7.443925526913423019e-01 3.008615437846776652e-01
3.899999999999581490e+01 7.146242601903884939e-01 3.250499156517689392e-01
3.909999999999580211e+01 6.841971810603533211e-01 3.498762679640353701e-01
3.919999999999579643e+01 6.532543213930606107e-01 3.752212056654356531e-01
3.929999999999578364e+01 6.219403628651917204e-01 4.009633411818993021e-01
3.939999999999577085e+01 5.904009616207721578e-01 4.269798757970338920e-01
3.949999999999575806e+01 5.587820461545123241e-01 4.531471847627974170e-01
3.959999999999574527e+01 5.272291178103207798e-01 4.793414033061044188e-01
3.969999999999573959e+01 4.958865575363302081e-01 5.054390107064842264e-01
3.979999999999572680e+01 4.648969424710502341e-01 5.313174096511967814e-01
3.989999999999571401e+01 4.344003757969274737e-01 5.568554981210541710e-01
3.999999999999570832e+01 4.045338331427845713e-01 5.819342311195165873e-01
4.009999999999569553e+01 3.754305286802653852e-01 6.064371696294003078e-01
4.019999999999568274e+01 3.472193039270328185e-01 6.302510142661623682e-01
4.029999999999566995e+01 3.200240420980627887e-01 6.532661211938892709e-01
4.039999999999565716e+01 2.939631106165022101e-01 6.753769979783109667e-01
4.049999999999565148e+01 2.691488341386680250e-01 6.964827771673248735e-01
4.059999999999563869e+01 2.456870002200064462e-01 7.164876655111975801e-01
4.069999999999562590e+01 2.236763995766575530e-01 7.353013668622615517e-01
4.079999999999562021e+01 2.032084027661271164e-01 7.528394769276541831e-01
4.089999999999560742e+01 1.843665749837423706e-01 7.690238481906757073e-01
4.099999999999559464e+01 1.672263305218025520e-01 7.837829234678652668e-01
4.109999999999558185e+01 1.518546282494885602e-01 7.970520367288543850e-01
4.119999999999556906e+01 1.383097092358130942e-01 8.087736799744811300e-01
4.129999999999556337e+01 1.266408773643013241e-01 8.188977351416401040e-01
4.139999999999555058e+01 1.168883235045271168e-01 8.273816701771721238e-01
4.149999999999553779e+01 1.090829935462516442e-01 8.341906985967375565e-01
4.159999999999553211e+01 1.032465003890252475e-01 8.392979020148064739e-01
4.169999999999551932e+01 9.939107981605080355e-02 8.426843153017706811e-01
4.179999999999550653e+01 9.751959004842251921e-02 8.443389741936013770e-01
4.189999999999549374e+01 9.762555464196658039e-02 8.442589253510752734e-01
4.199999999999548095e+01 9.969324821844102735e-02 8.424491990396518748e-01
4.209999999999547526e+01 1.036978243009250567e-01 8.389227447766753887e-01
4.219999999999546247e+01 1.096054842743789670e-01 8.337003304657030212e-01
4.229999999999544968e+01 1.173736862693977451e-01 8.268104057047489519e-01
4.239999999999544400e+01 1.269513926157087302e-01 8.182889301118830838e-01
4.249999999999543121e+01 1.382793544417586229e-01 8.081791676588817586e-01
4.259999999999541842e+01 1.512904319807932829e-01 7.965314481418815928e-01
4.269999999999540563e+01 1.659099491404843474e-01 7.834028970513507995e-01
4.279999999999539284e+01 1.820560808676724152e-01 7.688571352321591501e-01
4.289999999999538716e+01 1.996402717672370319e-01 7.529639498507341155e-01
4.299999999999537437e+01 2.185676842954610843e-01 7.357989383088934243e-01
4.309999999999536158e+01 2.387376746365859892e-01 7.174431268650847127e-01
4.319999999999535589e+01 2.600442941034974420e-01 6.979825658421607848e-01
4.329999999999534310e+01 2.823768136181511457e-01 6.775079034146155310e-01
4.339999999999533031e+01 3.056202685698272692e-01 6.561139400750792827e-01
4.349999999999531752e+01 3.296560211585980449e-01 6.338991659739527940e-01
4.359999999999530473e+01 3.543623372350007128e-01 6.109652834073363570e-01
4.369999999999529905e+01 3.796149746426108473e-01 5.874167167909415399e-01
4.379999999999528626e+01 4.052877801155366777e-01 5.633601125043206093e-01
4.389999999999527347e+01 4.312532918138694549e-01 5.389038310202226567e-01
4.399999999999526779e+01 4.573833445613876281e-01 5.141574337534524641e-01
4.409999999999525500e+01 4.835496747993032751e-01 4.892311670729068140e-01
4.419999999999524221e+01 5.096245222393350760e-01 4.642354459213691165e-01
4.429999999999522942e+01 5.354812252380745097e-01 4.392803394762933022e-01
4.439999999999521663e+01 5.609948070334068726e-01 4.144750612608911755e-01
4.449999999999521094e+01 5.860425501530972525e-01 3.899274660772693579e-01
4.459999999999519815e+01 6.105045564758859733e-01 3.657435560837595800e-01
4.469999999999518536e+01 6.342642905648343543e-01 3.420269982785886231e-01
4.479999999999517968e+01 6.572091040102805426e-01 3.188786555820015134e-01
4.489999999999516689e+01 6.792307386441142070e-01 2.963961336289673287e-01
4.499999999999515410e+01 7.002258066353784782e-01 2.746733452940851028e-01
4.509999999999514131e+01 7.200962456314997651e-01 2.538000948700870896e-01
4.519999999999512852e+01 7.387497472175901247e-01 2.338616837138431381e-01
4.529999999999512283e+01 7.561001569899638008e-01 2.149385390608633817e-01
4.539999999999511004e+01 7.720678444924485850e-01 1.971058675930546233e-01
4.549999999999509726e+01 7.865800412456188662e-01 1.804333352248087274e-01
4.559999999999509157e+01 7.995711452244889106e-01 1.649847744469568611e-01
4.569999999999507878e+01 8.109829904395788880e-01 1.508179204353756464e-01
4.579999999999506599e+01 8.207650806627034834e-01 1.379841769906866855e-01
4.589999999999505320e+01 8.288747866767111061e-01 1.265284132301199849e-01
4.599999999999504041e+01 8.352775066275966998e-01 1.164887918053107985e-01
4.609999999999503473e+01 8.399467891266054753e-01 1.078966292726193932e-01
4.619999999999502194e+01 8.428644187755435224e-01 1.007762890954426727e-01
4.629999999999500915e+01 8.440204638535059312e-01 9.514510761040194387e-02
4.639999999999500346e+01 8.434132860190691749e-01 9.101335314039253610e-02
4.649999999999499067e+01 8.410495120046170836e-01 8.838421828803534608e-02
4.659999999999497788e+01 8.369439673822604009e-01 8.725384529316911053e-02
4.669999999999496509e+01 8.311195725874421791e-01 8.761138418723257715e-02
4.679999999999495230e+01 8.236072015465603080e-01 8.943908332500029312e-02
4.689999999999494662e+01 8.144455034997566401e-01 9.271241172063914016e-02
4.699999999999493383e+01 8.036806889420449185e-01 9.740021246262747789e-02
4.709999999999492104e+01 7.913662809840289469e-01 1.034648863344847236e-01
4.719999999999491536e+01 7.775628337786280042e-01 1.108626046289737793e-01
4.729999999999490257e+01 7.623376198716570462e-01 1.195435500149661101e-01
4.739999999999488978e+01 7.457642883579606030e-01 1.294521841981658150e-01
4.749999999999487699e+01 7.279224956122095636e-01 1.405275410079355747e-01
4.759999999999486420e+01 7.088975102345859147e-01 1.527035434399810765e-01
4.769999999999485851e+01 6.887797938036013257e-01 1.659093430873087027e-01
4.779999999999484572e+01 6.676645590880537773e-01 1.800696802990370271e-01
4.789999999999483293e+01 6.456513075202927610e-01 1.951052633185033636e-01
4.799999999999482725e+01 6.228433479450321553e-01 2.109331645699342173e-01
4.809999999999481446e+01 5.993472988971794146e-01 2.274672321886592741e-01
4.819999999999480167e+01 5.752725768735420520e-01 2.446185148257691289e-01
4.829999999999478888e+01 5.507308731897976317e-01 2.622956977053402805e-01
4.839999999999477609e+01 5.258356220194915220e-01 2.804055478703251225e-01
4.849999999999477041e+01 5.007014621162910739e-01 2.988533665201508205e-01
4.859999999999475762e+01 4.754436945860579522e-01 3.175434463170529464e-01
4.869999999999474483e+01 4.501777389653618955e-01 3.363795315191598911e-01
4.879999999999473914e+01 4.250185898084876124e-01 3.552652787866034667e-01
4.889999999999472635e+01 4.000802759840080269e-01 3.741047165037810762e-01
4.899999999999471356e+01 3.754753249207593568e-01 3.928027004669679689e-01
4.909999999999470077e+01 3.513142341041348704e-01 4.112653638018217150e-01
4.919999999999468798e+01 3.277049521831858492e-01 4.294005589990141925e-01
4.929999999999468230e+01 3.047523720892365007e-01 4.471182899880890016e-01
4.939999999999466951e+01 2.825578385802382519e-01 4.643311322087512738e-01
4.949999999999465672e+01 2.612186726191190189e-01 4.809546386862523781e-01
4.959999999999465103e+01 2.408277149815724327e-01 4.969077301742773622e-01
4.969999999999463824e+01 2.214728914773708424e-01 5.121130674975413744e-01
4.979999999999462545e+01 2.032368021496097077e-01 5.264974043083370248e-01
4.989999999999461266e+01 1.861963367645162182e-01 5.399919185687817036e-01
