1.000000000000000000e+00 2.000000000000000000e+00 0.000000000000000000e+00
1.099999999999988987e+00 1.997600966727598459e+00 1.999200209321924399e-03
1.199999999999977973e+00 1.990415464130420586e+00 7.987208598941279367e-03
1.299999999999966960e+00 1.978478241258314174e+00 1.793529501278992924e-02
1.399999999999955946e+00 1.961847049976692681e+00 3.179573090785014350e-02
1.499999999999944933e+00 1.940602376149073605e+00 4.950202130902305736e-02
1.599999999999933920e+00 1.914847051364171104e+00 7.096922814226837295e-02
1.699999999999922906e+00 1.884705747555398547e+00 9.609438339593066869e-02
1.799999999999911893e+00 1.850324358015524195e+00 1.247569900691091749e-01
1.899999999999900879e+00 1.811869269098584034e+00 1.568196083940496255e-01
1.999999999999889866e+00 1.769526527437097929e+00 1.921285243695319833e-01
2.099999999999878852e+00 1.723500907955940020e+00 2.305144972153319871e-01
2.199999999999867839e+00 1.674014888428191128e+00 2.717935819555132304e-01
2.299999999999856826e+00 1.621307536789651449e+00 3.157680229626198543e-01
2.399999999999845812e+00 1.565633317838127647e+00 3.622272139478657227e-01
2.499999999999834799e+00 1.507260826236351603e+00 4.109487195654933922e-01
2.599999999999823785e+00 1.446471452908018707e+00 4.616993535124902515e-01
2.699999999999812772e+00 1.383557992006669846e+00 5.142363077470979427e-01
2.799999999999801759e+00 1.318823195703643147e+00 5.683083272201813196e-01
2.899999999999790745e+00 1.252578284125212438e+00 6.236569243121024009e-01
2.999999999999779732e+00 1.185141417871016012e+00 6.800176269952564745e-01
3.099999999999768718e+00 1.116836140638513442e+00 7.371212545985872389e-01
3.199999999999757705e+00 1.047989799532033084e+00 7.946952149364185924e-01
3.299999999999746692e+00 9.789319506604586829e-01 8.524648164785715299e-01
3.399999999999735678e+00 9.099927576477589986e-01 9.101545891830941093e-01
3.499999999999724665e+00 8.415013907043107366e-01 9.674896075862352562e-01
3.599999999999713651e+00 7.737844339057660115e-01 1.024196809749464032e+00
3.699999999999702638e+00 7.071643082778300560e-01 1.080006305698516300e+00
3.799999999999691624e+00 6.419577181835688373e-01 1.134652669054855290e+00
3.899999999999680611e+00 5.784741283629619701e-01 1.187876205656686279e+00
3.999999999999669598e+00 5.170142787936792272e-01 1.239424193089575965e+00
4.099999999999658584e+00 4.578687443373830046e-01 1.289052085199874798e+00
4.199999999999647571e+00 4.013165459113641753e-01 1.336524675843936416e+00
4.299999999999636557e+00 3.476238196685851878e-01 1.381617216332195142e+00
4.399999999999625544e+00 2.970425503740700690e-01 1.424116481260088829e+00
4.499999999999614531e+00 2.498093748377634982e-01 1.463821777673429025e+00
4.599999999999603517e+00 2.061444609217716051e-01 1.500545892794340919e+00
4.699999999999592504e+00 1.662504672954168428e-01 1.534115975832877510e+00
4.799999999999581490e+00 1.303115887573542964e-01 1.564374349729992231e+00
4.899999999999570477e+00 9.849269155981114909e-02 1.591179249019171404e+00
4.999999999999559464e+00 7.093854273776202535e-02 1.614405480354729638e+00
5.099999999999548450e+00 4.777313696873250470e-02 1.633945002632798404e+00
5.199999999999537437e+00 2.909912399188765986e-02 1.649707424021455315e+00
5.299999999999526423e+00 1.499733912662491384e-02 1.661620413616462955e+00
5.399999999999515410e+00 5.526438966079906881e-03 1.669630025845387333e+00
5.499999999999504396e+00 7.226438777409308544e-04 1.673700936156750751e+00
5.599999999999493383e+00 5.995885085636552380e-04 1.673816586948224883e+00
5.699999999999482370e+00 5.148281050748619060e-03 1.669979243112801548e+00
5.799999999999471356e+00 1.433717156721304661e-02 1.662209957008648376e+00
5.899999999999460343e+00 2.811232920141312763e-02 1.650548443090415596e+00
5.999999999999449329e+00 4.639772761130230710e-02 1.635052862870181478e+00
6.099999999999438316e+00 6.909563748182773191e-02 1.615799521305091080e+00
6.199999999999427303e+00 9.608712448802994577e-02 1.592882476134245273e+00
6.299999999999416289e+00 1.272326505933526752e-01 1.566413062105195708e+00
6.399999999999405276e+00 1.623727760609861293e-01 1.536519332444213015e+00
6.499999999999394262e+00 2.013289590197870904e-01 1.503345420330141069e+00
6.599999999999383249e+00 2.439044488551472545e-01 1.467050823529660653e+00
6.699999999999372235e+00 2.898852690868066184e-01 1.427809615739461746e+00
6.799999999999361222e+00 3.390412847624077464e-01 1.385809588556172312e+00
6.899999999999350209e+00 3.911273487818348049e-01 1.341251328353794126e+00
6.999999999999339195e+00 4.458845210367474166e-01 1.294347232683047411e+00
7.099999999999328182e+00 5.030413538478719637e-01 1.245320471113952721e+00
7.199999999999317168e+00 5.623152369098618486e-01 1.194403895715135944e+00
7.299999999999306155e+00 6.234137947742514063e-01 1.141838906601784442e+00
7.399999999999295142e+00 6.860363297722673614e-01 1.087874278189005617e+00
7.499999999999284128e+00 7.498753031676389513e-01 1.032764951962088062e+00
7.599999999999273115e+00 8.146178472188629893e-01 9.767708017200681381e-01
7.699999999999262101e+00 8.799473007124866131e-01 9.201553773676799386e-01
7.799999999999251088e+00 9.455447604091604674e-01 8.631846334212004423e-01
7.899999999999240075e+00 1.011090640741701074e+00 8.061256484574133019e-01
7.999999999999229061e+00 1.076266234039955361e+00 7.492453417695814633e-01
8.099999999999218048e+00 1.140755263540531139e+00 6.928091934983428013e-01
8.199999999999207034e+00 1.204245421447735165e+00 6.370799744791585395e-01
8.299999999999196021e+00 1.266429884316219612e+00 5.823164919907580783e-01
8.399999999999185007e+00 1.327008798022439429e+00 5.287723575019296351e-01
8.499999999999173994e+00 1.385690724613770630e+00 4.766947823972498832e-01
8.599999999999162981e+00 1.442194043417036609e+00 4.263234075148368274e-01
8.699999999999151967e+00 1.496248298983392067e+00 3.778891721495310496e-01
8.799999999999140954e+00 1.547595488771993599e+00 3.316132279636009317e-01
8.899999999999129940e+00 1.595991283951265771e+00 2.877059030029484599e-01
8.999999999999118927e+00 1.641206177335344130e+00 2.463657207417404016e-01
9.099999999999107914e+00 1.683026553218351040e+00 2.077784787748812867e-01
9.199999999999096900e+00 1.721255674619337039e+00 1.721163914502867043e-01
9.299999999999085887e+00 1.755714584091599972e+00 1.395373003875972628e-01
9.399999999999074873e+00 1.786242914727573350e+00 1.101839564722524728e-01
9.499999999999063860e+00 1.812699608317365429e+00 8.418337654737469145e-02
9.599999999999052847e+00 1.834963537879673368e+00 6.164627765218590183e-02
9.699999999999041833e+00 1.852934032077137472e+00 4.266659127456855910e-02
9.799999999999030820e+00 1.866531299437511171e+00 2.732105969613870741e-02
9.899999999999019806e+00 1.875696750828596215e+00 1.566891611117134098e-02
9.999999999999008793e+00 1.880393219191726084e+00 7.751649797476618808e-03
1.009999999999899778e+01 1.880605076010814392e+00 3.592857210432036461e-03
1.019999999999898677e+01 1.876338244300577607e+00 3.198179462872866984e-03
1.029999999999897575e+01 1.867620108079393493e+00 6.555326244285340428e-03
1.039999999999896474e+01 1.854499318459462476e+00 1.363418582214762781e-02
1.049999999999895373e+01 1.837045496786114507e+00 2.438702035558138956e-02
1.059999999999894271e+01 1.815348835781323222e+00 3.874874533702131474e-02
1.069999999999893170e+01 1.789519600400660604e+00 5.663729156371138940e-02
1.079999999999892069e+01 1.759687531013560235e+00 7.795404763195622200e-02
1.089999999999890967e+01 1.726001152428118246e+00 1.025843805488713956e-01
1.099999999999889866e+01 1.688626993071236537e+00 1.303982316745951608e-01
1.109999999999888765e+01 1.647748719223206315e+00 1.612507848468945626e-01
1.119999999999887663e+01 1.603566189576606682e+00 1.949832032022830453e-01
1.129999999999886562e+01 1.556294435594317571e+00 2.314234308938017126e-01
1.139999999999885461e+01 1.506162573256225823e+00 2.703870556150768656e-01
1.149999999999884359e+01 1.453412651879080641e+00 3.116782275727296714e-01
1.159999999999883258e+01 1.398298445800452816e+00 3.550906303041670431e-01
1.169999999999882156e+01 1.341084194847117939e+00 4.004084985157236876e-01
1.179999999999881055e+01 1.282043299627762867e+00 4.474076779169752216e-01
1.189999999999879954e+01 1.221456977776988362e+00 4.958567218506613195e-01
1.199999999999878852e+01 1.159612887325189190e+00 5.455180193635511543e-01
1.209999999999877751e+01 1.096803723424482957e+00 5.961489492307232574e-01
1.219999999999876650e+01 1.033325794769078376e+00 6.475030543347664036e-01
1.229999999999875548e+01 9.694775862174130898e-01 6.993312307136473338e-01
1.239999999999874447e+01 9.055583143081201714e-01 7.513829255287830522e-01
1.249999999999873346e+01 8.418664825033491672e-01 8.034073381705107986e-01
1.259999999999872244e+01 7.786984430549899194e-01 8.551546187110771191e-01
1.269999999999871143e+01 7.163469723752061702e-01 9.063770579360372892e-01
1.279999999999870042e+01 6.550998667256970887e-01 9.568302632317224887e-01
1.289999999999868940e+01 5.952385649629101660e-01 1.006274314678516912e+00
1.299999999999867839e+01 5.370368050202148913e-01 1.054474895796797540e+00
1.309999999999866738e+01 4.807593207732011598e-01 1.101204393518045110e+00
1.319999999999865636e+01 4.266605858804012885e-01 1.146242962107165475e+00
1.329999999999864535e+01 3.749836110613511408e-01 1.189379545948759720e+00
1.339999999999863434e+01 3.259588010398310476e-01 1.230412856325900472e+00
1.349999999999862332e+01 2.798028770411722377e-01 1.269152297566251475e+00
1.359999999999861231e+01 2.367178703040022369e-01 1.305418838201924281e+00
1.369999999999860130e+01 1.968901915679116266e-01 1.339045823084262565e+00
1.379999999999859028e+01 1.604897809634580619e-01 1.369879722706129899e+00
1.389999999999857927e+01 1.276693422075408368e-01 1.397780816310467911e+00
1.399999999999856826e+01 9.856366454222689755e-02 1.422623805695580890e+00
1.409999999999855724e+01 7.328903546638891597e-02 1.444298356973337194e+00
1.419999999999854623e+01 5.194274697108527267e-02 1.462709567887220619e+00
1.429999999999853522e+01 3.460269764392093911e-02 1.477778358666341330e+00
1.439999999999852420e+01 2.132709259656471318e-02 1.489441784774925281e+00
1.449999999999851319e+01 1.215424265690493062e-02 1.497653270318025198e+00
1.459999999999850218e+01 7.102463649254616915e-03 1.502382761279444701e+00
1.469999999999849116e+01 6.170075890716320705e-03 1.503616798191928838e+00
1.479999999999848015e+01 9.335503312693300276e-03 1.501358508264779346e+00
1.489999999999846914e+01 1.655747093470017958e-02 1.495627517413429031e+00
1.499999999999845812e+01 2.777529881989241473e-02 1.486459783040895211e+00
1.509999999999844711e+01 4.290929014363119992e-02 1.473907348812193652e+00
1.519999999999843610e+01 6.186121059054927596e-02 1.458038023035993724e+00
1.529999999999842508e+01 8.451485592556971793e-02 1.438934982627278591e+00
1.539999999999841407e+01 1.107367042247011518e-01 1.416696304970303411e+00
1.549999999999840306e+01 1.403766488839452709e-01 1.391434430336327965e+00
1.559999999999839204e+01 1.732688081550563530e-01 1.363275557830803342e+00
1.569999999999838103e+01 2.092324066092303980e-01 1.332358978150833151e+00
1.579999999999837001e+01 2.480727236314071715e-01 1.298836346721037760e+00
1.589999999999835900e+01 2.895821038137181280e-01 1.262870901040596960e+00
1.599999999999834799e+01 3.335410239402611943e-01 1.224636626316474963e+00
1.609999999999833875e+01 3.797192111091445832e-01 1.184317373674912632e+00
1.619999999999832596e+01 4.278768063859234028e-01 1.142105935438991082e+00
1.629999999999831317e+01 4.777655682017557526e-01 1.098203082133787145e+00
1.639999999999830393e+01 5.291301095065917837e-01 1.052816566035259971e+00
1.649999999999829470e+01 5.817091624947443584e-01 1.006160096214189670e+00
1.659999999999828191e+01 6.352368645730291918e-01 9.584522901375275294e-01
1.669999999999826912e+01 6.894440591635687676e-01 9.099156069786835666e-01
1.679999999999825988e+01 7.440596049318383143e-01 8.607752678474529517e-01
1.689999999999825064e+01 7.988116871011702314e-01 8.112581681824854174e-01
1.699999999999823785e+01 8.534291246415686150e-01 7.615917875526069247e-01
1.709999999999822506e+01 9.076426672802966333e-01 7.120031020901258501e-01
1.719999999999821583e+01 9.611862764438533491e-01 6.627175047303748290e-01
1.729999999999820659e+01 1.013798384377299966e+00 6.139577383624503781e-01
1.739999999999819380e+01 1.065223125778198554e+00 5.659428469049826438e-01
1.749999999999818101e+01 1.115211536335159792e+00 5.188871492126455598e-01
1.759999999999817177e+01 1.163522712625104871e+00 4.729992405909309583e-01
1.769999999999816254e+01 1.209924927975873699e+00 4.284810265487221659e-01
1.779999999999814975e+01 1.254196699207613674e+00 3.855267932463750102e-01
1.789999999999813696e+01 1.296127799612152520e+00 3.443223189015137686e-01
1.799999999999812772e+01 1.335520214015862628e+00 3.050440301962936696e-01
1.809999999999811848e+01 1.372189032180284984e+00 2.678582074930082046e-01
1.819999999999810569e+01 1.405963277066538897e+00 2.329202424156326390e-01
1.829999999999809290e+01 1.436686664650141498e+00 2.003739510953876923e-01
1.839999999999808367e+01 1.464218292100414098e+00 1.703509461113309198e-01
1.849999999999807443e+01 1.488433251288564518e+00 1.429700698801406600e-01
1.859999999999806164e+01 1.509223164772554471e+00 1.183368919616235304e-01
1.869999999999804885e+01 1.526496641616187144e+00 9.654327244715481260e-02
1.879999999999803961e+01 1.540179650640592923e+00 7.766699328672156677e-02
1.889999999999803038e+01 1.550215808999057199e+00 6.177145908712226852e-02
1.899999999999801759e+01 1.556566584312357282e+00 4.890546857996566632e-02
1.909999999999800480e+01 1.559211408991577841e+00 3.910305761482848336e-02
1.919999999999799556e+01 1.558147705807773731e+00 3.238341418187365428e-02
1.929999999999798632e+01 1.553390824260109548e+00 2.875086561114991238e-02
1.939999999999797353e+01 1.544973887849150351e+00 2.819493773447133422e-02
1.949999999999796074e+01 1.532947552958534576e+00 3.069048543265113366e-02
1.959999999999795151e+01 1.517379680664280528e+00 3.619789362857890602e-02
1.969999999999794227e+01 1.498354923406134187e+00 4.466334742828229065e-02
1.979999999999792948e+01 1.475974229039213714e+00 5.601916976073668258e-02
1.989999999999791669e+01 1.450354265305200840e+00 7.018422452590125649e-02
1.999999999999790745e+01 1.421626768215119574e+00 8.706438293205924495e-02
2.009999999999789821e+01 1.389937818241960388e+00 1.065530503902775566e-01
2.019999999999788542e+01 1.355447048615540551e+00 1.285317510378017059e-01
2.029999999999787264e+01 1.318326790394362513e+00 1.528707666852255065e-01
2.039999999999786340e+01 1.278761159343218878e+00 1.794298267263237934e-01
2.049999999999785416e+01 1.236945089959137212e+00 2.080588453159734896e-01
2.059999999999784137e+01 1.193083322251064171e+00 2.385987019118560593e-01
2.069999999999782858e+01 1.147389347070025822e+00 2.708820610904312254e-01
2.079999999999781934e+01 1.100084315864023887e+00 3.047342273867856277e-01
2.089999999999781011e+01 1.051395920683237506e+00 3.399740307704426923e-01
2.099999999999779732e+01 1.001557250128662702e+00 3.764147382532078701e-01
2.109999999999778453e+01 9.508056268159873481e-01 4.138649870290739829e-01
2.119999999999777529e+01 8.993814319024205917e-01 4.521297344692344899e-01
2.129999999999776605e+01 8.475269223221130188e-01 4.910112202389347313e-01
2.139999999999775326e+01 7.954850465366262169e-01 5.303099357695916227e-01
2.149999999999774047e+01 7.434982647396537470e-01 5.698255963117213607e-01
2.159999999999773124e+01 6.918073794762222839e-01 6.093581108133301338e-01
2.169999999999772200e+01 6.406503825254428186e-01 6.487085449136059667e-01
2.179999999999770921e+01 5.902613236896280258e-01 6.876800724114509045e-01
2.189999999999769642e+01 5.408692068982358103e-01 7.260789106595633147e-01
2.199999999999768718e+01 4.926969188227032781e-01 7.637152354469420867e-01
2.209999999999767795e+01 4.459601950142479954e-01 8.004040710649457102e-01
2.219999999999766516e+01 4.008666283853229984e-01 8.359661514057833420e-01
2.229999999999765237e+01 3.576147246183998263e-01 8.702287481160595473e-01
2.239999999999764313e+01 3.163930087967042892e-01 9.030264620223866778e-01
2.249999999999763389e+01 2.773791872356705102e-01 9.342019742574749763e-01
2.259999999999762110e+01 2.407393681738805857e-01 9.636067537431722840e-01
2.269999999999760831e+01 2.066273446539108882e-01 9.911017179320439352e-01
2.279999999999759908e+01 1.751839425653796967e-01 1.016557843966689134e+00
2.289999999999758984e+01 1.465364364274334696e-01 1.039856727687781035e+00
2.299999999999757705e+01 1.207980350715997520e-01 1.060891088200850207e+00
2.309999999999756426e+01 9.806743897090847151e-02 1.079565215998412375e+00
2.319999999999755502e+01 7.842847055338796058e-02 1.095795362925848115e+00
2.329999999999754579e+01 6.194977842573096832e-02 1.109510072576026296e+00
2.339999999999753300e+01 4.868461601057692822e-02 1.120650449998194187e+00
2.349999999999752021e+01 3.867069468087214190e-02 1.129170369907617211e+00
2.359999999999751097e+01 3.193011108033887158e-02 1.135036622881417490e+00
2.369999999999750173e+01 2.846934797407610004e-02 1.138228999319085721e+00
2.379999999999748894e+01 2.827934769644472809e-02 1.138740311230775903e+00
2.389999999999747615e+01 3.133565705543393115e-02 1.136576352192632644e+00
2.399999999999746692e+01 3.759864238597539904e-02 1.131755796076204579e+00
2.409999999999745768e+01 4.701377327733002875e-02 1.124310035423573328e+00
2.419999999999744489e+01 5.951197330302132604e-02 1.114282960600608163e+00
2.429999999999743210e+01 7.501003585383818340e-02 1.101730681120244526e+00
2.439999999999742286e+01 9.341110293075666204e-02 1.086721190782511615e+00
2.449999999999741362e+01 1.146052045115333318e-01 1.069333978525387696e+00
2.459999999999740083e+01 1.384698558679784142e-01 1.049659587120372439e+00
2.469999999999738804e+01 1.648707099746422600e-01 1.027799122073699056e+00
2.479999999999737881e+01 1.936622619062561557e-01 1.003863713312418859e+00
2.489999999999736957e+01 2.246886018692198783e-01 9.779739324409670864e-01
2.499999999999735678e+01 2.577842132526452779e-01 9.502591685494341522e-01
2.509999999999734399e+01 2.927748118123610910e-01 9.208569657386810325e-01
2.519999999999733475e+01 3.294782218078857738e-01 8.899123256989516229e-01
2.529999999999732552e+01 3.677052845970031902e-01 8.575769788369467239e-01
2.539999999999731273e+01 4.072607948751958418e-01 8.240086275907135827e-01
2.549999999999729994e+01 4.479444594651344480e-01 7.893701656987914816e-01
2.559999999999729070e+01 4.895518733564984681e-01 7.538288772973973373e-01
2.569999999999728146e+01 5.318755076077957833e-01 7.175556198013761655e-01
2.579999999999726867e+01 5.747057037799905288e-01 6.807239945799777869e-01
2.589999999999725588e+01 6.178316697879138175e-01 6.435095094628014989e-01
2.599999999999724665e+01 6.610424724005357078e-01 6.060887371064626050e-01
2.609999999999723741e+01 7.041280220158571135e-01 5.686384732202647285e-01
2.619999999999722462e+01 7.468800456732964665e-01 5.313348985948668224e-01
2.629999999999721183e+01 7.890930444659952636e-01 4.943527488095870170e-01
2.639999999999720259e+01 8.305652315660213558e-01 4.578644954159621916e-01
2.649999999999719336e+01 8.710994470293387248e-01 4.220395423103014965e-01
2.659999999999718057e+01 9.105040454860297006e-01 3.870434409153866162e-01
2.669999999999716778e+01 9.485937528230152793e-01 3.530371276873714437e-01
2.679999999999715854e+01 9.851904880842444756e-01 3.201761873452301788e-01
2.689999999999714930e+01 1.020124147059479291e+00 2.886101450843748251e-01
2.699999999999713651e+01 1.053233344370643643e+00 2.584817908827215516e-01
2.709999999999712372e+01 1.084366111214025929e+00 2.299265388386569908e-01
2.719999999999711449e+01 1.113380546191143239e+00 2.030718242992734790e-01
2.729999999999710525e+01 1.140145416812661239e+00 1.780365413472839442e-01
2.739999999999709246e+01 1.164540709318697020e+00 1.549305230179233439e-01
2.749999999999707967e+01 1.186458124498098732e+00 1.338540664130566105e-01
2.759999999999707043e+01 1.205801517287174551e+00 1.148975046676837808e-01
2.769999999999706120e+01 1.222487278112817100e+00 9.814082750323378790e-02
2.779999999999704841e+01 1.236444654211018346e+00 8.365335187203185030e-02
2.789999999999703562e+01 1.247616009475694954e+00 7.149344395926136853e-02
2.799999999999702638e+01 1.255957021779128047e+00 6.170829356338051325e-02
2.809999999999701714e+01 1.261436817148433809e+00 5.433374162518398581e-02
2.819999999999700435e+01 1.264038040656620954e+00 4.939416142129291615e-02
2.829999999999699156e+01 1.263756864336706753e+00 4.690239368220731897e-02
2.839999999999698233e+01 1.260602932812243004e+00 4.685973564059817825e-02
2.849999999999697309e+01 1.254599247645151738e+00 4.925598376454787264e-02
2.859999999999696030e+01 1.245781991643397202e+00 5.406952968473688337e-02
2.869999999999694751e+01 1.234200294560240829e+00 6.126750858540957329e-02
2.879999999999693827e+01 1.219915941761969602e+00 7.080599909698047367e-02
2.889999999999692903e+01 1.203003027552076887e+00 8.263027350347200428e-02
2.899999999999691624e+01 1.183547554941282609e+00 9.667509686032958738e-02
2.909999999999690345e+01 1.161646983776205122e+00 1.128650734072420836e-01
2.919999999999689422e+01 1.137409729314304174e+00 1.311150384564563065e-01
2.929999999999688498e+01 1.110954613562351589e+00 1.513304937404418293e-01
2.939999999999687219e+01 1.082410271961137704e+00 1.734080840150752645e-01
2.949999999999685940e+01 1.051914518284011502e+00 1.972361125376065061e-01
2.959999999999685016e+01 1.019613670901543312e+00 2.226950928744426128e-01
2.969999999999684093e+01 9.856618438277062744e-01 2.496583343441117486e-01
2.979999999999682814e+01 9.502202061761153562e-01 2.779925582670528805e-01
2.989999999999681535e+01 9.134562137861549358e-01 3.075585420765106770e-01
2.999999999999680611e+01 8.755428168106628162e-01 3.382117882440624501e-01
3.009999999999679687e+01 8.366576469861425336e-01 3.698032148874947911e-01
3.019999999999678408e+01 7.969821881696497190e-01 4.021798648554593125e-01
3.029999999999677129e+01 7.567009335877165066e-01 4.351856300209391293e-01
3.039999999999676206e+01 7.160005331577632415e-01 4.686619874617953818e-01
3.049999999999675282e+01 6.750689342365062684e-01 5.024487441624987394e-01
3.059999999999674003e+01 6.340945192141298481e-01 5.363847868381006467e-01
3.069999999999672724e+01 5.932652434801909402e-01 5.703088334606825072e-01
3.079999999999671800e+01 5.527677773962211827e-01 6.040601830632782443e-01
3.089999999999670877e+01 5.127866559914463496e-01 6.374794604056118752e-01
3.099999999999669598e+01 4.735034401358665379e-01 6.704093521113255738e-01
3.109999999999668319e+01 4.350958929510657658e-01 7.026953309263180847e-01
3.119999999999667395e+01 3.977371752077539790e-01 7.341863648027330269e-01
3.129999999999666471e+01 3.615950634361903004e-01 7.647356075840482381e-01
3.139999999999665192e+01 3.268311944250826273e-01 7.942010681541470385e-01
3.149999999999663913e+01 2.936003396868355209e-01 8.224462550182167764e-01
3.159999999999662990e+01 2.620497133104894849e-01 8.493407934051477870e-01
3.169999999999662066e+01 2.323183164197965278e-01 8.747610121168765129e-01
3.179999999999660787e+01 2.045363212315465529e-01 8.985904974992329208e-01
3.189999999999659508e+01 1.788244974985016555e-01 9.207206120681811212e-01
3.199999999999658584e+01 1.552936839322007212e-01 9.410509754957545603e-01
3.209999999999657661e+01 1.340443070146358218e-01 9.594899058410834014e-01
3.219999999999656382e+01 1.151659493976598253e-01 9.759548191049841614e-01
3.229999999999655103e+01 9.873696984349272787e-02 9.903725853872680229e-01
3.239999999999653824e+01 8.482417638407402372e-02 1.002679840138195777e+00
3.249999999999653255e+01 7.348255407872122946e-02 1.012823249212033261e+00
3.259999999999651976e+01 6.475504842798511518e-02 1.020759726656329303e+00
3.269999999999650697e+01 5.867240516110161508e-02 1.026456604399673234e+00
3.279999999999650129e+01 5.525306677759728863e-02 1.029891753231522156e+00
3.289999999999648850e+01 5.450312592210470458e-02 1.031053654697010602e+00
3.299999999999647571e+01 5.641633541959224091e-02 1.029941423755526442e+00
3.309999999999646292e+01 6.097417457748242897e-02 1.026564782275606769e+00
3.319999999999645013e+01 6.814597113258771821e-02 1.020943983661589227e+00
3.329999999999644444e+01 7.788907795747145035e-02 1.013109689129524815e+00
3.339999999999643165e+01 9.014910335257439455e-02 1.003102796370106242e+00
3.349999999999641886e+01 1.048601934780839656e-01 9.909742215502499452e-01
3.359999999999641318e+01 1.219453652637769170e-01 9.767846358092996395e-01
3.369999999999640039e+01 1.413168879896592178e-01 9.606041575993369275e-01
3.379999999999638760e+01 1.628767116403362081e-01 9.425120024012976216e-01
3.389999999999637481e+01 1.865169400792335008e-01 9.225960915222000125e-01
3.399999999999636202e+01 2.121203470464367580e-01 9.009526218451270330e-01
3.409999999999635634e+01 2.395609329370465834e-01 8.776855985630502843e-01
3.419999999999634355e+01 2.687045202393943955e-01 8.529063330815969124e-01
3.429999999999633076e+01 2.994093853834438046e-01 8.267329084230038427e-01
3.439999999999632507e+01 3.315269245717288871e-01 7.992896146045258554e-01
3.449999999999631228e+01 3.649023509603586124e-01 7.707063565970241337e-01
3.459999999999629949e+01 3.993754203458250163e-01 7.411180375931930575e-01
3.469999999999628670e+01 4.347811822952839522e-01 7.106639204303817348e-01
3.479999999999627391e+01 4.709507534244559701e-01 6.794869701191833533e-01
3.489999999999626823e+01 5.077121092810202851e-01 6.477331805281214550e-01
3.499999999999625544e+01 5.448908910574271625e-01 6.155508883624203342e-01
3.509999999999624265e+01 5.823112231698055474e-01 5.830900776497194293e-01
3.519999999999623697e+01 6.197965376200654797e-01 5.505016780016461775e-01
3.529999999999622418e+01 6.571704010036165666e-01 5.179368599566658293e-01
3.539999999999621139e+01 6.942573400149364415e-01 4.855463307243008120e-01
3.549999999999619860e+01 7.308836613115563541e-01 4.534796336471837441e-01
3.559999999999618581e+01 7.668782616158029697e-01 4.218844546762902104e-01
3.569999999999618012e+01 8.020734239759245154e-01 3.909059391182947985e-01
3.579999999999616733e+01 8.363055962007709399e-01 3.606860218617934932e-01
3.589999999999615454e+01 8.694161476336610406e-01 3.313627742197347570e-01
3.599999999999614886e+01 9.012521006153531022e-01 3.030697704391153713e-01
3.609999999999613607e+01 9.316668331594841757e-01 2.759354768258117652e-01
3.619999999999612328e+01 9.605207494924398182e-01 2.500826663148966178e-01
3.629999999999611049e+01 9.876819152073752495e-01 2.256278611863769823e-01
3.639999999999609770e+01 1.013026653889270268e+00 2.026808064831509271e-01
3.649999999999609201e+01 1.036440102224670312e+00 1.813439765324848518e-01
3.659999999999607923e+01 1.057816720832617907e+00 1.617121168035616785e-01
3.669999999999606644e+01 1.077060758349300595e+00 1.438718231519982571e-01
3.679999999999606075e+01 1.094086666671503449e+00 1.279011603093188898e-01
3.689999999999604796e+01 1.108819465686892158e+00 1.138693212732541094e-01
3.699999999999603517e+01 1.121195056233258436e+00 1.018363290460527482e-01
3.709999999999602238e+01 1.131160480369307830e+00 9.185278195588736372e-02
3.719999999999600959e+01 1.138674128288144516e+00 8.395964358205529332e-02
3.729999999999600391e+01 1.143705891394518614e+00 7.818807808977956686e-02
3.739999999999599112e+01 1.146237261254114292e+00 7.455933156470706535e-02
3.749999999999597833e+01 1.146261374342840700e+00 7.308465972135078093e-02
3.759999999999597264e+01 1.143783002770475621e+00 7.376530214383802964e-02
3.769999999999595985e+01 1.138818491402614930e+00 7.659250300239206499e-02
3.779999999999594706e+01 1.131395642032426485e+00 8.154757797600813152e-02
3.789999999999593427e+01 1.121553545453067402e+00 8.860202690200237596e-02
3.799999999999592148e+01 1.109342362464510012e+00 9.771769146756859037e-02
3.809999999999591580e+01 1.094823055033702142e+00 1.088469570577004636e-01
3.819999999999590301e+01 1.078067069026746649e+00 1.219329976783322944e-01
3.829999999999589022e+01 1.059155970142274139e+00 1.369100626835713930e-01
3.839999999999588454e+01 1.038181034884776643e+00 1.537038038520920635e-01
3.849999999999587175e+01 1.015242798620112241e+00 1.722316411805631109e-01
3.859999999999585896e+01 9.904505629532007749e-01 1.924031655923710837e-01
3.869999999999584617e+01 9.639218648442029469e-01 2.141205765990509269e-01
3.879999999999583338e+01 9.357819100122996003e-01 2.372791528008094397e-01
3.889999999999582769e+01 9.061629732539362436e-01 2.617677529715392026e-01
3.899999999999581490e+01 8.752037683510631716e-01 2.874693453425071210e-01
3.909999999999580211e+01 8.430487902995887906e-01 3.142615625765167175e-01
3.919999999999579643e+01 8.098476326882092513e-01 3.420172798105980960e-01
3.929999999999578364e+01 7.757542832168821123e-01 3.706052130408040157e-01
3.939999999999577085e+01 7.409264005579745405e-01 3.998905350294907346e-01
3.949999999999575806e+01 7.055245760019898116e-01 4.297355058358924840e-01
3.959999999999574527e+01 6.697115835347653423e-01 4.600001150077589473e-01
3.969999999999573959e+01 6.336516221020886963e-01 4.905427324260914768e-01
3.979999999999572680e+01 5.975095537936525592e-01 5.212207647666130539e-01
3.989999999999571401e+01 5.614501415472324952e-01 5.518913145272408283e-01
3.999999999999570832e+01 5.256372898200670774e-01 5.824118385687946375e-01
4.009999999999569553e+01 4.902332915876693731e-01 6.126408031243334440e-01
4.019999999999568274e+01 4.553980850538258962e-01 6.424383322527875695e-01
4.029999999999566995e+01 4.212885235477989432e-01 6.716668467477071580e-01
4.039999999999565716e+01 3.880576621555539840e-01 7.001916905656959678e-01
4.049999999999565148e+01 3.558540646002671393e-01 7.278817419127231458e-01
4.059999999999563869e+01 3.248211337293798184e-01 7.546100062183113133e-01
4.069999999999562590e+01 2.950964687200596237e-01 7.802541883351769014e-01
4.079999999999562021e+01 2.668112518480326156e-01 8.046972414202171464e-01
4.089999999999560742e+01 2.400896674203508996e-01 8.278278900805227103e-01
4.099999999999559464e+01 2.150483552504529050e-01 8.495411255031698472e-01
4.109999999999558185e+01 1.917959008309684521e-01 8.697386704291796278e-01
4.119999999999556906e+01 1.704323641330781625e-01 8.883294119792569665e-01
4.129999999999556337e+01 1.510488487574470073e-01 9.052298004887859850e-01
4.139999999999555058e+01 1.337271130063873437e-01 9.203642126634120624e-01
4.149999999999553779e+01 1.185392243314266347e-01 9.336652775232003876e-01
4.159999999999553211e+01 1.055472584958872945e-01 9.450741637667946504e-01
4.169999999999551932e+01 9.480304464515589002e-02 9.545408273561095669e-01
4.179999999999550653e+01 8.634795729620331484e-02 9.620242182982190471e-01
4.189999999999549374e+01 8.021275606284822279e-02 9.674924457825360147e-01
4.199999999999548095e+01 7.641747374225570100e-02 9.709229010181097408e-01
4.209999999999547526e+01 7.497135320633482869e-02 9.723023373076971065e-01
4.219999999999546247e+01 7.587283336417785518e-02 9.716269070903977845e-01
4.229999999999544968e+01 7.910958427653977387e-02 9.689021558827628500e-01
4.239999999999544400e+01 8.465859129145021644e-02 9.641429732470133684e-01
4.249999999999543121e+01 9.248628781898347861e-02 9.573735011156763175e-01
4.259999999999541842e+01 1.025487360841104978e-01 9.486269999999342728e-01
4.269999999999540563e+01 1.147918549216139922e-01 9.379456738049782860e-01
4.279999999999539284e+01 1.291516934339004274e-01 9.253804541647949744e-01
4.289999999999538716e+01 1.455547491214167211e-01 9.109907453913467235e-01
4.299999999999537437e+01 1.639183288932741234e-01 8.948441313082959869e-01
4.309999999999536158e+01 1.841509511526116805e-01 8.770160454079877210e-01
4.319999999999535589e+01 2.061527869319263462e-01 8.575894059316556683e-01
4.329999999999534310e+01 2.298161378565079793e-01 8.366542176256264174e-01
4.339999999999533031e+01 2.550259485662738634e-01 8.143071420696195162e-01
4.349999999999531752e+01 2.816603511335761256e-01 7.906510386067598928e-01
4.359999999999530473e+01 3.095912389587109348e-01 7.657944780275814933e-01
4.369999999999529905e+01 3.386848675718039936e-01 7.398512312752394404e-01
4.379999999999528626e+01 3.688024796823484164e-01 7.129397355462022690e-01
4.389999999999527347e+01 3.998009516747140224e-01 6.851825402628416439e-01
4.399999999999526779e+01 4.315334585699628911e-01 6.567057354887031462e-01
4.409999999999525500e+01 4.638501543200382327e-01 6.276383654426629377e-01
4.419999999999524221e+01 4.965988642338123871e-01 5.981118298358637508e-01
4.429999999999522942e+01 5.296257863716155034e-01 5.682592758059292759e-01
4.439999999999521663e+01 5.627761988335385768e-01 5.382149832527809430e-01
4.449999999999521094e+01 5.958951699189285467e-01 5.081137463962493994e-01
4.459999999999519815e+01 6.288282680879375697e-01 4.780902543802346694e-01
4.469999999999518536e+01 6.614222685226426313e-01 4.482784737455333124e-01
4.479999999999517968e+01 6.935258529350727397e-01 4.188110355830109710e-01
4.489999999999516689e+01 7.249902991845030842e-01 3.898186301585609970e-01
4.499999999999515410e+01 7.556701572873527617e-01 3.614294117679739404e-01
4.509999999999514131e+01 7.854239085231472517e-01 3.337684165315616958e-01
4.519999999999512852e+01 8.141146045083968996e-01 3.069569957742244726e-01
4.529999999999512283e+01 8.416104832827128179e-01 2.811122675579853514e-01
4.539999999999511004e+01 8.677855596099461888e-01 2.563465888411345928e-01
4.549999999999509726e+01 8.925201868619844214e-01 2.327670506326202926e-01
4.559999999999509157e+01 9.157015880561406584e-01 2.104749983926129109e-01
4.569999999999507878e+01 9.372243538857878420e-01 1.895655798018773819e-01
4.579999999999506599e+01 9.569909059137160501e-01 1.701273218848874669e-01
4.589999999999505320e+01 9.749119234497801711e-01 1.522417393266307928e-01
4.599999999999504041e+01 9.909067329464326113e-01 1.359829756729250549e-01
4.609999999999503473e+01 1.004903658977015946e+00 1.214174789510675811e-01
4.619999999999502194e+01 1.016840335998246525e+00 1.086037130933301120e-01
4.629999999999500915e+01 1.026663980148851962e+00 9.759190639103060283e-02
4.639999999999500346e+01 1.034331620309733246e+00 8.842383805191426915e-02
4.649999999999499067e+01 1.039810287565120950e+00 8.113266377798909745e-02
4.659999999999497788e+01 1.043077162086780474e+00 7.574278112397254958e-02
4.669999999999496509e+01 1.044119676369337446e+00 7.226973523679701417e-02
4.679999999999495230e+01 1.042935573727614695e+00 7.072016541257118705e-02
4.689999999999494662e+01 1.039532921061016690e+00 7.109179273762412932e-02
4.699999999999493383e+01 1.033930075086228584e+00 7.337344890456046209e-02
4.709999999999492104e+01 1.026155601499625369e+00 7.754514611306857763e-02
4.719999999999491536e+01 1.016248146806566277e+00 8.357818777994774351e-02
4.729999999999490257e+01 1.004256262814380074e+00 9.143531959453532476e-02
4.739999999999488978e+01 9.902381840336770269e-01 1.010709202655576955e-01
4.749999999999487699e+01 9.742615584931056949e-01 1.124312311142621063e-01
4.759999999999486420e+01 9.564031327786525205e-01 1.254546234777546287e-01
4.769999999999485851e+01 9.367483924642918680e-01 1.400719026975006665e-01
4.779999999999484572e+01 9.153911594862893519e-01 1.562066472830954400e-01
4.789999999999483293e+01 8.924331483913396923e-01 1.737755816630404959e-01
4.799999999999482725e+01 8.679834837203767028e-01 1.926889807649949382e-01
4.809999999999481446e+01 8.421581810508310673e-01 2.128511045094108323e-01
4.819999999999480167e+01 8.150795944137775306e-01 2.341606601545188349e-01
4.829999999999478888e+01 7.868758329540213037e-01 2.565112902970747566e-01
4.839999999999477609e+01 7.576801498243393995e-01 2.797920842127897267e-01
4.849999999999477041e+01 7.276303063768703172e-01 3.038881101117185124e-01
4.859999999999475762e+01 6.968679147014875674e-01 3.286809657862015954e-01
4.869999999999474483e+01 6.655377614725471735e-01 3.540493450404988418e-01
4.879999999999473914e+01 6.337871159733997617e-01 3.798696172098071644e-01
4.889999999999472635e+01 6.017650251712637344e-01 4.060164170024256336e-01
4.899999999999471356e+01 5.696215988640276340e-01 4.323632418336729732e-01
4.909999999999470077e+01 5.375072881863047769e-01 4.587830537676289011e-01
4.919999999999468798e+01 5.055721610519209319e-01 4.851488831463118823e-01
4.929999999999468230e+01 4.739651783344389080e-01 5.113344309679771493e-01
4.939999999999466951e+01 4.428334747037239727e-01 5.372146670767987686e-01
4.949999999999465672e+01 4.123216480563925423e-01 5.626664212453337255e-01
4.959999999999465103e+01 3.825710614265497855e-01 5.875689642671654278e-01
4.969999999999463824e+01 3.537191611624629917e-01 6.118045762297604773e-01
4.979999999999462545e+01 3.258988150133969586e-01 6.352590992062435715e-01
4.989999999999461266e+01 2.992376735958760525e-01 6.578224716880676226e-01
