1.000000000000000000e+00 2.000000000000000000e+00 0.000000000000000000e+00
1.099999999999988987e+00 1.997600966810673562e+00 1.999200209335698104e-03
1.199999999999977973e+00 1.990415466781052301e+00 7.987208600713870121e-03
1.299999999999966960e+00 1.978478261082224909e+00 1.793529504279569448e-02
1.399999999999955946e+00 1.961847131823805546e+00 3.179573112954405673e-02
1.499999999999944933e+00 1.940602620070212003e+00 4.950202234892375763e-02
1.599999999999933920e+00 1.914847642792918858e+00 7.096923180193194514e-02
1.699999999999922906e+00 1.884706991391984721e+00 9.609439396025644398e-02
1.799999999999911893e+00 1.850326715545861145e+00 1.247570164538921722e-01
1.899999999999900879e+00 1.811873396752723409e+00 1.568196674043379479e-01
1.999999999999889866e+00 1.769533316302656312e+00 1.921286453654542925e-01
2.099999999999878852e+00 1.723511522851119526e+00 2.305147285029606474e-01
2.199999999999867839e+00 1.674030805317755721e+00 2.717939992369267088e-01
2.299999999999856826e+00 1.621330577361136172e+00 3.157687401927852244e-01
2.399999999999845812e+00 1.565665680001963933e+00 3.622283969566805206e-01
2.499999999999834799e+00 1.507305109083832084e+00 4.109506028096990282e-01
2.599999999999823785e+00 1.446530674311779396e+00 4.617022603204476994e-01
2.699999999999812772e+00 1.383635596716140226e+00 5.142406744058198864e-01
2.799999999999801759e+00 1.318923051558658299e+00 5.683147312257467165e-01
2.899999999999790745e+00 1.252704663889898429e+00 6.236661170601635051e-01
2.999999999999779732e+00 1.185298964166080271e+00 6.800305711264665876e-01
3.099999999999768718e+00 1.117029811538946538e+00 7.371391661343151824e-01
3.199999999999757705e+00 1.048224792646084147e+00 7.947196102432523279e-01
3.299999999999746692e+00 9.792136039317294038e-01 8.524975639901706259e-01
3.399999999999735678e+00 9.103264256839431745e-01 9.101979656888918857e-01
3.499999999999724665e+00 8.418922960212077422e-01 9.675463587748964756e-01
3.599999999999713651e+00 7.742374929635460479e-01 1.024270214572449822e+00
3.699999999999702638e+00 7.076839325072410425e-01 1.080100243995389731e+00
3.799999999999691624e+00 6.425475903983145498e-01 1.134771691752628264e+00
3.899999999999680611e+00 5.791369551621775580e-01 1.188025606714763649e+00
3.999999999999669598e+00 5.177515199040548799e-01 1.239610082210480746e+00
4.099999999999658584e+00 4.586803203778407334e-01 1.289281460164100501e+00
4.199999999999647571e+00 4.022005267538807383e-01 1.336805493161997482e+00
4.299999999999636557e+00 3.485760963590074923e-01 1.381958458743772544e+00
4.399999999999625544e+00 2.980564944159546092e-01 1.424528220454611471e+00
4.499999999999614531e+00 2.508754895035881782e-01 1.464315230465768725e+00
4.599999999999603517e+00 2.072500301151484481e-01 1.501133468869944254e+00
4.699999999999592504e+00 1.673792082976164053e-01 1.534811315088964623e+00
4.799999999999581490e+00 1.314433158798558876e-01 1.565192347191953992e+00
4.899999999999570477e+00 9.960299822053271523e-02 1.592136065312299342e+00
4.999999999999559464e+00 7.199850972634500024e-02 1.615518535768118769e+00
5.099999999999548450e+00 4.874907461317908031e-02 1.635232952930429917e+00
5.199999999999537437e+00 2.995235553688402330e-02 1.651190116334907865e+00
5.299999999999526423e+00 1.568403187598121223e-02 1.663318820992388591e+00
5.399999999999515410e+00 5.997488692440256647e-03 1.671566159305153398e+00
5.499999999999504396e+00 9.236167814089172147e-04 1.675897733441607640e+00
5.599999999999493383e+00 4.707237343736807756e-04 1.676297777455871385e+00
5.699999999999482370e+00 4.624555530010818032e-03 1.672769188868754586e+00
5.799999999999471356e+00 1.334842779047071964e-02 1.665333469851057124e+00
5.899999999999460343e+00 2.658346548483773650e-02 1.654030578569439580e+00
5.999999999999449329e+00 4.424894952150075500e-02 1.638918691669415173e+00
6.099999999999438316e+00 6.624276832601343201e-02 1.620073879277933893e+00
6.199999999999427303e+00 9.244197210831313349e-02 1.597589694314400566e+00
6.299999999999416289e+00 1.227034270419068429e-01 1.571576678303705510e+00
6.399999999999405276e+00 1.568645660110759843e-01 1.542161786289074632e+00
6.499999999999394262e+00 1.947442320013721417e-01 1.509487733841111901e+00
6.599999999999383249e+00 2.361436097110144738e-01 1.473712269539241726e+00
6.699999999999372235e+00 2.808472405911931480e-01 1.435007376659827472e+00
6.799999999999361222e+00 3.286241162443537811e-01 1.393558408132925308e+00
6.899999999999350209e+00 3.792288448521720090e-01 1.349563159134905987e+00
6.999999999999339195e+00 4.324028850250706824e-01 1.303230881967250676e+00
7.099999999999328182e+00 4.878758411506652348e-01 1.254781248136755734e+00
7.199999999999317168e+00 5.453668139724938690e-01 1.204443262798525538e+00
7.299999999999306155e+00 6.045857997711129306e-01 1.152454136948453778e+00
7.399999999999295142e+00 6.652351311859552307e-01 1.099058122954420069e+00
7.499999999999284128e+00 7.270109524514375421e-01 1.044505319190620618e+00
7.599999999999273115e+00 7.896047216487022125e-01 9.890504496846762583e-01
7.699999999999262101e+00 8.527047324918016757e-01 9.329516247991347377e-01
7.799999999999251088e+00 9.159976481451717056e-01 8.764690890488747721e-01
7.899999999999240075e+00 9.791700395725492223e-01 8.198639622033113694e-01
7.999999999999229061e+00 1.041909920926454625e+00 7.633969798399190543e-01
8.099999999999218048e+00 1.103908274497656938e+00 7.073272395037609739e-01
8.199999999999207034e+00 1.164860557736475455e+00 6.519109585879333535e-01
8.299999999999196021e+00 1.224468184799576864e+00 5.974002499821249312e-01
8.399999999999185007e+00 1.282439974979491915e+00 5.440419214425343819e-01
8.499999999999173994e+00 1.338493560332153054e+00 4.920763045144940229e-01
8.599999999999162981e+00 1.392356744943720415e+00 4.417361186856375577e-01
8.699999999999151967e+00 1.443768808592980291e+00 3.932453762601695324e-01
8.799999999999140954e+00 1.492481747977539408e+00 3.468183332231242200e-01
8.899999999999129940e+00 1.538261449117765745e+00 3.026584911099197694e-01
8.999999999999118927e+00 1.580888785063624402e+00 2.609576546141909592e-01
9.099999999999107914e+00 1.620160633683380258e+00 2.218950493578488725e-01
9.199999999999096900e+00 1.655890811118062578e+00 1.856365039140936146e-01
9.299999999999085887e+00 1.687910917380158304e+00 1.523336998205593318e-01
9.399999999999074873e+00 1.716071091442886498e+00 1.221234929516662321e-01
9.499999999999063860e+00 1.740240673855968145e+00 9.512730924317912284e-02
9.599999999999052847e+00 1.760308775286354432e+00 7.145061738407251783e-02
9.699999999999041833e+00 1.776184749377126115e+00 5.118248071477075195e-02
9.799999999999030820e+00 1.787798568070263938e+00 3.439519019641088665e-02
9.899999999999019806e+00 1.795101097309191207e+00 2.114397993879944815e-02
9.999999999999008793e+00 1.798064271081259546e+00 1.146682638970887742e-02
1.009999999999899778e+01 1.796681162226564155e+00 5.384331891176682809e-03
1.019999999999898677e+01 1.790965949286325021e+00 2.899692899585530788e-03
1.029999999999897575e+01 1.780953779673233095e+00 3.998752749663199088e-03
1.039999999999896474e+01 1.766700530341027031e+00 8.650138424637377269e-03
1.049999999999895373e+01 1.748282467741819390e+00 1.680548038156204349e-02
1.059999999999894271e+01 1.725795809230358024e+00 2.839971407572148068e-02
1.069999999999893170e+01 1.699356188384412825e+00 4.335146143215044823e-02
1.079999999999892069e+01 1.669098027108389504e+00 6.156349012635040086e-02
1.089999999999890967e+01 1.635173817881444114e+00 8.292324816179265368e-02
1.099999999999889866e+01 1.597753320006730648e+00 1.073034708712230917e-01
1.109999999999888765e+01 1.557022674150735586e+00 1.345628571242235560e-01
1.119999999999887663e+01 1.513183439856989887e+00 1.645468111964140390e-01
1.129999999999886562e+01 1.466451561126126624e+00 1.970882464477894669e-01
1.139999999999885461e+01 1.417056265601103204e+00 2.320084466708340620e-01
1.149999999999884359e+01 1.365238903339582865e+00 2.691179807068342367e-01
1.159999999999883258e+01 1.311251731504862406e+00 3.082176656936629899e-01
1.169999999999882156e+01 1.255356651475058705e+00 3.490995741018463883e-01
1.179999999999881055e+01 1.197823904832282960e+00 3.915480795367954348e-01
1.189999999999879954e+01 1.138930734511178322e+00 4.353409361306137537e-01
1.199999999999878852e+01 1.078960017172190700e+00 4.802503862131525803e-01
1.209999999999877751e+01 1.018198872725326387e+00 5.260442908363384129e-01
1.219999999999876650e+01 9.569372569260341521e-01 5.724872776277838415e-01
1.229999999999875548e+01 8.954665430970902840e-01 6.193419003698492631e-01
1.239999999999874447e+01 8.340780992499912117e-01 6.663698046421044907e-01
1.249999999999873346e+01 7.730618671239293249e-01 7.133328938300174116e-01
1.259999999999872244e+01 7.127049498789510551e-01 7.599944897942123578e-01
1.269999999999871143e+01 6.532902153473110207e-01 8.061204825137501251e-01
1.279999999999870042e+01 5.950949218649613792e-01 8.514804630648939998e-01
1.289999999999868940e+01 5.383893737695132353e-01 8.958488343763870709e-01
1.299999999999867839e+01 4.834356136535533643e-01 9.390058943137821190e-01
1.309999999999866738e+01 4.304861583911401834e-01 9.807388857907350932e-01
1.319999999999865636e+01 3.797827857943789076e-01 1.020843008783826056e+00
1.329999999999864535e+01 3.315553784712729768e-01 1.059122389340463100e+00
1.339999999999863434e+01 2.860208310377116425e-01 1.095391000911519752e+00
1.349999999999862332e+01 2.433820263256187832e-01 1.129473533608271962e+00
1.359999999999861231e+01 2.038268856855130207e-01 1.161206207272208246e+00
1.369999999999860130e+01 1.675274979383809537e-01 1.190437524551428705e+00
1.379999999999859028e+01 1.346393310056171466e-01 1.217028960496267853e+00
1.389999999999857927e+01 1.053005297700667364e-01 1.240855585513753967e+00
1.399999999999856826e+01 7.963130332619894336e-02 1.261806618857689744e+00
1.409999999999855724e+01 5.773340444571619517e-02 1.279785910177211994e+00
1.419999999999854623e+01 3.968970374153531905e-02 1.294712347009350450e+00
1.429999999999853522e+01 2.556386058374058093e-02 1.306520186479684265e+00
1.439999999999852420e+01 1.540009229798114040e-02 1.315159309866368753e+00
1.449999999999851319e+01 9.223042612504533944e-03 1.320595399080942034e+00
1.459999999999850218e+01 7.037749758282814405e-03 1.322810034520954803e+00
1.469999999999849116e+01 8.829714056789143492e-03 1.321800714155578760e+00
1.479999999999848015e+01 1.456506421711430306e-02 1.317580794115052356e+00
1.489999999999846914e+01 2.419082090276352542e-02 1.310179351468714337e+00
1.499999999999845812e+01 3.763525545397781308e-02 1.299640970285736552e+00
1.509999999999844711e+01 5.480834101513239881e-02 1.286025452472945751e+00
1.519999999999843610e+01 7.560229276277100063e-02 1.269407455267035356e+00
1.529999999999842508e+01 9.989219348205068127e-02 1.249876057618904523e+00
1.539999999999841407e+01 1.275367003917591280e-01 1.227534258044880255e+00
1.549999999999840306e+01 1.583788288354291418e-01 1.202498406831103983e+00
1.559999999999839204e+01 1.922468081970951093e-01 1.174897575772683833e+00
1.569999999999838103e+01 2.289550051508715822e-01 1.144872868904267316e+00
1.579999999999837001e+01 2.683049091330205194e-01 1.112576677940184888e+00
1.589999999999835900e+01 3.100861747535619828e-01 1.078171886382827793e+00
1.599999999999834799e+01 3.540777157278424681e-01 1.041831026477203936e+00
1.609999999999833875e+01 4.000488447686290638e-01 1.003735393387172881e+00
1.619999999999832596e+01 4.477604537067362278e-01 9.640741211447002579e-01
1.629999999999831317e+01 4.969662279054689047e-01 9.230432250816500428e-01
1.639999999999830393e+01 5.474138888150202886e-01 8.808446155924756216e-01
1.649999999999829470e+01 5.988464582871679820e-01 8.376850881960661299e-01
1.659999999999828191e+01 6.510035380575874830e-01 7.937752949637529865e-01
1.669999999999826912e+01 7.036225976596323095e-01 7.493287024543489050e-01
1.679999999999825988e+01 7.564402640263204747e-01 7.045605413406964557e-01
1.689999999999825064e+01 8.091936061754393394e-01 6.596867529221156490e-01
1.699999999999823785e+01 8.616214086069104994e-01 6.149229376933250668e-01
1.709999999999822506e+01 9.134654273102745803e-01 5.704833110855386247e-01
1.719999999999821583e+01 9.644716225488756400e-01 5.265796714139343582e-01
1.729999999999820659e+01 1.014391362850633138e+00 4.834203849618934346e-01
1.739999999999819380e+01 1.062982594901588307e+00 4.412093930076423365e-01
1.749999999999818101e+01 1.110010974307754639e+00 4.001452454555304294e-01
1.759999999999817177e+01 1.155250952420880051e+00 3.604201655720818409e-01
1.769999999999816254e+01 1.198486814574306836e+00 3.222191501486631471e-01
1.779999999999814975e+01 1.239513665151880328e+00 2.857191092185203951e-01
1.789999999999813696e+01 1.278138354963756607e+00 2.510880492468207659e-01
1.799999999999812772e+01 1.314180346480787742e+00 2.184843034869719258e-01
1.809999999999811848e+01 1.347472512643933085e+00 1.880558129541693158e-01
1.819999999999810569e+01 1.377861865293193100e+00 1.599394612064824472e-01
1.829999999999809290e+01 1.405210209808496424e+00 1.342604658444080112e-01
1.839999999999808367e+01 1.429394723304558967e+00 1.111318293423318726e-01
1.849999999999807443e+01 1.450308454539748437e+00 9.065385151360390303e-02
1.859999999999806164e+01 1.467860744374555937e+00 7.291370559039368759e-02
1.869999999999804885e+01 1.481977565988835899e+00 5.798507957623165454e-02
1.879999999999803961e+01 1.492601784144018673e+00 4.592788420732470817e-02
1.889999999999803038e+01 1.499693332724175932e+00 3.678802853836015546e-02
1.899999999999801759e+01 1.503229309805707015e+00 3.059726384746994793e-02
1.909999999999800480e+01 1.503203989714670508e+00 2.737309623057241140e-02
1.919999999999799556e+01 1.499628751989258824e+00 2.711876792594611688e-02
1.929999999999798632e+01 1.492531927855948570e+00 2.982330707687048249e-02
1.939999999999797353e+01 1.481958565644255543e+00 3.546164530693689948e-02
1.949999999999796074e+01 1.467970117310891665e+00 4.399480215447099801e-02
1.959999999999795151e+01 1.450644048722077084e+00 5.537013509416322671e-02
1.969999999999794227e+01 1.430073376496427739e+00 6.952165356804601570e-02
1.979999999999792948e+01 1.406366134163974602e+00 8.637039515454836280e-02
1.989999999999791669e+01 1.379644770371319051e+00 1.058248617220561710e-01
1.999999999999790745e+01 1.350045481996626551e+00 1.277815131415954431e-01
2.009999999999789821e+01 1.317717485350450968e+00 1.521253158723194776e-01
2.019999999999788542e+01 1.282822229069195519e+00 1.787303434850772144e-01
2.029999999999787264e+01 1.245532552781749791e+00 2.074604259558089914e-01
2.039999999999786340e+01 1.206031796073831375e+00 2.381698443441714608e-01
2.049999999999785416e+01 1.164512862630649126e+00 2.707040672758689870e-01
2.059999999999784137e+01 1.121177244688546404e+00 3.049005254708970769e-01
2.069999999999782858e+01 1.076234013088565256e+00 3.405894204053195873e-01
2.079999999999781934e+01 1.029898778323862674e+00 3.775945630614852000e-01
2.089999999999781011e+01 9.823926279888733903e-01 4.157342386113205834e-01
2.099999999999779732e+01 9.339410459496235717e-01 4.548220927891846732e-01
2.109999999999778453e+01 8.847728183936052204e-01 4.946680356425486869e-01
2.119999999999777529e+01 8.351189317669228673e-01 5.350791582996496931e-01
2.129999999999776605e+01 7.852114675215321471e-01 5.758606583619690911e-01
2.139999999999775326e+01 7.352824985689468962e-01 6.168167695165700515e-01
2.149999999999774047e+01 6.855629923322308361e-01 6.577516909691687452e-01
2.159999999999773124e+01 6.362817252684834779e-01 6.984705123228618362e-01
2.169999999999772200e+01 5.876642136931596871e-01 7.387801295693038339e-01
2.179999999999770921e+01 5.399316656804715731e-01 7.784901479191752571e-01
2.189999999999769642e+01 4.932999587516361251e-01 8.174137672765188212e-01
2.199999999999768718e+01 4.479786479920254694e-01 8.553686462596860052e-01
2.209999999999767795e+01 4.041700091534673467e-01 8.921777407893385359e-01
2.219999999999766516e+01 3.620681211822757151e-01 9.276701134027046658e-01
2.229999999999765237e+01 3.218579924498157774e-01 9.616817096110759078e-01
2.239999999999764313e+01 2.837147347353776716e-01 9.940560977934497222e-01
2.249999999999763389e+01 2.478027887278565766e-01 1.024645169311831028e+00
2.259999999999762110e+01 2.142752045061491473e-01 1.053309795740599686e+00
2.269999999999760831e+01 1.832729801641101719e-01 1.079920440323905106e+00
2.279999999999759908e+01 1.549244614673495335e-01 1.104357721010309712e+00
2.289999999999758984e+01 1.293448051357980744e-01 1.126512922664002714e+00
2.299999999999757705e+01 1.066355080006033684e-01 1.146288456315407656e+00
2.309999999999756426e+01 8.688400387246873746e-02 1.163598263590518656e+00
2.319999999999755502e+01 7.016332949558476417e-02 1.178368164742758406e+00
2.329999999999754579e+01 5.653186049077954523e-02 1.190536149000305466e+00
2.339999999999753300e+01 4.603311776687225160e-02 1.200052606227424601e+00
2.349999999999752021e+01 3.869564452862914172e-02 1.206880499181072430e+00
2.359999999999751097e+01 3.453295371834177313e-02 1.210995475920560782e+00
2.369999999999750173e+01 3.354354545821228856e-02 1.212385922202767530e+00
2.379999999999748894e+01 3.571099378768218674e-02 1.211052953969649293e+00
2.389999999999747615e+01 4.100410171721047270e-02 1.207010350307104796e+00
2.399999999999746692e+01 4.937712337440351706e-02 1.200284427522005037e+00
2.409999999999745768e+01 6.077005182857943277e-02 1.190913855243775465e+00
2.419999999999744489e+01 7.510897104554091486e-02 1.178949415703822279e+00
2.429999999999743210e+01 9.230647029774763368e-02 1.164453707583996467e+00
2.439999999999742286e+01 1.122621191667703966e-01 1.147500796056333483e+00
2.449999999999741362e+01 1.348630009883642622e-01 1.128175810868011775e+00
2.459999999999740083e+01 1.599843022333811426e-01 1.106574494556461508e+00
2.469999999999738804e+01 1.874899549627265516e-01 1.082802703107897280e+00
2.479999999999737881e+01 2.172333292070257882e-01 1.056975861592899246e+00
2.489999999999736957e+01 2.490579719119534741e-01 1.029218377518065886e+00
2.499999999999735678e+01 2.827983889126829964e-01 9.996630148230736257e-01
2.509999999999734399e+01 3.182808661997592603e-01 9.684502316302964209e-01
2.519999999999733475e+01 3.553243264943729551e-01 9.357274850170937963e-01
2.529999999999732552e+01 3.937412168899340759e-01 9.016485062328550848e-01
2.539999999999731273e+01 4.333384230900412803e-01 8.663725499170690236e-01
2.549999999999729994e+01 4.739182056188300796e-01 8.300636209893258455e-01
2.559999999999729070e+01 5.152791533015909087e-01 7.928896829737112073e-01
2.569999999999728146e+01 5.572171493006882192e-01 7.550218515884383752e-01
2.579999999999726867e+01 5.995263450534490390e-01 7.166335774774507117e-01
2.589999999999725588e+01 6.420001376067878684e-01 6.778998219833489713e-01
2.599999999999724665e+01 6.844321460388080869e-01 6.389962298644444871e-01
2.609999999999723741e+01 7.266171828121446019e-01 6.000983028432090860e-01
2.619999999999722462e+01 7.683522159420086428e-01 5.613805778466236518e-01
2.629999999999721183e+01 8.094373177817563159e-01 5.230158137600019463e-01
2.639999999999720259e+01 8.496765960952618046e-01 4.851741904678936179e-01
2.649999999999719336e+01 8.888791029749838479e-01 4.480225238931586085e-01
2.659999999999718057e+01 9.268597171281511837e-01 4.117235006664492492e-01
2.669999999999716778e+01 9.634399951183997279e-01 3.764349359603946232e-01
2.679999999999715854e+01 9.984489873381463543e-01 3.423090579055432792e-01
2.689999999999714930e+01 1.031724014795023070e+00 3.094918218677620292e-01
2.699999999999713651e+01 1.063111403155239110e+00 2.781222577108487526e-01
2.709999999999712372e+01 1.092467170800257126e+00 2.483318529957932730e-01
2.719999999999711449e+01 1.119657667875352480e+00 2.202439748822954957e-01
2.729999999999710525e+01 1.144560163471415093e+00 1.939733333005101423e-01
2.739999999999709246e+01 1.167063378237426896e+00 1.696254877528945992e-01
2.749999999999707967e+01 1.187067959898876479e+00 1.472963998870757407e-01
2.759999999999707043e+01 1.204486899375474485e+00 1.270720337523728594e-01
2.769999999999706120e+01 1.219245885469727453e+00 1.090280054155638167e-01
2.779999999999704841e+01 1.231283596447104944e+00 9.322928336727032139e-02
2.789999999999703562e+01 1.240551927221374973e+00 7.972994089981762234e-02
2.799999999999702638e+01 1.247016151257510419e+00 6.857296138173064881e-02
2.809999999999701714e+01 1.250655016678651199e+00 5.979009709370173425e-02
2.819999999999700435e+01 1.251460776397741670e+00 5.340178202667968804e-02
2.829999999999699156e+01 1.249439152391623509e+00 4.941709877557971115e-02
2.839999999999698233e+01 1.244609234540349219e+00 4.783379939304108902e-02
2.849999999999697309e+01 1.237003314816288446e+00 4.863837979793263905e-02
2.859999999999696030e+01 1.226666658059319515e+00 5.180620706483565763e-02
2.869999999999694751e+01 1.213657211108022604e+00 5.730169865636591114e-02
2.879999999999693827e+01 1.198045252629099888e+00 6.507855240402689312e-02
2.889999999999692903e+01 1.179912986496932659e+00 7.508002579991805703e-02
2.899999999999691624e+01 1.159354081887859156e+00 8.723926293547420996e-02
2.909999999999690345e+01 1.136473163304970502e+00 1.014796672160148544e-01
2.919999999999689422e+01 1.111385253607455548e+00 1.177153177901387460e-01
2.929999999999688498e+01 1.084215172937934346e+00 1.358514274569374569e-01
2.939999999999687219e+01 1.055096896346741753e+00 1.557848396479595832e-01
2.949999999999685940e+01 1.024172872959027147e+00 1.774045619220791792e-01
2.959999999999685016e+01 9.915933097225255732e-01 2.005923332595606068e-01
2.969999999999684093e+01 9.575154230850686510e-01 2.252232222978210185e-01
2.979999999999682814e+01 9.221026623147937640e-01 2.511662535190102852e-01
2.989999999999681535e+01 8.855239084933420601e-01 2.782850582828103603e-01
2.999999999999680611e+01 8.479526533889857332e-01 3.064385474996762504e-01
3.009999999999679687e+01 8.095661624370878995e-01 3.354816026613403612e-01
3.019999999999678408e+01 7.705446259887470672e-01 3.652657818858562888e-01
3.029999999999677129e+01 7.310703029039031797e-01 3.956400375934393532e-01
3.039999999999676206e+01 6.913266604678331984e-01 4.264514424059372977e-01
3.049999999999675282e+01 6.514975144629934212e-01 4.575459198564628127e-01
3.059999999999674003e+01 6.117661730343108006e-01 4.887689765033568778e-01
3.069999999999672724e+01 5.723145878073826465e-01 5.199664320610470902e-01
3.079999999999671800e+01 5.333225156292349389e-01 5.509851441878517164e-01
3.089999999999670877e+01 4.949666943316434753e-01 5.816737246081739032e-01
3.099999999999669598e+01 4.574200360376199370e-01 6.118832432964904644e-01
3.109999999999668319e+01 4.208508416611857483e-01 6.414679175181400295e-01
3.119999999999667395e+01 3.854220402921156863e-01 6.702857826079957615e-01
3.129999999999666471e+01 3.512904570396712112e-01 6.981993414746319182e-01
3.139999999999665192e+01 3.186061126150127043e-01 7.250761899388149523e-01
3.149999999999663913e+01 2.875115575202544793e-01 7.507896151472067681e-01
3.159999999999662990e+01 2.581412433129592898e-01 7.752191644355325151e-01
3.169999999999662066e+01 2.306209331637222304e-01 7.982511821492522808e-01
3.179999999999660787e+01 2.050671538764494151e-01 8.197793120626486463e-01
3.189999999999659508e+01 1.815866916458628577e-01 8.397049631773977341e-01
3.199999999999658584e+01 1.602761339764957327e-01 8.579377368357129496e-01
3.209999999999657661e+01 1.412214602638360572e-01 8.743958132580025300e-01
3.219999999999656382e+01 1.244976834498592866e-01 8.890062958131921267e-01
3.229999999999655103e+01 1.101685448794156724e-01 9.017055115494415629e-01
3.239999999999653824e+01 9.828626404313431375e-02 9.124392667461165285e-01
3.249999999999653255e+01 8.889134437991624837e-02 9.211630564870809668e-01
3.259999999999651976e+01 8.201243580391216759e-02 9.278422274941093839e-01
3.269999999999650697e+01 7.766625415895191120e-02 9.324520936930741355e-01
3.279999999999650129e+01 7.585755740697971983e-02 9.349780042125396262e-01
3.289999999999648850e+01 7.657917804667106754e-02 9.354153637342580430e-01
3.299999999999647571e+01 7.981211105866661826e-02 9.337696053280366559e-01
3.309999999999646292e+01 8.552565657781170672e-02 9.300561161119162978e-01
3.319999999999645013e+01 9.367761643687567974e-02 9.243001162868862419e-01
3.329999999999644444e+01 1.042145436174320289e-01 9.165364923066700031e-01
3.339999999999643165e+01 1.170720434215359457e-01 9.068095851567837817e-01
3.349999999999641886e+01 1.321751248515554422e-01 8.951729349333457098e-01
3.359999999999641318e+01 1.494386003183426903e-01 8.816889831228305052e-01
3.369999999999640039e+01 1.687675314571588092e-01 8.664287341899779005e-01
3.379999999999638760e+01 1.900577185493051990e-01 8.494713782740925812e-01
3.389999999999637481e+01 2.131962308283017749e-01 8.309038769752681297e-01
3.399999999999636202e+01 2.380619747860318047e-01 8.108205143778504098e-01
3.409999999999635634e+01 2.645262974721873661e-01 7.893224156076970033e-01
3.419999999999634355e+01 2.924536216757226970e-01 7.665170353528942826e-01
3.429999999999633076e+01 3.217021097836421095e-01 7.425176188958365620e-01
3.439999999999632507e+01 3.521243530564484026e-01 7.174426383092236126e-01
3.449999999999631228e+01 3.835680830731290070e-01 6.914152065586492979e-01
3.459999999999629949e+01 4.158769021698017765e-01 6.645624723308649617e-01
3.469999999999628670e+01 4.488910297669402305e-01 6.370149984687591971e-01
3.479999999999627391e+01 4.824480614904200770e-01 6.089061269464282056e-01
3.489999999999626823e+01 5.163837379192757204e-01 5.803713333620014181e-01
3.499999999999625544e+01 5.505327196605170892e-01 5.515475739640693931e-01
3.509999999999624265e+01 5.847293653024772109e-01 5.225726282585595461e-01
3.519999999999623697e+01 6.188085086802823653e-01 4.935844402637782902e-01
3.529999999999622418e+01 6.526062318340423163e-01 4.647204614895040775e-01
3.539999999999621139e+01 6.859606300642301369e-01 4.361169987086569999e-01
3.549999999999619860e+01 7.187125655583085360e-01 4.079085695670413014e-01
3.559999999999618581e+01 7.507064061196663252e-01 3.802272690375304021e-01
3.569999999999618012e+01 7.817907455375617820e-01 3.532021496714224384e-01
3.579999999999616733e+01 8.118191021156669906e-01 3.269586185325754069e-01
3.589999999999615454e+01 8.406505918854697557e-01 3.016178536178907854e-01
3.599999999999614886e+01 8.681505731248002622e-01 2.772962424701473361e-01
3.609999999999613607e+01 8.941912590127480964e-01 2.541048455736610867e-01
3.619999999999612328e+01 9.186522955749012453e-01 2.321488869908541197e-01
3.629999999999611049e+01 9.414213024488001791e-01 2.115272745505228369e-01
3.639999999999609770e+01 9.623943743326746070e-01 1.923321517414183779e-01
3.649999999999609201e+01 9.814765411965601372e-01 1.746484833020719718e-01
3.659999999999607923e+01 9.985821854501121253e-01 1.585536763327160537e-01
3.669999999999606644e+01 1.013635414379416844e+00 1.441172385873420725e-01
3.679999999999606075e+01 1.026570386370354138e+00 1.314004754319407775e-01
3.689999999999604796e+01 1.037331589705782875e+00 1.204562267772551765e-01
3.699999999999603517e+01 1.045874072940361721e+00 1.113286451110970937e-01
3.709999999999602238e+01 1.052163625939180003e+00 1.040530155676280266e-01
3.719999999999600959e+01 1.056176910650003631e+00 9.865561877889439391e-02
3.729999999999600391e+01 1.057901540689506259e+00 9.515363705667286010e-02
3.739999999999599112e+01 1.057336108970370780e+00 9.355510424916921308e-02
3.749999999999597833e+01 1.054490162907901540e+00 9.385889940783447016e-02
3.759999999999597264e+01 1.049384127171954839e+00 9.605478418624650849e-02
3.769999999999595985e+01 1.042049174406803225e+00 1.001234836782581294e-01
3.779999999999594706e+01 1.032527044773394742e+00 1.060368101886722536e-01
3.789999999999593427e+01 1.020869815557771343e+00 1.137578292190859763e-01
3.799999999999592148e+01 1.007139622434810367e+00 1.232410667465776016e-01
3.809999999999591580e+01 9.914083342461951220e-01 1.344327566763358628e-01
3.819999999999590301e+01 9.737571832944407202e-01 1.472711271627281382e-01
3.829999999999589022e+01 9.542763531560541912e-01 1.616867243178417290e-01
3.839999999999588454e+01 9.330645259163675709e-01 1.776027716615569685e-01
3.849999999999587175e+01 9.102283906327378604e-01 1.949355635116491736e-01
3.859999999999585896e+01 8.858821148448690064e-01 2.135948903643839492e-01
3.869999999999584617e+01 8.601467811167055055e-01 2.334844941734462442e-01
3.879999999999583338e+01 8.331497908803426888e-01 2.545025512968506765e-01
3.889999999999582769e+01 8.050242381899825883e-01 2.765421807481233119e-01
3.899999999999581490e+01 7.759082563223174134e-01 2.994919752624672915e-01
3.909999999999580211e+01 7.459443404547745349e-01 3.232365525741218715e-01
3.919999999999579643e+01 7.152786499158739764e-01 3.476571242009569018e-01
3.929999999999578364e+01 6.840602937195230382e-01 3.726320789479389273e-01
3.939999999999577085e+01 6.524406032387778387e-01 3.980375782738863055e-01
3.949999999999575806e+01 6.205723959230271536e-01 4.237481606154586689e-01
3.959999999999574527e+01 5.886092339271585816e-01 4.496373517280028431e-01
3.969999999999573959e+01 5.567046814203961969e-01 4.755782780846934954e-01
3.979999999999572680e+01 5.250115641993637894e-01 5.014442803710023044e-01
3.989999999999571401e+01 4.936812350840351638e-01 5.271095241218994865e-01
3.999999999999570832e+01 4.628628484731683312e-01 5.524496045714838433e-01
4.009999999999569553e+01 4.327026473816646401e-01 5.773421428212034412e-01
4.019999999999568274e+01 4.033432662384821565e-01 6.016673704819049950e-01
4.029999999999566995e+01 3.749230526474125469e-01 6.253087000069365020e-01
4.039999999999565716e+01 3.475754112015740915e-01 6.481532780074413802e-01
4.049999999999565148e+01 3.214281723204966967e-01 6.700925189268753801e-01
4.059999999999563869e+01 2.966029889556506816e-01 6.910226165503472462e-01
4.069999999999562590e+01 2.732147638719731875e-01 7.108450309363821829e-01
4.079999999999562021e+01 2.513711100676947474e-01 7.294669484814821914e-01
4.089999999999560742e+01 2.311718467884024131e-01 7.468017129575310609e-01
4.099999999999559464e+01 2.127085335460771331e-01 7.627692254991115250e-01
4.109999999999558185e+01 1.960640445204618887e-01 7.772963116628115454e-01
4.119999999999556906e+01 1.813121856174616242e-01 7.903170538402038980e-01
4.129999999999556337e+01 1.685173562422957183e-01 8.017730874791858531e-01
4.139999999999555058e+01 1.577342575204212227e-01 8.116138597567742474e-01
4.149999999999553779e+01 1.490076483060205070e-01 8.197968495429118763e-01
4.159999999999553211e+01 1.423721499178923489e-01 8.262877476974026525e-01
4.169999999999551932e+01 1.378521002063309575e-01 8.310605969428360718e-01
4.179999999999550653e+01 1.354614573260488342e-01 8.340978907526792607e-01
4.189999999999549374e+01 1.352037534642146765e-01 8.353906308832884653e-01
4.199999999999548095e+01 1.370720987138302760e-01 8.349383433628509987e-01
4.209999999999547526e+01 1.410492352570507368e-01 8.327490529287880916e-01
4.219999999999546247e+01 1.471076419974615690e-01 8.288392160822791732e-01
4.229999999999544968e+01 1.552096897051531144e-01 8.232336131103525911e-01
4.239999999999544400e+01 1.653078465537874686e-01 8.159651996149303033e-01
4.249999999999543121e+01 1.773449336026191592e-01 8.070749182911874930e-01
4.259999999999541842e+01 1.912544293357527903e-01 7.966114719093568830e-01
4.269999999999540563e+01 2.069608218917862452e-01 7.846310586708117318e-01
4.279999999999539284e+01 2.243800071793535800e-01 7.711970713211039330e-01
4.289999999999538716e+01 2.434197307150882394e-01 7.563797616039086291e-01
4.299999999999537437e+01 2.639800707248559086e-01 7.402558718253382519e-01
4.309999999999536158e+01 2.859539597820042744e-01 7.229082354711887648e-01
4.319999999999535589e+01 3.092277420005855038e-01 7.044253489798206758e-01
4.329999999999534310e+01 3.336817625699283196e-01 6.849009169228803540e-01
4.339999999999533031e+01 3.591909862383406704e-01 6.644333729817318845e-01
4.349999999999531752e+01 3.856256412448997861e-01 6.431253792281659276e-01
4.359999999999530473e+01 4.128518851357536601e-01 6.210833063210987603e-01
4.369999999999529905e+01 4.407324888349867797e-01 5.984166973183329130e-01
4.379999999999528626e+01 4.691275352507421892e-01 5.752377178747541953e-01
4.389999999999527347e+01 4.978951286160488987e-01 5.516605956556241974e-01
4.399999999999526779e+01 5.268921107258291991e-01 5.278010518339206758e-01
4.409999999999525500e+01 5.559747802351922008e-01 5.037757275629114462e-01
4.419999999999524221e+01 5.849996112171762519e-01 4.797016083196113390e-01
4.429999999999522942e+01 6.138239672495378052e-01 4.556954490044320960e-01
4.439999999999521663e+01 6.423068074178606146e-01 4.318732026585146988e-01
4.449999999999521094e+01 6.703093807561389950e-01 4.083494556255117258e-01
4.459999999999519815e+01 6.976959057432901012e-01 3.852368719392794127e-01
4.469999999999518536e+01 7.243342315008292065e-01 3.626456496631518811e-01
4.479999999999517968e+01 7.500964773095073479e-01 3.406829918396754309e-01
4.489999999999516689e+01 7.748596470449903295e-01 3.194525946302663733e-01
4.499999999999515410e+01 7.985062152048135742e-01 2.990541551297853373e-01
4.509999999999514131e+01 8.209246814273779558e-01 2.795829012289752780e-01
4.519999999999512852e+01 8.420100907939285229e-01 2.611291457680352535e-01
4.529999999999512283e+01 8.616645176944740525e-01 2.437778670778563694e-01
4.539999999999511004e+01 8.797975115072982355e-01 2.276083178475975799e-01
4.549999999999509726e+01 8.963265026797659907e-01 2.126936640926322397e-01
4.559999999999509157e+01 9.111771679555761283e-01 1.991006558306980534e-01
4.569999999999507878e+01 9.242837535132986115e-01 1.868893309075699283e-01
4.579999999999506599e+01 9.355893547587449399e-01 1.761127532458426070e-01
4.589999999999505320e+01 9.450461515361017195e-01 1.668167866193687732e-01
4.599999999999504041e+01 9.526155976310178852e-01 1.590399048799785164e-01
4.609999999999503473e+01 9.582685636185719336e-01 1.528130393818339927e-01
4.619999999999502194e+01 9.619854323458137957e-01 1.481594641634007559e-01
4.629999999999500915e+01 9.637561466133507393e-01 1.450947192582934808e-01
4.639999999999500346e+01 9.635802089119018810e-01 1.436265723162390706e-01
4.649999999999499067e+01 9.614666333411217014e-01 1.437550185255239976e-01
4.659999999999497788e+01 9.574338500622080472e-01 1.454723186398877433e-01
4.669999999999496509e+01 9.515095628332763678e-01 1.487630747263184172e-01
4.679999999999495230e+01 9.437305604094216038e-01 1.536043430656434394e-01
4.689999999999494662e+01 9.341424829037724420e-01 1.599657834561791780e-01
4.699999999999493383e+01 9.227995445613612624e-01 1.678098439937478481e-01
4.709999999999492104e+01 9.097642146897173543e-01 1.770919802308367763e-01
4.719999999999491536e+01 8.951068586487384016e-01 1.877609074531888800e-01
4.729999999999490257e+01 8.789053408592624184e-01 1.997588846522318218e-01
4.739999999999488978e+01 8.612445918572463333e-01 2.130220286142633646e-01
4.749999999999487699e+01 8.422161415917643890e-01 2.274806563932048609e-01
4.759999999999486420e+01 8.219176214317810425e-01 2.430596542853606101e-01
4.769999999999485851e+01 8.004522376277452000e-01 2.596788712865149562e-01
4.779999999999484572e+01 7.779282192129677309e-01 2.772535348865389215e-01
4.789999999999483293e+01 7.544582435370195128e-01 2.956946869459737282e-01
4.799999999999482725e+01 7.301588428360313854e-01 3.149096373028543172e-01
4.809999999999481446e+01 7.051497954787765421e-01 3.348024326778399340e-01
4.819999999999480167e+01 6.795535057589118244e-01 3.552743383841892033e-01
4.829999999999478888e+01 6.534943762637364095e-01 3.762243303093895652e-01
4.839999999999477609e+01 6.270981768518920640e-01 3.975495946177255990e-01
4.849999999999477041e+01 6.004914140835861946e-01 4.191460326262390623e-01
4.859999999999475762e+01 5.738007046219311125e-01 4.409087683248631429e-01
4.869999999999474483e+01 5.471521557737000219e-01 4.627326560401527900e-01
4.879999999999473914e+01 5.206707560553426317e-01 4.845127857775810565e-01
4.889999999999472635e+01 4.944797784872461688e-01 5.061449838189557848e-01
4.899999999999471356e+01 4.687001992107285853e-01 5.275263062010986381e-01
4.909999999999470077e+01 4.434501339355569893e-01 5.485555227620731999e-01
4.919999999999468798e+01 4.188442946055723759e-01 5.691335895136965251e-01
4.929999999999468230e+01 3.949934684807597240e-01 5.891641071850096667e-01
4.939999999999466951e+01 3.720040215914475756e-01 6.085537638773589331e-01
4.949999999999465672e+01 3.499774282802007863e-01 6.272127598759417166e-01
4.959999999999465103e+01 3.290098283597744921e-01 6.450552127708726324e-01
4.969999999999463824e+01 3.091916132830796471e-01 6.619995411515016137e-01
4.979999999999462545e+01 2.906070426172338017e-01 6.779688252513689228e-01
4.989999999999461266e+01 2.733338920273489792e-01 6.928911430359191437e-01
