1.000000000000000000e+00 2.000000000000000000e+00 0.000000000000000000e+00
1.099999999999988987e+00 1.997600967004913075e+00 1.999200209367768804e-03
1.199999999999977973e+00 1.990415473184399042e+00 7.987208604959970121e-03
1.299999999999966960e+00 1.978478310044510691e+00 1.793529511624079864e-02
1.399999999999955946e+00 1.961847336867246661e+00 3.179573168038749009e-02
1.499999999999944933e+00 1.940603236226386752e+00 4.950202495858568169e-02
1.599999999999933920e+00 1.914849142162886153e+00 7.096924104059777749e-02
1.699999999999922906e+00 1.884710143512938529e+00 9.609442069847831669e-02
1.799999999999911893e+00 1.850332666481988797e+00 1.247570832104484551e-01
1.899999999999900879e+00 1.811883741808049564e+00 1.568198162631558867e-01
1.999999999999889866e+00 1.769550162565122653e+00 1.921289489606605172e-01
2.099999999999878852e+00 1.723537538631059185e+00 2.305153045204405837e-01
2.199999999999867839e+00 1.674069253555592329e+00 2.717950288138051285e-01
2.299999999999856826e+00 1.621385329613956650e+00 3.157704905057326372e-01
2.399999999999845812e+00 1.565741207333312790e+00 3.622312481682466445e-01
2.499999999999834799e+00 1.507406446449584880e+00 4.109550793877177477e-01
2.599999999999823785e+00 1.446663355978336396e+00 4.617090665641775948e-01
2.699999999999812772e+00 1.383805561762263547e+00 5.142507338170918540e-01
2.799999999999801759e+00 1.319136520176725780e+00 5.683292291686166120e-01
2.899999999999790745e+00 1.252967986651925436e+00 6.236865459706751880e-01
2.999999999999779732e+00 1.185618447572819312e+00 6.800587773712851725e-01
3.099999999999768718e+00 1.117411523933494744e+00 7.371773974777675598e-01
3.199999999999757705e+00 1.048674355006101733e+00 7.947705627646914905e-01
3.299999999999746692e+00 9.797359706925832246e-01 8.525644272002004254e-01
3.399999999999735678e+00 9.109256617731028571e-01 9.102844645415810731e-01
3.499999999999724665e+00 8.425713568619498384e-01 9.676567912775859703e-01
3.599999999999713651e+00 7.749980134558853706e-01 1.024409483741363092e+00
3.699999999999702638e+00 7.085260293333157655e-01 1.080273882952188513e+00
3.799999999999691624e+00 6.434696807587519940e-01 1.134985880775400080e+00
3.899999999999680611e+00 5.801355949987362370e-01 1.188287181053474306e+00
3.999999999999669598e+00 5.188212655667712170e-01 1.239926529484607354e+00
4.099999999999658584e+00 4.598136189067727475e-01 1.289660906217165559e+00
4.199999999999647571e+00 4.033876407889534499e-01 1.337256675378715620e+00
4.299999999999636557e+00 3.498050696975174567e-01 1.382490686047591177e+00
4.399999999999625544e+00 2.993131633951770509e-01 1.425151319480198131e+00
4.499999999999614531e+00 2.521435440721210286e-01 1.465039477722908989e+00
4.599999999999603517e+00 2.085111269816401769e-01 1.501969509074138287e+00
4.699999999999592504e+00 1.686131368159951294e-01 1.535770066223936192e+00
4.799999999999581490e+00 1.326282152060568043e-01 1.566284893264868083e+00
4.899999999999570477e+00 1.007156220700265864e-01 1.593373538124154720e+00
4.999999999999559464e+00 7.301453328163515222e-02 1.616911987315688748e+00
5.099999999999548450e+00 4.964343696026628922e-02 1.636793220274107119e+00
5.199999999999537437e+00 3.069963040864288548e-02 1.652927680907244401e+00
5.299999999999526423e+00 1.625881944271971927e-02 1.665243664387494604e+00
5.399999999999515410e+00 6.374821544452797216e-03 1.673687617602916955e+00
5.499999999999504396e+00 1.079373788735793916e-03 1.678224352109405793e+00
5.599999999999493383e+00 3.820459056799375324e-04 1.678837168853854589e+00
5.699999999999482370e+00 4.270258265095368266e-03 1.675527894363006531e+00
5.799999999999471356e+00 1.270940406234680013e-02 1.668316828512852235e+00
5.899999999999460343e+00 2.564307461298991064e-02 1.657242604393514673e+00
5.999999999999449329e+00 4.299338647545962455e-02 1.642361961166874940e+00
6.099999999999438316e+00 6.466140899717136292e-02 1.623749431181890746e+00
6.199999999999427303e+00 9.052769065972364471e-02 1.601496942984763416e+00
6.299999999999416289e+00 1.204528822569576191e-01 1.575713342239455361e+00
6.399999999999405276e+00 1.542784544947322090e-01 1.546523832955244204e+00
6.499999999999394262e+00 1.918275069706994740e-01 1.514069341802316560e+00
6.599999999999383249e+00 2.329056645471331011e-01 1.478505808691266576e+00
6.699999999999372235e+00 2.773020559530131601e-01 1.440003407198992891e+00
6.799999999999361222e+00 3.247903684604740993e-01 1.398745698821030503e+00
6.899999999999350209e+00 3.751299721041035928e-01 1.354928725378734100e+00
6.999999999999339195e+00 4.280671071463010846e-01 1.308760044190028227e+00
7.099999999999328182e+00 4.833361289173440656e-01 1.260457710826712985e+00
7.199999999999317168e+00 5.406608044429644933e-01 1.210249214459426570e+00
7.299999999999306155e+00 5.997556553687496406e-01 1.158370370951963713e+00
7.399999999999295142e+00 6.603273414862783630e-01 1.105064179019648041e+00
7.499999999999284128e+00 7.220760785615651933e-01 1.050579644920025979e+00
7.599999999999273115e+00 7.846970834617683632e-01 9.951705813002895695e-01
7.699999999999262101e+00 8.478820392646084780e-01 9.390943859604069521e-01
7.799999999999251088e+00 9.113205732941370707e-01 8.826108063862518893e-01
7.899999999999240075e+00 9.747017416263659140e-01 8.259806959506876822e-01
7.999999999999229061e+00 1.037715514171663855e+00 7.694647676836439132e-01
8.099999999999218048e+00 1.100054254806317910e+00 7.133223514879338811e-01
8.199999999999207034e+00 1.161414191279915631e+00 6.578101606364757936e-01
8.299999999999196021e+00 1.221496869610871450e+00 6.031810733316387285e-01
8.399999999999185007e+00 1.280010586971798814e+00 5.496829350478870113e-01
8.499999999999173994e+00 1.336671795782963690e+00 4.975573873205881847e-01
8.599999999999162981e+00 1.391206470690351082e+00 4.470387285773518848e-01
8.699999999999151967e+00 1.443351429836798205e+00 3.983528125112525964e-01
8.799999999999140954e+00 1.492855602140545690e+00 3.517159893519572478e-01
8.899999999999129940e+00 1.539481232897022434e+00 3.073340951997896031e-01
8.999999999999118927e+00 1.583005020870487556e+00 2.654014943496367795e-01
9.099999999999107914e+00 1.623219181026848368e+00 2.261001792518398112e-01
9.199999999999096900e+00 1.659932427972172331e+00 1.895989324442077795e-01
9.299999999999085887e+00 1.692970875890186244e+00 1.560525544539657361e-01
9.399999999999074873e+00 1.722178851441996450e+00 1.256011613176468977e-01
9.499999999999063860e+00 1.747419616823369104e+00 9.836955500541477715e-02
9.599999999999052847e+00 1.768576000546566940e+00 7.446666966811864297e-02
9.699999999999041833e+00 1.785550933152826536e+00 5.398509625664250217e-02
9.799999999999030820e+00 1.798267884483390144e+00 3.700068769235161092e-02
9.899999999999019806e+00 1.806671199045079446e+00 2.357224638618216073e-02
9.999999999999008793e+00 1.810726326731697755e+00 1.374129550457166282e-02
1.009999999999899778e+01 1.810419947519607220e+00 7.531934961762418515e-03
1.019999999999898677e+01 1.805759990118783298e+00 4.950782686970733697e-03
1.029999999999897575e+01 1.796775545507932836e+00 5.987001282089195360e-03
1.039999999999896474e+01 1.783516676532345135e+00 1.061240975979325755e-02
1.049999999999895373e+01 1.766054124218615407e+00 1.878167963529462844e-02
1.059999999999894271e+01 1.744478910892874435e+00 3.043261423100231469e-02
1.069999999999893170e+01 1.718901840578550999e+00 4.548650963358251420e-02
1.079999999999892069e+01 1.689452898723346808e+00 6.384859531805429922e-02
1.089999999999890967e+01 1.656280555294310952e+00 8.540855203603826828e-02
1.099999999999889866e+01 1.619550976353958394e+00 1.100411041695597975e-01
1.109999999999888765e+01 1.579447149019183705e+00 1.376066833820854818e-01
1.119999999999887663e+01 1.536167924358873726e+00 1.679521600491623023e-01
1.129999999999886562e+01 1.489926983148453621e+00 2.009116386193560422e-01
1.139999999999885461e+01 1.440951729958257710e+00 2.363073127440127597e-01
1.149999999999884359e+01 1.389482121357039857e+00 2.739503757224136526e-01
1.159999999999883258e+01 1.335769434492883878e+00 3.136419815386496390e-01
1.169999999999882156e+01 1.280074983132368116e+00 3.551742515265486344e-01
1.179999999999881055e+01 1.222668788689136976e+00 3.983313214963277726e-01
1.189999999999879954e+01 1.163828213442613668e+00 4.428904239872216708e-01
1.199999999999878852e+01 1.103836562668477850e+00 4.886230001627561159e-01
1.209999999999877751e+01 1.042981662479771643e+00 5.352958357376340626e-01
1.219999999999876650e+01 9.815544206636931390e-01 5.826722152267868049e-01
1.229999999999875548e+01 9.198473780783332776e-01 6.305130887440801857e-01
1.239999999999874447e+01 8.581532579903288216e-01 6.785782455471814911e-01
1.249999999999873346e+01 7.967635203048464287e-01 7.266274885157257835e-01
1.259999999999872244e+01 7.359669273149875846e-01 7.744218037549944755e-01
1.269999999999871143e+01 6.760481276641999715e-01 8.217245195394090596e-01
1.279999999999870042e+01 6.172862657173667777e-01 8.683024488641395422e-01
1.289999999999868940e+01 5.599536241277643933e-01 9.139270099794570834e-01
1.299999999999867839e+01 5.043143074308977791e-01 9.583753194499045058e-01
1.309999999999866738e+01 4.506229736989126877e-01 1.001431252490938562e+00
1.319999999999865636e+01 3.991236201184236720e-01 1.042886465560538989e+00
1.329999999999864535e+01 3.500484274194153866e-01 1.082541376403692190e+00
1.339999999999863434e+01 3.036166675012766381e-01 1.120206096958123565e+00
1.349999999999862332e+01 2.600336782896247589e-01 1.155701314736938823e+00
1.359999999999861231e+01 2.194899099361244665e-01 1.188859118507863633e+00
1.369999999999860130e+01 1.821600470135180116e-01 1.219523764319136561e+00
1.379999999999859028e+01 1.482022119946923289e-01 1.247552378206541190e+00
1.389999999999857927e+01 1.177572553788646115e-01 1.272815592280152952e+00
1.399999999999856826e+01 9.094813694601448784e-02 1.295198111317302558e+00
1.409999999999855724e+01 6.787940108848365683e-02 1.314599207432620931e+00
1.419999999999854623e+01 4.863674775597508909e-02 1.330933140811125570e+00
1.429999999999853522e+01 3.328669973939617222e-02 1.344129504867636715e+00
1.439999999999852420e+01 2.187636668722056296e-02 1.354133494553797279e+00
1.449999999999851319e+01 1.443330608279824907e-02 1.360906096887559258e+00
1.459999999999850218e+01 1.096548130426203485e-02 1.364424203128375090e+00
1.469999999999849116e+01 1.146131682107504046e-02 1.364680642370468044e+00
1.479999999999848015e+01 1.588985044614437195e-02 1.361684136685409774e+00
1.489999999999846914e+01 2.420098222892429207e-02 1.355459178328906056e+00
1.499999999999845812e+01 3.632581898344523080e-02 1.346045829930236470e+00
1.509999999999844711e+01 5.217711261982992815e-02 1.333499449003506143e+00
1.519999999999843610e+01 7.164978951442278754e-02 1.317890338540802064e+00
1.529999999999842508e+01 9.462156735404793351e-02 1.299303325849879620e+00
1.539999999999841407e+01 1.209536554022192928e-01 1.277837272160368132e+00
1.549999999999840306e+01 1.504915338273787595e-01 1.253604515849991774e+00
1.559999999999839204e+01 1.830658073166535338e-01 1.226730252456544878e+00
1.569999999999838103e+01 2.184931276050200155e-01 1.197351854954329609e+00
1.579999999999837001e+01 2.565771789412686354e-01 1.165618138075433130e+00
1.589999999999835900e+01 2.971097201017114386e-01 1.131688570728298648e+00
1.599999999999834799e+01 3.398716765484527946e-01 1.095732440794956686e+00
1.609999999999833875e+01 3.846342767677521368e-01 1.057927976763193723e+00
1.619999999999832596e+01 4.311602274329597861e-01 1.018461430775417176e+00
1.629999999999831317e+01 4.792049223379084566e-01 9.775261277735008969e-01
1.639999999999830393e+01 5.285176798507412732e-01 9.353214855114604376e-01
1.649999999999829470e+01 5.788430031437742374e-01 8.920520103070728180e-01
1.659999999999828191e+01 6.299218569834844628e-01 8.479262735071133594e-01
1.669999999999826912e+01 6.814929546162942220e-01 8.031558737300465989e-01
1.679999999999825988e+01 7.332940481829236523e-01 7.579543900147969193e-01
1.689999999999825064e+01 7.850632160703816531e-01 7.125363310373664660e-01
1.699999999999823785e+01 8.365401408677864969e-01 6.671160855544053803e-01
1.709999999999822506e+01 8.874673721657662107e-01 6.219068791886264158e-01
1.719999999999821583e+01 9.375915688802737291e-01 5.771197425915158830e-01
1.729999999999820659e+01 9.866647157792690637e-01 5.329624959243038917e-01
1.739999999999819380e+01 1.034445308717405476e+00 4.896387544967753525e-01
1.749999999999818101e+01 1.080699502920385191e+00 4.473469602879253104e-01
1.759999999999817177e+01 1.125202218343760441e+00 4.062794439391567702e-01
1.769999999999816254e+01 1.167738195784366884e+00 3.666215216556143464e-01
1.779999999999814975e+01 1.208102997482422447e+00 3.285506312699876252e-01
1.789999999999813696e+01 1.246103946675485075e+00 2.922355115089926292e-01
1.799999999999812772e+01 1.281561001937556954e+00 2.578354282540175069e-01
1.809999999999811848e+01 1.314307563735768847e+00 2.254994513110488707e-01
1.819999999999810569e+01 1.344191211528740437e+00 1.953657849148915104e-01
1.829999999999809290e+01 1.371074369268649118e+00 1.675611549089866814e-01
1.839999999999808367e+01 1.394834895907282712e+00 1.422002552705798617e-01
1.849999999999807443e+01 1.415366596766780560e+00 1.193852563770272518e-01
1.859999999999806164e+01 1.432579652255238978e+00 9.920537711058420582e-02
1.869999999999804885e+01 1.446400961930608853e+00 8.173652256790164827e-02
1.879999999999803961e+01 1.456774403145504326e+00 6.704098878787617677e-02
1.889999999999803038e+01 1.463661003977265951e+00 5.516723555445660759e-02
1.899999999999801759e+01 1.467039030478815897e+00 4.614972797838931551e-02
1.909999999999800480e+01 1.466903989022833477e+00 4.000884721422155038e-02
1.919999999999799556e+01 1.463268545515467256e+00 3.675087032677685356e-02
1.929999999999798632e+01 1.456162363997915543e+00 3.636801898925579035e-02
1.939999999999797353e+01 1.445631867133583270e+00 3.883857637904213761e-02
1.949999999999796074e+01 1.431739920360504348e+00 4.412707133710763036e-02
1.959999999999795151e+01 1.414565440678024366e+00 5.218452856345037749e-02
1.969999999999794227e+01 1.394202930672949758e+00 6.294878332358784523e-02
1.979999999999792948e+01 1.370761938605688846e+00 7.634485883603374379e-02
1.989999999999791669e+01 1.344366445999580550e+00 9.228540420122158250e-02
1.999999999999790745e+01 1.315154184894469003e+00 1.106711904232447058e-01
2.009999999999789821e+01 1.283275887713762442e+00 1.313916617710758905e-01
2.019999999999788542e+01 1.248894473826451801e+00 1.543255394331232433e-01
2.029999999999787264e+01 1.212184178235546694e+00 1.793414741494301634e-01
2.039999999999786340e+01 1.173329628650464862e+00 2.062987442686989026e-01
2.049999999999785416e+01 1.132524877071206193e+00 2.350479954716337139e-01
2.059999999999784137e+01 1.089972391483480685e+00 2.654320182213345536e-01
2.069999999999782858e+01 1.045882013227666274e+00 2.972865588429766670e-01
2.079999999999781934e+01 1.000469886262284724e+00 3.304411600060654930e-01
2.089999999999781011e+01 9.539573650481197875e-01 3.647200262905308521e-01
2.099999999999779732e+01 9.065699072772491762e-01 3.999429104564166115e-01
2.109999999999778453e+01 8.585359566415878829e-01 4.359260159889691844e-01
2.119999999999777529e+01 8.100858203603630292e-01 4.724829114523576568e-01
2.129999999999776605e+01 7.614505463606341396e-01 5.094254521659499213e-01
2.139999999999775326e+01 7.128608051419081937e-01 5.465647047232918831e-01
2.149999999999774047e+01 6.645457810863523163e-01 5.837118698995406030e-01
2.159999999999773124e+01 6.167320775960350998e-01 6.206791995269181905e-01
2.169999999999772200e+01 5.696426404811204547e-01 6.572809029553519089e-01
2.179999999999770921e+01 5.234957045918501306e-01 6.933340387697994878e-01
2.189999999999769642e+01 4.785037693197453090e-01 7.286593875221651917e-01
2.199999999999768718e+01 4.348726088012265789e-01 7.630823013650129827e-01
2.209999999999767795e+01 3.928003222796241922e-01 7.964335266401395552e-01
2.219999999999766516e+01 3.524764292158499290e-01 8.285499956625734796e-01
2.229999999999765237e+01 3.140810126959007742e-01 8.592755841291085384e-01
2.239999999999764313e+01 2.777839140123682937e-01 8.884618307634557510e-01
2.249999999999763389e+01 2.437439812171697806e-01 9.159686159996366372e-01
2.259999999999762110e+01 2.121083744881423205e-01 9.416647967214377690e-01
2.269999999999760831e+01 1.830119308637148112e-01 9.654287943177086717e-01
2.279999999999759908e+01 1.565765903976499007e-01 9.871491335636335407e-01
2.289999999999758984e+01 1.329108854393882266e-01 1.006724930083638059e+00
2.299999999999757705e+01 1.121094946971091660e-01 1.024066324395588534e+00
2.309999999999756426e+01 9.425286378951572286e-02 1.039094860792608266e+00
2.319999999999755502e+01 7.940689377827878093e-02 1.051743809598261858e+00
2.329999999999754579e+01 6.762269859988445653e-02 1.061958431621237597e+00
2.339999999999753300e+01 5.893643169065358733e-02 1.069696183910509690e+00
2.349999999999752021e+01 5.336918177595018770e-02 1.074926866153072647e+00
2.359999999999751097e+01 5.092693789440803920e-02 1.077632707262575096e+00
2.369999999999750173e+01 5.160062406698089077e-02 1.077808391915169750e+00
2.379999999999748894e+01 5.536620421761443561e-02 1.075461027028391525e+00
2.389999999999747615e+01 6.218485778538734160e-02 1.070610048460969077e+00
2.399999999999746692e+01 7.200322603097607244e-02 1.063287068513506517e+00
2.409999999999745768e+01 8.475372847087472850e-02 1.053535665112726116e+00
2.419999999999744489e+01 1.003549481438490570e-01 1.041411113870573502e+00
2.429999999999743210e+01 1.187120835397972307e-01 1.026980064525046865e+00
2.439999999999742286e+01 1.397174642537191425e-01 1.010320163576321040e+00
2.449999999999741362e+01 1.632511270066976661e-01 9.915196252056581727e-01
2.459999999999740083e+01 1.891814485668269208e-01 9.706767528039492721e-01
2.469999999999738804e+01 2.173658321159847584e-01 9.478994136541414317e-01
2.479999999999737881e+01 2.476514436008288578e-01 9.233044695203104224e-01
2.489999999999736957e+01 2.798759945288360473e-01 8.970171660942902747e-01
2.499999999999735678e+01 3.138685675570919709e-01 8.691704844357478477e-01
2.509999999999734399e+01 3.494504811130652033e-01 8.399044577055818639e-01
2.519999999999733475e+01 3.864361891098422874e-01 8.093654566373641446e-01
2.529999999999732552e+01 4.246342114788531075e-01 7.777054473264235490e-01
2.539999999999731273e+01 4.638480908015660265e-01 7.450812250477562015e-01
2.549999999999729994e+01 5.038773699664241823e-01 7.116536279379515051e-01
2.559999999999729070e+01 5.445185856576767458e-01 6.775867344770957201e-01
2.569999999999728146e+01 5.855662725636444632e-01 6.430470487738368934e-01
2.579999999999726867e+01 6.268139732704972600e-01 6.082026776943139090e-01
2.589999999999725588e+01 6.680552487021196306e-01 5.732225038942863060e-01
2.599999999999724665e+01 7.090846837236025602e-01 5.382753588221983465e-01
2.609999999999723741e+01 7.496988823398947899e-01 5.035291997563083877e-01
2.619999999999722462e+01 7.896974468178984408e-01 4.691502949131044486e-01
2.629999999999721183e+01 8.288839349180345817e-01 4.353024206163256804e-01
2.639999999999720259e+01 8.670667894796258990e-01 4.021460744410398913e-01
2.649999999999719336e+01 9.040602354345562697e-01 3.698377081352987039e-01
2.659999999999718057e+01 9.396851409132688238e-01 3.385289839621171137e-01
2.669999999999716778e+01 9.737698405319477057e-01 3.083660579076445973e-01
2.679999999999715854e+01 1.006150919367053254e+00 2.794888929950223866e-01
2.689999999999714930e+01 1.036673955669060510e+00 2.520306057500247277e-01
2.699999999999713651e+01 1.065194219900121420e+00 2.261168486870371863e-01
2.709999999999712372e+01 1.091577327779872819e+00 2.018652315108145356e-01
2.719999999999711449e+01 1.115699845413989921e+00 1.793847835529914780e-01
2.729999999999710525e+01 1.137449844684625289e+00 1.587754597849057869e-01
2.739999999999709246e+01 1.156727406744703535e+00 1.401276925766150316e-01
2.749999999999707967e+01 1.173445070828873726e+00 1.235219912032916589e-01
2.759999999999707043e+01 1.187528224893647621e+00 1.090285909262447006e-01
2.769999999999706120e+01 1.198915434164549154e+00 9.670715328384375808e-02
2.779999999999704841e+01 1.207558703725980065e+00 8.660651900897997635e-02
2.789999999999703562e+01 1.213423671899048095e+00 7.876451473840799522e-02
2.799999999999702638e+01 1.216489732222485243e+00 7.320781439600462792e-02
2.809999999999701714e+01 1.216750083058073528e+00 6.995185582359181309e-02
2.819999999999700435e+01 1.214211704814724957e+00 6.900081291341587930e-02
2.829999999999699156e+01 1.208895265538577179e+00 7.034762317936657516e-02
2.839999999999698233e+01 1.200834956431631184e+00 7.397407039652820204e-02
2.849999999999697309e+01 1.190078259520092496e+00 7.985092164250402746e-02
2.859999999999696030e+01 1.176685649737451156e+00 8.793811779106065762e-02
2.869999999999694751e+01 1.160730233402497813e+00 9.818501623898130692e-02
2.879999999999693827e+01 1.142297325219885362e+00 1.105306843888587270e-01
2.889999999999692903e+01 1.121483966646279251e+00 1.249042421638310169e-01
2.899999999999691624e+01 1.098398389108623086e+00 1.412252515985840395e-01
2.909999999999690345e+01 1.073159425683185786e+00 1.594041513350847872e-01
2.919999999999689422e+01 1.045895874647519541e+00 1.793427336495665159e-01
2.929999999999688498e+01 1.016745818065745377e+00 2.009346614469710302e-01
2.939999999999687219e+01 9.858558984401505354e-01 2.240660224772474951e-01
2.949999999999685940e+01 9.533805567234109324e-01 2.486159178523036362e-01
2.959999999999685016e+01 9.194812355949867344e-01 2.744570817764734882e-01
2.969999999999684093e+01 8.843255524196603767e-01 3.014565292553852416e-01
2.979999999999682814e+01 8.480864465444972744e-01 3.294762284225939419e-01
2.989999999999681535e+01 8.109413058718363265e-01 3.583737940220010354e-01
2.999999999999680611e+01 7.730710780409519867e-01 3.880031985112765147e-01
3.009999999999679687e+01 7.346593714954885446e-01 4.182154972094427325e-01
3.019999999999678408e+01 6.958915510032032126e-01 4.488595638906414664e-01
3.029999999999677129e+01 6.569538316195026040e-01 4.797828332093950210e-01
3.039999999999676206e+01 6.180323753022565203e-01 5.108320463302901127e-01
3.049999999999675282e+01 5.793123949285344798e-01 5.418539961417524475e-01
3.059999999999674003e+01 5.409772705610351728e-01 5.726962684693145400e-01
3.069999999999672724e+01 5.032076823948953281e-01 6.032079757654923435e-01
3.079999999999671800e+01 4.661807642473707047e-01 6.332404798365773857e-01
3.089999999999670877e+01 4.300692808429616432e-01 6.626481002667382603e-01
3.099999999999669598e+01 3.950408314841913349e-01 6.912888053029380142e-01
3.109999999999668319e+01 3.612570822874250354e-01 7.190248820635692928e-01
3.119999999999667395e+01 3.288730292468545757e-01 7.457235830326944814e-01
3.129999999999666471e+01 2.980362946457057460e-01 7.712577459203385777e-01
3.139999999999665192e+01 2.688864593451444907e-01 7.955063841023121141e-01
3.149999999999663913e+01 2.415544333672166588e-01 8.183552449858647604e-01
3.159999999999662990e+01 2.161618673330271134e-01 8.396973337696905793e-01
3.169999999999662066e+01 1.928206077401167229e-01 8.594334001934872402e-01
3.179999999999660787e+01 1.716321994134051843e-01 8.774723860257186425e-01
3.189999999999659508e+01 1.526874384664793360e-01 8.937318312311526292e-01
3.199999999999658584e+01 1.360659786739056576e-01 9.081382369921506825e-01
3.209999999999657661e+01 1.218359933837637465e-01 9.206273840108375461e-01
3.219999999999656382e+01 1.100538943478494708e-01 9.311446047671466664e-01
3.229999999999655103e+01 1.007641083753598871e-01 9.396450086324186213e-01
3.239999999999653824e+01 9.399891241286661980e-02 9.460936589500774652e-01
3.249999999999653255e+01 8.977832735612011061e-02 9.504657014118671476e-01
3.259999999999651976e+01 8.811007062922437960e-02 9.527464432890062618e-01
3.269999999999650697e+01 8.898956741229305245e-02 9.529313833175020454e-01
3.279999999999650129e+01 9.240002036172116628e-02 9.510261922807679014e-01
3.289999999999648850e+01 9.831253755867565280e-02 9.470466445817622425e-01
3.299999999999647571e+01 1.066863180703944147e-01 9.410185013500877993e-01
3.309999999999646292e+01 1.174688940094937156e-01 9.329773458787837814e-01
3.319999999999645013e+01 1.305964274979709294e-01 9.229683724253241461e-01
3.329999999999644444e+01 1.459940605476356124e-01 9.110461296396890063e-01
3.339999999999643165e+01 1.635763156392735229e-01 8.972742200945115210e-01
3.349999999999641886e+01 1.832475447947119196e-01 8.817249575792004412e-01
3.359999999999641318e+01 2.049024250822224780e-01 8.644789839809611243e-01
3.369999999999640039e+01 2.284264985473614673e-01 8.456248477227561455e-01
3.379999999999638760e+01 2.536967543482405163e-01 8.252585458780063998e-01
3.389999999999637481e+01 2.805822503709078930e-01 8.034830322441560702e-01
3.399999999999636202e+01 3.089447709760776983e-01 7.804076938299474575e-01
3.409999999999635634e+01 3.386395170825547418e-01 7.561477983798571278e-01
3.419999999999634355e+01 3.695158247064045387e-01 7.308239157058588065e-01
3.429999999999633076e+01 4.014179082423508516e-01 7.045613157113980174e-01
3.439999999999632507e+01 4.341856249242221355e-01 6.774893460794139122e-01
3.449999999999631228e+01 4.676552569177430674e-01 6.497407926646627807e-01
3.459999999999629949e+01 5.016603075144809853e-01 6.214512256888107267e-01
3.469999999999628670e+01 5.360323080068322144e-01 5.927583348854116307e-01
3.479999999999627391e+01 5.706016318937222609e-01 5.638012567803065700e-01
3.489999999999626823e+01 6.051983129280239515e-01 5.347198973206913619e-01
3.499999999999625544e+01 6.396528632534324021e-01 5.056542530833201265e-01
3.509999999999624265e+01 6.737970877968435524e-01 4.767437342973923631e-01
3.519999999999623697e+01 7.074648913475689582e-01 4.481264929027971022e-01
3.529999999999622418e+01 7.404930751827752955e-01 4.199387588298542640e-01
3.539999999999621139e+01 7.727221203204183153e-01 3.923141876415632279e-01
3.549999999999619860e+01 8.039969542829791260e-01 3.653832226347925038e-01
3.559999999999618581e+01 8.341676977383678526e-01 3.392724744576177121e-01
3.569999999999618012e+01 8.630903867941079888e-01 3.141041212553795647e-01
3.579999999999616733e+01 8.906276662050817139e-01 2.899953322934127886e-01
3.589999999999615454e+01 9.166494484145653043e-01 2.670577179100885878e-01
3.599999999999614886e+01 9.410335332887791449e-01 2.453968085267645982e-01
3.609999999999613607e+01 9.636661837387759943e-01 2.251115652822441027e-01
3.619999999999612328e+01 9.844426532541596941e-01 2.062939246713912655e-01
3.629999999999611049e+01 1.003267662615738631e+00 1.890283793549075997e-01
3.639999999999609770e+01 1.020055824369952013e+00 1.733915970788142968e-01
3.649999999999609201e+01 1.034732014546288603e+00 1.594520794089306914e-01
3.659999999999607923e+01 1.047231691094024475e+00 1.472698617581253144e-01
3.669999999999606644e+01 1.057501157791874702e+00 1.368962559638062515e-01
3.679999999999606075e+01 1.065497771987109932e+00 1.283736364508540895e-01
3.689999999999604796e+01 1.071190095135636122e+00 1.217352707830801073e-01
3.699999999999603517e+01 1.074557986281293953e+00 1.170051951676397139e-01
3.709999999999602238e+01 1.075592639560171593e+00 1.141981352418329210e-01
3.719999999999600959e+01 1.074296567306525674e+00 1.133194722485577205e-01
3.729999999999600391e+01 1.070683530324166188e+00 1.143652544987525249e-01
3.739999999999599112e+01 1.064778416357866853e+00 1.173222538216990990e-01
3.749999999999597833e+01 1.056617067346350414e+00 1.221680665056335546e-01
3.759999999999597264e+01 1.046246056432877936e+00 1.288712580255553797e-01
3.769999999999595985e+01 1.033722416726161830e+00 1.373915506484588156e-01
3.779999999999594706e+01 1.019113324564997702e+00 1.476800528115578548e-01
3.789999999999593427e+01 1.002495740082002484e+00 1.596795289928580330e-01
3.799999999999592148e+01 9.839560071411755926e-01 1.733247086346188792e-01
3.809999999999591580e+01 9.635894135588640719e-01 1.885426325316914287e-01
3.819999999999590301e+01 9.414997115122484272e-01 2.052530349488476402e-01
3.829999999999589022e+01 9.177985977631862857e-01 2.233687595738811094e-01
3.839999999999588454e+01 8.926051540800642448e-01 2.427962072451183562e-01
3.849999999999587175e+01 8.660452496954875734e-01 2.634358132215696702e-01
3.859999999999585896e+01 8.382509090378640337e-01 2.851825516036504693e-01
3.869999999999584617e+01 8.093596488120464727e-01 3.079264643689918479e-01
3.879999999999583338e+01 7.795137886970957553e-01 3.315532123632567441e-01
3.889999999999582769e+01 7.488597396646851090e-01 3.559446454808726235e-01
3.899999999999581490e+01 7.175472734649429585e-01 3.809793891861312232e-01
3.909999999999580211e+01 6.857287765446811179e-01 4.065334444532141545e-01
3.919999999999579643e+01 6.535584919163522910e-01 4.324807981408118618e-01
3.929999999999578364e+01 6.211917532235549100e-01 4.586940407633299244e-01
3.939999999999577085e+01 5.887842159668273956e-01 4.850449885845883324e-01
3.949999999999575806e+01 5.564910911773264246e-01 5.114053069477410007e-01
3.959999999999574527e+01 5.244663866245903305e-01 5.376471317704277775e-01
3.969999999999573959e+01 4.928621598905321144e-01 5.636436861774747342e-01
3.979999999999572680e+01 4.618277866348626803e-01 5.892698893050281050e-01
3.989999999999571401e+01 4.315092466624410594e-01 6.144029543797194792e-01
3.999999999999570832e+01 4.020484301083515066e-01 6.389229732490928626e-01
4.009999999999569553e+01 3.735824658942940579e-01 6.627134846066220497e-01
4.019999999999568274e+01 3.462430745701316481e-01 6.856620232125252290e-01
4.029999999999566995e+01 3.201559480042862060e-01 7.076606474626343513e-01
4.039999999999565716e+01 2.954401591453172937e-01 7.286064427195788618e-01
4.049999999999565148e+01 2.722076058938203147e-01 7.484019979182706672e-01
4.059999999999563869e+01 2.505624935084529992e-01 7.669558531100052479e-01
4.069999999999562590e+01 2.306008595897211799e-01 7.841829158123719834e-01
4.079999999999562021e+01 2.124101446457368203e-01 8.000048442615984579e-01
4.089999999999560742e+01 1.960688100069323536e-01 8.143503958907939433e-01
4.099999999999559464e+01 1.816460038249656517e-01 8.271557395698866388e-01
4.109999999999558185e+01 1.692012752580340507e-01 8.383647303393622074e-01
4.119999999999556906e+01 1.587843367331852884e-01 8.479291455536956956e-01
4.129999999999556337e+01 1.504348742575586095e-01 8.558088815224871304e-01
4.139999999999555058e+01 1.441824059681326708e-01 8.619721099061857794e-01
4.149999999999553779e+01 1.400461893820274251e-01 8.663953932958096127e-01
4.159999999999553211e+01 1.380351780766816139e-01 8.690637595926834491e-01
4.169999999999551932e+01 1.381480286350653675e-01 8.699707350056178345e-01
4.179999999999550653e+01 1.403731584414527334e-01 8.691183357033748225e-01
4.189999999999549374e+01 1.446888542719149962e-01 8.665170183929931103e-01
4.199999999999548095e+01 1.510634307628830331e-01 8.621855903283646150e-01
4.209999999999547526e+01 1.594554370263567833e-01 8.561510794679438874e-01
4.219999999999546247e+01 1.698139091417999735e-01 8.484485656918906438e-01
4.229999999999544968e+01 1.820786660800841616e-01 8.391209741586564963e-01
4.239999999999544400e+01 1.961806467064281523e-01 8.282188320387843250e-01
4.249999999999543121e+01 2.120422857020009544e-01 8.157999900128450887e-01
4.259999999999541842e+01 2.295779264054873259e-01 8.019293100644243610e-01
4.269999999999540563e+01 2.486942686396853841e-01 7.866783212422971960e-01
4.279999999999539284e+01 2.692908495742177277e-01 7.701248452014644030e-01
4.289999999999538716e+01 2.912605555822919690e-01 7.523525934501346102e-01
4.299999999999537437e+01 3.144901628760433665e-01 7.334507383234311062e-01
4.309999999999536158e+01 3.388609045782067786e-01 7.135134597879592144e-01
4.319999999999535589e+01 3.642490618924615342e-01 6.926394702635422229e-01
4.329999999999534310e+01 3.905265770310342166e-01 6.709315197381728879e-01
4.339999999999533031e+01 4.175616854002127121e-01 6.484958835501389851e-01
4.349999999999531752e+01 4.452195642693392852e-01 6.254418353145684284e-01
4.359999999999530473e+01 4.733629949034992568e-01 6.018811075694785462e-01
4.369999999999529905e+01 5.018530350808635410e-01 5.779273427941963304e-01
4.379999999999528626e+01 5.305496989941741459e-01 5.536955375006246127e-01
4.389999999999527347e+01 5.593126414095346277e-01 5.293014821214917509e-01
4.399999999999526779e+01 5.880018424329715998e-01 5.048611994326962504e-01
4.409999999999525500e+01 6.164782886331683365e-01 4.804903842579232309e-01
4.419999999999524221e+01 6.446046459900652836e-01 4.563038472075175989e-01
4.429999999999522942e+01 6.722459202818198420e-01 4.324149651898373525e-01
4.439999999999521663e+01 6.992701010136349593e-01 4.089351413934297907e-01
4.449999999999521094e+01 7.255487857499978155e-01 3.859732773665348615e-01
4.459999999999519815e+01 7.509577826229085762e-01 3.636352597185848468e-01
4.469999999999518536e+01 7.753776895048170026e-01 3.420234638493725998e-01
4.479999999999517968e+01 7.986944483745879175e-01 3.212362769957884945e-01
4.489999999999516689e+01 8.207998728171584935e-01 3.013676427843038907e-01
4.499999999999515410e+01 8.415921460643839280e-01 2.825066293803633610e-01
4.509999999999514131e+01 8.609762869170994870e-01 2.647370232175559335e-01
4.519999999999512852e+01 8.788645810104139811e-01 2.481369501652618825e-01
4.529999999999512283e+01 8.951769749746771865e-01 2.327785258567796611e-01
4.539999999999511004e+01 9.098414313573864876e-01 2.187275367537833415e-01
4.549999999999509726e+01 9.227942428061045588e-01 2.060431533655729675e-01
4.559999999999509157e+01 9.339803045575094664e-01 1.947776768742300324e-01
4.569999999999507878e+01 9.433533443954187359e-01 1.849763202416222774e-01
4.579999999999506599e+01 9.508761090548256689e-01 1.766770246923161924e-01
4.589999999999505320e+01 9.565205059017637401e-01 1.699103122776510766e-01
4.599999999999504041e+01 9.602676989444910438e-01 1.646991750338028249e-01
4.609999999999503473e+01 9.621081588856584821e-01 1.610590010562364949e-01
4.619999999999502194e+01 9.620416677159079333e-01 1.589975376292708242e-01
4.629999999999500915e+01 9.600772789406367691e-01 1.585148913753745004e-01
4.639999999999500346e+01 9.562332347981227221e-01 1.596035652269534311e-01
4.649999999999499067e+01 9.505368417604564968e-01 1.622485318744873173e-01
4.659999999999497788e+01 9.430243052478740617e-01 1.664273432023515298e-01
4.669999999999496509e+01 9.337405239572433846e-01 1.721102750754229527e-01
4.679999999999495230e+01 9.227388437179655511e-01 1.792605066804713598e-01
4.689999999999494662e+01 9.100807705636740907e-01 1.878343334610217685e-01
4.699999999999493383e+01 8.958356428741510724e-01 1.977814125172122628e-01
4.709999999999492104e+01 8.800802630696336060e-01 2.090450391724745505e-01
4.719999999999491536e+01 8.628984904949692503e-01 2.215624532377132028e-01
4.729999999999490257e+01 8.443807985482872924e-01 2.352651733396481926e-01
4.739999999999488978e+01 8.246238000263216295e-01 2.500793575382960765e-01
4.749999999999487699e+01 8.037297444944812019e-01 2.659261883472973098e-01
4.759999999999486420e+01 7.818059906237925238e-01 2.827222801812465103e-01
4.769999999999485851e+01 7.589644557612855724e-01 3.003801071686068580e-01
4.779999999999484572e+01 7.353210449158005257e-01 3.188084491774932916e-01
4.789999999999483293e+01 7.109950616914582078e-01 3.379128538077327826e-01
4.799999999999482725e+01 6.861086041947410674e-01 3.575961120136572080e-01
4.809999999999481446e+01 6.607859493143088958e-01 3.777587449435310107e-01
4.819999999999480167e+01 6.351529288998944978e-01 3.982994995163537943e-01
4.829999999999478888e+01 6.093363013371232428e-01 4.191158502070257974e-01
4.839999999999477609e+01 5.834631219753535492e-01 4.401045044819137386e-01
4.849999999999477041e+01 5.576601159009269004e-01 4.611619093239932021e-01
4.859999999999475762e+01 5.320530566830938834e-01 4.821847563124830316e-01
4.869999999999474483e+01 5.067661547635429198e-01 5.030704827727628947e-01
4.879999999999473914e+01 4.819214588309340686e-01 5.237177665773254942e-01
4.889999999999472635e+01 4.576382729130608618e-01 5.440270122414265774e-01
4.899999999999471356e+01 4.340325913777406952e-01 5.639008260096626257e-01
4.909999999999470077e+01 4.112165537996291809e-01 5.832444776759825311e-01
4.919999999999468798e+01 3.892979219059022333e-01 6.019663469347528162e-01
4.929999999999468230e+01 3.683795814280995118e-01 6.199783521445344503e-01
4.939999999999466951e+01 3.485590720239057916e-01 6.371963595118758095e-01
4.949999999999465672e+01 3.299281479333538436e-01 6.535405708611765618e-01
4.959999999999465103e+01 3.125723708778458398e-01 6.689358883236009579e-01
4.969999999999463824e+01 2.965707357283730028e-01 6.833122544225047612e-01
4.979999999999462545e+01 2.819953292116380572e-01 6.966049661465449905e-01
4.989999999999461266e+01 2.689110221723493566e-01 7.087549616954216258e-01
