1.000000000000000000e+00 2.000000000000000000e+00 0.000000000000000000e+00
1.099999999999988987e+00 1.997600966797931532e+00 1.999200209333669778e-03
1.199999999999977973e+00 1.990415466258770749e+00 7.987208600387322305e-03
1.299999999999966960e+00 1.978478256240386646e+00 1.793529503607972989e-02
1.399999999999955946e+00 1.961847107839566062e+00 3.179573107078627336e-02
1.499999999999944933e+00 1.940602536755051233e+00 4.950202203005645007e-02
1.599999999999933920e+00 1.914847413208747851e+00 7.096923053040224416e-02
1.699999999999922906e+00 1.884706454466921643e+00 9.609438987693086354e-02
1.799999999999911893e+00 1.850325604521054768e+00 1.247570052885401543e-01
1.899999999999900879e+00 1.811871305361844486e+00 1.568196404369654462e-01
1.999999999999889866e+00 1.769529664215987896e+00 1.921285863420114093e-01
2.099999999999878852e+00 1.723505521477543434e+00 2.305146092391881507e-01
2.199999999999867839e+00 1.674021424747311082e+00 2.717937736303526197e-01
2.299999999999856826e+00 1.621316515004373349e+00 3.157683363479070748e-01
2.399999999999845812e+00 1.565645331306813048e+00 3.622277071093843448e-01
2.499999999999834799e+00 1.507276540741495419e+00 4.109494707129001112e-01
2.599999999999823785e+00 1.446491600788273990e+00 4.617004657267246848e-01
2.699999999999812772e+00 1.383583361747205309e+00 5.142379142627614419e-01
2.799999999999801759e+00 1.318854617254681338e+00 5.683105971979293125e-01
2.899999999999790745e+00 1.252616611101554644e+00 6.236600690201693498e-01
2.999999999999779732e+00 1.185187508494389697e+00 6.800219063278556408e-01
3.099999999999768718e+00 1.116890839554408377e+00 7.371269838954668252e-01
3.199999999999757705e+00 1.048053922331716237e+00 7.947027721297175162e-01
3.299999999999746692e+00 9.790062720677022989e-01 8.524746496683285324e-01
3.399999999999735678e+00 9.100780029901428536e-01 9.101672248132234300e-01
3.499999999999724665e+00 8.415982287619437896e-01 9.675056594359351392e-01
3.599999999999713651e+00 7.738934680158539026e-01 1.024216988950212626e+00
3.699999999999702638e+00 7.072860621407506265e-01 1.080031431930261299e+00
3.799999999999691624e+00 6.420926132785869100e-01 1.134683682977584596e+00
3.899999999999680611e+00 5.786224509341645339e-01 1.187914182515711348e+00
3.999999999999669598e+00 5.171761355213986278e-01 1.239470357314569782e+00
4.099999999999658584e+00 4.580440067406550408e-01 1.289107825704687738e+00
4.199999999999647571e+00 4.015047842252501553e-01 1.336591561624634661e+00
4.299999999999636557e+00 3.478242275899872116e-01 1.381697011856252377e+00
4.399999999999625544e+00 2.972538627783997134e-01 1.424211161043333895e+00
4.499999999999614531e+00 2.500297812583830992e-01 1.463933539367842984e+00
4.599999999999603517e+00 2.063715180868078702e-01 1.500677168062269473e+00
4.699999999999592504e+00 1.664810142384262892e-01 1.534269438264305174e+00
4.799999999999581490e+00 1.305416680270926333e-01 1.564552919056745761e+00
4.899999999999570477e+00 9.871748001246961890e-02 1.591386090885976712e+00
4.999999999999559464e+00 7.115229542918699579e-02 1.614644000921500400e+00
5.099999999999548450e+00 4.796914778292184905e-02 1.634218837309442618e+00
5.199999999999537437e+00 2.926970673345363066e-02 1.650020419694171236e+00
5.299999999999526423e+00 1.513383269830478189e-02 1.661976603821683218e+00
5.399999999999515410e+00 5.619239831071756383e-03 1.670033598491734050e+00
5.499999999999504396e+00 7.612682858873631025e-04 1.674156193574179108e+00
5.599999999999493383e+00 5.727660695373015332e-04 1.674327898246110724e+00
5.699999999999482370e+00 5.044080313100965558e-03 1.670550989034628175e+00
5.799999999999471356e+00 1.414315739352811456e-02 1.662846467674929940e+00
5.899999999999460343e+00 2.781575089566654113e-02 1.651253929221214944e+00
5.999999999999449329e+00 4.598573586224712073e-02 1.635831341282080853e+00
6.099999999999438316e+00 6.855552717193992562e-02 1.616654735688494604e+00
6.199999999999427303e+00 9.540659933006802318e-02 1.593817814328613247e+00
6.299999999999416289e+00 1.264001045404796741e-01 1.567431471287872746e+00
6.399999999999405276e+00 1.613775856292362920e-01 1.537623233813055323e+00
6.499999999999394262e+00 2.001617801114282114e-01 1.504536624981011261e+00
6.599999999999383249e+00 2.425575113642887970e-01 1.468330451302824802e+00
6.699999999999372235e+00 2.883526625311554903e-01 1.429178018833738850e+00
6.799999999999361222e+00 3.373192285195878437e-01 1.387266281681203584e+00
6.899999999999350209e+00 3.892144412875124804e-01 1.342794927102433533e+00
6.999999999999339195e+00 4.437819634208164943e-01 1.295975401658785886e+00
7.099999999999328182e+00 5.007531446485415927e-01 1.247029883155894803e+00
7.199999999999317168e+00 5.598483353962726561e-01 1.196190203351548353e+00
7.299999999999306155e+00 6.207782508861524606e-01 1.143696726656202811e+00
7.399999999999295142e+00 6.832453788225135716e-01 1.089797190273995575e+00
7.499999999999284128e+00 7.469454234323061881e-01 1.034745511425783304e+00
7.599999999999273115e+00 8.115687785600893545e-01 9.788005674519689725e-01
7.699999999999262101e+00 8.768020226296444619e-01 9.222249547093031019e-01
7.799999999999251088e+00 9.423294284962395739e-01 8.652837322554693955e-01
7.899999999999240075e+00 1.007834481369161983e+00 8.082431563598911906e-01
7.999999999999229061e+00 1.073001397967150661e+00 7.513694119001413929e-01
8.099999999999218048e+00 1.137516639899742055e+00 6.949273467037205831e-01
8.199999999999207034e+00 1.201070414041272683e+00 6.391792148759890546e-01
8.299999999999196021e+00 1.263358152476464991e+00 5.843834351124088666e-01
8.399999999999185007e+00 1.324081964534151945e+00 5.307933699239806291e-01
8.499999999999173994e+00 1.382952053599830977e+00 4.786561316025151336e-01
8.599999999999162981e+00 1.439688091860873431e+00 4.282114206149965074e-01
8.699999999999151967e+00 1.494020546754530665e+00 3.796904019434431121e-01
8.799999999999140954e+00 1.545691953338775626e+00 3.333146246845515859e-01
8.899999999999129940e+00 1.594458126834946698e+00 2.892949900016183462e-01
8.999999999999118927e+00 1.640089309276818286e+00 2.478307722857444606e-01
9.099999999999107914e+00 1.682371243944007277e+00 2.091086981322002325e-01
9.199999999999096900e+00 1.721106171443833155e+00 1.733020874626043095e-01
9.299999999999085887e+00 1.756113741974467457e+00 1.405700608176831956e-01
9.399999999999074873e+00 1.787231839227732433e+00 1.110568165088544335e-01
9.499999999999063860e+00 1.814317312372662139e+00 8.489098095523343879e-02
9.599999999999052847e+00 1.837246613503741521e+00 6.218503515325728842e-02
9.699999999999041833e+00 1.855916338700365875e+00 4.303481983603860833e-02
9.799999999999030820e+00 1.870243671269301577e+00 2.751912148542942291e-02
9.899999999999019806e+00 1.880166725896669222e+00 1.569934096532660250e-02
9.999999999999008793e+00 1.885644792593479169e+00 7.619246150051084063e-03
1.009999999999899778e+01 1.886658479616627249e+00 3.304809525249024094e-03
1.019999999999898677e+01 1.883209754835716065e+00 2.764131340278112945e-03
1.029999999999897575e+01 1.875321885104255681e+00 5.987448490947793953e-03
1.039999999999896474e+01 1.863039273140690177e+00 1.294722890882971447e-02
1.049999999999895373e+01 1.846427191509068644e+00 2.359835082567223602e-02
1.059999999999894271e+01 1.825571413791540198e+00 3.787836586694855873e-02
1.069999999999893170e+01 1.800577743984296486e+00 5.570784450893846718e-02
1.079999999999892069e+01 1.771571446292886431e+00 7.699080201459569672e-02
1.089999999999890967e+01 1.738696578547071603e+00 1.016152025519244245e-01
1.099999999999889866e+01 1.702115233285125928e+00 1.294535388010167321e-01
1.109999999999888765e+01 1.662006691261877389e+00 1.603634839770596565e-01
1.119999999999887663e+01 1.618566492792975930e+00 1.941886128410097168e-01
1.129999999999886562e+01 1.572005432837574768e+00 2.307591879409291447e-01
1.139999999999885461e+01 1.522548485854643197e+00 2.698930070257141156e-01
1.149999999999884359e+01 1.470433666282311647e+00 3.113963072954811229e-01
1.159999999999883258e+01 1.415910830296886802e+00 3.550647218940452543e-01
1.169999999999882156e+01 1.359240424634221123e+00 4.006842838080902358e-01
1.179999999999881055e+01 1.300692188731010113e+00 4.480324721188965187e-01
1.189999999999879954e+01 1.240543816996398263e+00 4.968792953627327869e-01
1.199999999999878852e+01 1.179079588346020779e+00 5.469884065988438460e-01
1.209999999999877751e+01 1.116588970150973248e+00 5.981182446569700550e-01
1.219999999999876650e+01 1.053365203625783453e+00 6.500231959372162471e-01
1.229999999999875548e+01 9.897038775855988568e-01 7.024547710600907990e-01
1.239999999999874447e+01 9.259014975326408381e-01 7.551627906157488690e-01
1.249999999999873346e+01 8.622540571468310100e-01 8.078965742415543660e-01
1.259999999999872244e+01 7.990556193515684358e-01 8.604061272693847018e-01
1.269999999999871143e+01 7.365969141594648217e-01 9.124433192296845796e-01
1.279999999999870042e+01 6.751639604782793125e-01 9.637630485804349334e-01
1.289999999999868940e+01 6.150367188872291058e-01 1.014124388146176781e+00
1.299999999999867839e+01 5.564877819689105776e-01 1.063291705900032413e+00
1.309999999999866738e+01 4.997811081693850355e-01 1.111035755892000987e+00
1.319999999999865636e+01 4.451708045869691155e-01 1.157134734310426349e+00
1.329999999999864535e+01 3.928999637177351123e-01 1.201375295858782888e+00
1.339999999999863434e+01 3.431995589683584647e-01 1.243553525842014285e+00
1.349999999999862332e+01 2.962874035389355121e-01 1.283475863588068533e+00
1.359999999999861231e+01 2.523671769868891523e-01 1.320959973081326178e+00
1.369999999999860130e+01 2.116275234219171242e-01 1.355835556950780507e+00
1.379999999999859028e+01 1.742412249279693681e-01 1.387945110232782886e+00
1.389999999999857927e+01 1.403644535233627144e-01 1.417144610614041067e+00
1.399999999999856826e+01 1.101361047747028421e-01 1.443304142153998271e+00
1.409999999999855724e+01 8.367721602852201679e-02 1.466308449793954694e+00
1.419999999999854623e+01 6.109047201146344114e-02 1.486057422285868235e+00
1.429999999999853522e+01 4.245980018053679278e-02 1.502466501521140030e+00
1.439999999999852420e+01 2.785005769166292583e-02 1.515467016603425421e+00
1.449999999999851319e+01 1.730681130852146019e-02 1.525006441379823441e+00
1.459999999999850218e+01 1.085621108587419420e-02 1.531048574519476846e+00
1.469999999999849116e+01 8.504958215222241033e-03 1.533573641607191895e+00
1.479999999999848015e+01 1.024036694561352226e-02 1.532578319106101983e+00
1.489999999999846914e+01 1.603051995492219342e-02 1.528075680435054151e+00
1.499999999999845812e+01 2.582451595666521160e-02 1.520095064797258422e+00
1.509999999999844711e+01 3.955280770711123994e-02 1.508681869785994056e+00
1.519999999999843610e+01 5.712762797204991305e-02 1.493897269172600906e+00
1.529999999999842508e+01 7.844350049664841618e-02 1.475817857648170639e+00
1.539999999999841407e+01 1.033778326399131531e-01 1.454535224634917467e+00
1.549999999999840306e+01 1.317915860441491449e-01 1.430155459605312318e+00
1.559999999999839204e+01 1.635300214195682389e-01 1.402798591651018834e+00
1.569999999999838103e+01 1.984235131900950189e-01 1.372597966334837993e+00
1.579999999999837001e+01 2.362884293966244220e-01 1.339699563136055538e+00
1.589999999999835900e+01 2.769280719334997198e-01 1.304261257060922441e+00
1.599999999999834799e+01 3.201336719146214427e-01 1.266452028230423243e+00
1.609999999999833875e+01 3.656854347290398599e-01 1.226451123475552629e+00
1.619999999999832596e+01 4.133536291673293728e-01 1.184447174164853678e+00
1.629999999999831317e+01 4.628997148915530713e-01 1.140637274657637423e+00
1.639999999999830393e+01 5.140775024742575416e-01 1.095226025923947466e+00
1.649999999999829470e+01 5.666343402274089947e-01 1.048424548995217975e+00
1.659999999999828191e+01 6.203123220630137880e-01 1.000449473010103674e+00
1.669999999999826912e+01 6.748495106780563191e-01 9.515219026936436730e-01
1.679999999999825988e+01 7.299811704819848535e-01 9.018663701570206470e-01
1.689999999999825064e+01 7.854410049352514855e-01 8.517097759267311385e-01
1.699999999999823785e+01 8.409623932506031796e-01 8.012803241088529704e-01
1.709999999999822506e+01 8.962796215082822204e-01 7.508064565723219230e-01
1.719999999999821583e+01 9.511291030948755276e-01 7.005157910019299550e-01
1.729999999999820659e+01 1.005250583232720318e+00 6.506340676301903825e-01
1.739999999999819380e+01 1.058388322487501032e+00 6.013841093979729324e-01
1.749999999999818101e+01 1.110292254508219445e+00 5.529848002126747097e-01
1.759999999999817177e+01 1.160719113644977485e+00 5.056500858658061759e-01
1.769999999999816254e+01 1.209433528353444087e+00 4.595880020467654203e-01
1.779999999999814975e+01 1.256209076386311629e+00 4.149997337499475303e-01
1.789999999999813696e+01 1.300829297648984140e+00 3.720787102237306798e-01
1.799999999999812772e+01 1.343088660293485503e+00 3.310097394539560645e-01
1.809999999999811848e+01 1.382793475387772641e+00 2.919681860083063740e-01
1.819999999999810569e+01 1.419762755586713610e+00 2.551191958837429330e-01
1.829999999999809290e+01 1.453829013622554678e+00 2.206169717917010054e-01
1.839999999999808367e+01 1.484838996892037910e+00 1.886041020857355810e-01
1.849999999999807443e+01 1.512654354789859434e+00 1.592109462884201132e-01
1.859999999999806164e+01 1.537152235756418683e+00 1.325550799122017509e-01
1.869999999999804885e+01 1.558225811327919930e+00 1.087408009938568426e-01
1.879999999999803961e+01 1.575784724774049517e+00 8.785870047504869274e-02
1.889999999999803038e+01 1.589755462154751386e+00 6.998529826395667730e-02
1.899999999999801759e+01 1.600081643879033733e+00 5.518274650558404465e-02
1.909999999999800480e+01 1.606724235172916293e+00 4.349860127139826282e-02
1.919999999999799556e+01 1.609661674250395524e+00 3.496566355295128992e-02
1.929999999999798632e+01 1.608889917365502686e+00 2.960189011159464201e-02
1.939999999999797353e+01 1.604422400275580696e+00 2.741037440085981186e-02
1.949999999999796074e+01 1.596289915987794350e+00 2.837939744169399106e-02
1.959999999999795151e+01 1.584540409037795250e+00 3.248254819426428519e-02
1.969999999999794227e+01 1.569238687005126254e+00 3.967891263314855810e-02
1.979999999999792948e+01 1.550466050514935246e+00 4.991333039595512860e-02
1.989999999999791669e+01 1.528319843617554463e+00 6.311671754085013131e-02
1.999999999999790745e+01 1.502912927156726530e+00 7.920645362004041790e-02
2.009999999999789821e+01 1.474373078446162166e+00 9.808683095930513518e-02
2.019999999999788542e+01 1.442842321173826381e+00 1.196495637326000089e-01
2.029999999999787264e+01 1.408476189902533982e+00 1.437743541387390134e-01
2.039999999999786340e+01 1.371442933785020468e+00 1.703295127255170516e-01
2.049999999999785416e+01 1.331922664075049667e+00 1.991726296657596595e-01
2.059999999999784137e+01 1.290106449760583862e+00 2.301512935667418824e-01
2.069999999999782858e+01 1.246195365459858095e+00 2.631038541865994285e-01
2.079999999999781934e+01 1.200399495859177712e+00 2.978602252377191006e-01
2.089999999999781011e+01 1.152936901368785350e+00 3.342427232806203796e-01
2.099999999999779732e+01 1.104032550087782782e+00 3.720669385538374341e-01
2.109999999999778453e+01 1.053917221458128495e+00 4.111426334474713173e-01
2.119999999999777529e+01 1.002826387174827305e+00 4.512746642108572126e-01
2.129999999999776605e+01 9.509990750559885742e-01 4.922639213900802946e-01
2.139999999999775326e+01 8.986767216371166489e-01 5.339082844201652467e-01
2.149999999999774047e+01 8.461020192020896058e-01 5.760035857480376720e-01
2.159999999999773124e+01 7.935177628707937858e-01 6.183445798342457334e-01
2.169999999999772200e+01 7.411657033742011791e-01 6.607259123748984164e-01
2.179999999999770921e+01 6.892854113302732122e-01 7.029430851044817796e-01
2.189999999999769642e+01 6.381131590737637582e-01 7.447934115944077060e-01
2.199999999999768718e+01 5.878808261456941464e-01 7.860769595541561294e-01
2.209999999999767795e+01 5.388148342290484116e-01 8.265974752706405360e-01
2.219999999999766516e+01 4.911351166494253295e-01 8.661632859759144099e-01
2.229999999999765237e+01 4.450541267912961896e-01 9.045881760996593579e-01
2.239999999999764313e+01 4.007758891995337747e-01 9.416922335342365891e-01
2.249999999999763389e+01 3.584950968295981255e-01 9.773026622164652233e-01
2.259999999999762110e+01 3.183962577130792782e-01 1.011254557518647568e+00
2.269999999999760831e+01 2.806528939994306082e-01 1.043391641143329940e+00
2.279999999999759908e+01 2.454267958611892619e-01 1.073566952425576204e+00
2.289999999999758984e+01 2.128673322609956620e-01 1.101643493151392761e+00
2.299999999999757705e+01 1.831108203237364340e-01 1.127494823194471474e+00
2.309999999999756426e+01 1.562799551757597660e-01 1.151005604458350762e+00
2.319999999999755502e+01 1.324833024941327875e-01 1.172072090804569200e+00
2.329999999999754579e+01 1.118148563475867552e-01 1.190602561866356046e+00
2.339999999999753300e+01 9.435366494190988718e-02 1.206517698900689828e+00
2.349999999999752021e+01 8.016352656575374824e-02 1.219750901113355157e+00
2.359999999999751097e+01 6.929275751867862432e-02 1.230248541192421774e+00
2.369999999999750173e+01 6.177403323888883135e-02 1.237970159094689437e+00
2.379999999999748894e+01 5.762430327046969697e-02 1.242888593446602297e+00
2.389999999999747615e+01 5.684478010738896331e-02 1.244990050238463652e+00
2.399999999999746692e+01 5.942100135889668427e-02 1.244274108805864865e+00
2.409999999999745768e+01 6.532296418300302665e-02 1.240753665394037419e+00
2.419999999999744489e+01 7.450533060089346848e-02 1.234454814887064211e+00
2.429999999999743210e+01 8.690770212972780129e-02 1.225416671552415515e+00
2.439999999999742286e+01 1.024549620736147360e-01 1.213691129907416011e+00
2.449999999999741362e+01 1.210576837034565700e-01 1.199342567062298803e+00
2.459999999999740083e+01 1.426126023944171706e-01 1.182447488137753355e+00
2.469999999999738804e+01 1.670031495625074469e-01 1.163094116598123229e+00
2.479999999999737881e+01 1.941000459466767636e-01 1.141381931583989484e+00
2.489999999999736957e+01 2.237619514520100827e-01 1.117421154570295450e+00
2.499999999999735678e+01 2.558361684623924881e-01 1.091332187913596874e+00
2.509999999999734399e+01 2.901593952706686408e-01 1.063245008078794518e+00
2.519999999999733475e+01 3.265585260411347779e-01 1.033298516544741474e+00
2.529999999999732552e+01 3.648514935142823656e-01 1.001639851573579154e+00
2.539999999999731273e+01 4.048481505372176770e-01 9.684236641895197506e-01
2.549999999999729994e+01 4.463511864793170414e-01 9.338113618518271153e-01
2.559999999999729070e+01 4.891570745931018704e-01 8.979703234307411241e-01
2.569999999999728146e+01 5.330570462629016237e-01 8.610730892137886672e-01
2.579999999999726867e+01 5.778380877855820996e-01 8.232965297828500617e-01
2.589999999999725588e+01 6.232839549495823306e-01 7.848209977075774058e-01
2.599999999999724665e+01 6.691762004109553796e-01 7.458294660888223904e-01
2.609999999999723741e+01 7.152952088071626857e-01 7.065066580498571280e-01
2.619999999999722462e+01 7.614212346049478164e-01 6.670381713145212554e-01
2.629999999999721183e+01 8.073354376731890492e-01 6.276096020302329714e-01
2.639999999999720259e+01 8.528209114574515359e-01 5.884056719961197057e-01
2.649999999999719336e+01 8.976636984879661219e-01 5.496093634386584048e-01
2.659999999999718057e+01 9.416537878477991841e-01 5.114010654385239274e-01
2.669999999999716778e+01 9.845860892128428521e-01 4.739577360487403079e-01
2.679999999999715854e+01 1.026261378224137211e+00 4.374520840570333968e-01
2.689999999999714930e+01 1.066487208317250968e+00 4.020517742308143960e-01
2.699999999999713651e+01 1.105078784679717874e+00 3.679186597413698356e-01
2.709999999999712372e+01 1.141859796636434776e+00 3.352080452981127112e-01
2.719999999999711449e+01 1.176663205330522155e+00 3.040679843380987291e-01
2.729999999999710525e+01 1.209331983929221144e+00 2.746386134182191574e-01
2.739999999999709246e+01 1.239719807653772099e+00 2.470515267532762127e-01
2.749999999999707967e+01 1.267691690752392963e+00 2.214291936351747425e-01
2.759999999999707043e+01 1.293124567311404016e+00 1.978844212558416860e-01
2.769999999999706120e+01 1.315907812804287591e+00 1.765198652344653896e-01
2.779999999999704841e+01 1.335943703669118410e+00 1.574275899149619462e-01
2.789999999999703562e+01 1.353147812913106929e+00 1.406886802496240541e-01
2.799999999999702638e+01 1.367449340528132717e+00 1.263729068236384978e-01
2.809999999999701714e+01 1.378791378075352458e+00 1.145384453089099280e-01
2.819999999999700435e+01 1.387131107004538899e+00 1.052316513725852637e-01
2.829999999999699156e+01 1.392439930231409440e+00 9.848689180817010724e-02
2.839999999999698233e+01 1.394703536499366958e+00 9.432643240167522258e-02
2.849999999999697309e+01 1.393921897332958126e+00 9.276038278497236722e-02
2.859999999999696030e+01 1.390109196913902556e+00 9.378669826154319156e-02
2.869999999999694751e+01 1.383293695752381147e+00 9.739123831990111058e-02
2.879999999999693827e+01 1.373517529392210834e+00 1.035478812827535927e-01
2.889999999999692903e+01 1.360836443571216359e+00 1.122186942784491465e-01
2.899999999999691624e+01 1.345319467365111654e+00 1.233541574652807365e-01
2.909999999999690345e+01 1.327048526027698960e+00 1.368934411889808078e-01
2.919999999999689422e+01 1.306117995621180805e+00 1.527647345106350196e-01
2.929999999999688498e+01 1.282634202087970410e+00 1.708856233101971045e-01
2.939999999999687219e+01 1.256714867939960012e+00 1.911635159535533257e-01
2.949999999999685940e+01 1.228488509995874889e+00 2.134961143111862580e-01
2.959999999999685016e+01 1.198093791502836680e+00 2.377719277323124825e-01
2.969999999999684093e+01 1.165678831731452370e+00 2.638708274058824688e-01
2.979999999999682814e+01 1.131400476040425707e+00 2.916646383737784842e-01
2.989999999999681535e+01 1.095423529593476220e+00 3.210177663019073702e-01
2.999999999999680611e+01 1.057919958247833137e+00 3.517878559648015546e-01
3.009999999999679687e+01 1.019068060433776512e+00 3.838264782635936734e-01
3.019999999999678408e+01 9.790516139969271947e-01 4.169798424798645264e-01
3.029999999999677129e+01 9.380590019940795443e-01 4.510895303690448666e-01
3.039999999999676206e+01 8.962823214226026680e-01 4.859932486170632226e-01
3.049999999999675282e+01 8.539164788905752035e-01 5.215255961205963464e-01
3.059999999999674003e+01 8.111582772446619405e-01 5.575188425055956909e-01
3.069999999999672724e+01 7.682054970952744144e-01 5.938037142682504044e-01
3.079999999999671800e+01 7.252559770529390937e-01 6.302101849034988934e-01
3.089999999999670877e+01 6.825066964261921054e-01 6.665682653747346809e-01
3.099999999999669598e+01 6.401528642165545957e-01 7.027087912720811902e-01
3.109999999999668319e+01 5.983870184834124695e-01 7.384642030086709941e-01
3.119999999999667395e+01 5.573981404467363010e-01 7.736693154223667213e-01
3.129999999999666471e+01 5.173707879111297814e-01 8.081620731931681290e-01
3.139999999999665192e+01 4.784842526416364650e-01 8.417842885615485216e-01
3.149999999999663913e+01 4.409117461702881657e-01 8.743823579402953960e-01
3.159999999999662990e+01 4.048196181631394941e-01 9.058079541494977738e-01
3.169999999999662066e+01 3.703666109745024637e-01 9.359186911613331938e-01
3.179999999999660787e+01 3.377031534912303679e-01 9.645787584067250231e-01
3.189999999999659508e+01 3.069706970084027375e-01 9.916595218593351468e-01
3.199999999999658584e+01 2.783010957784837758e-01 1.017040089269644065e+00
3.209999999999657661e+01 2.518160349649969931e-01 1.040607837078558084e+00
3.219999999999656382e+01 2.276265088355413080e-01 1.062258896706151257e+00
3.229999999999655103e+01 2.058323520033922271e-01 1.081898598098886666e+00
3.239999999999653824e+01 1.865218263040498148e-01 1.099441868632011321e+00
3.249999999999653255e+01 1.697712654515793895e-01 1.114813585702562948e+00
3.259999999999651976e+01 1.556447789873554310e-01 1.127948881603786813e+00
3.269999999999650697e+01 1.441940163146592235e-01 1.138793399533587491e+00
3.279999999999650129e+01 1.354579909734314469e-01 1.147303499841001884e+00
3.289999999999648850e+01 1.294629648834549618e-01 1.153446415847823703e+00
3.299999999999647571e+01 1.262223921078520772e-01 1.157200358799030271e+00
3.309999999999646292e+01 1.257369217194648503e-01 1.158554571702290481e+00
3.319999999999645013e+01 1.279944594791974921e-01 1.157509332026128934e+00
3.329999999999644444e+01 1.329702880828487199e-01 1.154075903446679652e+00
3.339999999999643165e+01 1.406272455490324980e-01 1.148276437066406253e+00
3.349999999999641886e+01 1.509159608958456633e-01 1.140143822774789761e+00
3.359999999999641318e+01 1.637751457219716045e-01 1.129721491671291878e+00
3.369999999999640039e+01 1.791319398267159357e-01 1.117063170717845111e+00
3.379999999999638760e+01 1.969023086474146755e-01 1.102232591024802311e+00
3.389999999999637481e+01 2.169914900508830291e-01 1.085303151395893284e+00
3.399999999999636202e+01 2.392944878553860677e-01 1.066357538963372820e+00
3.409999999999635634e+01 2.636966093427948743e-01 1.045487308932867343e+00
3.419999999999634355e+01 2.900740438902213447e-01 1.022792425628860302e+00
3.429999999999633076e+01 3.182944796743596427e-01 9.983807671892579449e-01
3.439999999999632507e+01 3.482177552236796481e-01 9.723675963984429460e-01
3.449999999999631228e+01 3.796965425037910347e-01 9.448750002751169497e-01
3.459999999999629949e+01 4.125770582528811570e-01 9.160313011415610607e-01
3.469999999999628670e+01 4.466998003682435825e-01 8.859704419992582292e-01
3.479999999999627391e+01 4.819003061541282107e-01 8.548313491275426612e-01
3.489999999999626823e+01 5.180099290787187893e-01 8.227572749098932547e-01
3.499999999999625544e+01 5.548566303623113649e-01 7.898951239772812327e-01
3.509999999999624265e+01 5.922657813624554457e-01 7.563947658327485613e-01
3.519999999999623697e+01 6.300609725169735720e-01 7.224083371808968090e-01
3.529999999999622418e+01 6.680648246762375120e-01 6.880895372195287019e-01
3.539999999999621139e+01 7.060997990206392405e-01 6.535929191565991170e-01
3.549999999999619860e+01 7.439890022994997132e-01 6.190731811922612904e-01
3.559999999999618581e+01 7.815569846014730482e-01 5.846844601612251058e-01
3.569999999999618012e+01 8.186305270282114854e-01 5.505796309760294660e-01
3.579999999999616733e+01 8.550394164395733743e-01 5.169096149575950205e-01
3.589999999999615454e+01 8.906172040651735289e-01 4.838227000896871965e-01
3.599999999999614886e+01 9.252019445050350122e-01 4.514638761848644433e-01
3.609999999999613607e+01 9.586369116109697552e-01 4.199741878917748750e-01
3.619999999999612328e+01 9.907712878627766839e-01 3.894901083995347957e-01
3.629999999999611049e+01 1.021460823928743045e+00 3.601429366010491240e-01
3.639999999999609770e+01 1.050568465060369938e+00 3.320582203649861674e-01
3.649999999999609201e+01 1.077964941015874700e+00 3.053552084359709151e-01
3.659999999999607923e+01 1.103529316614084932e+00 2.801463333359117680e-01
3.669999999999606644e+01 1.127149500830033402e+00 2.565367274758698080e-01
3.679999999999606075e+01 1.148722713227071868e+00 2.346237745142592257e-01
3.689999999999604796e+01 1.168155907007664140e+00 2.144966978209305319e-01
3.699999999999603517e+01 1.185366147871738329e+00 1.962361877342150562e-01
3.709999999999602238e+01 1.200280947432688095e+00 1.799140691279554893e-01
3.719999999999600959e+01 1.212838549529799081e+00 1.655930106319168094e-01
3.729999999999600391e+01 1.222988167596392728e+00 1.533262766666814714e-01
3.739999999999599112e+01 1.230690171341111139e+00 1.431575232615819593e-01
3.749999999999597833e+01 1.235916221344065091e+00 1.351206384220738632e-01
3.759999999999597264e+01 1.238649350658707737e+00 1.292396276032563851e-01
3.769999999999595985e+01 1.238883993009638251e+00 1.255285446305462460e-01
3.779999999999594706e+01 1.236625957613849192e+00 1.239914681896491511e-01
3.789999999999593427e+01 1.231892351047300993e+00 1.246225237883119286e-01
3.799999999999592148e+01 1.224711447001916920e+00 1.274059508742840241e-01
3.809999999999591580e+01 1.215122505229543348e+00 1.323162145799134382e-01
3.819999999999590301e+01 1.203175541384168712e+00 1.393181613551300324e-01
3.829999999999589022e+01 1.188931049797847583e+00 1.483672175489286205e-01
3.839999999999588454e+01 1.172459681446669011e+00 1.594096298072042173e-01
3.849999999999587175e+01 1.153841879433015638e+00 1.723827459747798996e-01
3.859999999999585896e+01 1.133167474194118896e+00 1.872153350228912827e-01
3.869999999999584617e+01 1.110535240436880455e+00 2.038279443684296310e-01
3.879999999999583338e+01 1.086052417679594706e+00 2.221332928050530064e-01
3.889999999999582769e+01 1.059834196336680190e+00 2.420366971264424072e-01
3.899999999999581490e+01 1.032003171476239656e+00 2.634365303878196674e-01
3.909999999999580211e+01 1.002688766651001595e+00 2.862247096245080780e-01
3.919999999999579643e+01 9.720266305342505353e-01 3.102872107296077431e-01
3.929999999999578364e+01 9.401580094102240936e-01 3.355046080902004957e-01
3.939999999999577085e+01 9.072290986952344927e-01 3.617526364958842944e-01
3.949999999999575806e+01 8.733903764630371880e-01 3.889027727606890750e-01
3.959999999999574527e+01 8.387959215633963295e-01 4.168228344336856739e-01
3.969999999999573959e+01 8.036027187119009207e-01 4.453775929096513431e-01
3.979999999999572680e+01 7.679699530781083361e-01 4.744293981914555758e-01
3.989999999999571401e+01 7.320582972574822822e-01 5.038388125068520296e-01
3.999999999999570832e+01 6.960291938100873210e-01 5.334652499500256440e-01
4.009999999999569553e+01 6.600441366578267965e-01 5.631676193027441713e-01
4.019999999999568274e+01 6.242639546003914131e-01 5.928049671879281890e-01
4.029999999999566995e+01 5.888481001318297547e-01 6.222371187168950213e-01
4.039999999999565716e+01 5.539539466362911613e-01 6.513253128107592271e-01
4.049999999999565148e+01 5.197360968746657095e-01 6.799328294083742952e-01
4.059999999999563869e+01 4.863457054716260886e-01 7.079256058172355148e-01
4.069999999999562590e+01 4.539298179780398845e-01 7.351728395198871002e-01
4.079999999999562021e+01 4.226307290546533757e-01 7.615475748156157465e-01
4.089999999999560742e+01 3.925853623235111556e-01 7.869272707559151758e-01
4.099999999999559464e+01 3.639246743795124805e-01 8.111943479168530757e-01
4.109999999999558185e+01 3.367730853550690018e-01 8.342367116391262716e-01
4.119999999999556906e+01 3.112479383637513086e-01 8.559482494532478780e-01
4.129999999999556337e+01 2.874589901607431108e-01 8.762293004985040046e-01
4.139999999999555058e+01 2.655079354153187521e-01 8.949870948486797761e-01
4.149999999999553779e+01 2.454879669991290869e-01 9.121361607838516239e-01
4.159999999999553211e+01 2.274833745701063947e-01 9.275986981966339862e-01
4.169999999999551932e+01 2.115691834665605620e-01 9.413049164891545972e-01
4.179999999999550653e+01 1.978108356011906710e-01 9.531933354920864021e-01
4.189999999999549374e+01 1.862639137525843314e-01 9.632110481174809280e-01
4.199999999999548095e+01 1.769739103966402605e-01 9.713139436401309057e-01
4.209999999999547526e+01 1.699760419362747188e-01 9.774668906926200496e-01
4.219999999999546247e+01 1.652951088630435772e-01 9.816438792514873279e-01
4.229999999999544968e+01 1.629454020978204076e-01 9.838281210824305623e-01
4.239999999999544400e+01 1.629306555725328065e-01 9.840121082965154198e-01
4.249999999999543121e+01 1.652440450114349146e-01 9.821976298450071363e-01
4.259999999999541842e+01 1.698682327940758685e-01 9.783957459517783617e-01
4.269999999999540563e+01 1.767754586912760328e-01 9.726267206491142625e-01
4.279999999999539284e+01 1.859276761318335858e-01 9.649199127531502551e-01
4.289999999999538716e+01 1.972767334701158726e-01 9.553136257909530249e-01
4.299999999999537437e+01 2.107645995060429545e-01 9.438549175715902351e-01
4.309999999999536158e+01 2.263236322968704417e-01 9.305993702717316740e-01
4.319999999999535589e+01 2.438768901288526914e-01 9.156108220775007744e-01
4.329999999999534310e+01 2.633384834140787278e-01 8.989610615850284203e-01
4.339999999999533031e+01 2.846139662432961015e-01 8.807294863133053875e-01
4.349999999999531752e+01 3.076007663128981773e-01 8.610027268319515592e-01
4.359999999999530473e+01 3.321886518835206470e-01 8.398742381568475857e-01
4.369999999999529905e+01 3.582602342671868945e-01 8.174438602231933748e-01
4.379999999999528626e+01 3.856915040604015354e-01 7.938173494070103198e-01
4.389999999999527347e+01 4.143523989524006690e-01 7.691058832278322432e-01
4.399999999999526779e+01 4.441074005044000073e-01 7.434255405212745194e-01
4.409999999999525500e+01 4.748161569240546553e-01 7.168967595106515711e-01
4.419999999999524221e+01 5.063341286142705178e-01 6.896437763233462803e-01
4.429999999999522942e+01 5.385132531586711568e-01 6.617940465876837042e-01
4.439999999999521663e+01 5.712026263802489900e-01 6.334776528138972296e-01
4.449999999999521094e+01 6.042491961059465178e-01 6.048267003139540243e-01
4.459999999999519815e+01 6.374984652338788749e-01 5.759747044565902696e-01
4.469999999999518536e+01 6.707952006548787427e-01 5.470559720847102403e-01
4.479999999999517968e+01 7.039841445807671905e-01 5.182049799438868121e-01
4.489999999999516689e+01 7.369107248986030978e-01 4.895557529806083830e-01
4.499999999999515410e+01 7.694217613212537277e-01 4.612412453663261025e-01
4.509999999999514131e+01 8.013661643444051075e-01 4.333927270875097548e-01
4.519999999999512852e+01 8.325956242589187539e-01 4.061391789129057406e-01
4.529999999999512283e+01 8.629652875603112117e-01 3.796066985082697243e-01
4.539999999999511004e+01 8.923344180188678143e-01 3.539179204163789283e-01
4.549999999999509726e+01 9.205670395688146934e-01 3.291914525557479432e-01
4.559999999999509157e+01 9.475325581788202056e-01 3.055413318148918478e-01
4.569999999999507878e+01 9.731063599435400002e-01 2.830765012328314012e-01
4.579999999999506599e+01 9.971703826286614225e-01 2.619003111629278346e-01
4.589999999999505320e+01 1.019613657716006871e+00 2.421100467165210601e-01
4.599999999999504041e+01 1.040332819753545746e+00 2.237964836723361772e-01
4.609999999999503473e+01 1.059232579758432546e+00 2.070434749125397988e-01
4.619999999999502194e+01 1.076226159709356978e+00 1.919275693024497242e-01
4.629999999999500915e+01 1.091235685755080898e+00 1.785176647675714712e-01
4.639999999999500346e+01 1.104192538459895845e+00 1.668746971428515247e-01
4.649999999999499067e+01 1.115037658980535973e+00 1.570513661821899554e-01
4.659999999999497788e+01 1.123721810442739333e+00 1.490918999272974610e-01
4.669999999999496509e+01 1.130205794041368561e+00 1.430318584484898681e-01
4.679999999999495230e+01 1.134460619622520650e+00 1.388979777875760935e-01
4.689999999999494662e+01 1.136467630710701560e+00 1.367080547546015434e-01
4.699999999999493383e+01 1.136218583990699971e+00 1.364708730553539917e-01
4.709999999999492104e+01 1.133715683065190216e+00 1.381861710548243083e-01
4.719999999999491536e+01 1.128971565979193237e+00 1.418446513120866503e-01
4.729999999999490257e+01 1.122009245749868489e+00 1.474280318507814325e-01
4.739999999999488978e+01 1.112862003132894628e+00 1.549091389517320283e-01
4.749999999999487699e+01 1.101573231153928356e+00 1.642520410671277908e-01
4.759999999999486420e+01 1.088196231483990806e+00 1.754122232601687259e-01
4.769999999999485851e+01 1.072793963416830199e+00 1.883368013753975445e-01
4.779999999999484572e+01 1.055438746867371158e+00 2.029647749497552611e-01
4.789999999999483293e+01 1.036211921284105664e+00 2.192273176890493502e-01
4.799999999999482725e+01 1.015203462501200304e+00 2.370481041613508866e-01
4.809999999999481446e+01 9.925115593843719664e-01 2.563436711958865799e-01
4.819999999999480167e+01 9.682421519428456858e-01 2.770238123189838197e-01
4.829999999999478888e+01 9.425084326852967154e-01 2.989920034058299314e-01
4.839999999999477609e+01 9.154303133889677424e-01 3.221458575805853375e-01
4.849999999999477041e+01 8.871338598708990997e-01 3.463776072607318568e-01
4.859999999999475762e+01 8.577506975489029850e-01 3.715746111160276866e-01
4.869999999999474483e+01 8.274173905050984379e-01 3.976198835957009403e-01
4.879999999999473914e+01 7.962747965360529312e-01 4.243926445673657510e-01
4.889999999999472635e+01 7.644674004746143670e-01 4.517688865048938851e-01
4.899999999999471356e+01 7.321426280622485017e-01 4.796219565604313839e-01
4.909999999999470077e+01 6.994501429027522033e-01 5.078231507610456719e-01
4.919999999999468798e+01 6.665411294558190036e-01 5.362423174862558373e-01
4.929999999999468230e+01 6.335675654778705201e-01 5.647484673126397237e-01
4.939999999999466951e+01 6.006814877147198528e-01 5.932103862581551423e-01
4.949999999999465672e+01 5.680342550181096684e-01 6.214972494219140886e-01
4.959999999999465103e+01 5.357758134009118489e-01 6.494792319968696326e-01
4.969999999999463824e+01 5.040539677736162183e-01 6.770281146346935897e-01
4.979999999999462545e+01 4.730136651205336107e-01 7.040178801670827768e-01
4.989999999999461266e+01 4.427962936719342379e-01 7.303252987349831971e-01
