1.000000000000000000e+00 2.000000000000000000e+00 0.000000000000000000e+00
1.099999999999988987e+00 1.997600966653785726e+00 1.999200209309632149e-03
1.199999999999977973e+00 1.990415461817464982e+00 7.987208597386427633e-03
1.299999999999966960e+00 1.978478224286814191e+00 1.793529498688692728e-02
1.399999999999955946e+00 1.961846981363523534e+00 3.179573071972903453e-02
1.499999999999944933e+00 1.940602176456248662e+00 4.950202044312008304e-02
1.599999999999933920e+00 1.914846580156349454e+00 7.096922515860652758e-02
1.699999999999922906e+00 1.884704787213669297e+00 9.609437498583763004e-02
1.799999999999911893e+00 1.850322602818232465e+00 1.247569696243859549e-01
1.899999999999900879e+00 1.811866322210331948e+00 1.568195640472371810e-01
1.999999999999889866e+00 1.769521907975414088e+00 1.921284365295542196e-01
2.099999999999878852e+00 1.723494069581665178e+00 2.305143357055377262e-01
2.199999999999867839e+00 1.674005249938785189e+00 2.717933029533864953e-01
2.299999999999856826e+00 1.621294524088362277e+00 3.157675660337904144e-01
2.399999999999845812e+00 1.565616415576543741e+00 3.622264995526391917e-01
2.499999999999834799e+00 1.507239636554758011e+00 4.109476474863795747e-01
2.599999999999823785e+00 1.446445758121420733e+00 4.616978027020542941e-01
2.699999999999812772e+00 1.383527817798550386e+00 5.142341381247212961e-01
2.799999999999801759e+00 1.318788871310194954e+00 5.683053839547705932e-01
2.899999999999790745e+00 1.252540496007528370e+00 6.236530451154906896e-01
2.999999999999779732e+00 1.185101253410896227e+00 6.800126529173720069e-01
3.099999999999768718e+00 1.116795118462148739e+00 7.371150447594557731e-01
3.199999999999757705e+00 1.047949883236721558e+00 7.946876655499917064e-01
3.299999999999746692e+00 9.788955430622888754e-01 8.524558844212745123e-01
3.399999999999735678e+00 9.099626732027725762e-01 9.101443202386053644e-01
3.499999999999724665e+00 8.414808044456908442e-01 9.674781693641126834e-01
3.599999999999713651e+00 7.737768060160230554e-01 1.024184529134573696e+00
3.699999999999702638e+00 7.071732841887522492e-01 1.079993710547545005e+00
3.799999999999691624e+00 6.419870047801534696e-01 1.134640533720805422e+00
3.899999999999680611e+00 5.785273474146593875e-01 1.187865599792079285e+00
3.999999999999669598e+00 5.170947991591152704e-01 1.239416533056009850e+00
4.099999999999658584e+00 4.579794948370642937e-01 1.289049187292371501e+00
4.199999999999647571e+00 4.014598110971009937e-01 1.336528810422973113e+00
4.299999999999636557e+00 3.478010210931751778e-01 1.381631161845198408e+00
4.399999999999625544e+00 2.972540164084523928e-01 1.424143577031279140e+00
4.499999999999614531e+00 2.500541025782976323e-01 1.463865974251422841e+00
4.599999999999603517e+00 2.064198742137362541e-01 1.500611798580155254e+00
4.699999999999592504e+00 1.665521752815060930e-01 1.534208898672237309e+00
4.799999999999581490e+00 1.306331495699951661e-01 1.564500332148518025e+00
4.899999999999570477e+00 9.882538578786981276e-02 1.591345095803316401e+00
4.999999999999559464e+00 7.127116114188963847e-02 1.614618777233982616e+00
5.099999999999548450e+00 4.809178666321650697e-02 1.634214124890113862e+00
5.199999999999537437e+00 2.938705702607427583e-02 1.650041533945108441e+00
5.299999999999526423e+00 1.523480713036936933e-02 1.662029445804753314e+00
5.399999999999515410e+00 5.690577275186978722e-03 1.670124659485630936e+00
5.499999999999504396e+00 7.873883007136964337e-04 1.674292553522938931e+00
5.599999999999493383e+00 5.356276052523506253e-04 1.674517217501323874e+00
5.699999999999482370e+00 4.923046453194144037e-03 1.670801492740169536e+00
5.799999999999471356e+00 1.391486848566896549e-02 1.663166922106497525e+00
5.899999999999460343e+00 2.745400882874736437e-02 1.651653609371394715e+00
5.999999999999449329e+00 4.546140266015707282e-02 1.636319988967394057e+00
6.099999999999438316e+00 6.783644154286436190e-02 1.617242507444694777e+00
6.199999999999427303e+00 9.445751526723686342e-02 1.594515218360013975e+00
6.299999999999416289e+00 1.251826563719906082e-01 1.568249292759803737e+00
6.399999999999405276e+00 1.598502839492220717e-01 1.538572447838293833e+00
6.499999999999394262e+00 1.982800427924495679e-01 1.505628296754945694e+00
6.599999999999383249e+00 2.402737334241165368e-01 1.469575622985624275e+00
6.699999999999372235e+00 2.856163280370042079e-01 1.430587582951775127e+00
6.799999999999361222e+00 3.340770668975776014e-01 1.388850841023587357e+00
6.899999999999350209e+00 3.854106292980070125e-01 1.344564641323029885e+00
6.999999999999339195e+00 4.393583727319781973e-01 1.297939821058123888e+00
7.099999999999328182e+00 4.956496336353800602e-01 1.249197770397761920e+00
7.199999999999317168e+00 5.540030827962381110e-01 1.198569344144482685e+00
7.299999999999306155e+00 6.141281283976558480e-01 1.146293730677368172e+00
7.399999999999295142e+00 6.757263595910274478e-01 1.092617283820219054e+00
7.499999999999284128e+00 7.384930234679695227e-01 1.037792323442036979e+00
7.599999999999273115e+00 8.021185282729336175e-01 9.820759107189231951e-01
7.699999999999262101e+00 8.662899656507832002e-01 9.257286040823234918e-01
7.799999999999251088e+00 9.306926446341806658e-01 8.690132019480889536e-01
7.899999999999240075e+00 9.950116299363807038e-01 8.121934783661786117e-01
7.999999999999229061e+00 1.058933276940621449e+00 7.555329177517312589e-01
8.099999999999218048e+00 1.122146755622002168e+00 6.992934548525666649e-01
8.199999999999207034e+00 1.184345555567103858e+00 6.437342260737282107e-01
8.299999999999196021e+00 1.245228964316600573e+00 5.891103382135455258e-01
8.399999999999185007e+00 1.304503511456872378e+00 5.356716605638006667e-01
8.499999999999173994e+00 1.361884371199810095e+00 4.836616461913632592e-01
8.599999999999162981e+00 1.417096716577736393e+00 4.333161880487681472e-01
8.699999999999151967e+00 1.469877018795135548e+00 3.848625153614675387e-01
8.799999999999140954e+00 1.519974285694560390e+00 3.385181355118022650e-01
8.899999999999129940e+00 1.567151233690617484e+00 2.944898263879095479e-01
8.999999999999118927e+00 1.611185387905432531e+00 2.529726838924904464e-01
9.099999999999107914e+00 1.651870105607209371e+00 2.141492290132308018e-01
9.199999999999096900e+00 1.689015518431346452e+00 1.781885785459034477e-01
9.299999999999085887e+00 1.722449389261773378e+00 1.452456832334276804e-01
9.399999999999074873e+00 1.752017880078613699e+00 1.154606367412563672e-01
9.499999999999063860e+00 1.777586227515144390e+00 8.895805853216036396e-02
9.599999999999052847e+00 1.799039323277972446e+00 6.584655333426590873e-02
9.699999999999041833e+00 1.816282196950468997e+00 4.621824951605233572e-02
9.799999999999030820e+00 1.829240399051243804e+00 3.014841829288952835e-02
9.899999999999019806e+00 1.837860282622281183e+00 1.769517529176757240e-02
9.999999999999008793e+00 1.842109182126497435e+00 8.899265595273197008e-03
1.009999999999899778e+01 1.841975489038145453e+00 3.783932973932027741e-03
1.019999999999898677e+01 1.837468624167821751e+00 2.354873600345832024e-03
1.029999999999897575e+01 1.828618907409552241e+00 4.600274122260388995e-03
1.039999999999896474e+01 1.815477326187665774e+00 1.049093355805856900e-02
1.049999999999895373e+01 1.798115204395053013e+00 1.998046807006683551e-02
1.059999999999894271e+01 1.776623774077267015e+00 3.300559727073919258e-02
1.069999999999893170e+01 1.751113652547494404e+00 4.948651032607532391e-02
1.079999999999892069e+01 1.721714228038335071e+00 6.932730974117766454e-02
1.089999999999890967e+01 1.688572957404156138e+00 9.241653034627587970e-02
1.099999999999889866e+01 1.651854579785384747e+00 1.186277306493921935e-01
1.109999999999888765e+01 1.611740250548381992e+00 1.478201533857563255e-01
1.119999999999887663e+01 1.568426600216550559e+00 1.798394517758649946e-01
1.129999999999886562e+01 1.522124723488720077e+00 2.145184777057410619e-01
1.139999999999885461e+01 1.473059103763273647e+00 2.516781277661361282e-01
1.149999999999884359e+01 1.421466478833722347e+00 2.911282428334246442e-01
1.159999999999883258e+01 1.367594653594286003e+00 3.326685566441732744e-01
1.169999999999882156e+01 1.311701265709624975e+00 3.760896886077652046e-01
1.179999999999881055e+01 1.254052510283086397e+00 4.211741759166932053e-01
1.189999999999879954e+01 1.194921829629640220e+00 4.676975398518348204e-01
1.199999999999878852e+01 1.134588574352556334e+00 5.154293810404382281e-01
1.209999999999877751e+01 1.073336642060822577e+00 5.641344983081724163e-01
1.219999999999876650e+01 1.011453100245007120e+00 6.135740256759097955e-01
1.229999999999875548e+01 9.492268000068752043e-01 6.635065819885964666e-01
1.239999999999874447e+01 8.869469874407417409e-01 7.136894276300944640e-01
1.249999999999873346e+01 8.249019194380028397e-01 7.638796227733954947e-01
1.259999999999872244e+01 7.633774905364358876e-01 8.138351816389751692e-01
1.269999999999871143e+01 7.026558772113392637e-01 8.633162172813888535e-01
1.279999999999870042e+01 6.430142057702969982e-01 9.120860714935726810e-01
1.289999999999868940e+01 5.847232498109972143e-01 9.599124245068768602e-01
1.299999999999867839e+01 5.280461630601028800e-01 1.006568379272028135e+00
1.309999999999866738e+01 4.732372533351318911e-01 1.051833515233884908e+00
1.319999999999865636e+01 4.205408033432007087e-01 1.095494906660716694e+00
1.329999999999864535e+01 3.701899440049857271e-01 1.137348100762792358e+00
1.339999999999863434e+01 3.224055859203691088e-01 1.177198051035512893e+00
1.349999999999862332e+01 2.773954144369352726e-01 1.214860001491396835e+00
1.359999999999861231e+01 2.353529535217529778e-01 1.250160317704866575e+00
1.369999999999860130e+01 1.964567032571863936e-01 1.282937260880037567e+00
1.379999999999859028e+01 1.608693552817187233e-01 1.313041701465113675e+00
1.389999999999857927e+01 1.287370898983479506e-01 1.340337769170346860e+00
1.399999999999856826e+01 1.001889579228678606e-01 1.364703436593981190e+00
1.409999999999855724e+01 7.533634969821141614e-02 1.386031034017634722e+00
1.419999999999854623e+01 5.427255310205059829e-02 1.404227693291770995e+00
1.429999999999853522e+01 3.707240183736137257e-02 1.419215719094760297e+00
1.439999999999852420e+01 2.379201481173697993e-02 1.430932886211203403e+00
1.449999999999851319e+01 1.446862696524506796e-02 1.439332661837554816e+00
1.459999999999850218e+01 9.120511485781031269e-03 1.444384352286465667e+00
1.469999999999849116e+01 7.746992947015070817e-03 1.446073173821152524e+00
1.479999999999848015e+01 1.032855051286625005e-02 1.444400247710889928e+00
1.489999999999846914e+01 1.682700997284066954e-02 1.439382519953105177e+00
1.499999999999845812e+01 2.718582300421514344e-02 1.431052606458576015e+00
1.509999999999844711e+01 4.133043169878967277e-02 1.419458564840185399e+00
1.519999999999843610e+01 5.916871604358875381e-02 1.404663594282485439e+00
1.529999999999842508e+01 8.059152170863738418e-02 1.386745665297310248e+00
1.539999999999841407e+01 1.054732651725763803e-01 1.365797081487302167e+00
1.549999999999840306e+01 1.336726129062170421e-01 1.341923975744806041e+00
1.559999999999839204e+01 1.650332310289238935e-01 1.315245743606370477e+00
1.569999999999838103e+01 1.993846015453288878e-01 1.285894416762627168e+00
1.579999999999837001e+01 2.365429009551069939e-01 1.254013979989223815e+00
1.589999999999835900e+01 2.763119367081137145e-01 1.219759635014532329e+00
1.599999999999834799e+01 3.184841366653165529e-01 1.183297015073963232e+00
1.609999999999833875e+01 3.628415864477484432e-01 1.144801354115061676e+00
1.619999999999832596e+01 4.091571093392664116e-01 1.104456614810842341e+00
1.629999999999831317e+01 4.571953832709775289e-01 1.062454579707940328e+00
1.639999999999830393e+01 5.067140893516768330e-01 1.018993909980968171e+00
1.649999999999829470e+01 5.574650863983728888e-01 9.742791763841939234e-01
1.659999999999828191e+01 6.091956059375422949e-01 9.285198670879866167e-01
1.669999999999826912e+01 6.616494621775482754e-01 8.819293771626075529e-01
1.679999999999825988e+01 7.145682714932370949e-01 8.347239845255800539e-01
1.689999999999825064e+01 7.676926760070248434e-01 7.871218172032254934e-01
1.699999999999823785e+01 8.207635658782688193e-01 7.393418167707910271e-01
1.709999999999822506e+01 8.735232949032937233e-01 6.916027028304192470e-01
1.719999999999821583e+01 9.257168839938070271e-01 6.441219433619816970e-01
1.729999999999820659e+01 9.770932070762063937e-01 5.971147357369742670e-01
1.739999999999819380e+01 1.027406153983545067e+00 5.507930031200488630e-01
1.749999999999818101e+01 1.076415765007909586e+00 5.053644108945245517e-01
1.759999999999817177e+01 1.123889331923606294e+00 4.610314076372115100e-01
1.769999999999816254e+01 1.169602460447919379e+00 4.179902950351808144e-01
1.779999999999814975e+01 1.213340089266642385e+00 3.764303309840528189e-01
1.789999999999813696e+01 1.254897460938140030e+00 3.365328699351686770e-01
1.799999999999812772e+01 1.294081040228564072e+00 2.984705443678382641e-01
1.809999999999811848e+01 1.330709375727169519e+00 2.624064910537333706e-01
1.819999999999810569e+01 1.364613900920363498e+00 2.284936255544561812e-01
1.829999999999809290e+01 1.395639671227318024e+00 1.968739681515547513e-01
1.839999999999808367e+01 1.423646033796668986e+00 1.676780241526024118e-01
1.849999999999807443e+01 1.448507227136995867e+00 1.410242212487068381e-01
1.859999999999806164e+01 1.470112907945879233e+00 1.170184063187945794e-01
1.869999999999804885e+01 1.488368602861697587e+00 9.575340378469102132e-02
1.879999999999803961e+01 1.503196083302987152e+00 7.730863731996123756e-02
1.889999999999803038e+01 1.514533662054117658e+00 6.174981640585835291e-02
1.899999999999801759e+01 1.522336410737942458e+00 4.912868891291062579e-02
1.909999999999800480e+01 1.526576297733953869e+00 3.948286056907795299e-02
1.919999999999799556e+01 1.527242246440692730e+00 3.283568185737550243e-02
1.929999999999798632e+01 1.524340114086000231e+00 2.919620256857393542e-02
1.939999999999797353e+01 1.517892591622233445e+00 2.855919391870898050e-02
1.949999999999796074e+01 1.507939025632976993e+00 3.090523782735290353e-02
1.959999999999795151e+01 1.494535163605841932e+00 3.620088264261200200e-02
1.969999999999794227e+01 1.477752824345369032e+00 4.439886429464122430e-02
1.979999999999792948e+01 1.457679495668784853e+00 5.543839156338878360e-02
1.989999999999791669e+01 1.434417861823653162e+00 6.924549385990565187e-02
1.999999999999790745e+01 1.408085263283733291e+00 8.573342964483893214e-02
2.009999999999789821e+01 1.378813091735715979e+00 1.048031533431419554e-01
2.019999999999788542e+01 1.346746123181849830e+00 1.263438383604292004e-01
2.029999999999787264e+01 1.312041792180298705e+00 1.502334535639604507e-01
2.039999999999786340e+01 1.274869410338907771e+00 1.763393903596734980e-01
2.049999999999785416e+01 1.235409332293959439e+00 2.045191372761252513e-01
2.059999999999784137e+01 1.193852072558665434e+00 2.346209987564265576e-01
2.069999999999782858e+01 1.150397376831931551e+00 2.664848546606266577e-01
2.079999999999781934e+01 1.105253251612171361e+00 2.999429567939406738e-01
2.089999999999781011e+01 1.058634956262244797e+00 3.348207586018375204e-01
2.099999999999779732e+01 1.010763962009259886e+00 3.709377740128202428e-01
2.109999999999778453e+01 9.618668827194691850e-01 4.081084612661916022e-01
2.119999999999777529e+01 9.121743826355924734e-01 4.461431274375650680e-01
2.129999999999776605e+01 8.619200665749482404e-01 4.848488492731480304e-01
2.139999999999775326e+01 8.113393583420966948e-01 5.240304058663761699e-01
2.149999999999774047e+01 7.606683732888335214e-01 5.634912186615892438e-01
2.159999999999773124e+01 7.101427910303174107e-01 6.030342942488390312e-01
2.169999999999772200e+01 6.599967342719441632e-01 6.424631654232416667e-01
2.179999999999770921e+01 6.104616595121802325e-01 6.815828260188225851e-01
2.189999999999769642e+01 5.617652650976433515e-01 7.202006550869314294e-01
2.199999999999768718e+01 5.141304217828798206e-01 7.581273260695543526e-01
2.209999999999767795e+01 4.677741306555038836e-01 7.951776967136642282e-01
2.219999999999766516e+01 4.229065130655714766e-01 8.311716755837297299e-01
2.229999999999765237e+01 3.797298370402643064e-01 8.659350611554437194e-01
2.239999999999764313e+01 3.384375845308840169e-01 8.993003496158074039e-01
2.249999999999763389e+01 2.992135636815797528e-01 9.311075076542436602e-01
2.259999999999762110e+01 2.622310701076698281e-01 9.612047067050840665e-01
2.269999999999760831e+01 2.276521009400471474e-01 9.894490152928164806e-01
2.279999999999759908e+01 1.956266251532776390e-01 1.015707046337829933e+00
2.289999999999758984e+01 1.662919134522189979e-01 1.039855556501105838e+00
2.299999999999757705e+01 1.397719307278264822e-01 1.061781994883982394e+00
2.309999999999756426e+01 1.161767937911461490e-01 1.081384998649910001e+00
2.319999999999755502e+01 9.560229675624160040e-02 1.098574833399708295e+00
2.329999999999754579e+01 7.812950608915997242e-02 1.113273776403461479e+00
2.339999999999753300e+01 6.382442699695976829e-02 1.125416441070586249e+00
2.349999999999752021e+01 5.273774251908500132e-02 1.134950041319016556e+00
2.359999999999751097e+01 4.490462640460701760e-02 1.141834594788161406e+00
2.369999999999750173e+01 4.034463059575450067e-02 1.146043064125726207e+00
2.379999999999748894e+01 3.906164786203505934e-02 1.147561435869316249e+00
2.389999999999747615e+01 4.104394981359041350e-02 1.146388736740419079e+00
2.399999999999746692e+01 4.626430015218981062e-02 1.142536987470535559e+00
2.409999999999745768e+01 5.468014259407846800e-02 1.136031094585566947e+00
2.419999999999744489e+01 6.623386243830077513e-02 1.126908680882547253e+00
2.429999999999743210e+01 8.085312028721179656e-02 1.115219855636313762e+00
2.439999999999742286e+01 9.845125598197847216e-02 1.101026925871728013e+00
2.449999999999741362e+01 1.189277604121212056e-01 1.084404050323386937e+00
2.459999999999740083e+01 1.421688124983472856e-01 1.065436837980240137e+00
2.469999999999738804e+01 1.680478783295810685e-01 1.044221893374785770e+00
2.479999999999737881e+01 1.964263691548226720e-01 1.020866311024352102e+00
2.489999999999736957e+01 2.271543546832614502e-01 9.954871216666418832e-01
2.499999999999735678e+01 2.600713279243002662e-01 9.682106931498892788e-01
2.509999999999734399e+01 2.950070175936715944e-01 9.391720890424828383e-01
2.519999999999733475e+01 3.317822439147443681e-01 9.085143882150136241e-01
2.529999999999732552e+01 3.702098134517450290e-01 8.763879688208592311e-01
2.539999999999731273e+01 4.100954484240893483e-01 8.429497602575857229e-01
2.549999999999729994e+01 4.512387457733920137e-01 8.083624668313506012e-01
2.559999999999729070e+01 4.934341610929776079e-01 7.727937669675197796e-01
2.569999999999728146e+01 5.364720123931990825e-01 7.364154919145882161e-01
2.579999999999726867e+01 5.801394985784665836e-01 6.994027879715704055e-01
2.589999999999725588e+01 6.242217274731858279e-01 6.619332663328183486e-01
2.599999999999724665e+01 6.685027482674330557e-01 6.241861446847286610e-01
2.609999999999723741e+01 7.127665833519306604e-01 5.863413847062494133e-01
2.619999999999722462e+01 7.567982546451121895e-01 5.485788296203552017e-01
2.629999999999721183e+01 8.003847996484779737e-01 5.110773459157826881e-01
2.639999999999720259e+01 8.433162725812847205e-01 4.740139733114174803e-01
2.649999999999719336e+01 8.853867260503777148e-01 4.375630869691009006e-01
2.659999999999718057e+01 9.263951688214736579e-01 4.018955758761198482e-01
2.669999999999716778e+01 9.661464953851820470e-01 3.671780412169274865e-01
2.679999999999715854e+01 1.004452383150638228e+00 3.335720184354291074e-01
2.689999999999714930e+01 1.041132153249389125e+00 3.012332265563909539e-01
2.699999999999713651e+01 1.076013591098174960e+00 2.703108481873179869e-01
2.709999999999712372e+01 1.108933723068752375e+00 2.409468434615850696e-01
2.719999999999711449e+01 1.139739545867942683e+00 2.132753010089488699e-01
2.729999999999710525e+01 1.168288705538661043e+00 1.874218288511964314e-01
2.739999999999709246e+01 1.194450123332384983e+00 1.635029879193096169e-01
2.749999999999707967e+01 1.218104566024223567e+00 1.416257706754668333e-01
2.759999999999707043e+01 1.239145158510961853e+00 1.218871271010476959e-01
2.769999999999706120e+01 1.257477836731145882e+00 1.043735400819866821e-01
2.779999999999704841e+01 1.273021739094533533e+00 8.916065198706855932e-02
2.789999999999703562e+01 1.285709534733326720e+00 7.631294399333682366e-02
2.799999999999702638e+01 1.295487687033551882e+00 6.588346946559557604e-02
2.809999999999701714e+01 1.302316651097416011e+00 5.791364244364412966e-02
2.819999999999700435e+01 1.306171004052578466e+00 5.243308203096947590e-02
2.829999999999699156e+01 1.307039507468550577e+00 4.945951321266640194e-02
2.839999999999698233e+01 1.304925101559404110e+00 4.899872435914189722e-02
2.849999999999697309e+01 1.299844831323719641e+00 5.104458139776495845e-02
2.859999999999696030e+01 1.291829705256834382e+00 5.557909835920660235e-02
2.869999999999694751e+01 1.280924487728409833e+00 6.257256373150836548e-02
2.879999999999693827e+01 1.267187426522166094e+00 7.198372178526814269e-02
2.889999999999692903e+01 1.250689917372333149e+00 8.376000776994758923e-02
2.899999999999691624e+01 1.231516107620398870e+00 9.783783562593027783e-02
2.909999999999690345e+01 1.209762441377299380e+00 1.141429366107802185e-01
2.919999999999689422e+01 1.185537148836919963e+00 1.325907470023767187e-01
2.929999999999688498e+01 1.158959682647436873e+00 1.530868428173315365e-01
2.939999999999687219e+01 1.130160104496062079e+00 1.755274192713086323e-01
2.949999999999685940e+01 1.099278425271461801e+00 1.997998125097581734e-01
2.959999999999685016e+01 1.066463902312748679e+00 2.257830609535365352e-01
2.969999999999684093e+01 1.031874297337152191e+00 2.533485034342145004e-01
2.979999999999682814e+01 9.956750986948128546e-01 2.823604111377834291e-01
2.989999999999681535e+01 9.580387116883719578e-01 3.126766502335133757e-01
2.999999999999680611e+01 9.191436208510991301e-01 3.441493719370655735e-01
3.009999999999679687e+01 8.791735282815666963e-01 3.766257266462126885e-01
3.019999999999678408e+01 8.383164723190453804e-01 4.099485986954167216e-01
3.029999999999677129e+01 7.967639309477494436e-01 4.439573582033930488e-01
3.039999999999676206e+01 7.547099143172435465e-01 4.784886264353065410e-01
3.049999999999675282e+01 7.123500506767628249e-01 5.133770510670266907e-01
3.059999999999674003e+01 6.698806698812236338e-01 5.484560877205427731e-01
3.069999999999672724e+01 6.274978884735948892e-01 5.835587841360845296e-01
3.079999999999671800e+01 5.853967002192337343e-01 6.185185633547611861e-01
3.089999999999670877e+01 5.437700758832334502e-01 6.531700023077781081e-01
3.099999999999669598e+01 5.028080760047509701e-01 6.873496022428458030e-01
3.109999999999668319e+01 4.626969804105252049e-01 7.208965474685044006e-01
3.119999999999667395e+01 4.236184381873448479e-01 7.536534489635929868e-01
3.129999999999666471e+01 3.857486417734053430e-01 7.854670694797342145e-01
3.139999999999665192e+01 3.492575287226032388e-01 8.161890268616449617e-01
3.149999999999663913e+01 3.143080145636252820e-01 8.456764724183444271e-01
3.159999999999662990e+01 2.810552600458082195e-01 8.737927412988644171e-01
3.169999999999662066e+01 2.496459759503615872e-01 9.004079719591205899e-01
3.179999999999660787e+01 2.202177685300431287e-01 9.253996919526796816e-01
3.189999999999659508e+01 1.928985284862706484e-01 9.486533674393334836e-01
3.199999999999658584e+01 1.678058661763582038e-01 9.700629139792171785e-01
3.209999999999657661e+01 1.450465954807070024e-01 9.895311663665675717e-01
3.219999999999656382e+01 1.247162684914145114e-01 1.006970305450187508e+00
3.229999999999655103e+01 1.068987629499694725e-01 1.022302240086776948e+00
3.239999999999653824e+01 9.166592417435162621e-02 1.035458942576195307e+00
3.249999999999653255e+01 7.907726306232930324e-02 1.046382736134757963e+00
3.259999999999651976e+01 6.917971161406957781e-02 1.055026533175380532e+00
3.269999999999650697e+01 6.200743726305083664e-02 1.061354023381554823e+00
3.279999999999650129e+01 5.758171712513780738e-02 1.065339810788981323e+00
3.289999999999648850e+01 5.591087305715538441e-02 1.066969499321872572e+00
3.299999999999647571e+01 5.699026814397600837e-02 1.066239726474058624e+00
3.309999999999646292e+01 6.080236489860053190e-02 1.063158145074864835e+00
3.319999999999645013e+01 6.731684506636295695e-02 1.057743353335431458e+00
3.329999999999644444e+01 7.649079049016763165e-02 1.050024773628634556e+00
3.339999999999643165e+01 8.826892404749046850e-02 1.040042480712786155e+00
3.349999999999641886e+01 1.025839092423383309e-01 1.027846980360631379e+00
3.359999999999641318e+01 1.193567066478237321e-01 1.013498939599490001e+00
3.369999999999640039e+01 1.384969850557273285e-01 9.970688700045132746e-01
3.379999999999638760e+01 1.599035848981339714e-01 9.786367657120600416e-01
3.389999999999637481e+01 1.834650312626508462e-01 9.582916980359456049e-01
3.399999999999636202e+01 2.090600936283215916e-01 9.361313687704777564e-01
3.409999999999635634e+01 2.365583893057871534e-01 9.122616244521856155e-01
3.419999999999634355e+01 2.658210274680582463e-01 8.867959340231152954e-01
3.429999999999633076e+01 2.967012905913848919e-01 8.598548324941062138e-01
3.439999999999632507e+01 3.290453500596889902e-01 8.315653333464370078e-01
3.449999999999631228e+01 3.626930125887915524e-01 8.020603125390509680e-01
3.459999999999629949e+01 3.974784939802147865e-01 7.714778671065694038e-01
3.469999999999628670e+01 4.332312165267567794e-01 7.399606514417931269e-01
3.479999999999627391e+01 4.697766261957486700e-01 7.076551944545960149e-01
3.489999999999626823e+01 5.069370255528401481e-01 6.747112008829181384e-01
3.499999999999625544e+01 5.445324182959385695e-01 6.412808400978114998e-01
3.509999999999624265e+01 5.823813612578903065e-01 6.075180257913910253e-01
3.519999999999623697e+01 6.203018197974599079e-01 5.735776899624466241e-01
3.529999999999622418e+01 6.581120226090485525e-01 5.396150546208580145e-01
3.539999999999621139e+01 6.956313121177973846e-01 5.057849046209692556e-01
3.549999999999619860e+01 7.326809867669723531e-01 4.722408650078750991e-01
3.559999999999618581e+01 7.690851316294881057e-01 4.391346862208709290e-01
3.569999999999618012e+01 8.046714338698982560e-01 4.066155404475642610e-01
3.579999999999616733e+01 8.392719796416363565e-01 3.748293323600619398e-01
3.589999999999615454e+01 8.727240290241543574e-01 3.439180273920319220e-01
3.599999999999614886e+01 9.048707655996220955e-01 3.140190006321335048e-01
3.609999999999613607e+01 9.355620172637977294e-01 2.852644093141292192e-01
3.619999999999612328e+01 9.646549448861545528e-01 2.577805917761602506e-01
3.629999999999611049e+01 9.920146954956305940e-01 2.316874956402843189e-01
3.639999999999609770e+01 1.017515016773010927e+00 2.070981378277351737e-01
3.649999999999609201e+01 1.041038829777747088e+00 1.841180988758991111e-01
3.659999999999607923e+01 1.062478757022164988e+00 1.628450538602710662e-01
3.669999999999606644e+01 1.081737603219065980e+00 1.433683420495688310e-01
3.679999999999606075e+01 1.098728786252814560e+00 1.257685772358011767e-01
3.689999999999604796e+01 1.113376716146168510e+00 1.101173004845524411e-01
3.699999999999603517e+01 1.125617120022258222e+00 9.647667684486370410e-02
3.709999999999602238e+01 1.135397311315844204e+00 8.489923734332384397e-02
3.719999999999600959e+01 1.142676401796025809e+00 7.542766736377959358e-02
3.729999999999600391e+01 1.147425455327536703e+00 6.809464228280599774e-02
3.739999999999599112e+01 1.149627582700682327e+00 6.292271099329498074e-02
3.749999999999597833e+01 1.149277977270102280e+00 5.992422770617551742e-02
3.759999999999597264e+01 1.146383891550818879e+00 5.910133217645536369e-02
3.769999999999595985e+01 1.140964555323349394e+00 6.044597825698296706e-02
3.779999999999594706e+01 1.133051036205644069e+00 6.394001044451021187e-02
3.789999999999593427e+01 1.122686044032472186e+00 6.955528784969410017e-02
3.799999999999592148e+01 1.109923680697032733e+00 7.725385479761975871e-02
3.809999999999591580e+01 1.094829137309415668e+00 8.698815704881017463e-02
3.819999999999590301e+01 1.077478340612735730e+00 9.870130242251862196e-02
3.829999999999589022e+01 1.057957550620491904e+00 1.123273644031475005e-01
3.839999999999588454e+01 1.036362911482316074e+00 1.277917271161649326e-01
3.849999999999587175e+01 1.012799957701549403e+00 1.450114698717024364e-01
3.859999999999585896e+01 9.873830780220627101e-01 1.638957892934122251e-01
3.869999999999584617e+01 9.602349395334228710e-01 1.843464568787822611e-01
3.879999999999583338e+01 9.314858747804379835e-01 2.062583096763430379e-01
3.889999999999582769e+01 9.012732348952965378e-01 2.295197716167585722e-01
3.899999999999581490e+01 8.697407119959990052e-01 2.540134028984862291e-01
3.909999999999580211e+01 8.370376342991584506e-01 2.796164747064961431e-01
3.919999999999579643e+01 8.033182375547472942e-01 3.062015664342566668e-01
3.929999999999578364e+01 7.687409165187786275e-01 3.336371824857087831e-01
3.939999999999577085e+01 7.334674602457027515e-01 3.617883856555419997e-01
3.949999999999575806e+01 6.976622750177570165e-01 3.905174440230241850e-01
3.959999999999574527e+01 6.614915987312235401e-01 4.196844882472569593e-01
3.969999999999573959e+01 6.251227105304931753e-01 4.491481761203770517e-01
3.979999999999572680e+01 5.887231394296648102e-01 4.787663612186311979e-01
3.989999999999571401e+01 5.524598756123938470e-01 5.083967624900688209e-01
3.999999999999570832e+01 5.164985880694897835e-01 5.378976316301383731e-01
4.009999999999569553e+01 4.810028522159099929e-01 5.671284151245638006e-01
4.019999999999568274e+01 4.461333910970583516e-01 5.959504078815582861e-01
4.029999999999566995e+01 4.120473337188939045e-01 6.242273954336579056e-01
4.039999999999565716e+01 3.788974939023059818e-01 6.518262817615290139e-01
4.049999999999565148e+01 3.468316728805578286e-01 6.786176998763880919e-01
4.059999999999563869e+01 3.159919886614676598e-01 7.044766023928963339e-01
4.069999999999562590e+01 2.865142350017069739e-01 7.292828294273226986e-01
4.079999999999562021e+01 2.585272727119976577e-01 7.529216512687493257e-01
4.089999999999560742e+01 2.321524559154059253e-01 7.752842833925105426e-01
4.099999999999559464e+01 2.075030957767816098e-01 7.962683715192877543e-01
4.109999999999558185e+01 1.846839640708212438e-01 8.157784445692373154e-01
4.119999999999556906e+01 1.637908387530754017e-01 8.337263335179330159e-01
4.129999999999556337e+01 1.449100934679646291e-01 8.500315543277355834e-01
4.139999999999555058e+01 1.281183327035387010e-01 8.646216533025848916e-01
4.149999999999553779e+01 1.134820740999698263e-01 8.774325133956850653e-01
4.159999999999553211e+01 1.010574792223250806e-01 8.884086201879423106e-01
4.169999999999551932e+01 9.089013388652686376e-02 8.975032864521911291e-01
4.179999999999550653e+01 8.301487885916755682e-02 9.046788344230625167e-01
4.189999999999549374e+01 7.745569144642563963e-02 9.099067351014837879e-01
4.199999999999548095e+01 7.422561818182210613e-02 9.131677041335716227e-01
4.209999999999547526e+01 7.332675855800152576e-02 9.144517540109882159e-01
4.219999999999546247e+01 7.475029954393426490e-02 9.137582025423760523e-01
4.229999999999544968e+01 7.847660047163207420e-02 9.110956377448142796e-01
4.239999999999544400e+01 8.447532772577583116e-02 9.064818395003051421e-01
4.249999999999543121e+01 9.270563848732821244e-02 8.999436585195529359e-01
4.259999999999541842e+01 1.031164125557036265e-01 8.915168533504840287e-01
4.269999999999540563e+01 1.156465310207991093e-01 8.812458863631063011e-01
4.279999999999539284e+01 1.302252003078863130e-01 8.691836798292031929e-01
4.289999999999538716e+01 1.467723199003172774e-01 8.553913333962986920e-01
4.299999999999537437e+01 1.651988918650083293e-01 8.399378044262071352e-01
4.309999999999536158e+01 1.854074701542880454e-01 8.228995528316868091e-01
4.319999999999535589e+01 2.072926475165728366e-01 8.043601521993702930e-01
4.329999999999534310e+01 2.307415777015937031e-01 7.844098691358085684e-01
4.339999999999533031e+01 2.556345304865352275e-01 7.631452129139156826e-01
4.349999999999531752e+01 2.818454768788125619e-01 7.406684576302833278e-01
4.359999999999530473e+01 3.092427016792438366e-01 7.170871392073898676e-01
4.369999999999529905e+01 3.376894404349071732e-01 6.925135296870140733e-01
4.379999999999528626e+01 3.670445377008311749e-01 6.670640913598380184e-01
4.389999999999527347e+01 3.971631234788687292e-01 6.408589133605425703e-01
4.399999999999526779e+01 4.278973046964430482e-01 6.140211334263304677e-01
4.409999999999525500e+01 4.590968685884256884e-01 5.866763475714361631e-01
4.419999999999524221e+01 4.906099948153903045e-01 5.589520104729160943e-01
4.429999999999522942e+01 5.222839730838925165e-01 5.309768293958162522e-01
4.439999999999521663e+01 5.539659229480460301e-01 5.028801545087486780e-01
4.449999999999521094e+01 5.855035123934880792e-01 4.747913684540545631e-01
4.459999999999519815e+01 6.167456717582837644e-01 4.468392780378027118e-01
4.469999999999518536e+01 6.475432995499281752e-01 4.191515108930001787e-01
4.479999999999517968e+01 6.777499567927920410e-01 3.918539199417217511e-01
4.489999999999516689e+01 7.072225466855395215e-01 3.650699984386240882e-01
4.499999999999515410e+01 7.358219765308178228e-01 3.389203083185985399e-01
4.509999999999514131e+01 7.634137990578786503e-01 3.135219244972354269e-01
4.519999999999512852e+01 7.898688303315382075e-01 2.889878976874256100e-01
4.529999999999512283e+01 8.150637414151274962e-01 2.654267381999319553e-01
4.539999999999511004e+01 8.388816208817172493e-01 2.429419230919516726e-01
4.549999999999509726e+01 8.612125052417021198e-01 2.216314289138666960e-01
4.559999999999509157e+01 8.819538744622910098e-01 2.015872921785974714e-01
4.569999999999507878e+01 9.010111100210633772e-01 1.828951995394136054e-01
4.579999999999506599e+01 9.182979133168511776e-01 1.656341095107830563e-01
4.589999999999505320e+01 9.337366826666562147e-01 1.498759074057433305e-01
4.599999999999504041e+01 9.472588474651163493e-01 1.356850949948549268e-01
4.609999999999503473e+01 9.588051583395889033e-01 1.231185162189446236e-01
4.619999999999502194e+01 9.683259323147048736e-01 1.122251201120929437e-01
4.629999999999500915e+01 9.757812521422967178e-01 1.030457619129594021e-01
4.639999999999500346e+01 9.811411190874443911e-01 9.561304316184431051e-02
4.649999999999499067e+01 9.843855586049881090e-01 8.995119139736308667e-02
4.659999999999497788e+01 9.855046785014082156e-01 8.607597988013868107e-02
4.669999999999496509e+01 9.844986793626990806e-01 8.399468758168418536e-02
4.679999999999495230e+01 9.813778172486672391e-01 8.370609948491476715e-02
4.689999999999494662e+01 9.761623189160192338e-01 8.520054705004423412e-02
4.699999999999493383e+01 9.688822501200617943e-01 8.845998850762840093e-02
4.709999999999492104e+01 9.595773378210090687e-01 9.345812845178858019e-02
4.719999999999491536e+01 9.482967473515379053e-01 1.001605760226947778e-01
4.729999999999490257e+01 9.350988157872330842e-01 1.085250407894751828e-01
4.739999999999488978e+01 9.200507429274396021e-01 1.185015652723650920e-01
4.749999999999487699e+01 9.032282414666532588e-01 1.300327928758299723e-01
4.759999999999486420e+01 8.847151481199466705e-01 1.430542698424206172e-01
4.769999999999485851e+01 8.646029976417679563e-01 1.574947796803169986e-01
4.779999999999484572e+01 8.429905618356319241e-01 1.732767083672634434e-01
4.789999999999483293e+01 8.199833557951373697e-01 1.903164384906278761e-01
4.799999999999482725e+01 7.956931137610919746e-01 2.085247703494604588e-01
4.809999999999481446e+01 7.702372371268828566e-01 2.278073679211712610e-01
4.819999999999480167e+01 7.437382172561259885e-01 2.480652274835316862e-01
4.829999999999478888e+01 7.163230358724471669e-01 2.691951665826360363e-01
4.839999999999477609e+01 6.881225458443120946e-01 2.910903309480795120e-01
4.849999999999477041e+01 6.592708352455004528e-01 3.136407168776865206e-01
4.859999999999475762e+01 6.299045776586418288e-01 3.367337065450304312e-01
4.869999999999474483e+01 6.001623718195455703e-01 3.602546136247494202e-01
4.879999999999473914e+01 5.701840738617132143e-01 3.840872365851303316e-01
4.889999999999472635e+01 5.401101255695640591e-01 4.081144169655162024e-01
4.899999999999471356e+01 5.100808821358858713e-01 4.322185999404690171e-01
4.909999999999470077e+01 4.802359429196151330e-01 4.562823944723911063e-01
4.919999999999468798e+01 4.507134886355163572e-01 4.801891303699717950e-01
4.929999999999468230e+01 4.216496283176747184e-01 5.038234095998277429e-01
4.939999999999466951e+01 3.931777593064383902e-01 5.270716492425856492e-01
4.949999999999465672e+01 3.654279433982318692e-01 5.498226135412999094e-01
4.959999999999465103e+01 3.385263021473043366e-01 5.719679325589485108e-01
4.969999999999463824e+01 3.125944341169615837e-01 5.934026050403082841e-01
4.979999999999462545e+01 2.877488566714511697e-01 6.140254831616008824e-01
4.989999999999461266e+01 2.641004747131253105e-01 6.337397369462136609e-01
