1.000000000000000000e+00 2.000000000000000000e+00 0.000000000000000000e+00
1.099999999999988987e+00 1.997600966495798103e+00 1.999200209283345017e-03
1.199999999999977973e+00 1.990415456820151974e+00 7.987208594035991385e-03
1.299999999999966960e+00 1.978478187273215561e+00 1.793529493062397812e-02
1.399999999999955946e+00 1.961846830232923056e+00 3.179573030774054260e-02
1.499999999999944933e+00 1.940601731774401761e+00 4.950201853000744945e-02
1.599999999999933920e+00 1.914845517652393303e+00 7.096921850220007377e-02
1.699999999999922906e+00 1.884702589592576860e+00 9.609435601537089089e-02
1.799999999999911893e+00 1.850318514391249503e+00 1.247569229153337039e-01
1.899999999999900879e+00 1.811859308863838613e+00 1.568194612031874047e-01
1.999999999999889866e+00 1.769510624206254823e+00 1.921282291990065172e-01
2.099999999999878852e+00 1.723476833841311562e+00 2.305139464956012796e-01
2.199999999999867839e+00 1.673980029307316153e+00 2.717926140413481351e-01
2.299999999999856826e+00 1.621258929207906041e+00 3.157664053216721611e-01
2.399999999999845812e+00 1.565567706679417137e+00 3.622246242592767063e-01
2.499999999999834799e+00 1.507174741238960225e+00 4.109447251259821243e-01
2.599999999999823785e+00 1.446361301255594256e+00 4.616933894551620843e-01
2.699999999999812772e+00 1.383420163630898703e+00 5.142276546650614844e-01
2.799999999999801759e+00 1.318654177588858278e+00 5.682960888512093023e-01
2.899999999999790745e+00 1.252374779749620970e+00 6.236400059815122576e-01
2.999999999999779732e+00 1.184900467901619070e+00 6.799947155322123571e-01
3.099999999999768718e+00 1.116555241088362793e+00 7.370908004370494426e-01
3.199999999999757705e+00 1.047667013787398016e+00 7.946554170867815570e-01
3.299999999999746692e+00 9.785660120827279762e-01 8.524136110123972099e-01
3.399999999999735678e+00 9.095831598134493934e-01 9.100896418132157217e-01
3.499999999999724665e+00 8.410484627237916344e-01 9.674083108509483608e-01
3.599999999999713651e+00 7.732893986400846131e-01 1.024096285223147440e+00
3.699999999999702638e+00 7.066293216611324590e-01 1.079883411553752559e+00
3.799999999999691624e+00 6.413858882682145213e-01 1.134504013195110073e+00
3.899999999999680611e+00 5.778695131409046226e-01 1.187698164523905087e+00
3.999999999999669598e+00 5.163818623062108593e-01 1.239212936133444298e+00
4.099999999999658584e+00 4.572143910508056908e-01 1.288803604874229070e+00
4.199999999999647571e+00 4.006469337918750484e-01 1.336234822875594030e+00
4.299999999999636557e+00 3.469463528311403366e-01 1.381281739889201665e+00
4.399999999999625544e+00 2.963652526119460728e-01 1.423731073532831681e+00
4.499999999999614531e+00 2.491407657609720216e-01 1.463382122275395547e+00
4.599999999999603517e+00 2.054934168270660666e-01 1.500047716293036792e+00
4.699999999999592504e+00 1.656260692313702154e-01 1.533555101638270246e+00
4.799999999999581490e+00 1.297229605172470768e-01 1.563746753498523212e+00
4.899999999999570477e+00 9.794883053820381547e-02 1.590481114675371010e+00
4.999999999999559464e+00 7.044814674882805827e-02 1.613633255788579302e+00
5.099999999999548450e+00 4.734443027071433968e-02 1.633095454099909416e+00
5.199999999999537437e+00 2.873968589448326269e-02 1.648777688256222840e+00
5.299999999999526423e+00 1.471393865342049238e-02 1.660608046668110571e+00
5.399999999999515410e+00 5.324879066301849671e-03 1.668533047670051062e+00
5.499999999999504396e+00 6.076185996975650263e-04 1.672517870042599775e+00
5.599999999999493383e+00 5.745563461170162794e-04 1.672546492921118677e+00
5.699999999999482370e+00 5.215357356699049096e-03 1.668621744561457065e+00
5.799999999999471356e+00 1.449704250862486610e-02 1.660765259881975098e+00
5.899999999999460343e+00 2.836418923090152505e-02 1.649017347147784918e+00
5.999999999999449329e+00 4.673924186048923624e-02 1.633436764610016523e+00
6.099999999999438316e+00 6.952292985674933534e-02 1.614100408351078819e+00
6.199999999999427303e+00 9.659479156864407556e-02 1.591102913021141596e+00
6.299999999999416289e+00 1.278138007287165923e-01 1.564556167573835532e+00
6.399999999999405276e+00 1.630190923432955075e-01 1.534588748521476198e+00
6.499999999999394262e+00 2.020307841620602451e-01 1.501345273629552057e+00
6.599999999999383249e+00 2.446508894446013105e-01 1.464985679351966885e+00
6.699999999999372235e+00 2.906643162990940610e-01 1.425684425676393641e+00
6.799999999999361222e+00 3.398399484510051805e-01 1.383629632394983267e+00
6.899999999999350209e+00 3.919318019097099981e-01 1.339022151142400974e+00
6.999999999999339195e+00 4.466802516400997791e-01 1.292074577847133643e+00
7.099999999999328182e+00 5.038133220161978842e-01 1.243010210522543568e+00
7.199999999999317168e+00 5.630480345362551819e-01 1.192061957579248821e+00
7.299999999999306155e+00 6.240918060148750168e-01 1.139471202069632039e+00
7.399999999999295142e+00 6.866438902387856924e-01 1.085486627477200372e+00
7.499999999999284128e+00 7.503968558799839483e-01 1.030363010836938154e+00
7.599999999999273115e+00 8.150380933035084041e-01 9.743599891175239724e-01
7.699999999999262101e+00 8.802513427885124697e-01 9.177408049117692368e-01
7.799999999999251088e+00 9.457182365998261231e-01 8.607710375661126179e-01
7.899999999999240075e+00 1.011119847304267072e+00 8.037173259351101384e-01
7.999999999999229061e+00 1.076138234720770859e+00 7.468460889709955808e-01
8.099999999999218048e+00 1.140457983926271845e+00 6.904222503519353848e-01
8.199999999999207034e+00 1.203767726809423788e+00 6.347079733158894621e-01
8.299999999999196021e+00 1.265761639771550984e+00 5.799614118001624741e-01
8.399999999999185007e+00 1.326140910317976651e+00 5.264354838902000067e-01
8.499999999999173994e+00 1.384615165461440478e+00 4.743766734555577291e-01
8.599999999999162981e+00 1.440903855072947159e+00 4.240238656969586017e-01
8.699999999999151967e+00 1.494737583561586369e+00 3.756072221470711514e-01
8.799999999999140954e+00 1.545859383542460108e+00 3.293471004594106244e-01
8.899999999999129940e+00 1.594025925460919479e+00 2.854530240866859914e-01
8.999999999999118927e+00 1.639008657476521469e+00 2.441227066922752875e-01
9.099999999999107914e+00 1.680594870274928709e+00 2.055411358583586756e-01
9.199999999999096900e+00 1.718588681862116330e+00 1.698797203526500321e-01
9.299999999999085887e+00 1.752811937806917575e+00 1.372955048943119427e-01
9.399999999999074873e+00 1.783105022828368247e+00 1.079304560202944130e-01
9.499999999999063860e+00 1.809327580073184727e+00 8.191082229750872024e-02
9.599999999999052847e+00 1.831359134894340768e+00 5.934657175591184775e-02
9.699999999999041833e+00 1.849099620419260237e+00 4.033090903449297604e-02
9.799999999999030820e+00 1.862469802686532949e+00 2.493987433837164397e-02
9.899999999999019806e+00 1.871411603627888942e+00 1.323202590254147874e-02
9.999999999999008793e+00 1.875888320676282417e+00 5.248207248329412981e-03
1.009999999999899778e+01 1.875884742289664953e+00 1.011400104392179552e-03
1.019999999999898677e+01 1.871407159187715497e+00 5.266634470354976177e-04
1.029999999999897575e+01 1.862483271608570412e+00 3.781158696895201444e-03
1.039999999999896474e+01 1.849161993394737857e+00 1.074426069257052203e-02
1.049999999999895373e+01 1.831513154216149353e+00 2.136775364867571358e-02
1.059999999999894271e+01 1.809627101727922183e+00 3.558611089796207688e-02
1.069999999999893170e+01 1.783614205937338548e+00 5.331685681661173931e-02
1.079999999999892069e+01 1.753604268521793408e+00 7.446100894042895213e-02
1.089999999999890967e+01 1.719745840287404182e+00 9.890359789933098056e-02
1.099999999999889866e+01 1.682205450392070922e+00 1.265142624300066576e-01
1.109999999999888765e+01 1.641166751369154131e+00 1.571479163736741458e-01
1.119999999999887663e+01 1.596829584380068834e+00 1.906454842291573082e-01
1.129999999999886562e+01 1.549408969492856336e+00 2.268347015124267674e-01
1.139999999999885461e+01 1.499134026128131625e+00 2.655309758741246640e-01
1.149999999999884359e+01 1.446246829131277778e+00 3.065383046474298157e-01
1.159999999999883258e+01 1.391001206220408903e+00 3.496502442412952605e-01
1.169999999999882156e+01 1.333661482820578836e+00 3.946509265600469107e-01
1.179999999999881055e+01 1.274501180525746236e+00 4.413161174200171399e-01
1.189999999999879954e+01 1.213801675630456378e+00 4.894143117488930494e-01
1.199999999999878852e+01 1.151850824341276169e+00 5.387078601941032163e-01
1.209999999999877751e+01 1.088941561413145021e+00 5.889541216335296703e-01
1.219999999999876650e+01 1.025370479059468654e+00 6.399066359762771716e-01
1.229999999999875548e+01 9.614363930524703061e-01 6.913163115624297861e-01
1.239999999999874447e+01 8.974389029669812556e-01 7.429326214202313095e-01
1.249999999999873346e+01 8.336769535218266913e-01 7.945048026159462484e-01
1.259999999999872244e+01 7.704474039416578934e-01 8.457830529366902050e-01
1.269999999999871143e+01 7.080436121969507779e-01 8.965197191790931219e-01
1.279999999999870042e+01 6.467540408822091136e-01 9.464704713763487653e-01
1.289999999999868940e+01 5.868608913622901380e-01 9.953954573838126318e-01
1.299999999999867839e+01 5.286387726558690048e-01 1.043060432356238687e+00
1.309999999999866738e+01 4.723534113328878292e-01 1.089237857789625563e+00
1.319999999999865636e+01 4.182604084818772883e-01 1.133707964964997927e+00
1.329999999999864535e+01 3.666040495534776400e-01 1.176259777819926633e+00
1.339999999999863434e+01 3.176161726102542104e-01 1.216692090486055200e+00
1.349999999999862332e+01 2.715151002110264278e-01 1.254814394964628210e+00
1.359999999999861231e+01 2.285046398321675665e-01 1.290447754666639524e+00
1.369999999999860130e+01 1.887731573804722340e-01 1.323425619819562860e+00
1.379999999999859028e+01 1.524927279836146843e-01 1.353594581034453181e+00
1.389999999999857927e+01 1.198183678570772237e-01 1.380815057637440280e+00
1.399999999999856826e+01 9.088735064261958818e-02 1.404961917693644757e+00
1.409999999999855724e+01 6.581861119472068311e-02 1.425925026990197741e+00
1.419999999999854623e+01 4.471223936009021543e-02 1.443609724594686172e+00
1.429999999999853522e+01 2.764906585358182373e-02 1.457937222966358526e+00
1.439999999999852420e+01 1.469034188346878857e-02 1.468844930964878115e+00
1.449999999999851319e+01 5.877513722600175017e-03 1.476286698477975001e+00
1.459999999999850218e+01 1.232092961381692523e-03 1.480232981768264011e+00
1.469999999999849116e+01 7.556227162236914220e-04 1.480670929023270910e+00
1.479999999999848015e+01 4.429739605183277869e-03 1.477604385976040380e+00
1.489999999999846914e+01 1.221633084327020807e-02 1.471053821847566390e+00
1.499999999999845812e+01 2.405778535546971436e-02 1.461056176242375493e+00
1.509999999999844711e+01 3.987733735812784563e-02 1.447664628005606247e+00
1.519999999999843610e+01 5.957950042106348321e-02 1.430948287418571940e+00
1.529999999999842508e+01 8.305058959571907928e-02 1.410991813473954970e+00
1.539999999999841407e+01 1.101593287808226712e-01 1.387894958321628458e+00
1.549999999999840306e+01 1.407575400983493985e-01 1.361772041319655902e+00
1.559999999999839204e+01 1.746809116709636678e-01 1.332751355450926933e+00
1.569999999999838103e+01 2.117498398292547435e-01 1.300974509181461514e+00
1.579999999999837001e+01 2.517703414347413626e-01 1.266595707132614157e+00
1.589999999999835900e+01 2.945350316843315941e-01 1.229780973221188178e+00
1.599999999999834799e+01 3.398241624650564230e-01 1.190707320182302631e+00
1.609999999999833875e+01 3.874067160560513146e-01 1.149561869633105360e+00
1.619999999999832596e+01 4.370415487287965806e-01 1.106540927055774448e+00
1.629999999999831317e+01 4.884785785779207634e-01 1.061849016278695546e+00
1.639999999999830393e+01 5.414600117242421851e-01 1.015697878211040406e+00
1.649999999999829470e+01 5.957216008700992882e-01 9.683054387393881246e-01
1.659999999999828191e+01 6.509939300547661345e-01 9.198947508246771987e-01
1.669999999999826912e+01 7.070037193560462230e-01 8.706929159421008535e-01
1.679999999999825988e+01 7.634751432124148307e-01 8.209299900863834543e-01
1.689999999999825064e+01 8.201311559995936307e-01 7.708378796191793780e-01
1.699999999999823785e+01 8.766948184857265014e-01 7.206492322639619363e-01
1.709999999999822506e+01 9.328906188097416674e-01 6.705963285575271549e-01
1.719999999999821583e+01 9.884457816798363217e-01 6.209099790443480815e-01
1.729999999999820659e+01 1.043091559569889748e+00 5.718184324535655616e-01
1.739999999999819380e+01 1.096564499803502457e+00 5.235463000251950882e-01
1.749999999999818101e+01 1.148607681555763538e+00 4.763135010558950944e-01
1.759999999999817177e+01 1.198971916971074192e+00 4.303342346140486829e-01
1.769999999999816254e+01 1.247416910791543598e+00 3.858159822295385011e-01
1.779999999999814975e+01 1.293712373112619440e+00 3.429585461978157945e-01
1.789999999999813696e+01 1.337639080129088720e+00 3.019531279496894260e-01
1.799999999999812772e+01 1.378989878005976832e+00 2.629814507299153004e-01
1.809999999999811848e+01 1.417570625300909049e+00 2.262149305998584770e-01
1.819999999999810569e+01 1.453201069678850210e+00 1.918138995332829555e-01
1.829999999999809290e+01 1.485715654992170620e+00 1.599268841111454731e-01
1.839999999999808367e+01 1.514964255148950611e+00 1.306899430423534847e-01
1.849999999999807443e+01 1.540812831558143747e+00 1.042260664443863533e-01
1.859999999999806164e+01 1.563144011319070215e+00 8.064463951152581189e-02
1.869999999999804885e+01 1.581857583714002313e+00 6.004097288125580939e-02
1.879999999999803961e+01 1.596870912962886191e+00 4.249590168231764942e-02
1.889999999999803038e+01 1.608119265608686232e+00 2.807545491270296151e-02
1.899999999999801759e+01 1.615556051316045627e+00 1.683059645426007028e-02
1.909999999999800480e+01 1.619152976284245149e+00 8.797038684039257608e-03
1.919999999999799556e+01 1.618900108896712320e+00 3.995129292862383691e-03
1.929999999999798632e+01 1.614805857648672793e+00 2.429811570462574351e-03
1.939999999999797353e+01 1.606896861813344790e+00 4.090658065594989130e-03
1.949999999999796074e+01 1.595217795721135978e+00 8.951977180463926639e-03
1.959999999999795151e+01 1.579831087933824429e+00 1.697299191327767895e-02
1.969999999999794227e+01 1.560816556996648341e+00 2.809808962237294108e-02
1.979999999999792948e+01 1.538270965840630389e+00 4.225714135174399311e-02
1.989999999999791669e+01 1.512307497286882185e+00 5.936588893251915772e-02
1.999999999999790745e+01 1.483055153469189147e+00 7.932639775948095717e-02
2.009999999999789821e+01 1.450658082342277000e+00 1.020275728375475005e-01
2.019999999999788542e+01 1.415274834775564372e+00 1.273457354016867549e-01
2.029999999999787264e+01 1.377077556048927454e+00 1.551452571362560151e-01
2.039999999999786340e+01 1.336251115861855299e+00 1.852792487576210290e-01
2.049999999999785416e+01 1.292992181242956118e+00 2.175902994781938604e-01
2.059999999999784137e+01 1.247508236999268716e+00 2.519112636418604501e-01
2.069999999999782858e+01 1.200016558574957370e+00 2.880660906112739728e-01
2.079999999999781934e+01 1.150743142394311525e+00 3.258706937972491446e-01
2.089999999999781011e+01 1.099921598944516354e+00 3.651338545509081324e-01
2.099999999999779732e+01 1.047792014008898764e+00 4.056581564902180803e-01
2.109999999999778453e+01 9.945997835894820893e-01 4.472409457056533144e-01
2.119999999999777529e+01 9.405944281597011791e-01 4.896753121845564549e-01
2.129999999999776605e+01 8.860283919628357818e-01 5.327510877114296495e-01
2.139999999999775326e+01 8.311558331188543258e-01 5.762558554417865908e-01
2.149999999999774047e+01 7.762314103220741002e-01 6.199759663105597340e-01
2.159999999999773124e+01 7.215090719052164037e-01 6.636975574226992025e-01
2.169999999999772200e+01 6.672408530095328416e-01 7.072075675832335540e-01
2.179999999999770921e+01 6.136756865400562200e-01 7.502947451565428194e-01
2.189999999999769642e+01 5.610582334960363404e-01 7.927506434998455864e-01
2.199999999999768718e+01 5.096277381526399530e-01 8.343705992936251148e-01
2.209999999999767795e+01 4.596169134303372261e-01 8.749546891911172963e-01
2.219999999999766516e+01 4.112508616238190751e-01 9.143086603296521897e-01
2.229999999999765237e+01 3.647460354746814293e-01 9.522448303883248588e-01
2.239999999999764313e+01 3.203092443606719297e-01 9.885829530377812091e-01
2.249999999999763389e+01 2.781367101420981758e-01 1.023151044808088050e+00
2.259999999999762110e+01 2.384131769525003608e-01 1.055786169599940871e+00
2.269999999999760831e+01 2.013110789481588059e-01 1.086335177279247777e+00
2.279999999999759908e+01 1.669897697405112180e-01 1.114655393028029851e+00
2.289999999999758984e+01 1.355948169282706062e-01 1.140615254370114018e+00
2.299999999999757705e+01 1.072573648238270283e-01 1.164094893051576429e+00
2.309999999999756426e+01 8.209356813278387288e-02 1.184986659227725614e+00
2.319999999999755502e+01 6.020409899773323387e-02 1.203195585692800940e+00
2.329999999999754579e+01 4.167372945955256230e-02 1.218639790181664573e+00
2.339999999999753300e+01 2.657099102312783165e-02 1.231250814074590583e+00
2.349999999999752021e+01 1.494791264135058272e-02 1.240973896144590194e+00
2.359999999999751097e+01 6.839838053257132205e-03 1.247768180300369734e+00
2.369999999999750173e+01 2.265323031131135072e-03 1.251606856595625539e+00
2.379999999999748894e+01 1.226112709070108740e-03 1.252477235094596297e+00
2.389999999999747615e+01 3.707198783802630529e-03 1.250380752504912429e+00
2.399999999999746692e+01 9.676955999230926406e-03 1.245332911807418341e+00
2.409999999999745768e+01 1.908735695109952529e-02 1.237363155430306172e+00
2.419999999999744489e+01 3.187426387913881720e-02 1.226514672828549868e+00
2.429999999999743210e+01 4.795779575275676415e-02 1.212844143636580219e+00
2.439999999999742286e+01 6.724276860456900040e-02 1.196421417864570458e+00
2.449999999999741362e+01 8.961920672542844635e-02 1.177329134900794383e+00
2.459999999999740083e+01 1.149629220067472091e-01 1.155662283366516219e+00
2.469999999999738804e+01 1.431361584023256306e-01 1.131527704142247792e+00
2.479999999999737881e+01 1.739882981840721599e-01 1.105043539144773934e+00
2.489999999999736957e+01 2.073566263853052760e-01 1.076338628681440257e+00
2.499999999999735678e+01 2.430671495630838397e-01 1.045551860441096714e+00
2.509999999999734399e+01 2.809354647683143802e-01 1.012831473397951321e+00
2.519999999999733475e+01 3.207676743904644412e-01 9.783343201060518135e-01
2.529999999999732552e+01 3.623613423435035896e-01 9.422250910443693561e-01
2.539999999999731273e+01 4.055064868819048818e-01 9.046755048392683962e-01
2.549999999999729994e+01 4.499866051813469769e-01 8.658634683358851225e-01
2.559999999999729070e+01 4.955797246883297813e-01 8.259722106182365575e-01
2.569999999999728146e+01 5.420594761369883496e-01 7.851893951838643249e-01
2.579999999999726867e+01 5.891961830505846320e-01 7.437062145656038181e-01
2.589999999999725588e+01 6.367579624891546164e-01 7.017164717590588241e-01
2.599999999999724665e+01 6.845118317745382264e-01 6.594156528584558252e-01
2.609999999999723741e+01 7.322248159185413829e-01 6.169999953278680893e-01
2.619999999999722462e+01 7.796650505005120468e-01 5.746655563368612274e-01
2.629999999999721183e+01 8.266028747850405756e-01 5.326072855714495402e-01
2.639999999999720259e+01 8.728119099408405690e-01 4.910181068916382174e-01
2.649999999999719336e+01 9.180701173152535643e-01 4.500880131471575174e-01
2.659999999999718057e+01 9.621608318364626156e-01 4.100031783827989273e-01
2.669999999999716778e+01 1.004873765755873061e+00 3.709450915649727398e-01
2.679999999999715854e+01 1.046005978105245759e+00 3.330897158422724824e-01
2.689999999999714930e+01 1.085362805427164234e+00 2.966066772152305964e-01
2.699999999999713651e+01 1.122758749540634149e+00 2.616584863355099211e-01
2.709999999999712372e+01 1.158018318326889062e+00 2.283997969824946017e-01
2.719999999999711449e+01 1.190976815760799834e+00 1.969767045771463887e-01
2.729999999999710525e+01 1.221481077670846682e+00 1.675260878898558181e-01
2.739999999999709246e+01 1.249390149983258924e+00 1.401749968816985714e-01
2.749999999999707967e+01 1.274575906492424915e+00 1.150400893882748687e-01
2.759999999999707043e+01 1.296923603498869815e+00 9.222711911348595304e-02
2.769999999999706120e+01 1.316332368966323774e+00 7.183047714781558291e-02
2.779999999999704841e+01 1.332715624168920199e+00 5.393278896389359922e-02
2.789999999999703562e+01 1.346001436126886608e+00 3.860456857202985287e-02
2.799999999999702638e+01 1.356132799463533933e+00 2.590393124163897429e-02
2.809999999999701714e+01 1.363067846654723692e+00 1.587636591226555816e-02
2.819999999999700435e+01 1.366779985983153312e+00 8.554568131628399394e-03
2.829999999999699156e+01 1.367257966854383833e+00 3.958334069088837934e-03
2.839999999999698233e+01 1.364505872473388060e+00 2.094515862610598755e-03
2.849999999999697309e+01 1.358543040222825793e+00 2.957038266960232073e-03
2.859999999999696030e+01 1.349403910421732800e+00 6.526976281966251001e-03
2.869999999999694751e+01 1.337137804477604774e+00 1.277269315347391229e-02
2.879999999999693827e+01 1.321808633770998886e+00 2.165003785751285978e-02
2.889999999999692903e+01 1.303494540931848356e+00 3.310260090145128453e-02
2.899999999999691624e+01 1.282287475476449501e+00 4.706202700581494508e-02
2.909999999999690345e+01 1.258292706073398159e+00 6.344838296822276347e-02
2.919999999999689422e+01 1.231628271994918755e+00 8.217057875776677400e-02
2.929999999999688498e+01 1.202424376584048993e+00 1.031268396452063307e-01
2.939999999999687219e+01 1.170822725828058797e+00 1.262052269427856310e-01
2.949999999999685940e+01 1.136975815373993060e+00 1.512842047081575658e-01
2.959999999999685016e+01 1.101046169549187326e+00 1.782332495610134404e-01
2.969999999999684093e+01 1.063205536161155429e+00 2.069135005692869234e-01
2.979999999999682814e+01 1.023634041042969622e+00 2.371784459851730142e-01
2.989999999999681535e+01 9.825193064832882239e-01 2.688746434504152294e-01
2.999999999999680611e+01 9.400555378334504164e-01 3.018424701460261095e-01
3.009999999999679687e+01 8.964425827162351146e-01 3.359168992345624161e-01
3.019999999999678408e+01 8.518849673721882176e-01 3.709282988335689257e-01
3.029999999999677129e+01 8.065909147693094416e-01 4.067032496675274111e-01
3.039999999999676206e+01 7.607713491691159291e-01 4.430653774727478234e-01
3.049999999999675282e+01 7.146388918879094110e-01 4.798361961756885674e-01
3.059999999999674003e+01 6.684068530147471154e-01 5.168359578299435153e-01
3.069999999999672724e+01 6.222882238482490003e-01 5.538845052810276171e-01
3.079999999999671800e+01 5.764946747925374648e-01 5.908021235310836339e-01
3.089999999999670877e+01 5.312355634081000755e-01 6.274103857975247278e-01
3.099999999999669598e+01 4.867169572475557038e-01 6.635329903002197272e-01
3.109999999999668319e+01 4.431406760182559079e-01 6.989965838710612278e-01
3.119999999999667395e+01 4.007033575047301288e-01 7.336315685571377365e-01
3.129999999999666471e+01 3.595955515545838921e-01 7.672728874837537738e-01
3.139999999999665192e+01 3.200008462820358446e-01 7.997607863557621988e-01
3.149999999999663913e+01 2.820950304747768533e-01 8.309415471049383939e-01
3.159999999999662990e+01 2.460452960033786551e-01 8.606681903354183039e-01
3.169999999999662066e+01 2.120094838284214689e-01 8.888011433797620153e-01
3.179999999999660787e+01 1.801353769805487948e-01 9.152088709524239807e-01
3.189999999999659508e+01 1.505600436535553532e-01 9.397684655753674177e-01
3.199999999999658584e+01 1.234092333014635279e-01 9.623661951509302481e-01
3.209999999999657661e+01 9.879682836910107235e-02 9.828980052694078484e-01
3.219999999999656382e+01 7.682435401253454033e-02 1.001269974061024914e+00
3.229999999999655103e+01 5.758054788287512993e-02 1.017398717634041994e+00
3.239999999999653824e+01 4.114099175540156944e-02 1.031211744381180573e+00
3.249999999999653255e+01 2.756780648723764285e-02 1.042647756683667160e+00
3.259999999999651976e+01 1.690941148243711376e-02 1.051656898795611195e+00
3.269999999999650697e+01 9.200349534659960429e-03 1.058200949949448244e+00
3.279999999999650129e+01 4.461177606226820677e-03 1.062253461984527414e+00
3.289999999999648850e+01 2.698423789658891802e-03 1.063799841064805962e+00
3.299999999999647571e+01 3.904610385343564548e-03 1.062837373315993261e+00
3.309999999999646292e+01 8.058342718197865351e-03 1.059375194477077953e+00
3.319999999999645013e+01 1.512446300858062698e-02 1.053434203924030088e+00
3.329999999999644444e+01 2.505426830967481810e-02 1.045046923683254247e+00
3.339999999999643165e+01 3.778579122653445699e-02 1.034257303308907305e+00
3.349999999999641886e+01 5.324414184233697278e-02 1.021120471748984793e+00
3.359999999999641318e+01 7.134190899641726369e-02 1.005702437569587104e+00
3.369999999999640039e+01 9.197961878771948596e-02 9.880797391442348587e-01
3.379999999999638760e+01 1.150462479175138192e-01 9.683390466437403754e-01
3.389999999999637481e+01 1.404197892378839796e-01 9.465767178812448668e-01
3.399999999999636202e+01 1.679678666385464036e-01 9.228983102756113110e-01
3.409999999999635634e+01 1.975483961852360082e-01 8.974180513936445003e-01
3.419999999999634355e+01 2.290102902188890788e-01 8.702582707161049536e-01
3.429999999999633076e+01 2.621942009373166016e-01 8.415487954444934582e-01
3.439999999999632507e+01 2.969332998105780885e-01 8.114263133227871405e-01
3.449999999999631228e+01 3.330540890286579070e-01 7.800337055918390439e-01
3.459999999999629949e+01 3.703772410458198161e-01 7.475193533216976105e-01
3.469999999999628670e+01 4.087184621709932242e-01 7.140364204795306424e-01
3.479999999999627391e+01 4.478893760576174166e-01 6.797421171866053768e-01
3.489999999999626823e+01 4.876984228706077173e-01 6.447969466971759100e-01
3.499999999999625544e+01 5.279517698520479474e-01 6.093639396947455600e-01
3.509999999999624265e+01 5.684542289717587904e-01 5.736078795464265578e-01
3.519999999999623697e+01 6.090101773331592083e-01 5.376945221843072442e-01
3.529999999999622418e+01 6.494244760102168001e-01 5.017898142936685346e-01
3.539999999999621139e+01 6.895033830157679677e-01 4.660591134813345526e-01
3.549999999999619860e+01 7.290554561472823991e-01 4.306664140739097091e-01
3.559999999999618581e+01 7.678924415200133469e-01 3.957735821549449584e-01
3.569999999999618012e+01 8.058301436824567565e-01 3.615396033928404695e-01
3.579999999999616733e+01 8.426892733111960299e-01 3.281198471373510950e-01
3.589999999999615454e+01 8.782962686040112210e-01 2.956653501729292199e-01
3.599999999999614886e+01 9.124840866287210472e-01 2.643221234117471563e-01
3.609999999999613607e+01 9.450929610410924164e-01 2.342304846891015424e-01
3.619999999999612328e+01 9.759711227575841308e-01 2.055244206891808367e-01
3.629999999999611049e+01 1.004975480355320361e+00 1.783309808810756014e-01
3.639999999999609770e+01 1.031972257174184726e+00 1.527697061837298420e-01
3.649999999999609201e+01 1.056837582310271362e+00 1.289520949053253318e-01
3.659999999999607923e+01 1.079458032917693711e+00 1.069811083181177735e-01
3.669999999999606644e+01 1.099731125473923710e+00 8.695071803501729091e-02
3.679999999999606075e+01 1.117565753912584059e+00 6.894549715005365842e-02
3.689999999999604796e+01 1.132882572784360775e+00 5.304025689234476842e-02
3.699999999999603517e+01 1.145614323871965379e+00 3.929973032336720601e-02
3.709999999999602238e+01 1.155706104955547264e+00 2.777830438118066708e-02
3.719999999999600959e+01 1.163115579700822133e+00 1.851980134393014371e-02
3.729999999999600391e+01 1.167813127922071370e+00 1.155731054953838648e-02
3.739999999999599112e+01 1.169781935753188007e+00 6.913070970084563352e-03
3.749999999999597833e+01 1.169018025543114847e+00 4.598404999125288092e-03
3.759999999999597264e+01 1.165530225573905510e+00 4.613703569241327934e-03
3.769999999999595985e+01 1.159340079980509364e+00 6.948462476522252081e-03
3.779999999999594706e+01 1.150481699528517421e+00 1.158136954967067117e-02
3.789999999999593427e+01 1.139001554179964959e+00 1.848044206500254819e-02
3.799999999999592148e+01 1.124958208644509794e+00 2.760321357594482453e-02
3.809999999999591580e+01 1.108422002374800375e+00 3.889696909775888778e-02
3.819999999999590301e+01 1.089474675718169250e+00 5.229902736616592884e-02
3.829999999999589022e+01 1.068208944180532249e+00 6.773706867336498627e-02
3.839999999999588454e+01 1.044728022993184124e+00 8.512950657756369888e-02
3.849999999999587175e+01 1.019145104396071311e+00 1.043859015835124221e-01
3.859999999999585896e+01 9.915827902618824519e-01 1.254074147025808494e-01
3.869999999999584617e+01 9.621724828838910115e-01 1.480872986224162913e-01
3.879999999999583338e+01 9.310537369343879766e-01 1.723114240490248861e-01
3.889999999999582769e+01 8.983735757702231428e-01 1.979588386289524993e-01
3.899999999999581490e+01 8.642857754162146522e-01 2.249023557166550669e-01
3.909999999999580211e+01 8.289501196957911322e-01 2.530091701231151902e-01
3.919999999999579643e+01 7.925316300991044338e-01 2.821414978662358797e-01
3.929999999999578364e+01 7.551997740845156626e-01 3.121572368427079636e-01
3.939999999999577085e+01 7.171276555951545673e-01 3.429106452547950323e-01
3.949999999999575806e+01 6.784911916424657408e-01 3.742530345542832704e-01
3.959999999999574527e+01 6.394682788588300637e-01 4.060334736103398678e-01
3.969999999999573959e+01 6.002379539543406528e-01 4.380995007676192765e-01
3.979999999999572680e+01 5.609795520266698254e-01 4.702978404369205778e-01
3.989999999999571401e+01 5.218718666687406360e-01 5.024751208518185575e-01
3.999999999999570832e+01 4.830923157959664538e-01 5.344785896319933505e-01
4.009999999999569553e+01 4.448161170737852665e-01 5.661568238170089362e-01
4.019999999999568274e+01 4.072154767670398967e-01 5.973604310723131805e-01
4.029999999999566995e+01 3.704587957557664013e-01 6.279427388232899920e-01
4.039999999999565716e+01 3.347098963679621120e-01 6.577604681416836518e-01
4.049999999999565148e+01 3.001272735687885995e-01 6.866743892919210390e-01
4.059999999999563869e+01 2.668633739183580156e-01 7.145499559424607350e-01
4.069999999999562590e+01 2.350639055675633471e-01 7.412579151582657788e-01
4.079999999999562021e+01 2.048671824036421840e-01 7.666748904146479804e-01
4.089999999999560742e+01 1.764035052854031893e-01 7.906839350094077012e-01
4.099999999999559464e+01 1.497945831231464742e-01 8.131750533985705465e-01
4.109999999999558185e+01 1.251529963611117124e-01 8.340456881404261225e-01
4.119999999999556906e+01 1.025817052117797140e-01 8.532011703021123994e-01
4.129999999999556337e+01 8.217360477272257768e-02 8.705551313620526477e-01
4.139999999999555058e+01 6.401112892873253579e-02 8.860298748293771176e-01
4.149999999999553779e+01 4.816590470619847020e-02 8.995567059960652978e-01
4.159999999999553211e+01 3.469845850381693408e-02 9.110762184398710772e-01
4.169999999999551932e+01 2.365797537533230813e-02 9.205385361033552316e-01
4.179999999999550653e+01 1.508211228699726097e-02 9.279035099866034253e-01
4.189999999999549374e+01 8.996866016194697557e-03 9.331408687070188446e-01
4.199999999999548095e+01 5.416496099331497699e-03 9.362303223984368428e-01
4.209999999999547526e+01 4.343502977938115857e-03 9.371616196413778965e-01
4.219999999999546247e+01 5.768661233082806976e-03 9.359345573376665062e-01
4.229999999999544968e+01 9.671107540966394911e-03 9.325589436626061657e-01
4.239999999999544400e+01 1.601848272806863024e-02 9.270545144466714182e-01
4.249999999999543121e+01 2.476712705365519476e-02 9.194508035552123593e-01
4.259999999999541842e+01 3.586232760196431807e-02 9.097869680476797782e-01
4.269999999999540563e+01 4.923861642708370762e-02 8.981115691055886474e-01
4.279999999999539284e+01 6.482011786149549648e-02 8.844823099222834939e-01
4.289999999999538716e+01 8.252094317554396763e-02 8.689657319435581950e-01
4.299999999999537437e+01 1.022456305606590510e-01 8.516368710377865137e-01
4.309999999999536158e+01 1.238896282050418046e-01 8.325788753552511023e-01
4.319999999999535589e+01 1.473398180375078692e-01 8.118825868092710563e-01
4.329999999999534310e+01 1.724750775343043274e-01 7.896460882734941400e-01
4.339999999999533031e+01 1.991668768154888081e-01 7.659742187428385529e-01
4.349999999999531752e+01 2.272799081029616142e-01 7.409780588461105655e-01
4.359999999999530473e+01 2.566727444718767681e-01 7.147743892280944422e-01
4.369999999999529905e+01 2.871985247015839127e-01 6.874851244360368208e-01
4.379999999999528626e+01 3.187056609221115000e-01 6.592367250497297437e-01
4.389999999999527347e+01 3.510385656579633196e-01 6.301595908859281003e-01
4.399999999999526779e+01 3.840383947927438757e-01 6.003874381850662356e-01
4.409999999999525500e+01 4.175438029166302356e-01 5.700566637524487890e-01
4.419999999999524221e+01 4.513917074739532409e-01 5.393056990751164959e-01
4.429999999999522942e+01 4.854180581002100481e-01 5.082743574714579937e-01
4.439999999999521663e+01 5.194586075270367642e-01 4.771031773509346041e-01
4.449999999999521094e+01 5.533496804398783109e-01 4.459327646679736024e-01
4.459999999999519815e+01 5.869289366961115695e-01 4.149031376457848475e-01
4.469999999999518536e+01 6.200361253514332649e-01 3.841530768234282522e-01
4.479999999999517968e+01 6.525138259986231759e-01 3.538194834427199620e-01
4.489999999999516689e+01 6.842081739957627251e-01 3.240367491408194800e-01
4.499999999999515410e+01 7.149695662491240000e-01 2.949361398501290643e-01
4.509999999999514131e+01 7.446533443202992819e-01 2.666451967291078029e-01
4.519999999999512852e+01 7.731204517456738978e-01 2.392871568571700025e-01
4.529999999999512283e+01 8.002380625893676935e-01 2.129803963235708253e-01
4.539999999999511004e+01 8.258801783973450661e-01 1.878378982251613094e-01
4.549999999999509726e+01 8.499281908800907503e-01 1.639667479615208312e-01
4.559999999999509157e+01 8.722714078217819189e-01 1.414676580787820326e-01
4.569999999999507878e+01 8.928075398976760280e-01 1.204345247665147001e-01
4.579999999999506599e+01 9.114431462730050448e-01 1.009540179554477002e-01
4.589999999999505320e+01 9.280940370595927025e-01 8.310520679903690699e-02
4.599999999999504041e+01 9.426856309162046088e-01 6.695922214925030536e-02
4.609999999999503473e+01 9.551532662966409903e-01 5.257895745741070909e-02
4.619999999999502194e+01 9.654424650727772006e-01 4.001880934559304964e-02
4.629999999999500915e+01 9.735091474891168772e-01 2.932445890344268294e-02
4.639999999999500346e+01 9.793197976375022096e-01 2.053269457064368225e-02
4.649999999999499067e+01 9.828515788765815886e-01 1.367127726727387915e-02
4.659999999999497788e+01 9.840923988576533166e-01 8.758848234090167023e-03
4.669999999999496509e+01 9.830409240557405059e-01 5.804879843176834545e-03
4.679999999999495230e+01 9.797065439425345357e-01 4.809669437451494223e-03
4.689999999999494662e+01 9.741092851722609192e-01 5.764376056096163180e-03
4.699999999999493383e+01 9.662796763845679093e-01 8.651099703089689535e-03
4.709999999999492104e+01 9.562585644565607668e-01 1.344300261853762640e-02
4.719999999999491536e+01 9.440968832598262139e-01 2.010447181836890959e-02
4.729999999999490257e+01 9.298553761953906038e-01 2.859132197807529724e-02
4.739999999999488978e+01 9.136042739905533283e-01 3.885103755138983456e-02
4.749999999999487699e+01 8.954229294433897479e-01 5.082305283595265483e-02
4.759999999999486420e+01 8.753994109949112534e-01 6.443906852593164758e-02
4.769999999999485851e+01 8.536300571926606073e-01 7.962340312701111922e-02
4.779999999999484572e+01 8.302189942832068903e-01 9.629337745284499706e-02
4.789999999999483293e+01 8.052776193332820132e-01 1.143597302747334510e-01
4.799999999999482725e+01 7.789240514299045071e-01 1.337270630585385700e-01
4.809999999999481446e+01 7.512825536479494914e-01 1.542943115952517819e-01
4.819999999999480167e+01 7.224829285983490612e-01 1.759552422148754902e-01
4.829999999999478888e+01 6.926598904817150570e-01 1.985989701676884878e-01
4.839999999999477609e+01 6.619524166695398559e-01 2.221104976630240424e-01
4.849999999999477041e+01 6.305030819180242885e-01 2.463712689739943063e-01
4.859999999999475762e+01 5.984573783879992837e-01 2.712597399470947357e-01
4.869999999999474483e+01 5.659630246977440660e-01 2.966519591989308369e-01
4.879999999999473914e+01 5.331692672734712479e-01 3.224221582384816376e-01
4.889999999999472635e+01 5.002261772855369770e-01 3.484433477224752607e-01
4.899999999999471356e+01 4.672839464657080333e-01 3.745879170338512476e-01
4.909999999999470077e+01 4.344921850933485263e-01 4.007282343687465498e-01
4.919999999999468798e+01 4.019992254153569311e-01 4.267372445260105840e-01
4.929999999999468230e+01 3.699514337268965392e-01 4.524890616151353018e-01
4.939999999999466951e+01 3.384925342870516163e-01 4.778595539327523123e-01
4.949999999999465672e+01 3.077629481764085906e-01 5.027269183054394741e-01
4.959999999999465103e+01 2.778991501219904570e-01 5.269722412558836000e-01
4.969999999999463824e+01 2.490330462199603911e-01 5.504800444215779409e-01
4.979999999999462545e+01 2.212913753779338355e-01 5.731388117382969494e-01
4.989999999999461266e+01 1.947951371777927321e-01 5.948414959956654924e-01
