1.000000000000000000e+00 2.000000000000000000e+00 0.000000000000000000e+00
1.099999999999988987e+00 1.997600966500490349e+00 1.999200209284120872e-03
1.199999999999977973e+00 1.990415456967014496e+00 7.987208594134634701e-03
1.299999999999966960e+00 1.978478188357220224e+00 1.793529493227408178e-02
1.399999999999955946e+00 1.961846834658249827e+00 3.179573031980567621e-02
1.499999999999944933e+00 1.940601744833624798e+00 4.950201858608908184e-02
1.599999999999933920e+00 1.914845549030626426e+00 7.096921869794593773e-02
1.699999999999922906e+00 1.884702655000783489e+00 9.609435657604133152e-02
1.799999999999911893e+00 1.850318637238265174e+00 1.247569243048828047e-01
1.899999999999900879e+00 1.811859521883617763e+00 1.568194642865987365e-01
1.999999999999889866e+00 1.769510970964594199e+00 1.921282354696058348e-01
2.099999999999878852e+00 1.723477370053068114e+00 2.305139583787249591e-01
2.199999999999867839e+00 1.673980823902169623e+00 2.717926352850625338e-01
2.299999999999856826e+00 1.621260065090036617e+00 3.157664414841503953e-01
2.399999999999845812e+00 1.565569281132438650e+00 3.622246833013711975e-01
2.499999999999834799e+00 1.507176865933891552e+00 4.109448181159813807e-01
2.599999999999823785e+00 1.446364101825125204e+00 4.616935313911825212e-01
2.699999999999812772e+00 1.383423778778815949e+00 5.142278654188149334e-01
2.799999999999801759e+00 1.318658757708542240e+00 5.682963942350175435e-01
2.899999999999790745e+00 1.252380485029711332e+00 6.236404389386013269e-01
2.999999999999779732e+00 1.184907465902513612e+00 6.799953174482973317e-01
3.099999999999768718e+00 1.116563703776199512e+00 7.370916225691697132e-01
3.199999999999757705e+00 1.047677114017404376e+00 7.946565221034165294e-01
3.299999999999746692e+00 9.785779195265714714e-01 8.524150746367156195e-01
3.399999999999735678e+00 9.095970363299192840e-01 9.100915545595044120e-01
3.499999999999724665e+00 8.410644571745727882e-01 9.674107798419148141e-01
3.599999999999713651e+00 7.733076411562155306e-01 1.024099436074266567e+00
3.699999999999702638e+00 7.066499173681213275e-01 1.079887390308642114e+00
3.799999999999691624e+00 6.414089104804030494e-01 1.134508988294171905e+00
3.899999999999680611e+00 5.778949960379058393e-01 1.187704328786875374e+00
3.999999999999669598e+00 5.164097931057139990e-01 1.239220508734649950e+00
4.099999999999658584e+00 4.572447016935435316e-01 1.288812833287954041e+00
4.199999999999647571e+00 4.006794921553721855e-01 1.336245984767470807e+00
4.299999999999636557e+00 3.469809534896477476e-01 1.381295144928184948e+00
4.399999999999625544e+00 2.964016071600831248e-01 1.423747065096910180e+00
4.499999999999614531e+00 2.491784927189290011e-01 1.463401079023263884e+00
4.599999999999603517e+00 2.055320311452322746e-01 1.500070053572451156e+00
4.699999999999592504e+00 1.656649714124844575e-01 1.533581272700894393e+00
4.799999999999581490e+00 1.297614253746036672e-01 1.563777250490119952e+00
4.899999999999570477e+00 9.798599560926665730e-02 1.590516469368388863e+00
4.999999999999559464e+00 7.048300038517893440e-02 1.613674040024213330e+00
5.099999999999548450e+00 4.737579942744231387e-02 1.633142279904226113e+00
5.199999999999537437e+00 2.876622364547004249e-02 1.648831207594821491e+00
5.299999999999526423e+00 1.473411146337044904e-02 1.660668950801691190e+00
5.399999999999515410e+00 5.336953856111211619e-03 1.668602066072571555e+00
5.499999999999504396e+00 6.096496489054460633e-04 1.672595768841685038e+00
5.599999999999493383e+00 5.643720848348660708e-04 1.672634072819270790e+00
5.699999999999482370e+00 5.190547109598725277e-03 1.668719838195266369e+00
5.799999999999471356e+00 1.445494326527056034e-02 1.660874728574386561e+00
5.899999999999460343e+00 2.830187252986314864e-02 1.649139077007935938e+00
5.999999999999449329e+00 4.665350088915451443e-02 1.633571661933081121e+00
6.099999999999438316e+00 6.941026688437636205e-02 1.614249394269935411e+00
6.199999999999427303e+00 9.645140584670992834e-02 1.591266917360312894e+00
6.299999999999416289e+00 1.276355770097803710e-01 1.564736121856028506e+00
6.399999999999405276e+00 1.628015901869742932e-01 1.534785578076505841e+00
6.499999999999394262e+00 2.017692282140546023e-01 1.501559888755900740e+00
6.599999999999383249e+00 2.443401608914246015e-01 1.465218965482470992e+00
6.699999999999372235e+00 2.902989457170188081e-01 1.425937232500696039e+00
6.799999999999361222e+00 3.394141102820285583e-01 1.383902761894353572e+00
6.899999999999350209e+00 3.914393108098486174e-01 1.339316344495681044e+00
6.999999999999339195e+00 4.461145609554450497e-01 1.292390501171048811e+00
7.099999999999328182e+00 5.031675246493528819e-01 1.243348439415018936e+00
7.199999999999317168e+00 5.623148664699751942e-01 1.192422960441245516e+00
7.299999999999306155e+00 6.232636527601553844e-01 1.139855322188413789e+00
7.399999999999295142e+00 6.857127964711802193e-01 1.085894063863572123e+00
7.499999999999284128e+00 7.493545385203392861e-01 1.030793797818712276e+00
7.599999999999273115e+00 8.138759582871937237e-01 9.748139747039112901e-01
7.699999999999262101e+00 8.789605057505034402e-01 9.182176279552913822e-01
7.799999999999251088e+00 9.442895476817615430e-01 8.612701037635819290e-01
7.899999999999240075e+00 1.009543920263576533e+00 8.042377827239217680e-01
7.999999999999229061e+00 1.074405480491178455e+00 7.473867993934352194e-01
8.099999999999218048e+00 1.138558648744088631e+00 6.909817659775450149e-01
8.199999999999207034e+00 1.201691934979931764e+00 6.352845063297524186e-01
8.299999999999196021e+00 1.263499441107140076e+00 5.805528063840749153e-01
8.399999999999185007e+00 1.323682332231248315e+00 5.270391870425614744e-01
8.499999999999173994e+00 1.381950269646810003e+00 4.749897054156015930e-01
8.599999999999162981e+00 1.438022798655842482e+00 4.246427901585655973e-01
8.699999999999151967e+00 1.491630684538685969e+00 3.762281164668115352e-01
8.799999999999140954e+00 1.542517190278469341e+00 3.299655260827548675e-01
8.899999999999129940e+00 1.590439289947998880e+00 2.860639974347646830e-01
8.999999999999118927e+00 1.635168812002979255e+00 2.447206707692949623e-01
9.099999999999107914e+00 1.676493507089825918e+00 2.061199328562270394e-01
9.199999999999096900e+00 1.714218035363794135e+00 1.704325655444947352e-01
9.299999999999085887e+00 1.748164868726310717e+00 1.378149621220133847e-01
9.399999999999074873e+00 1.778175103822593472e+00 1.084084150925876538e-01
9.499999999999063860e+00 1.804109182094070896e+00 8.233847862447135624e-02
9.599999999999052847e+00 1.825847513647946618e+00 5.971440855244400381e-02
9.699999999999041833e+00 1.843291002190001526e+00 4.062868242953249914e-02
9.799999999999030820e+00 1.856361468761899003e+00 2.515660172775492642e-02
9.899999999999019806e+00 1.865001972528365304e+00 1.335597788152552597e-02
9.999999999999008793e+00 1.869177027370692912e+00 5.266903454634067235e-03
1.009999999999899778e+01 1.868872713558681564e+00 9.116092940232916816e-04
1.019999999999898677e+01 1.864096684290221573e+00 2.944081130692237608e-04
1.029999999999897575e+01 1.854878067403357145e+00 3.401724525715237469e-03
1.039999999999896474e+01 1.841267263079108041e+00 1.020221113274781370e-02
1.049999999999895373e+01 1.823335638859570729e+00 2.064694984475512474e-02
1.059999999999894271e+01 1.801175123804181766e+00 3.466973721491568156e-02
1.069999999999893170e+01 1.774897704094613893e+00 5.218745215072964627e-02
1.079999999999892069e+01 1.744634822872901614e+00 7.310050397905311359e-02
1.089999999999890967e+01 1.710536687555999080e+00 9.729335845526909665e-02
1.099999999999889866e+01 1.672771488310774268e+00 1.246351389369117352e-01
1.109999999999888765e+01 1.631524531795176314e+00 1.549802995863730215e-01
1.119999999999887663e+01 1.586997294669905134e+00 1.881693671280894042e-01
1.129999999999886562e+01 1.539406401761199250e+00 2.240297473644659032e-01
1.139999999999885461e+01 1.488982534105043554e+00 2.623765923532957456e-01
1.149999999999884359e+01 1.435969272427131793e+00 3.030137238687921064e-01
1.159999999999883258e+01 1.380621881906403781e+00 3.457346085101529187e-01
1.169999999999882156e+01 1.323206044336207476e+00 3.903233795866812850e-01
1.179999999999881055e+01 1.263996544029907243e+00 4.365559006982082657e-01
1.189999999999879954e+01 1.203275914020221160e+00 4.842008657447141040e-01
1.199999999999878852e+01 1.141333049270132571e+00 5.330209299403689815e-01
1.209999999999877751e+01 1.078461793749135644e+00 5.827738662756041244e-01
1.219999999999876650e+01 1.014959508329374538e+00 6.332137417665196777e-01
1.229999999999875548e+01 9.511256265235319418e-01 6.840921077546568974e-01
1.239999999999874447e+01 8.872602051183027250e-01 7.351591984718303108e-01
1.249999999999873346e+01 8.236624767556325333e-01 7.861651320648984642e-01
1.259999999999872244e+01 7.606294114764273750e-01 8.368611082834960246e-01
1.269999999999871143e+01 6.984542941712212905e-01 8.870005970700721720e-01
1.279999999999870042e+01 6.374253247775536479e-01 9.363405123559781496e-01
1.289999999999868940e+01 5.778242479267866605e-01 9.846423654586689000e-01
1.299999999999867839e+01 5.199250185733274021e-01 1.031673392593536409e+00
1.309999999999866738e+01 4.639925099387543495e-01 1.077207651158562873e+00
1.319999999999865636e+01 4.102812698728338647e-01 1.121027079619736799e+00
1.329999999999864535e+01 3.590343314739058433e-01 1.162922516019194275e+00
1.339999999999863434e+01 3.104820835243635169e-01 1.202694670346592387e+00
1.349999999999862332e+01 2.648412059846014244e-01 1.240155046252935156e+00
1.359999999999861231e+01 2.223136754517437419e-01 1.275126807847956734e+00
1.369999999999860130e+01 1.830858451305015233e-01 1.307445587601949066e+00
1.379999999999859028e+01 1.473276034836450699e-01 1.336960231672126298e+00
1.389999999999857927e+01 1.151916153311528801e-01 1.363533479288344008e+00
1.399999999999856826e+01 8.681264875207773957e-02 1.387042573164074533e+00
1.409999999999855724e+01 6.230699071364418501e-02 1.407379798241471303e+00
1.419999999999854623e+01 4.177195391020215726e-02 1.424452946435912137e+00
1.429999999999853522e+01 2.528547684263718690e-02 1.438185705409159798e+00
1.439999999999852420e+01 1.290581870886067621e-02 1.448517969775709791e+00
1.449999999999851319e+01 4.671350210519679275e-03 1.455406073524786681e+00
1.459999999999850218e+01 6.004409121354670285e-04 1.458822942825550584e+00
1.469999999999849116e+01 6.914433189726520296e-04 1.458758168769575425e+00
1.479999999999848015e+01 4.922773371271441621e-03 1.455217999991234912e+00
1.489999999999846914e+01 1.325308658732712169e-02 1.448225255493612362e+00
1.499999999999845812e+01 2.562154862851849860e-02 1.437819158389640473e+00
1.509999999999844711e+01 4.194819860797462802e-02 1.424055091646025728e+00
1.519999999999843610e+01 6.213440302327503245e-02 1.407004277289662930e+00
1.529999999999842508e+01 8.606339776451366053e-02 1.386753380897450372e+00
1.539999999999841407e+01 1.136009152341974082e-01 1.363404043544071076e+00
1.549999999999840306e+01 1.445958932168313893e-01 1.337072343722127243e+00
1.559999999999839204e+01 1.788812617554100537e-01 1.307888192076133604e+00
1.569999999999838103e+01 2.162748039312127890e-01 1.275994662104238175e+00
1.579999999999837001e+01 2.565800861039968517e-01 1.241547260276367304e+00
1.589999999999835900e+01 2.995874528532393999e-01 1.204713139296329949e+00
1.599999999999834799e+01 3.450750815692026907e-01 1.165670258492840006e+00
1.609999999999833875e+01 3.928100913763751256e-01 1.124606495563828856e+00
1.619999999999832596e+01 4.425497008324519310e-01 1.081718714115126989e+00
1.629999999999831317e+01 4.940424286345714289e-01 1.037211791629482738e+00
1.639999999999830393e+01 5.470293313821078529e-01 9.912976126737055305e-01
1.649999999999829470e+01 6.012452722917812631e-01 9.441940322996932311e-01
1.659999999999828191e+01 6.564202146385624825e-01 8.961238147185209835e-01
1.669999999999826912e+01 7.122805336029077727e-01 8.473135524254804540e-01
1.679999999999825988e+01 7.685503401438168458e-01 7.979925710269923922e-01
1.689999999999825064e+01 8.249528104866125089e-01 7.483918250682596307e-01
1.699999999999823785e+01 8.812115148152008803e-01 6.987427901825105092e-01
1.709999999999822506e+01 9.370517387899331974e-01 6.492763568792814244e-01
1.719999999999821583e+01 9.922017915742825656e-01 6.002217312594556597e-01
1.729999999999820659e+01 1.046394294146435033e+00 5.518053478914159982e-01
1.739999999999819380e+01 1.099367441792594713e+00 5.042498000024261406e-01
1.749999999999818101e+01 1.150866234830854040e+00 4.577727920362010261e-01
1.759999999999817177e+01 1.200643671792099632e+00 4.125861195000092851e-01
1.769999999999816254e+01 1.248461899490298732e+00 3.688946808738726713e-01
1.779999999999814975e+01 1.294093314646503234e+00 3.268955261819134761e-01
1.789999999999813696e+01 1.337321611985971215e+00 2.867769466313956905e-01
1.799999999999812772e+01 1.377942774008195093e+00 2.487176095106579943e-01
1.809999999999811848e+01 1.415765997929998354e+00 2.128857423034181684e-01
1.819999999999810569e+01 1.450614555623380042e+00 1.794383697252319443e-01
1.829999999999809290e+01 1.482326582710139062e+00 1.485206071195349642e-01
1.839999999999808367e+01 1.510755793331798547e+00 1.202650133669936616e-01
1.849999999999807443e+01 1.535772117485103783e+00 9.479100616423391523e-02
1.859999999999806164e+01 1.557262258199018312e+00 7.220434221805478725e-02
1.869999999999804885e+01 1.575130166225297890e+00 5.259666458028052632e-02
1.879999999999803961e+01 1.589297430320263826e+00 3.604511901823294340e-02
1.889999999999803038e+01 1.599703581609158265e+00 2.261204097794914866e-02
1.899999999999801759e+01 1.606306310942084092e+00 1.234471435341060602e-02
1.909999999999800480e+01 1.609081598573166128e+00 5.275202926852547505e-03
1.919999999999799556e+01 1.608023755916781372e+00 1.420254994370694209e-03
1.929999999999798632e+01 1.603145379557352479e+00 7.812813392517832306e-04
1.939999999999797353e+01 1.594477218108573124e+00 3.344406364383245654e-03
1.949999999999796074e+01 1.582067952932389332e+00 9.080591846445509874e-03
1.959999999999795151e+01 1.565983894135891008e+00 1.794583243000665018e-02
1.969999999999794227e+01 1.546308593663426878e+00 2.988142164075490229e-02
1.979999999999792948e+01 1.523142377690075433e+00 4.481428686552135082e-02
1.989999999999791669e+01 1.496601800898111234e+00 6.265739142401052786e-02
1.999999999999790745e+01 1.466819025581196367e+00 8.331020154476681538e-02
2.009999999999789821e+01 1.433941128866092152e+00 1.066592157573469646e-01
2.019999999999788542e+01 1.398129341671794590e+00 1.325785539252617440e-01
2.029999999999787264e+01 1.359558223335293858e+00 1.609306028713338166e-01
2.039999999999786340e+01 1.318414776123176368e+00 1.915667152900685788e-01
2.049999999999785416e+01 1.274897504116726754e+00 2.243279584012067007e-01
2.059999999999784137e+01 1.229215421203516678e+00 2.590459085765324243e-01
2.069999999999782858e+01 1.181587013130647623e+00 2.955434879685562288e-01
2.079999999999781934e+01 1.132239158771257026e+00 3.336358389862122409e-01
2.089999999999781011e+01 1.081406015928177533e+00 3.731312322998739939e-01
2.099999999999779732e+01 1.029327877143310088e+00 4.138320039163737585e-01
2.109999999999778453e+01 9.762500011001702394e-01 4.555355167450759746e-01
2.119999999999777529e+01 9.224214252980105222e-01 4.980351419787155121e-01
2.129999999999776605e+01 8.680937657398904994e-01 5.411212555379996125e-01
2.139999999999775326e+01 8.135200094128248738e-01 5.845822447775989028e-01
2.149999999999774047e+01 7.589533053465593593e-01 6.282055206223321475e-01
2.159999999999773124e+01 7.046457600180042746e-01 6.717785302972306694e-01
2.169999999999772200e+01 6.508472428214265859e-01 7.150897658326429429e-01
2.179999999999770921e+01 5.978042072509063276e-01 7.579297635664503652e-01
2.189999999999769642e+01 5.457585333407257711e-01 8.000920899281984688e-01
2.199999999999768718e+01 4.949463967829821898e-01 8.413743088755988309e-01
2.209999999999767795e+01 4.455971699902079308e-01 8.815789264608165920e-01
2.219999999999766516e+01 3.979323601943643429e-01 9.205143081319256959e-01
2.229999999999765237e+01 3.521645894742034266e-01 9.579955645233348971e-01
2.239999999999764313e+01 3.084966213810985680e-01 9.938454016572015881e-01
2.249999999999763389e+01 2.671204385901611578e-01 1.027894931664058653e+00
2.259999999999762110e+01 2.282163757405621107e-01 1.059984440335826061e+00
2.269999999999760831e+01 1.919523113471966747e-01 1.089964108044630287e+00
2.279999999999759908e+01 1.584829223670268239e-01 1.117694680797965301e+00
2.289999999999758984e+01 1.279490046890608412e-01 1.143048088451320998e+00
2.299999999999757705e+01 1.004768624881989258e-01 1.165908007362987275e+00
2.309999999999756426e+01 7.617776904237637259e-02 1.186170365051936404e+00
2.319999999999755502e+01 5.514750126050210755e-02 1.203743784704976338e+00
2.329999999999754579e+01 3.746594980804165281e-02 1.218549967675018442e+00
2.339999999999753300e+01 2.319680634892390056e-02 1.230524012414038637e+00
2.349999999999752021e+01 1.238732904898343611e-02 1.239614668593686408e+00
2.359999999999751097e+01 5.068187108868029214e-03 1.245784525478612181e+00
2.369999999999750173e+01 1.253384715272229865e-03 1.249010133934706834e+00
2.379999999999748894e+01 9.402644201903727393e-04 1.249282061771398000e+00
2.389999999999747615e+01 4.109589580477493627e-03 1.246604882434990680e+00
2.399999999999746692e+01 1.072570511612691048e-02 1.240997097386623560e+00
2.409999999999745768e+01 2.073677547708920738e-02 1.232490992811197783e+00
2.419999999999744489e+01 3.407509834688182693e-02 1.221132431612387936e+00
2.429999999999743210e+01 5.065749225837842817e-02 1.206980581952031617e+00
2.439999999999742286e+01 7.038575595462043255e-02 1.190107583887383358e+00
2.449999999999741362e+01 9.314719699687389054e-02 1.170598155946841912e+00
2.459999999999740083e+01 1.188152268049517124e-01 1.148549143761148361e+00
2.469999999999738804e+01 1.472500190124707564e-01 1.124069013133292883e+00
2.479999999999737881e+01 1.782992277336060416e-01 1.097277290182760101e+00
2.489999999999736957e+01 2.117987620692785566e-01 1.068303951439594224e+00
2.499999999999735678e+01 2.475736129307866407e-01 1.037288766988491817e+00
2.509999999999734399e+01 2.854387280287821738e-01 1.004380599971903987e+00
2.519999999999733475e+01 3.251999306660387501e-01 9.697366659539572442e-01
2.529999999999732552e+01 3.666548777849235052e-01 9.335217558217581146e-01
2.539999999999731273e+01 4.095940525551292621e-01 8.959074260572380544e-01
2.549999999999729994e+01 4.538017866450614335e-01 8.570711603512124466e-01
2.559999999999729070e+01 4.990573072020889622e-01 8.171955066490345088e-01
2.569999999999728146e+01 5.451358034723309265e-01 7.764671938164895426e-01
2.579999999999726867e+01 5.918095079209144682e-01 7.350762321924997345e-01
2.589999999999725588e+01 6.388487866685946814e-01 6.932150023530021521e-01
2.599999999999724665e+01 6.860232340399570194e-01 6.510773364477063785e-01
2.609999999999723741e+01 7.331027660232239951e-01 6.088575964869897827e-01
2.619999999999722462e+01 7.798587074700276123e-01 5.667497539524610772e-01
2.629999999999721183e+01 8.260648679175095488e-01 5.249464750786674294e-01
2.639999999999720259e+01 8.714986009916786402e-01 4.836382161081814735e-01
2.649999999999719336e+01 9.159418424522960400e-01 4.430123327562887625e-01
2.659999999999718057e+01 9.591821220628077294e-01 4.032522080358188488e-01
2.669999999999716778e+01 1.001013544614814732e+00 3.645364024878458564e-01
2.679999999999715854e+01 1.041237735604077841e+00 3.270378307403822848e-01
2.689999999999714930e+01 1.079664747242164324e+00 2.909229681757748986e-01
2.699999999999713651e+01 1.116113920696039541e+00 2.563510913284575143e-01
2.709999999999712372e+01 1.150414700672765411e+00 2.234735554598349383e-01
2.719999999999711449e+01 1.182407398709983681e+00 1.924331125660654340e-01
2.729999999999710525e+01 1.211943901791866729e+00 1.633632728693988900e-01
2.739999999999709246e+01 1.238888323183988893e+00 1.363877126249315730e-01
2.749999999999707967e+01 1.263117592667710953e+00 1.116197308434111746e-01
2.759999999999707043e+01 1.284521983654078658e+00 8.916175728837065495e-02
2.769999999999706120e+01 1.303005574966704661e+00 6.910491385327317826e-02
2.779999999999704841e+01 1.318486645402141777e+00 5.152863116312134811e-02
2.789999999999703562e+01 1.330897999501679418e+00 3.650032197603612222e-02
2.799999999999702638e+01 1.340187223301483321e+00 2.407511268524111653e-02
2.809999999999701714e+01 1.346316869163377561e+00 1.429563394182356909e-02
2.819999999999700435e+01 1.349264569127851532e+00 7.191871135044838013e-03
2.829999999999699156e+01 1.349023076571040480e+00 2.781075181144432393e-03
2.839999999999698233e+01 1.345600236286464524e+00 1.067733784896873804e-03
2.849999999999697309e+01 1.339018883449889508e+00 2.043603051989583384e-03
2.859999999999696030e+01 1.329316672258958221e+00 5.687799045950014086e-03
2.869999999999694751e+01 1.316545835367888273e+00 1.196694860218868936e-02
2.879999999999693827e+01 1.300772875558357855e+00 2.083539843505412617e-02
2.889999999999692903e+01 1.282078191401544665e+00 3.223548130290157521e-02
2.899999999999691624e+01 1.260555638969229841e+00 4.609783773231220655e-02
2.909999999999690345e+01 1.236312031944365231e+00 6.234179154697652020e-02
2.919999999999689422e+01 1.209466582761274278e+00 8.087577720052749330e-02
2.929999999999688498e+01 1.180150287672244502e+00 1.015978166769446883e-01
2.939999999999687219e+01 1.148505258887724478e+00 1.243960434980165702e-01
2.949999999999685940e+01 1.114684007173827984e+00 1.491492711658696790e-01
2.959999999999685016e+01 1.078848678507940972e+00 1.757276031706070107e-01
2.969999999999684093e+01 1.041170248594478709e+00 2.039930815094939676e-01
2.979999999999682814e+01 1.001827679223670220e+00 2.338003704958200590e-01
2.989999999999681535e+01 9.610070406185584613e-01 2.649974724831186679e-01
2.999999999999680611e+01 9.189006040567354594e-01 2.974264719945671209e-01
3.009999999999679687e+01 8.757059091743409907e-01 3.309243046286876599e-01
3.019999999999678408e+01 8.316248104590261425e-01 3.653235470114151728e-01
3.029999999999677129e+01 7.868625075167821059e-01 4.004532239814634353e-01
3.039999999999676206e+01 7.416265637529491084e-01 4.361396291313055507e-01
3.049999999999675282e+01 6.961259181418658626e-01 4.722071547797930813e-01
3.059999999999674003e+01 6.505698947709093183e-01 5.084791274249914617e-01
3.069999999999672724e+01 6.051672148344494628e-01 5.447786447171506508e-01
3.079999999999671800e+01 5.601250157205560631e-01 5.809294100014245066e-01
3.089999999999670877e+01 5.156478817793053171e-01 6.167565605087400593e-01
3.099999999999669598e+01 4.719368912859608911e-01 6.520874853198430632e-01
3.109999999999668319e+01 4.291886840160130667e-01 6.867526292925326681e-01
3.119999999999667395e+01 3.875945537321804912e-01 7.205862792245525394e-01
3.129999999999666471e+01 3.473395697473758981e-01 7.534273286244185242e-01
3.139999999999665192e+01 3.086017315719110088e-01 7.851200175786458013e-01
3.149999999999663913e+01 2.715511604800448509e-01 8.155146443366025899e-01
3.159999999999662990e+01 2.363493316399990773e-01 8.444682453813299183e-01
3.169999999999662066e+01 2.031483502447002099e-01 8.718452409175180273e-01
3.179999999999660787e+01 1.720902748582136543e-01 8.975180428833847701e-01
3.189999999999659508e+01 1.433064909565094913e-01 9.213676227824957321e-01
3.199999999999658584e+01 1.169171373919479368e-01 9.432840368316152135e-01
3.209999999999657661e+01 9.303058824993569453e-02 9.631669061332824855e-01
3.219999999999656382e+01 7.174299229475034068e-02 9.809258498023145645e-01
3.229999999999655103e+01 5.313787192113617747e-02 9.964808692065088014e-01
3.239999999999653824e+01 3.728578323998654048e-02 1.009762681719259092e+00
3.249999999999653255e+01 2.424403863189388691e-02 1.020713002626477239e+00
3.259999999999651976e+01 1.405649280280955524e-02 1.029284774079912257e+00
3.269999999999650697e+01 6.753393073047026657e-03 1.035442340242728410e+00
3.279999999999650129e+01 2.351294325738695432e-03 1.039161568030301241e+00
3.289999999999648850e+01 8.530387351323076486e-04 1.040429913107193460e+00
3.299999999999647571e+01 2.247800090170813843e-03 1.039246431060877995e+00
3.309999999999646292e+01 6.511192226089764813e-03 1.035621733930248700e+00
3.319999999999645013e+01 1.360544077769766658e-02 1.029577892524058624e+00
3.329999999999644444e+01 2.347961717395741221e-02 1.021148285216672003e+00
3.339999999999643165e+01 3.606993350581881586e-02 1.010377394158137543e+00
3.349999999999641886e+01 5.130009661928387754e-02 9.973205500780761845e-01
3.359999999999641318e+01 6.908171951470232219e-02 9.820436271003363249e-01
3.369999999999640039e+01 8.931478787248643691e-02 9.646226892140420395e-01
3.379999999999638760e+01 1.118881792760742372e-01 9.451435902667966182e-01
3.389999999999637481e+01 1.366802324660315038e-01 9.237015295569178663e-01
3.399999999999636202e+01 1.635593637358414287e-01 9.004005653010672683e-01
3.409999999999635634e+01 1.923847273711702388e-01 8.753530884422456859e-01
3.419999999999634355e+01 2.230069168409427871e-01 8.486792594390570876e-01
3.429999999999633076e+01 2.552687032716529081e-01 8.205064108400321743e-01
3.439999999999632507e+01 2.890058075761594569e-01 7.909684185957202018e-01
3.449999999999631228e+01 3.240477024660370908e-01 7.602050451957237387e-01
3.459999999999629949e+01 3.602184404525209938e-01 7.283612578372374857e-01
3.469999999999628670e+01 3.973375038359111544e-01 6.955865249355551727e-01
3.479999999999627391e+01 4.352206725973498669e-01 6.620340943745963713e-01
3.489999999999626823e+01 4.736809060404356120e-01 6.278602569674253120e-01
3.499999999999625544e+01 5.125292339835706423e-01 5.932235986510351333e-01
3.509999999999624265e+01 5.515756532769474640e-01 5.582842449782593475e-01
3.519999999999623697e+01 5.906300254115330883e-01 5.232031014908202771e-01
3.529999999999622418e+01 6.295029710000985546e-01 4.881410935614797220e-01
3.539999999999621139e+01 6.680067569434119390e-01 4.532584092811209331e-01
3.549999999999619860e+01 7.059561721467487727e-01 4.187137489370234000e-01
3.559999999999618581e+01 7.431693877231448919e-01 3.846635845828090261e-01
3.569999999999618012e+01 7.794687977104723942e-01 3.512614331385389699e-01
3.579999999999616733e+01 8.146818364369555754e-01 3.186571463814084071e-01
3.589999999999615454e+01 8.486417687964976642e-01 2.869962210941096603e-01
3.599999999999614886e+01 8.811884498377319241e-01 2.564191325296448221e-01
3.609999999999613607e+01 9.121690502300896508e-01 2.270606942285982310e-01
3.619999999999612328e+01 9.414387443446724513e-01 1.990494470884434375e-01
3.629999999999611049e+01 9.688613578770893797e-01 1.725070804350641862e-01
3.639999999999609770e+01 9.943099721420244341e-01 1.475478876847449439e-01
3.649999999999609201e+01 1.017667482384693178e+00 1.242782590118774455e-01
3.659999999999607923e+01 1.038827107680967421e+00 1.027962132535712031e-01
3.669999999999606644e+01 1.057692850235860016e+00 8.319097108902188953e-02
3.679999999999606075e+01 1.074179902135627751e+00 6.554257132903688887e-02
3.689999999999604796e+01 1.088214997864169309e+00 4.992153194119610532e-02
3.699999999999603517e+01 1.099736711155348878e+00 3.638855721922124031e-02
3.709999999999602238e+01 1.108695695019829452e+00 2.499429228267971426e-02
3.719999999999600959e+01 1.115054864056665540e+00 1.577912586597405784e-02
3.729999999999600391e+01 1.118789518433755070e+00 8.773042124869383923e-03
3.739999999999599112e+01 1.119887409197619643e+00 3.995521955654517468e-03
3.749999999999597833e+01 1.118348744849344767e+00 1.455494087522846060e-03
3.759999999999597264e+01 1.114186139398983810e+00 1.151335973989471833e-03
3.769999999999595985e+01 1.107424502384464216e+00 3.070924275255553209e-03
3.779999999999594706e+01 1.098100871610690366e+00 7.191734491463605897e-03
3.789999999999593427e+01 1.086264189630216981e+00 1.348098907784581885e-02
3.799999999999592148e+01 1.071975025246029389e+00 2.189585314791013537e-02
3.809999999999591580e+01 1.055305241569729935e+00 3.238367665107615145e-02
3.819999999999590301e+01 1.036337612411973197e+00 4.488228169755599517e-02
3.829999999999589022e+01 1.015165389017535391e+00 5.932029349679029256e-02
3.839999999999588454e+01 9.918918193811405715e-01 7.561751317727899435e-02
3.849999999999587175e+01 9.666296225936518161e-01 9.368533056612916854e-02
3.859999999999585896e+01 9.395004208685637792e-01 1.134271748269249785e-01
3.869999999999584617e+01 9.106341320864667077e-01 1.347390006853908806e-01
3.879999999999583338e+01 8.801683258680674804e-01 1.575098078145166502e-01
3.889999999999582769e+01 8.482475463455131370e-01 1.816221908050592859e-01
3.899999999999581490e+01 8.150226049441549048e-01 2.069529170142821728e-01
3.909999999999580211e+01 7.806498466144121684e-01 2.333735294658891291e-01
3.919999999999579643e+01 7.452903930633806295e-01 2.607509718680394162e-01
3.929999999999578364e+01 7.091093666292859199e-01 2.889482327244335402e-01
3.939999999999577085e+01 6.722750985176282335e-01 3.178250054360872157e-01
3.949999999999575806e+01 6.349583251760501090e-01 3.472383612288860166e-01
3.959999999999574527e+01 5.973313766251565626e-01 3.770434316947372522e-01
3.969999999999573959e+01 5.595673605846065435e-01 4.070940977018255857e-01
3.979999999999572680e+01 5.218393462380198633e-01 4.372436814128732863e-01
3.989999999999571401e+01 4.843195514663268253e-01 4.673456381487132716e-01
3.999999999999570832e+01 4.471785373473331493e-01 4.972542448485191557e-01
4.009999999999569553e+01 4.105844136699982050e-01 5.268252819068751647e-01
4.019999999999568274e+01 3.747020591450698768e-01 5.559167052121419816e-01
4.029999999999566995e+01 3.396923599100689084e-01 5.843893052692166190e-01
4.039999999999565716e+01 3.057114698263646013e-01 6.121073503628052803e-01
4.049999999999565148e+01 2.729100959498665935e-01 6.389392108046765273e-01
4.059999999999563869e+01 2.414328124254335184e-01 6.647579614087297806e-01
4.069999999999562590e+01 2.114174059087514657e-01 6.894419594515761585e-01
4.079999999999562021e+01 1.829942554592709492e-01 7.128753955020976640e-01
4.089999999999560742e+01 1.562857496746212771e-01 7.349488146414348000e-01
4.099999999999559464e+01 1.314057436512016397e-01 7.555596057435860491e-01
4.109999999999558185e+01 1.084590581587764474e-01 7.746124566460573790e-01
4.119999999999556906e+01 8.754102320960578665e-02 7.920197732087150833e-01
4.129999999999556337e+01 6.873706798591509848e-02 8.077020604362137313e-01
4.139999999999555058e+01 5.212235886447336847e-02 8.215882640253133751e-01
4.149999999999553779e+01 3.776148704483824059e-02 8.336160708896110938e-01
4.159999999999553211e+01 2.570820704933808945e-02 8.437321674135749294e-01
4.169999999999551932e+01 1.600522711957706387e-02 8.518924543902353097e-01
4.179999999999550653e+01 8.684052286944533502e-03 8.580622178048488147e-01
4.189999999999549374e+01 3.764880644800702378e-03 8.622162548370443380e-01
4.199999999999548095e+01 1.256553098605675371e-03 8.643389546668122092e-01
4.209999999999547526e+01 1.156556618628705978e-03 8.644243338834675106e-01
4.219999999999546247e+01 3.451080769084266357e-03 8.624760265102285883e-01
4.229999999999544968e+01 8.115127038811044413e-03 8.585072288705591914e-01
4.239999999999544400e+01 1.511267025308021643e-02 8.525405997327756280e-01
4.249999999999543121e+01 2.439687110492700511e-02 8.446081163782671597e-01
4.259999999999541842e+01 3.591033860865729122e-02 8.347508874425293435e-01
4.269999999999540563e+01 4.958544104896716459e-02 8.230189235778430090e-01
4.279999999999539284e+01 6.534466377747259747e-02 8.094708671804432543e-01
4.289999999999538716e+01 8.310101199540112504e-02 7.941736826120648907e-01
4.299999999999537437e+01 1.027584564576733556e-01 7.772023085257470099e-01
4.309999999999536158e+01 1.242124198405728935e-01 7.586392740768954646e-01
4.319999999999535589e+01 1.473503013334554745e-01 7.385742809640656326e-01
4.329999999999534310e+01 1.720520368453571647e-01 7.171037533953957821e-01
4.339999999999533031e+01 1.981906920606615052e-01 6.943303582203499413e-01
4.349999999999531752e+01 2.256330854347435855e-01 6.703624975965396526e-01
4.359999999999530473e+01 2.542404380916030160e-01 6.453137766819806442e-01
4.369999999999529905e+01 2.838690474711737521e-01 6.193024489501166574e-01
4.379999999999528626e+01 3.143709814749153231e-01 5.924508418200192805e-01
4.389999999999527347e+01 3.455947897748057884e-01 5.648847653763487964e-01
4.399999999999526779e+01 3.773862288834550771e-01 5.367329070218029852e-01
4.409999999999525500e+01 4.095889975314304099e-01 5.081262149602765454e-01
4.419999999999524221e+01 4.420454788632030563e-01 4.791972734499026498e-01
4.429999999999522942e+01 4.745974859444299643e-01 4.500796727923668805e-01
4.439999999999521663e+01 5.070870070712691913e-01 4.209073770383439106e-01
4.449999999999521094e+01 5.393569473868792263e-01 3.918140923879808724e-01
4.459999999999519815e+01 5.712518633410105240e-01 3.629326392506335153e-01
4.469999999999518536e+01 6.026186865752692912e-01 3.343943308994625219e-01
4.479999999999517968e+01 6.333074338793839297e-01 3.063283616143140931e-01
4.489999999999516689e+01 6.631718999419450311e-01 2.788612071505939816e-01
4.499999999999515410e+01 6.920703297120567310e-01 2.521160403030577313e-01
4.509999999999514131e+01 7.198660672962522433e-01 2.262121642520886211e-01
4.519999999999512852e+01 7.464281784365149885e-01 2.012644662861106659e-01
4.529999999999512283e+01 7.716320437504688989e-01 1.773828943883466736e-01
4.539999999999511004e+01 7.953599200624028587e-01 1.546719590591694726e-01
4.549999999999509726e+01 8.175014673136555832e-01 1.332302626178660521e-01
4.559999999999509157e+01 8.379542387114591317e-01 1.131500580900205721e-01
4.569999999999507878e+01 8.566241319569248835e-01 9.451683963980792025e-02
4.579999999999506599e+01 8.734257995829007859e-01 7.740896635096121414e-02
4.589999999999505320e+01 8.882830166321542542e-01 6.189732099675068072e-02
4.599999999999504041e+01 9.011290041123152239e-01 4.804500526879596639e-02
4.609999999999503473e+01 9.119067068777960694e-01 3.590707275781342134e-02
4.619999999999502194e+01 9.205690248071063397e-01 2.553030079725170792e-02
4.629999999999500915e+01 9.270789963675377665e-01 1.695300209409539294e-02
4.639999999999500346e+01 9.314099338855561516e-01 1.020487688082825917e-02
4.649999999999499067e+01 9.335455100702131359e-01 5.306906129527691647e-03
4.659999999999497788e+01 9.334797955673065362e-01 2.271286174221191258e-03
4.669999999999496509e+01 9.312172475520048565e-01 1.101404891919251184e-03
4.679999999999495230e+01 9.267726495976059686e-01 1.791859397045359294e-03
4.689999999999494662e+01 9.201710032852586929e-01 4.328515009235241705e-03
4.699999999999493383e+01 9.114473722441198689e-01 8.688605061592510892e-03
4.709999999999492104e+01 9.006466795320066110e-01 1.484087092635170621e-02
4.719999999999491536e+01 8.878234594815874736e-01 2.274574144840097248e-02
4.729999999999490257e+01 8.730415653468633908e-01 3.235555079511492210e-02
4.739999999999488978e+01 8.563738342866962228e-01 4.361479355427368143e-02
4.749999999999487699e+01 8.379017114164671876e-01 5.646041574132421720e-02
4.759999999999486420e+01 8.177148348444718273e-01 7.082214021361322998e-02
4.769999999999485851e+01 7.959105837856680354e-01 8.662282483328623273e-02
4.779999999999484572e+01 7.725935920102943166e-01 1.037788515729486660e-01
4.789999999999483293e+01 7.478752290395909164e-01 1.222005446196048895e-01
4.799999999999482725e+01 7.218730516427918076e-01 1.417926154034965247e-01
4.809999999999481446e+01 6.947102283194985795e-01 1.624546323597127195e-01
4.819999999999480167e+01 6.665149395683592770e-01 1.840815131224469436e-01
4.829999999999478888e+01 6.374197568461191787e-01 2.065640367550269363e-01
4.839999999999477609e+01 6.075610032103206937e-01 2.297893735336017929e-01
4.849999999999477041e+01 5.770780987138895979e-01 2.536416297291299582e-01
4.859999999999475762e+01 5.461128936799484190e-01 2.780024047714633184e-01
4.869999999999474483e+01 5.148089930306226636e-01 3.027513581306514601e-01
4.879999999999473914e+01 4.833110748738399520e-01 3.277667832150793492e-01
4.889999999999472635e+01 4.517642065673215801e-01 3.529261855628464395e-01
4.899999999999471356e+01 4.203131614789626380e-01 3.781068625928072358e-01
4.909999999999470077e+01 3.891017396478559376e-01 4.031864821844799440e-01
4.919999999999468798e+01 3.582720955198718249e-01 4.280436573715468151e-01
4.929999999999468230e+01 3.279640758873498818e-01 4.525585144619143629e-01
4.939999999999466951e+01 2.983145711027773150e-01 4.766132519381732213e-01
4.949999999999465672e+01 2.694568825630347941e-01 5.000926875451960907e-01
4.959999999999465103e+01 2.415201093735163951e-01 5.228847910367688812e-01
4.969999999999463824e+01 2.146285570007900878e-01 5.448812001296789997e-01
4.979999999999462545e+01 1.889011706091324183e-01 5.659777173016923291e-01
4.989999999999461266e+01 1.644509956506298443e-01 5.860747851682723830e-01
