1.000000000000000000e+00 2.000000000000000000e+00 0.000000000000000000e+00
1.099999999999988987e+00 1.997600966805648470e+00 1.999200209334828140e-03
1.199999999999977973e+00 1.990415466676973111e+00 7.987208600633949676e-03
1.299999999999966960e+00 1.978478260663881549e+00 1.793529504193291241e-02
1.399999999999955946e+00 1.961847131341619477e+00 3.179573112629678622e-02
1.499999999999944933e+00 1.940602621647869119e+00 4.950202234610441565e-02
1.599999999999933920e+00 1.914847652356360674e+00 7.096923182809410091e-02
1.699999999999922906e+00 1.884707020667206745e+00 9.609439411986944735e-02
1.799999999999911893e+00 1.850326783956752097e+00 1.247570170189119948e-01
1.899999999999900879e+00 1.811873533652694324e+00 1.568196689611476846e-01
1.999999999999889866e+00 1.769533564586054819e+00 1.921286490403636416e-01
2.099999999999878852e+00 1.723511945248509036e+00 2.305147363109873448e-01
2.199999999999867839e+00 1.674031494372357098e+00 2.717940146319581807e-01
2.299999999999856826e+00 1.621331669291608657e+00 3.157687689356539207e-01
2.399999999999845812e+00 1.565667371688638010e+00 3.622284484521974823e-01
2.499999999999834799e+00 1.507307676598559798e+00 4.109506920854368861e-01
2.599999999999823785e+00 1.446534490916073112e+00 4.617024108244587866e-01
2.699999999999812772e+00 1.383641148047495495e+00 5.142409217855334891e-01
2.799999999999801759e+00 1.318930945672375232e+00 5.683151282153005024e-01
2.899999999999790745e+00 1.252715633808964446e+00 6.236667395468076247e-01
2.999999999999779732e+00 1.185313860660969665e+00 6.800315253846680452e-01
3.099999999999768718e+00 1.117049584220559000e+00 7.371405971096525178e-01
3.199999999999757705e+00 1.048250458269906371e+00 7.947217106425085165e-01
3.299999999999746692e+00 9.792462019945002982e-01 8.525005838027431837e-01
3.399999999999735678e+00 9.103669626427551842e-01 9.102022216405404320e-01
3.499999999999724665e+00 8.419416805491122258e-01 9.675522431082602681e-01
3.599999999999713651e+00 7.742964655750249614e-01 1.024278202464755205e+00
3.699999999999702638e+00 7.077529937413183925e-01 1.080110898872064240e+00
3.799999999999691624e+00 6.426269324669318106e-01 1.134785667746919691e+00
3.899999999999680611e+00 5.792264023020335939e-01 1.188043647565596439e+00
3.999999999999669598e+00 5.178504824145347962e-01 1.239633015979019648e+00
4.099999999999658584e+00 4.587877665502308466e-01 1.289310189270643559e+00
4.199999999999647571e+00 4.023149758747779359e-01 1.336840979379127825e+00
4.299999999999636557e+00 3.486956349985969594e-01 1.382001702918185915e+00
4.399999999999625544e+00 2.981788174589661833e-01 1.424580236864496863e+00
4.499999999999614531e+00 2.509979668422270827e-01 1.464377015856783482e+00
4.599999999999603517e+00 2.073697994635244901e-01 1.501205966356687904e+00
4.699999999999592504e+00 1.674932940573484186e-01 1.534895373262463725e+00
4.799999999999581490e+00 1.315487733391507708e-01 1.565288674928572599e+00
4.899999999999570477e+00 9.969708167760053807e-02 1.592245182927655156e+00
4.999999999999559464e+00 7.207886250909362191e-02 1.615640723288252367e+00
5.099999999999548450e+00 4.881393850783785626e-02 1.635368196355251991e+00
5.199999999999537437e+00 3.000079687418069976e-02 1.651338052844454785e+00
5.299999999999526423e+00 1.571618145838657790e-02 1.663478684093581794e+00
5.399999999999515410e+00 6.014792850561018027e-03 1.671736724941632390e+00
5.499999999999504396e+00 9.290970237570004208e-04 1.676077268106864082e+00
5.599999999999493383e+00 4.692425422206371820e-04 1.676483989374238481e+00
5.699999999999482370e+00 4.623085711413372524e-03 1.672959183353125656e+00
5.799999999999471356e+00 1.335632241657422510e-02 1.665523710009380709e+00
5.899999999999460343e+00 2.661272487424473990e-02 1.654216852604087684e+00
5.999999999999449329e+00 4.431448116750370120e-02 1.639096088076792856e+00
6.099999999999438316e+00 6.636263524273211534e-02 1.620236771292145495e+00
6.199999999999427303e+00 9.263762495478357339e-02 1.597731734932528624e+00
6.299999999999416289e+00 1.229999156753203010e-01 1.571690807168480752e+00
6.399999999999405276e+00 1.572907268311481421e-01 1.542240249584396317e+00
6.499999999999394262e+00 1.953328484317398417e-01 1.509522118185418815e+00
6.599999999999383249e+00 2.369315441518356213e-01 1.473693550664086249e+00
6.699999999999372235e+00 2.818755369122538101e-01 1.434925983463980703e+00
6.799999999999361222e+00 3.299380722545517397e-01 1.393404302527684324e+00
6.899999999999350209e+00 3.808780542189447171e-01 1.349325931952749302e+00
6.999999999999339195e+00 4.344412479450521780e-01 1.302899865091653231e+00
7.099999999999328182e+00 4.903615428325970860e-01 1.254345642915694725e+00
7.199999999999317168e+00 5.483622698284879027e-01 1.203892284716753247e+00
7.299999999999306155e+00 6.081575661952404177e-01 1.151777176442203787e+00
7.399999999999295142e+00 6.694537808369245280e-01 1.098244922152520342e+00
7.499999999999284128e+00 7.319509128269926501e-01 1.043546164261835996e+00
7.599999999999273115e+00 7.953440753109178862e-01 9.879363783715031655e-01
7.699999999999262101e+00 8.593249767137528528e-01 9.316746486260427673e-01
7.799999999999251088e+00 9.235834113411016677e-01 8.750224295981384737e-01
7.899999999999240075e+00 9.878087519271946393e-01 8.182423007379907576e-01
7.999999999999229061e+00 1.051691437149364194e+00 7.615967194077281066e-01
8.099999999999218048e+00 1.114924447313347056e+00 7.053467784771197957e-01
8.199999999999207034e+00 1.177204761286124501e+00 6.497509743944765992e-01
8.299999999999196021e+00 1.238234787546425020e+00 5.950639915686046777e-01
8.399999999999185007e+00 1.297723762218767840e+00 5.415355087979502047e-01
8.499999999999173994e+00 1.355389107261982806e+00 4.894090333530541348e-01
8.599999999999162981e+00 1.410957742500595247e+00 4.389207681557004137e-01
8.699999999999151967e+00 1.464167345780325036e+00 3.902985173035946054e-01
8.799999999999140954e+00 1.514767556114703373e+00 3.437606349689617535e-01
8.899999999999129940e+00 1.562521115196791710e+00 2.995150224578077003e-01
8.999999999999118927e+00 1.607204942944971071e+00 2.577581779593242639e-01
9.099999999999107914e+00 1.648611142765286752e+00 2.186743032463772385e-01
9.199999999999096900e+00 1.686547932120971316e+00 1.824344713094911696e-01
9.299999999999085887e+00 1.720840494087241934e+00 1.491958586141836351e-01
9.399999999999074873e+00 1.751331745914382010e+00 1.191010453615590353e-01
9.499999999999063860e+00 1.777883021099183170e+00 9.227738680366978641e-02
9.599999999999052847e+00 1.800374661944196042e+00 6.883645832068541193e-02
9.699999999999041833e+00 1.818706520034240048e+00 4.887357660923793284e-02
9.799999999999030820e+00 1.832798362522806146e+00 3.246739896274248444e-02
9.899999999999019806e+00 1.842590182692839251e+00 1.967960224648608591e-02
9.999999999999008793e+00 1.848042414008053802e+00 1.055464278492644105e-02
1.009999999999899778e+01 1.849136047742097055e+00 5.119597989563878793e-03
1.019999999999898677e+01 1.845872655076807423e+00 3.384090168208918770e-03
1.029999999999897575e+01 1.838274315112080615e+00 5.340292576200395512e-03
1.039999999999896474e+01 1.826383450438288980e+00 1.096301740075449060e-02
1.049999999999895373e+01 1.810262571863092251e+00 2.020988501158092060e-02
1.059999999999894271e+01 1.789993933725286590e+00 3.302157346177122393e-02
1.069999999999893170e+01 1.765679101120429140e+00 4.932214687926206320e-02
1.079999999999892069e+01 1.737438430338374529e+00 6.901946104792798520e-02
1.089999999999890967e+01 1.705410463922958142e+00 9.200564413668856079e-02
1.099999999999889866e+01 1.669751242114127399e+00 1.181576501948197189e-01
1.109999999999888765e+01 1.630633533066659924e+00 1.473378826945026254e-01
1.119999999999887663e+01 1.588245984993437832e+00 1.793948850723713351e-01
1.129999999999886562e+01 1.542792203997148670e+00 2.141640949051284715e-01
1.139999999999885461e+01 1.494489761731755184e+00 2.514686580521174331e-01
1.149999999999884359e+01 1.443569137302773919e+00 2.911202988100340949e-01
1.159999999999883258e+01 1.390272598184364439e+00 3.329202418519877638e-01
1.169999999999882156e+01 1.334853025450305708e+00 3.766601814681676541e-01
1.179999999999881055e+01 1.277572689169480302e+00 4.221232933921494901e-01
1.189999999999879954e+01 1.218701980252896222e+00 4.690852842896178210e-01
1.199999999999878852e+01 1.158518105320695879e+00 5.173154738063322489e-01
1.209999999999877751e+01 1.097303751325653387e+00 5.665779039204190681e-01
1.219999999999876650e+01 1.035345726781908615e+00 6.166324702204190045e-01
1.229999999999875548e+01 9.729335865370876135e-01 6.672360696356509635e-01
1.239999999999874447e+01 9.103582471299487278e-01 7.181437590796589943e-01
1.249999999999873346e+01 8.479105998897675800e-01 7.691099194336262768e-01
1.259999999999872244e+01 7.858801289862032968e-01 8.198894192969908845e-01
1.269999999999871143e+01 7.245535415610957486e-01 8.702387729665277405e-01
1.279999999999870042e+01 6.642134168491478086e-01 9.199172871717822275e-01
1.289999999999868940e+01 6.051368808442675329e-01 9.686881911903083564e-01
1.299999999999867839e+01 5.475943126476451317e-01 1.016319745086275761e+00
1.309999999999866738e+01 4.918480881823389383e-01 1.062586320958890385e+00
1.319999999999865636e+01 4.381513664876308667e-01 1.107269452247560793e+00
1.329999999999864535e+01 3.867469233400823714e-01 1.150158846316352346e+00
1.339999999999863434e+01 3.378660365633691098e-01 1.191053355723267426e+00
1.349999999999862332e+01 2.917274271422196641e-01 1.229761903771172449e+00
1.359999999999861231e+01 2.485362601514007619e-01 1.266104360135915874e+00
1.369999999999860130e+01 2.084832095263885465e-01 1.299912362576081781e+00
1.379999999999859028e+01 1.717435907849378940e-01 1.331030080957351425e+00
1.389999999999857927e+01 1.384765658481667272e-01 1.359314920077159039e+00
1.399999999999856826e+01 1.088244239881653586e-01 1.384638158058066448e+00
1.409999999999855724e+01 8.291194261315480707e-02 1.406885517385995765e+00
1.419999999999854623e+01 6.084583116652193813e-02 1.425957665994469714e+00
1.429999999999853522e+01 4.271426097243494202e-02 1.441770646130985600e+00
1.439999999999852420e+01 2.858648345458652401e-02 1.454256229085389540e+00
1.449999999999851319e+01 1.851253874099585001e-02 1.463362194215162004e+00
1.459999999999850218e+01 1.252305619182324074e-02 1.469052531070465850e+00
1.469999999999849116e+01 1.062914785781912674e-02 1.471307563800286822e+00
1.479999999999848015e+01 1.282239533968624820e-02 1.470123997404474858e+00
1.489999999999846914e+01 1.907493000506845296e-02 1.465514885781083798e+00
1.499999999999845812e+01 2.933960605378626782e-02 1.457509521897579319e+00
1.509999999999844711e+01 4.355026552098057585e-02 1.446153250782364896e+00
1.519999999999843610e+01 6.162209394664634743e-02 1.431507206389051490e+00
1.529999999999842508e+01 8.345206505993044144e-02 1.413647973737057750e+00
1.539999999999841407e+01 1.089194724170498285e-01 1.392667178078406121e+00
1.549999999999840306e+01 1.378865455579236510e-01 1.368671003183290269e+00
1.559999999999839204e+01 1.701991479652132100e-01 1.341779641164549064e+00
1.569999999999838103e+01 2.056875538834709305e-01 1.312126676575387618e+00
1.579999999999837001e+01 2.441673007737721335e-01 1.279858407817265231e+00
1.589999999999835900e+01 2.854401137398936417e-01 1.245133109197318788e+00
1.599999999999834799e+01 3.292948976460292609e-01 1.208120237275840170e+00
1.609999999999833875e+01 3.755087919249999184e-01 1.168999585447076717e+00
1.619999999999832596e+01 4.238482823839212488e-01 1.127960390983747452e+00
1.629999999999831317e+01 4.740703637617857957e-01 1.085200399042014929e+00
1.639999999999830393e+01 5.259237463964127057e-01 1.040924888352225741e+00
1.649999999999829470e+01 5.791501000891139395e-01 9.953456635145253584e-01
1.659999999999828191e+01 6.334853281394438040e-01 9.486800189725710375e-01
1.669999999999826912e+01 6.886608646283653989e-01 9.011496798546317910e-01
1.679999999999825988e+01 7.444049883340192464e-01 8.529797249485071564e-01
1.689999999999825064e+01 8.004441470179693985e-01 8.043974971177372257e-01
1.699999999999823785e+01 8.565042860567687599e-01 7.556315064832753725e-01
1.709999999999822506e+01 9.123121755079853790e-01 7.069103316917213498e-01
1.719999999999821583e+01 9.675967297923659949e-01 6.584615245732670097e-01
1.729999999999820659e+01 1.022090314260512889e+00 6.105105234554687454e-01
1.739999999999819380e+01 1.075530032861497620e+00 5.632795803439460958e-01
1.749999999999818101e+01 1.127658990846710729e+00 5.169867071101662548e-01
1.759999999999817177e+01 1.178227526037373796e+00 4.718446457390814697e-01
1.769999999999816254e+01 1.226994401928026779e+00 4.280598675802199660e-01
1.779999999999814975e+01 1.273727955994342631e+00 3.858316064072205287e-01
1.789999999999813696e+01 1.318207197009286569e+00 3.453509299169973401e-01
1.799999999999812772e+01 1.360222845787221191e+00 3.067998540941496710e-01
1.809999999999811848e+01 1.399578314404056334e+00 2.703505046329925943e-01
1.819999999999810569e+01 1.436090619490691722e+00 2.361643293554764877e-01
1.829999999999809290e+01 1.469591225634962139e+00 2.043913652917422885e-01
1.839999999999808367e+01 1.499926815248278977e+00 1.751695638049289849e-01
1.849999999999807443e+01 1.526959981449023340e+00 1.486241768456774415e-01
1.859999999999806164e+01 1.550569840597539661e+00 1.248672071154466323e-01
1.869999999999804885e+01 1.570652561162449556e+00 1.039969246018385973e-01
1.879999999999803961e+01 1.587121805755076887e+00 8.609745162083795589e-02
1.889999999999803038e+01 1.599909083559670986e+00 7.123841815865011862e-02
1.899999999999801759e+01 1.608964011023425567e+00 5.947468894906415837e-02
1.909999999999800480e+01 1.614254479404860998e+00 5.084616335313097563e-02
1.919999999999799556e+01 1.615766728424961496e+00 4.537764872943573363e-02
1.929999999999798632e+01 1.613505325765655751e+00 4.307880759745437438e-02
1.939999999999797353e+01 1.607493052665206257e+00 4.394417850489744370e-02
1.949999999999796074e+01 1.597770696566575888e+00 4.795327011555401003e-02
1.959999999999795151e+01 1.584396752689410270e+00 5.507072764329543763e-02
1.969999999999794227e+01 1.567447037339162241e+00 6.524657037885080169e-02
1.979999999999792948e+01 1.547014216539557285e+00 7.841649869567786368e-02
1.989999999999791669e+01 1.523207254078106310e+00 9.450226858283605758e-02
1.999999999999790745e+01 1.496150783271127382e+00 1.134121314362746824e-01
2.009999999999789821e+01 1.465984406757266489e+00 1.350413365429470047e-01
2.019999999999788542e+01 1.432861928593928802e+00 1.592726934120350657e-01
2.029999999999787264e+01 1.396950523062483907e+00 1.859771908423927533e-01
2.039999999999786340e+01 1.358429844933832120e+00 2.150146693663091413e-01
2.049999999999785416e+01 1.317491086347529761e+00 2.462345434795039922e-01
2.059999999999784137e+01 1.274335985717420794e+00 2.794765698593578152e-01
2.069999999999782858e+01 1.229175794114118370e+00 3.145716575880957433e-01
2.079999999999781934e+01 1.182230204453555977e+00 3.513427162348475852e-01
2.089999999999781011e+01 1.133726248679723270e+00 3.896055375071181270e-01
2.099999999999779732e+01 1.083897168085541152e+00 4.291697060584976908e-01
2.109999999999778453e+01 1.032981262003028311e+00 4.698395349343024718e-01
2.119999999999777529e+01 9.812207202427646324e-01 5.114150210540635566e-01
2.129999999999776605e+01 9.288604447479293924e-01 5.536928160684930766e-01
2.139999999999775326e+01 8.761468658885411820e-01 5.964672078894126539e-01
2.149999999999774047e+01 8.233267587508147356e-01 6.395311081710315371e-01
2.159999999999773124e+01 7.706460648042854356e-01 6.826770410195095451e-01
2.169999999999772200e+01 7.183487244460607934e-01 7.256981282281436130e-01
2.179999999999770921e+01 6.666755259968006886e-01 7.683890663795697185e-01
2.189999999999769642e+01 6.158629766442870190e-01 8.105470912240083647e-01
2.199999999999768718e+01 5.661422005950339509e-01 8.519729248320624393e-01
2.209999999999767795e+01 5.177378693891903083e-01 8.924717011273588518e-01
2.219999999999766516e+01 4.708671690878424854e-01 9.318538655290959927e-01
2.229999999999765237e+01 4.257388089076194482e-01 9.699360445772331474e-01
2.239999999999764313e+01 3.825520757789470649e-01 1.006541881579140929e+00
2.249999999999763389e+01 3.414959391146976664e-01 1.041502834503817310e+00
2.259999999999762110e+01 3.027482097515596382e-01 1.074658932557587931e+00
2.269999999999760831e+01 2.664747566192418593e-01 1.105859488094055987e+00
2.279999999999759908e+01 2.328287842763597237e-01 1.134963760740281824e+00
2.289999999999758984e+01 2.019501740827315817e-01 1.161841570852015115e+00
2.299999999999757705e+01 1.739648915154768660e-01 1.186373859644712425e+00
2.309999999999756426e+01 1.489844620223437777e-01 1.208453193584352103e+00
2.319999999999755502e+01 1.271055177863835706e-01 1.227984210873731330e+00
2.329999999999754579e+01 1.084094177003614295e-01 1.244884008143708698e+00
2.339999999999753300e+01 9.296194259774637203e-02 1.259082465757384917e+00
2.349999999999752021e+01 8.081306737395453632e-02 1.270522510451211895e+00
2.359999999999751097e+01 7.199681114900383094e-02 1.279160314363135376e+00
2.369999999999750173e+01 6.653116611524396984e-02 1.284965429829295180e+00
2.379999999999748894e+01 6.441810515305497475e-02 1.287920859668181928e+00
2.389999999999747615e+01 6.564366766327697778e-02 1.288023063012747382e+00
2.399999999999746692e+01 7.017812240992850337e-02 1.285281897089819436e+00
2.409999999999745768e+01 7.797620559271013774e-02 1.279720495672676428e+00
2.419999999999744489e+01 8.897743195229755597e-02 1.271375085238984903e+00
2.429999999999743210e+01 1.031064764497593711e-01 1.260294740151073345e+00
2.439999999999742286e+01 1.202736238825439646e-01 1.246541078445499551e+00
2.449999999999741362e+01 1.403752836255217629e-01 1.230187900078101748e+00
2.459999999999740083e+01 1.632945664888847681e-01 1.211320769720958479e+00
2.469999999999738804e+01 1.889019204778179806e-01 1.190036546446870291e+00
2.479999999999737881e+01 2.170558220465116095e-01 1.166442862864103702e+00
2.489999999999736957e+01 2.476035193058647166e-01 1.140657556476582846e+00
2.499999999999735678e+01 2.803818236161330635e-01 1.112808056239275922e+00
2.509999999999734399e+01 3.152179460475002526e-01 1.083030727453670128e+00
2.519999999999733475e+01 3.519303752070164215e-01 1.051470178308743231e+00
2.529999999999732552e+01 3.903297927899519459e-01 1.018278531524625219e+00
2.539999999999731273e+01 4.302200228903231283e-01 9.836146647060881598e-01
2.549999999999729994e+01 4.713990106610961295e-01 9.476434231561751131e-01
2.559999999999729070e+01 5.136598254412024778e-01 9.105348090374735248e-01
2.569999999999728146e+01 5.567916830495208691e-01 8.724631508891754761e-01
2.579999999999726867e+01 6.005809816601709317e-01 8.336062576105857103e-01
2.589999999999725588e+01 6.448123455477235977e-01 7.941445610957165169e-01
2.599999999999724665e+01 6.892696709818025846e-01 7.542602517484892077e-01
2.609999999999723741e+01 7.337371685632219087e-01 7.141364111239175694e-01
2.619999999999722462e+01 7.780003962717251254e-01 6.739561459302467750e-01
2.629999999999721183e+01 8.218472774657304969e-01 6.339017275950308283e-01
2.639999999999720259e+01 8.650690981200612750e-01 5.941537415425410806e-01
2.649999999999719336e+01 9.074614777786772501e-01 5.548902502483709087e-01
2.659999999999718057e+01 9.488253090504003007e-01 5.162859740260662411e-01
2.669999999999716778e+01 9.889676609742955593e-01 4.785114933594563080e-01
2.679999999999715854e+01 1.027702642218755846e+00 4.417324764252969493e-01
2.689999999999714930e+01 1.064852220827556151e+00 4.061089352594364210e-01
2.699999999999713651e+01 1.100246997983905795e+00 3.717945138133225136e-01
2.709999999999712372e+01 1.133726933843356655e+00 3.389358109352892390e-01
2.719999999999711449e+01 1.165142023698935603e+00 3.076717410998212610e-01
2.729999999999710525e+01 1.194352922562781583e+00 2.781329355025453087e-01
2.739999999999709246e+01 1.221231515923143274e+00 2.504411859359084169e-01
2.749999999999707967e+01 1.245661434335138651e+00 2.247089336557896444e-01
2.759999999999707043e+01 1.267538509817197623e+00 2.010388052350242927e-01
2.769999999999706120e+01 1.286771172580152500e+00 1.795231971749923217e-01
2.779999999999704841e+01 1.303280787114236228e+00 1.602439108132261147e-01
2.789999999999703562e+01 1.317001926985196025e+00 1.432718388279680122e-01
2.799999999999702638e+01 1.327882587955978133e+00 1.286667044027718643e-01
2.809999999999701714e+01 1.335884339346486982e+00 1.164768538768821970e-01
2.819999999999700435e+01 1.340982413813983420e+00 1.067391034711313302e-01
2.829999999999699156e+01 1.343165735900615054e+00 9.947864044450635546e-02
2.839999999999698233e+01 1.342436889762466778e+00 9.470897880270813529e-02
2.849999999999697309e+01 1.338812026494961893e+00 9.243196944592924069e-02
2.859999999999696030e+01 1.332320711393349955e+00 9.263786440862377403e-02
2.869999999999694751e+01 1.323005711348897329e+00 9.530543460802627653e-02
2.879999999999693827e+01 1.310922722505320825e+00 1.004021402789601336e-01
2.889999999999692903e+01 1.296140038477434198e+00 1.078843530284279983e-01
2.899999999999691624e+01 1.278738160000915336e+00 1.176976281965134569e-01
2.909999999999690345e+01 1.258809347772796183e+00 1.297770259652027691e-01
2.919999999999689422e+01 1.236457121176984808e+00 1.440474794206782483e-01
2.929999999999688498e+01 1.211795706253598670e+00 1.604242075529166145e-01
2.939999999999687219e+01 1.184949436523553334e+00 1.788131709719550377e-01
2.949999999999685940e+01 1.156052110214387030e+00 1.991115679330985599e-01
2.959999999999685016e+01 1.125246307277817381e+00 2.212083680928143281e-01
2.969999999999684093e+01 1.092682669543510565e+00 2.449848812615523230e-01
2.979999999999682814e+01 1.058519147505569524e+00 2.703153582778310970e-01
2.989999999999681535e+01 1.022920217556424038e+00 2.970676209983658111e-01
2.999999999999680611e+01 9.860560738318402407e-01 3.251037182830761041e-01
3.009999999999679687e+01 9.481017990532586426e-01 3.542806047533834657e-01
3.019999999999678408e+01 9.092365187749366084e-01 3.844508390201454295e-01
3.029999999999677129e+01 8.696425432753892570e-01 4.154632980150143040e-01
3.039999999999676206e+01 8.295045010377578576e-01 4.471639040147689093e-01
3.049999999999675282e+01 7.890084674211444993e-01 4.793963609190661779e-01
3.059999999999674003e+01 7.483410918391308897e-01 5.120028963226496144e-01
3.069999999999672724e+01 7.076887266377919206e-01 5.448250059075435692e-01
3.079999999999671800e+01 6.672365609978044843e-01 5.777041966678378992e-01
3.089999999999670877e+01 6.271677635933425865e-01 6.104827254750453402e-01
3.099999999999669598e+01 5.876626382929460712e-01 6.430043295058008868e-01
3.109999999999668319e+01 5.488977976248727852e-01 6.751149450964868404e-01
3.119999999999667395e+01 5.110453588351577814e-01 7.066634116640885255e-01
3.129999999999666471e+01 4.742721671298582575e-01 7.375021574351557918e-01
3.139999999999665192e+01 4.387390502837334449e-01 7.674878638503596084e-01
3.149999999999663913e+01 4.046001083744640292e-01 7.964821056575275282e-01
3.159999999999662990e+01 3.720020419731258077e-01 8.243519638720671061e-01
3.169999999999662066e+01 3.410835216456184482e-01 8.509706089652504524e-01
3.179999999999660787e+01 3.119746011342842684e-01 8.762178518309059472e-01
3.189999999999659508e+01 2.847961761785341994e-01 8.999806602707364211e-01
3.199999999999658584e+01 2.596594906222133292e-01 9.221536389252871224e-01
3.209999999999657661e+01 2.366656912200893192e-01 9.426394707582926857e-01
3.219999999999656382e+01 2.159054323740544068e-01 9.613493183787055196e-01
3.229999999999655103e+01 1.974585318929282240e-01 9.782031836578231054e-01
3.239999999999653824e+01 1.813936787721066590e-01 9.931302242758037746e-01
3.249999999999653255e+01 1.677681939030163105e-01 1.006069026019847046e+00
3.259999999999651976e+01 1.566278444764267197e-01 1.016967829862229999e+00
3.269999999999650697e+01 1.480067125670776751e-01 1.025784713073289334e+00
3.279999999999650129e+01 1.419271179908639935e-01 1.032487723860406437e+00
3.289999999999648850e+01 1.383995951181955231e-01 1.037054969256847148e+00
3.299999999999647571e+01 1.374229230316351968e-01 1.039474656200365388e+00
3.309999999999646292e+01 1.389842082862473016e-01 1.039745085938178715e+00
3.319999999999645013e+01 1.430590195377108020e-01 1.037874602077858199e+00
3.329999999999644444e+01 1.496115733533538716e-01 1.033881492786631773e+00
3.339999999999643165e+01 1.585949704942393734e-01 1.027793847831755869e+00
3.349999999999641886e+01 1.699514817666362143e-01 1.019649371357780998e+00
3.359999999999641318e+01 1.836128821891640228e-01 1.009495151507366684e+00
3.369999999999640039e+01 1.995008317780282980e-01 9.973873882044012040e-01
3.379999999999638760e+01 2.175273007940114189e-01 9.833910806249631653e-01
3.389999999999637481e+01 2.375950368640922794e-01 9.675796760773150984e-01
3.399999999999636202e+01 2.595980710099272670e-01 9.500346821955752974e-01
3.409999999999635634e+01 2.834222593232348375e-01 9.308452445186854440e-01
3.419999999999634355e+01 3.089458568788800430e-01 9.101076916778708670e-01
3.429999999999633076e+01 3.360401204903474826e-01 8.879250505465354770e-01
3.439999999999632507e+01 3.645699370299171349e-01 8.644065338180898506e-01
3.449999999999631228e+01 3.943944741638464313e-01 8.396670025675885274e-01
3.459999999999629949e+01 4.253678504412113370e-01 8.138264064256139907e-01
3.469999999999628670e+01 4.573398217320444048e-01 7.870092040486342810e-01
3.479999999999627391e+01 4.901564810553503682e-01 7.593437666124129848e-01
3.489999999999626823e+01 5.236609688923210548e-01 7.309617670875121487e-01
3.499999999999625544e+01 5.576941911680161068e-01 7.019975580809234561e-01
3.509999999999624265e+01 5.920955421901415994e-01 6.725875410473430849e-01
3.519999999999623697e+01 6.267036298707522324e-01 6.428695296880406751e-01
3.529999999999622418e+01 6.613570004643154476e-01 6.129821103659183201e-01
3.539999999999621139e+01 6.958948598922304329e-01 5.830640023697211127e-01
3.549999999999619860e+01 7.301577886296375386e-01 5.532534208546039389e-01
3.559999999999618581e+01 7.639884471729193605e-01 5.236874452654813883e-01
3.569999999999618012e+01 7.972322692063108507e-01 4.945013960140338116e-01
3.579999999999616733e+01 8.297381396417029542e-01 4.658282221312413096e-01
3.589999999999615454e+01 8.613590547271430253e-01 4.377979025573660032e-01
3.599999999999614886e+01 8.919527614960764961e-01 4.105368636604492250e-01
3.609999999999613607e+01 9.213823740013096231e-01 3.841674154921922435e-01
3.619999999999612328e+01 9.495169640032131708e-01 3.588072091983086631e-01
3.629999999999611049e+01 9.762321239900114689e-01 3.345687179009942946e-01
3.639999999999609770e+01 1.001410500532896375e+00 3.115587432673716517e-01
3.649999999999609201e+01 1.024942295984494933e+00 2.898779498708750624e-01
3.659999999999607923e+01 1.046725736463302248e+00 2.696204293418450471e-01
3.669999999999606644e+01 1.066667504015552215e+00 2.508732961845720477e-01
3.679999999999606075e+01 1.084683130855941702e+00 2.337163170070419571e-01
3.689999999999604796e+01 1.100697353657881683e+00 2.182215747650380344e-01
3.699999999999603517e+01 1.114644425986952125e+00 2.044531694653107246e-01
3.709999999999602238e+01 1.126468387129736959e+00 1.924669566066061765e-01
3.719999999999600959e+01 1.136123285771777791e+00 1.823103244646403776e-01
3.729999999999600391e+01 1.143573357246383759e+00 1.740220111490144161e-01
3.739999999999599112e+01 1.148793153384325416e+00 1.676319621759762291e-01
3.749999999999597833e+01 1.151767624228215992e+00 1.631612291124889813e-01
3.759999999999597264e+01 1.152492150954523398e+00 1.606219096556331383e-01
3.769999999999595985e+01 1.150972529363343044e+00 1.600171293167967079e-01
3.779999999999594706e+01 1.147224903459371559e+00 1.613410646806189286e-01
3.789999999999593427e+01 1.141275649090504496e+00 1.645790080030893887e-01
3.799999999999592148e+01 1.133161208239430007e+00 1.697074727040923658e-01
3.809999999999591580e+01 1.122927875170486756e+00 1.766943391020180110e-01
3.819999999999590301e+01 1.110631536116439833e+00 1.854990395359961408e-01
3.829999999999589022e+01 1.096337364584442087e+00 1.960727818281019219e-01
3.839999999999588454e+01 1.080119474699792192e+00 2.083588098571577674e-01
3.849999999999587175e+01 1.062060535243036563e+00 2.222926998505757590e-01
3.859999999999585896e+01 1.042251347108097415e+00 2.378026908529382311e-01
3.869999999999584617e+01 1.020790386827283402e+00 2.548100476972561257e-01
3.879999999999583338e+01 9.977833186372316865e-01 2.732294546828702431e-01
3.889999999999582769e+01 9.733424773708773126e-01 2.929694380477279592e-01
3.899999999999581490e+01 9.475863242855691038e-01 3.139328152104725600e-01
3.909999999999580211e+01 9.206388777921593602e-01 3.360171686491125187e-01
3.919999999999579643e+01 8.926291209551963091e-01 3.591153421800328815e-01
3.929999999999578364e+01 8.636903876157422388e-01 3.831159573033152133e-01
3.939999999999577085e+01 8.339597290579934263e-01 4.079039471877164424e-01
3.949999999999575806e+01 8.035772633409477006e-01 4.333611057799117705e-01
3.959999999999574527e+01 7.726855097967106900e-01 4.593666494389375132e-01
3.969999999999573959e+01 7.414287117343656419e-01 4.857977884206668984e-01
3.979999999999572680e+01 7.099521509731000490e-01 5.125303054738199471e-01
3.989999999999571401e+01 6.784014583171515955e-01 5.394391387635583124e-01
3.999999999999570832e+01 6.469219243409276565e-01 5.663989663175490463e-01
4.009999999999569553e+01 6.156578147747117091e-01 5.932847891934596163e-01
4.019999999999568274e+01 5.847516943810002754e-01 6.199725105945016468e-01
4.029999999999566995e+01 5.543437626502452087e-01 6.463395082038470019e-01
4.039999999999565716e+01 5.245712041443424400e-01 6.722651970637900654e-01
4.049999999999565148e+01 4.955675560194825469e-01 6.976315803887365163e-01
4.059999999999563869e+01 4.674620951806476299e-01 7.223237857717805799e-01
4.069999999999562590e+01 4.403792475761365011e-01 7.462305843238806746e-01
4.079999999999562021e+01 4.144380222465701147e-01 7.692448903712982844e-01
4.089999999999560742e+01 3.897514728553347352e-01 7.912642394312936478e-01
4.099999999999559464e+01 3.664261895007102643e-01 8.121912422905327444e-01
4.109999999999558185e+01 3.445618235438209220e-01 8.319340131303575303e-01
4.119999999999556906e+01 3.242506478904227385e-01 8.504065697816041158e-01
4.129999999999556337e+01 3.055771546828666141e-01 8.675292043430493649e-01
4.139999999999555058e+01 2.886176918821911075e-01 8.832288225572934026e-01
4.149999999999553779e+01 2.734401399382769271e-01 8.974392504962825923e-01
4.159999999999553211e+01 2.601036296979413742e-01 9.101015072664987438e-01
4.169999999999551932e+01 2.486583027608418317e-01 9.211640426008053106e-01
4.179999999999550653e+01 2.391451154889640829e-01 9.305829383685170209e-01
4.189999999999549374e+01 2.315956877294210736e-01 9.383220732091995808e-01
4.199999999999548095e+01 2.260321970588251295e-01 9.443532496804768472e-01
4.209999999999547526e+01 2.224673190708875703e-01 9.486562834985100556e-01
4.219999999999546247e+01 2.209042139476862232e-01 9.512190546375414169e-01
4.229999999999544968e+01 2.213365592847971741e-01 9.520375202376006873e-01
4.239999999999544400e+01 2.237486288677710822e-01 9.511156894515234717e-01
4.249999999999543121e+01 2.281154168119377823e-01 9.484655605437118941e-01
4.259999999999541842e+01 2.344028061907782456e-01 9.441070207337780573e-01
4.269999999999540563e+01 2.425677810202390983e-01 9.380677094545986083e-01
4.279999999999539284e+01 2.525586802576603174e-01 9.303828458625365005e-01
4.289999999999538716e+01 2.643154923054888417e-01 9.210950215996128732e-01
4.299999999999537437e+01 2.777701883655862014e-01 9.102539599646619628e-01
4.309999999999536158e+01 2.928470928689186348e-01 8.979162428042053445e-01
4.319999999999535589e+01 3.094632891068127556e-01 8.841450065880438469e-01
4.329999999999534310e+01 3.275290580883556402e-01 8.690096092839796338e-01
4.339999999999533031e+01 3.469483484980709909e-01 8.525852697930875745e-01
4.349999999999531752e+01 3.676192753900721644e-01 8.349526818458076205e-01
4.359999999999530473e+01 3.894346449224304618e-01 8.161976043895252664e-01
4.369999999999529905e+01 4.122825020414212505e-01 7.964104306161575719e-01
4.379999999999528626e+01 4.360466976439082987e-01 7.756857378823295290e-01
4.389999999999527347e+01 4.606074715026236555e-01 7.541218208591646821e-01
4.399999999999526779e+01 4.858420472519628941e-01 7.318202103104716194e-01
4.409999999999525500e+01 5.116252360010795641e-01 7.088851799312851920e-01
4.419999999999524221e+01 5.378300455106601596e-01 6.854232436918780147e-01
4.429999999999522942e+01 5.643282921297841925e-01 6.615426461335079944e-01
4.439999999999521663e+01 5.909912127208510890e-01 6.373528480601242663e-01
4.449999999999521094e+01 6.176900736503185829e-01 6.129640100662541169e-01
4.459999999999519815e+01 6.442967737668939820e-01 5.884864763306070223e-01
4.469999999999518536e+01 6.706844382866600229e-01 5.640302610803390460e-01
4.479999999999517968e+01 6.967280007089475813e-01 5.397045400906353985e-01
4.489999999999516689e+01 7.223047702398889269e-01 5.156171495274086691e-01
4.499999999999515410e+01 7.472949825905883525e-01 4.918740943714035030e-01
4.509999999999514131e+01 7.715823323188530924e-01 4.685790685842091130e-01
4.519999999999512852e+01 7.950544850590385293e-01 4.458329890952240637e-01
4.529999999999512283e+01 8.176035681056823545e-01 4.237335456048003102e-01
4.539999999999511004e+01 8.391266379470329051e-01 4.023747681129550280e-01
4.549999999999509726e+01 8.595261234528162042e-01 3.818466139950363880e-01
4.559999999999509157e+01 8.787102434308874388e-01 3.622345763589115974e-01
4.569999999999507878e+01 8.965933971661805835e-01 3.436193153332723904e-01
4.579999999999506599e+01 9.130965264161261530e-01 3.260763138502968395e-01
4.589999999999505320e+01 9.281474472458285385e-01 3.096755593919787719e-01
4.599999999999504041e+01 9.416811500851203220e-01 2.944812530627110014e-01
4.609999999999503473e+01 9.536400664628015278e-01 2.805515472325201265e-01
4.619999999999502194e+01 9.639743009785310957e-01 2.679383128688243576e-01
4.629999999999500915e+01 9.726418271473281640e-01 2.566869375422759503e-01
4.639999999999500346e+01 9.796086457480822629e-01 2.468361549514958564e-01
4.649999999999499067e+01 9.848489042839357888e-01 2.384179066587804596e-01
4.659999999999497788e+01 9.883449762851330700e-01 2.314572365609702809e-01
4.669999999999496509e+01 9.900874995829466174e-01 2.259722184392241318e-01
4.679999999999495230e+01 9.900753732672228358e-01 2.219739167458907869e-01
4.689999999999494662e+01 9.883157135512120606e-01 2.194663806053339383e-01
4.699999999999493383e+01 9.848237690191221638e-01 2.184466708341432084e-01
4.709999999999492104e+01 9.796227958329701835e-01 2.189049196244988726e-01
4.719999999999491536e+01 9.727438937339574210e-01 2.208244223778119963e-01
4.729999999999490257e+01 9.642258042760052383e-01 2.241817610193012344e-01
4.739999999999488978e+01 9.541146734788248374e-01 2.289469579686837508e-01
4.749999999999487699e+01 9.424637815364328430e-01 2.350836597930016092e-01
4.759999999999486420e+01 9.293332420956281759e-01 2.425493494295518360e-01
4.769999999999485851e+01 9.147896730757387740e-01 2.512955857410896776e-01
4.779999999999484572e+01 8.989058404691872006e-01 2.612682690481748504e-01
4.789999999999483293e+01 8.817602764030578744e-01 2.724079311740251752e-01
4.799999999999482725e+01 8.634368730161637862e-01 2.846500484357901706e-01
4.809999999999481446e+01 8.440244541739642115e-01 2.979253759261297207e-01
4.819999999999480167e+01 8.236163274333735407e-01 3.121603013501481061e-01
4.829999999999478888e+01 8.023098189035343664e-01 3.272772166139175654e-01
4.839999999999477609e+01 7.802057937823954070e-01 3.431949053009483719e-01
4.849999999999477041e+01 7.574081653884650045e-01 3.598289441238127773e-01
4.859999999999475762e+01 7.340233953888235519e-01 3.770921164008836368e-01
4.869999999999474483e+01 7.101599876604396400e-01 3.948948355811615629e-01
4.879999999999473914e+01 6.859279779394757970e-01 4.131455768187422550e-01
4.889999999999472635e+01 6.614384212464637924e-01 4.317513145800562779e-01
4.899999999999471356e+01 6.368028790789530547e-01 4.506179642503689298e-01
4.909999999999470077e+01 6.121329085007521931e-01 4.696508256948105919e-01
4.919999999999468798e+01 5.875395554338591619e-01 4.887550267279253124e-01
4.929999999999468230e+01 5.631328545837922528e-01 5.078359644579401033e-01
4.939999999999466951e+01 5.390213384616276970e-01 5.267997425019317337e-01
4.949999999999465672e+01 5.153115578951915632e-01 5.455536021157233462e-01
4.959999999999465103e+01 4.921076162485601979e-01 5.640063453473235233e-01
4.969999999999463824e+01 4.695107193092443731e-01 5.820687484012344592e-01
4.979999999999462545e+01 4.476187424692891770e-01 5.996539634888372605e-01
4.989999999999461266e+01 4.265258164214886238e-01 6.166779075299069213e-01
