1.000000000000000000e+00 2.000000000000000000e+00 0.000000000000000000e+00
1.099999999999988987e+00 1.997600966601889461e+00 1.999200209300989756e-03
1.199999999999977973e+00 1.990415460166779393e+00 7.987208596281108672e-03
1.299999999999966960e+00 1.978478212051699936e+00 1.793529496829076794e-02
1.399999999999955946e+00 1.961846931569650732e+00 3.179573058373539457e-02
1.499999999999944933e+00 1.940602030915558496e+00 4.950201981416296748e-02
1.599999999999933920e+00 1.914846235627060578e+00 7.096922298396367290e-02
1.699999999999922906e+00 1.884704082528107172e+00 9.609436883782700167e-02
1.799999999999911893e+00 1.850321307800673276e+00 1.247569546264732376e-01
1.899999999999900879e+00 1.811864128479268921e+00 1.568195313532028123e-01
1.999999999999889866e+00 1.769518421258269525e+00 1.921283712904491014e-01
2.099999999999878852e+00 1.723488803046874018e+00 2.305142144588963882e-01
2.199999999999867839e+00 1.673997618204592142e+00 2.717930903642004625e-01
2.299999999999856826e+00 1.621283837847577125e+00 3.157672109095400748e-01
2.399999999999845812e+00 1.565601877039192624e+00 3.622259300477659316e-01
2.499999999999834799e+00 1.507220336067394362e+00 4.109467654068027498e-01
2.599999999999823785e+00 1.446420672369616911e+00 4.616964768166658128e-01
2.699999999999812772e+00 1.383495809990986425e+00 5.142321963888193403e-01
2.799999999999801759e+00 1.318748693750401602e+00 5.683026045481210931e-01
2.899999999999790745e+00 1.252490795540194490e+00 6.236491461971961359e-01
2.999999999999779732e+00 1.185040580396176768e+00 6.800072810019095471e-01
3.099999999999768718e+00 1.116721940147737291e+00 7.371077616272113664e-01
3.199999999999757705e+00 1.047862602590170278e+00 7.946779336239908620e-01
3.299999999999746692e+00 9.787925242182433649e-01 8.524430505719017281e-01
3.399999999999735678e+00 9.098422746140687467e-01 9.101275980191938508e-01
3.499999999999724665e+00 8.413414205958135161e-01 9.674566197304856896e-01
3.599999999999713651e+00 7.736169182000226519e-01 1.024157039755367427e+00
3.699999999999702638e+00 7.069915204898268302e-01 1.079958973866192329e+00
3.799999999999691624e+00 6.417822090531422052e-01 1.134597023980511432e+00
3.899999999999680611e+00 5.782986568841393948e-01 1.187811549282449475e+00
3.999999999999669598e+00 5.168417301296419630e-01 1.239349907886732938e+00
4.099999999999658584e+00 4.577020359376551828e-01 1.288967663047403178e+00
4.199999999999647571e+00 4.011585233718565902e-01 1.336429748100185444e+00
4.299999999999636557e+00 3.474771440592722693e-01 1.381511584540469295e+00
4.399999999999625544e+00 2.969095789236245175e-01 1.424000147878519140e+00
4.499999999999614531e+00 2.496920370260949928e-01 1.463694976175706763e+00
4.599999999999603517e+00 2.060441321904683543e-01 1.500409116453536251e+00
4.699999999999592504e+00 1.661678427273758640e-01 1.533970004474758841e+00
4.799999999999581490e+00 1.302465591894474972e-01 1.564220273727142674e+00
4.899999999999570477e+00 9.844422467977841096e-02 1.591018489791372392e+00
4.999999999999559464e+00 7.090457179671996735e-02 1.614239806643084307e+00
5.099999999999548450e+00 4.775045982697326274e-02 1.633776541828059869e+00
5.199999999999537437e+00 2.908331529772606797e-02 1.649538667851536911e+00
5.299999999999526423e+00 1.498267847116988363e-02 1.661454217538743450e+00
5.399999999999515410e+00 5.505857817256089477e-03 1.669469601551456517e+00
5.499999999999504396e+00 6.876939401127722066e-04 1.673549836681070602e+00
5.599999999999493383e+00 5.404338672274261500e-04 1.673678683978917059e+00
5.699999999999482370e+00 5.053716044595128569e-03 1.669858696230695383e+00
5.799999999999471356e+00 1.419466582044296571e-02 1.662111174725950935e+00
5.899999999999460343e+00 2.790810064843374239e-02 1.650476035717920453e+00
5.999999999999449329e+00 4.611684370091024415e-02 1.635011587409409772e+00
6.099999999999438316e+00 6.872214405523553726e-02 1.615794218734191157e+00
6.199999999999427303e+00 9.560420110207132338e-02 1.592918001630784008e+00
6.299999999999416289e+00 1.266227903230890683e-01 1.566494208921881182e+00
6.399999999999405276e+00 1.616179870967892063e-01 1.536650750318944603e+00
6.499999999999394262e+00 2.004109847155354507e-01 1.503531529464436689e+00
6.599999999999383249e+00 2.428050023374978272e-01 1.467295725301249743e+00
6.699999999999372235e+00 2.885862781584354053e-01 1.428117001420839971e+00
6.799999999999361222e+00 3.375251426757026052e-01 1.386182647382669053e+00
6.899999999999350209e+00 3.893771665347757760e-01 1.341692656319616095e+00
6.999999999999339195e+00 4.438843771005482886e-01 1.294858743442397930e+00
7.099999999999328182e+00 5.007765375827843979e-01 1.245903310330529035e+00
7.199999999999317168e+00 5.597724822687690782e-01 1.195058360148142151e+00
7.299999999999306155e+00 6.205815011748940790e-01 1.142564369144503100e+00
7.399999999999295142e+00 6.829047672231777222e-01 1.088669119996863444e+00
7.499999999999284128e+00 7.464367988751509086e-01 1.033626502720775830e+00
7.599999999999273115e+00 8.108669510129775659e-01 9.776952890134036345e-01
7.699999999999262101e+00 8.758809267425673450e-01 9.211378860071690600e-01
7.799999999999251088e+00 9.411623027058220181e-01 8.642190754932753682e-01
7.899999999999240075e+00 1.006394060431794912e+00 8.072047447286985200e-01
7.999999999999229061e+00 1.071260116234456827e+00 7.503606149637953582e-01
8.099999999999218048e+00 1.135446842186958571e+00 6.939509738222398028e-01
8.199999999999207034e+00 1.198644570772896545e+00 6.382374176285391387e-01
8.299999999999196021e+00 1.260549075938839581e+00 5.834776097129756867e-01
8.399999999999185007e+00 1.320863023441956274e+00 5.299240606272118681e-01
8.499999999999173994e+00 1.379297383599207727e+00 4.778229360794026270e-01
8.599999999999162981e+00 1.435572799788185971e+00 4.274128982445565272e-01
8.699999999999151967e+00 1.489420906319980586e+00 3.789239859260916665e-01
8.799999999999140954e+00 1.540585589593209681e+00 3.325765388398294053e-01
8.899999999999129940e+00 1.588824186744019151e+00 2.885801710624162908e-01
8.999999999999118927e+00 1.633908616321955387e+00 2.471327984349496742e-01
9.099999999999107914e+00 1.675626435845971818e+00 2.084197244399324800e-01
9.199999999999096900e+00 1.713781821425986562e+00 1.726127887772369585e-01
9.299999999999085887e+00 1.748196464975544151e+00 1.398695825540772486e-01
9.399999999999074873e+00 1.778710384897568719e+00 1.103327336754906657e-01
9.499999999999063860e+00 1.805182646501251265e+00 8.412926567760523056e-02
9.599999999999052847e+00 1.827491988815108215e+00 6.137003288626648873e-02
9.699999999999041833e+00 1.845537354899439597e+00 4.214923441055879599e-02
9.799999999999030820e+00 1.859238323235476553e+00 2.654400909524562077e-02
9.899999999999019806e+00 1.868535438271494931e+00 1.461411316049979897e-02
9.999999999999008793e+00 1.873390438735716979e+00 6.401681853167757140e-03
1.009999999999899778e+01 1.873786382865190392e+00 1.931076023673152517e-03
1.019999999999898677e+01 1.869727670245395545e+00 1.208814128793970610e-03
1.029999999999897575e+01 1.861239960492368839e+00 4.223589745370866406e-03
1.039999999999896474e+01 1.848369989536698066e+00 1.094637426583390180e-02
1.049999999999895373e+01 1.831185284780547207e+00 2.133060403553402665e-02
1.059999999999894271e+01 1.809773780895826967e+00 3.531245078635087548e-02
1.069999999999893170e+01 1.784243338513151755e+00 5.281117382296222906e-02
1.079999999999892069e+01 1.754721168512796359e+00 7.372955202943003161e-02
1.089999999999890967e+01 1.721353165072676328e+00 9.795439338626492354e-02
1.099999999999889866e+01 1.684303151045882130e+00 1.253571193235654968e-01
1.109999999999888765e+01 1.643752039633302964e+00 1.557944208858596247e-01
1.119999999999887663e+01 1.599896916681512460e+00 1.891089833502571094e-01
1.129999999999886562e+01 1.552950048272599304e+00 2.251302756228651114e-01
1.139999999999885461e+01 1.503137818587820806e+00 2.636754004402510065e-01
1.149999999999884359e+01 1.450699603317808783e+00 3.045500011239731797e-01
1.159999999999883258e+01 1.395886584170112465e+00 3.475492203783616119e-01
1.169999999999882156e+01 1.338960510284131544e+00 3.924587063853267055e-01
1.179999999999881055e+01 1.280192412608570196e+00 4.390556612364200917e-01
1.189999999999879954e+01 1.219861277519134868e+00 4.871099265529183486e-01
1.199999999999878852e+01 1.158252686151607591e+00 5.363851009797722114e-01
1.209999999999877751e+01 1.095657426093695097e+00 5.866396841004011264e-01
1.219999999999876650e+01 1.032370082214163265e+00 6.376282412065862326e-01
1.229999999999875548e+01 9.686876135109578900e-01 6.891025832729291700e-01
1.239999999999874447e+01 9.049079229284688886e-01 7.408129564268123302e-01
1.249999999999873346e+01 8.413284271287538862e-01 7.925092351760086862e-01
1.259999999999872244e+01 7.782446331975673148e-01 8.439421136542899493e-01
1.269999999999871143e+01 7.159487292244182122e-01 8.948642891726350523e-01
1.279999999999870042e+01 6.547281956123198743e-01 9.450316324191198047e-01
1.289999999999868940e+01 5.948644438508090548e-01 9.942043387339273286e-01
1.299999999999867839e+01 5.366314893243223638e-01 1.042148054996671069e+00
1.309999999999866738e+01 4.802946645303126094e-01 1.088634976800805676e+00
1.319999999999865636e+01 4.261093788492678613e-01 1.133444910753705237e+00
1.329999999999864535e+01 3.743199307425851274e-01 1.176366296929000521e+00
1.339999999999863434e+01 3.251583779552698061e-01 1.217197186710549994e+00
1.349999999999862332e+01 2.788434709719682103e-01 1.255746171501646025e+00
1.359999999999861231e+01 2.355796546205717323e-01 1.291833258028736608e+00
1.369999999999860130e+01 1.955561423451366021e-01 1.325290686242901472e+00
1.379999999999859028e+01 1.589460672844122402e-01 1.355963686115069233e+00
1.389999999999857927e+01 1.259057138987380309e-01 1.383711169927312357e+00
1.399999999999856826e+01 9.657383348774463416e-02 1.408406356986423580e+00
1.409999999999855724e+01 7.107104653281144657e-02 1.429937328020410181e+00
1.419999999999854623e+01 4.949933437922786339e-02 1.448207506866189265e+00
1.429999999999853522e+01 3.194162234037525860e-02 1.463136067415449659e+00
1.439999999999852420e+01 1.846145585911028800e-02 1.474658264151943010e+00
1.449999999999851319e+01 9.102770899987761011e-03 1.482725684988243309e+00
1.459999999999850218e+01 3.889759272713576126e-03 1.487306425489812067e+00
1.469999999999849116e+01 2.826829106139003723e-03 1.488385183956827396e+00
1.479999999999848015e+01 5.898660207928427095e-03 1.485963277218703249e+00
1.489999999999846914e+01 1.307035356301562354e-02 1.480058577379558260e+00
1.499999999999845812e+01 2.428767374961352324e-02 1.470705370132122436e+00
1.509999999999844711e+01 3.947738259060312727e-02 1.457954135633414250e+00
1.519999999999843610e+01 5.854766191616545684e-02 1.441871253301330258e+00
1.529999999999842508e+01 8.138862289515040593e-02 1.422538632250035961e+00
1.539999999999841407e+01 1.078728990006488642e-01 1.400053269427635971e+00
1.549999999999840306e+01 1.378563193099874851e-01 1.374526737853112746e+00
1.559999999999839204e+01 1.711786584991402960e-01 1.346084607669057798e+00
1.569999999999838103e+01 2.076644595731768350e-01 1.314865803030832225e+00
1.579999999999837001e+01 2.471239250748146765e-01 1.281021898140467963e+00
1.589999999999835900e+01 2.893538722299385801e-01 1.244716356005226121e+00
1.599999999999834799e+01 3.341387472214792376e-01 1.206123713753586735e+00
1.609999999999833875e+01 3.812516935322403100e-01 1.165428718576501765e+00
1.619999999999832596e+01 4.304556690654132711e-01 1.122825418575830181e+00
1.629999999999831317e+01 4.815046065416945797e-01 1.078516212996720958e+00
1.639999999999830393e+01 5.341446114876031714e-01 1.032710866492136059e+00
1.649999999999829470e+01 5.881151919737460654e-01 9.856254922183277367e-01
1.659999999999828191e+01 6.431505141372536594e-01 9.374815086852731350e-01
1.669999999999826912e+01 6.989806774310056703e-01 8.885045753893320297e-01
1.679999999999825988e+01 7.553330034855156860e-01 8.389235123327453136e-01
1.689999999999825064e+01 8.119333324470633384e-01 7.889692085874618899e-01
1.699999999999823785e+01 8.685073206675362201e-01 7.388735250892449757e-01
1.709999999999822506e+01 9.247817336644917896e-01 6.888681968512646581e-01
1.719999999999821583e+01 9.804857283433384696e-01 6.391837397649443586e-01
1.729999999999820659e+01 1.035352118571512658e+00 5.900483671109335582e-01
1.739999999999819380e+01 1.089118618319346421e+00 5.416869208336848596e-01
1.749999999999818101e+01 1.141529056729576164e+00 4.943198225414754399e-01
1.759999999999817177e+01 1.192334559648998704e+00 4.481620490793364886e-01
1.769999999999816254e+01 1.241294692350202400e+00 4.034221373862286741e-01
1.779999999999814975e+01 1.288178558385389971e+00 3.603012231913596541e-01
1.789999999999813696e+01 1.332765849747388209e+00 3.189921179277222518e-01
1.799999999999812772e+01 1.374847843758775001e+00 2.796784280454130411e-01
1.809999999999811848e+01 1.414228342369392433e+00 2.425337206944424839e-01
1.819999999999810569e+01 1.450724549809990327e+00 2.077207395163647996e-01
1.829999999999809290e+01 1.484167884827757522e+00 1.753906740390092367e-01
1.839999999999808367e+01 1.514404724014680070e+00 1.456824859084915325e-01
1.849999999999807443e+01 1.541297073037701582e+00 1.187222949193729449e-01
1.859999999999806164e+01 1.564723162889999131e+00 9.462282751804958203e-02
1.869999999999804885e+01 1.584577968612136845e+00 7.348293015740736678e-02
1.879999999999803961e+01 1.600773648281011985e+00 5.538714957333219779e-02
1.889999999999803038e+01 1.613239900435326613e+00 4.040538173732297067e-02
1.899999999999801759e+01 1.621924238490974668e+00 2.859259091531731259e-02
1.909999999999800480e+01 1.626792181093364098e+00 1.998859993270472868e-02
1.919999999999799556e+01 1.627827357745899928e+00 1.461795241070364647e-02
1.929999999999798632e+01 1.625031529437848565e+00 1.248984740170661079e-02
1.939999999999797353e+01 1.618424524371638418e+00 1.359814651222637956e-02
1.949999999999796074e+01 1.608044089257630427e+00 1.792145326330655750e-02
1.959999999999795151e+01 1.593945657014209427e+00 2.542326410106606968e-02
1.969999999999794227e+01 1.576202032082756554e+00 3.605219013584650550e-02
1.979999999999792948e+01 1.554902994948107242e+00 4.974224835869462541e-02
1.989999999999791669e+01 1.530154827840872089e+00 6.641322076016971387e-02
1.999999999999790745e+01 1.502079763982806737e+00 8.597107946034403259e-02
2.009999999999789821e+01 1.470815363112011331e+00 1.083084756519666347e-01
2.019999999999788542e+01 1.436513816383963249e+00 1.333052898626929661e-01
2.029999999999787264e+01 1.399341184079873512e+00 1.608292407583951922e-01
2.039999999999786340e+01 1.359476569871238327e+00 1.907365494393733762e-01
2.049999999999785416e+01 1.317111235684825798e+00 2.228726559257527551e-01
2.059999999999784137e+01 1.272447661495948346e+00 2.570729842890031591e-01
2.069999999999782858e+01 1.225698554644034655e+00 2.931637526642397740e-01
2.079999999999781934e+01 1.177085813517002144e+00 3.309628241742237909e-01
2.089999999999781011e+01 1.126839450682049160e+00 3.702805946118392644e-01
2.099999999999779732e+01 1.075196480747796057e+00 4.109209125643462635e-01
2.109999999999778453e+01 1.022399778418429994e+00 4.526820275211297373e-01
2.119999999999777529e+01 9.686969123416018235e-01 4.953575613875101369e-01
2.129999999999776605e+01 9.143389604535246962e-01 5.387374987310526997e-01
2.139999999999775326e+01 8.595793125885298203e-01 5.826091910144881592e-01
2.149999999999774047e+01 8.046724661456753358e-01 6.267583700200596297e-01
2.159999999999773124e+01 7.498728205968752114e-01 6.709701656446731555e-01
2.169999999999772200e+01 6.954334765821130748e-01 7.150301232427800358e-01
2.179999999999770921e+01 6.416050452712915853e-01 7.587252157145109033e-01
2.189999999999769642e+01 5.886344735809219131e-01 8.018448455794493501e-01
2.199999999999768718e+01 5.367638907186839115e-01 8.441818323419888470e-01
2.209999999999767795e+01 4.862294813913496383e-01 8.855333805401947034e-01
2.219999999999766516e+01 4.372603908526888628e-01 9.257020239785347382e-01
2.229999999999765237e+01 3.900776667906608597e-01 9.644965417720300360e-01
2.239999999999764313e+01 3.448932428598647237e-01 1.001732841976889610e+00
2.249999999999763389e+01 3.019089684572041632e-01 1.037234808749277093e+00
2.259999999999762110e+01 2.613156891166685813e-01 1.070835109157712850e+00
2.269999999999760831e+01 2.232923816612994439e-01 1.102375955976909294e+00
2.279999999999759908e+01 1.880053479939171324e-01 1.131709823009342308e+00
2.289999999999758984e+01 1.556074711297771862e-01 1.158700109715674165e+00
2.299999999999757705e+01 1.262375367730448061e-01 1.183221752184582920e+00
2.309999999999756426e+01 1.000196234150330238e-01 1.205161777735360262e+00
2.319999999999755502e+01 7.706256358847073107e-02 1.224419800722566398e+00
2.329999999999754579e+01 5.745947855395097670e-02 1.240908457396652231e+00
2.339999999999753300e+01 4.128738832784732693e-02 1.254553777969498407e+00
2.349999999999752021e+01 2.860689859147969374e-02 1.265295494334633730e+00
2.359999999999751097e+01 1.946196565377537185e-02 1.273087282198404502e+00
2.369999999999750173e+01 1.387974027676674126e-02 1.277896936689553620e+00
2.379999999999748894e+01 1.187049081568951163e-02 1.279706480826999559e+00
2.389999999999747615e+01 1.342760577240037848e-02 1.278512206541168927e+00
2.399999999999746692e+01 1.852767551087455486e-02 1.274324648258872594e+00
2.409999999999745768e+01 2.713065253527030193e-02 1.267168489375970930e+00
2.419999999999744489e+01 3.918008938351058568e-02 1.257082402254976472e+00
2.429999999999743210e+01 5.460345284237156510e-02 1.244118822692518611e+00
2.439999999999742286e+01 7.331251284452405814e-02 1.228343660107262370e+00
2.449999999999741362e+01 9.520380406571572751e-02 1.209835944995671042e+00
2.459999999999740083e+01 1.201591579038799318e-01 1.188687415494654509e+00
2.469999999999738804e+01 1.480463021943610735e-01 1.165002045170816958e+00
2.479999999999737881e+01 1.787195256994940640e-01 1.138895514427528344e+00
2.489999999999736957e+01 2.120204041089424341e-01 1.110494628180113130e+00
2.499999999999735678e+01 2.477785840020952923e-01 1.079936682695489036e+00
2.509999999999734399e+01 2.858126209577327992e-01 1.047368784724357127e+00
2.519999999999733475e+01 3.259308677512346430e-01 1.012947126271085851e+00
2.529999999999732552e+01 3.679324083571191006e-01 9.768362185454958491e-01
2.539999999999731273e+01 4.116080332755401860e-01 9.392080888251685966e-01
2.549999999999729994e+01 4.567412515242852966e-01 9.002414441204067419e-01
2.559999999999729070e+01 5.031093344830245284e-01 8.601208056823413939e-01
2.569999999999728146e+01 5.504843866409100395e-01 8.190356185208050865e-01
2.579999999999726867e+01 5.986344381815064120e-01 7.771793402079429924e-01
2.589999999999725588e+01 6.473245542381839135e-01 7.347485133317889217e-01
2.599999999999724665e+01 6.963179555684743116e-01 6.919418260319413205e-01
2.609999999999723741e+01 7.453771453283529747e-01 6.489591650981136883e-01
2.619999999999722462e+01 7.942650365796761758e-01 6.060006661384164106e-01
2.629999999999721183e+01 8.427460751399161731e-01 5.632657653302076683e-01
2.639999999999720259e+01 8.905873523877523290e-01 5.209522572504016180e-01
2.649999999999719336e+01 9.375597026742719109e-01 4.792553632439843225e-01
2.659999999999718057e+01 9.834387800614908803e-01 4.383668147299552009e-01
2.669999999999716778e+01 1.028006109217852293e+00 3.984739557623988571e-01
2.679999999999715854e+01 1.071050105441325506e+00 3.597588690613819362e-01
2.689999999999714930e+01 1.112367058952261401e+00 3.223975296047399408e-01
2.699999999999713651e+01 1.151762078794407174e+00 2.865589897282954657e-01
2.709999999999712372e+01 1.189049991900545278e+00 2.524045995191386282e-01
2.719999999999711449e+01 1.224056193117295299e+00 2.200872661064779967e-01
2.729999999999710525e+01 1.256617442241914739e+00 1.897507552567353206e-01
2.739999999999709246e+01 1.286582604402598973e+00 1.615290384666775436e-01
2.749999999999707967e+01 1.313813330410855462e+00 1.355456885203573658e-01
2.759999999999707043e+01 1.338184674028049415e+00 1.119133262344764040e-01
2.769999999999706120e+01 1.359585643414134237e+00 9.073312086327653403e-02
2.779999999999704841e+01 1.377919684360094044e+00 7.209434636988788780e-02
2.789999999999703562e+01 1.393105093246163717e+00 5.607399549731522520e-02
2.799999999999702638e+01 1.405075358013101461e+00 4.273645329052377234e-02
2.809999999999701714e+01 1.413779425784100763e+00 3.213323143258643710e-02
2.819999999999700435e+01 1.419181896129534826e+00 2.430276446409489199e-02
2.829999999999699156e+01 1.421263139324158153e+00 1.927026865732224536e-02
2.839999999999698233e+01 1.420019339300724104e+00 1.704766401646257840e-02
2.849999999999697309e+01 1.415462461354579649e+00 1.763355957404042287e-02
2.859999999999696030e+01 1.407620144994533584e+00 2.101330185268458772e-02
2.869999999999694751e+01 1.396535522667039952e+00 2.715908606223530267e-02
2.879999999999693827e+01 1.382266965406805159e+00 3.603012930582234763e-02
2.889999999999692903e+01 1.364887756789165962e+00 4.757290477632609288e-02
2.899999999999691624e+01 1.344485696883023884e+00 6.172143563773645897e-02
2.909999999999690345e+01 1.321162638229527841e+00 7.839764700551959953e-02
2.919999999999689422e+01 1.295033956196760538e+00 9.751177416758081973e-02
2.929999999999688498e+01 1.266227956385900022e+00 1.189628249240049923e-01
2.939999999999687219e+01 1.234885222080553957e+00 1.426390936708863411e-01
2.949999999999685940e+01 1.201157905038264362e+00 1.684187246125942727e-01
2.959999999999685016e+01 1.165208963217471583e+00 1.961703212590451273e-01
2.969999999999684093e+01 1.127211349310316191e+00 2.257535991513512363e-01
2.979999999999682814e+01 1.087347154206830258e+00 2.570200785618137473e-01
2.989999999999681535e+01 1.045806709742965079e+00 2.898138137337985532e-01
2.999999999999680611e+01 1.002787655276644818e+00 3.239721550644969472e-01
3.009999999999679687e+01 9.584939727894142836e-01 3.593265404897098558e-01
3.019999999999678408e+01 9.131349953273733000e-01 3.957033122050394036e-01
3.029999999999677129e+01 8.669243936773868286e-01 4.329245547523766779e-01
3.039999999999676206e+01 8.200791462309146018e-01 4.708089504147399684e-01
3.049999999999675282e+01 7.728184970249640795e-01 5.091726477961858732e-01
3.059999999999674003e+01 7.253629069701627019e-01 5.478301394167622851e-01
3.069999999999672724e+01 6.779330032796233585e-01 5.865951441264205535e-01
3.079999999999671800e+01 6.307485320947242569e-01 6.252814901347248933e-01
3.089999999999670877e+01 5.840273192605592856e-01 6.637039944677087799e-01
3.099999999999669598e+01 5.379842441317779222e-01 7.016793346962351130e-01
3.109999999999668319e+01 4.928302311908276945e-01 7.390269088337477754e-01
3.119999999999667395e+01 4.487712641404343339e-01 7.755696793727799854e-01
3.129999999999666471e+01 4.060074269972231975e-01 8.111349975195042417e-01
3.139999999999665192e+01 3.647319765701404481e-01 8.455554037923888044e-01
3.149999999999663913e+01 3.251304505566281478e-01 8.786694012755036365e-01
3.159999999999662990e+01 2.873798153312700498e-01 9.103221979568305589e-01
3.169999999999662066e+01 2.516476573300348019e-01 9.403664147390838890e-01
3.179999999999660787e+01 2.180914217451311310e-01 9.686627558828320161e-01
3.189999999999659508e+01 1.868577020359773466e-01 9.950806388294752836e-01
3.199999999999658584e+01 1.580815835299252681e-01 1.019498780554054740e+00
3.209999999999657661e+01 1.318860441313690623e-01 1.041805737813857213e+00
3.219999999999656382e+01 1.083814148800123223e-01 1.061900398888270036e+00
3.229999999999655103e+01 8.766490279885473524e-02 1.079692424645646964e+00
3.239999999999653824e+01 6.982017815127518345e-02 1.095102637024347292e+00
3.249999999999653255e+01 5.491702788679961311e-02 1.108063353275884788e+00
3.259999999999651976e+01 4.301107670091899871e-02 1.118518664585971489e+00
3.269999999999650697e+01 3.414357677047844680e-02 1.126424657963174480e+00
3.279999999999650129e+01 2.834126685789339906e-02 1.131749580563677693e+00
3.289999999999648850e+01 2.561630110974356250e-02 1.134473945901485870e+00
3.299999999999647571e+01 2.596624751236889517e-02 1.134590581675390730e+00
3.309999999999646292e+01 2.937415561315679172e-02 1.132104619225150266e+00
3.319999999999645013e+01 3.580869277529951517e-02 1.127033424908345349e+00
3.329999999999644444e+01 4.522434790912238656e-02 1.119406473963769688e+00
3.339999999999643165e+01 5.756170131656252603e-02 1.109265167696263932e+00
3.349999999999641886e+01 7.274775899666752199e-02 1.096662595081030256e+00
3.359999999999641318e+01 9.069634948668309216e-02 1.081663240139873583e+00
3.369999999999640039e+01 1.113085810519649915e-01 1.064342636689454835e+00
3.379999999999638760e+01 1.344733567852864631e-01 1.044786972299408756e+00
3.389999999999637481e+01 1.600679449306634805e-01 1.023092643527114376e+00
3.399999999999636202e+01 1.879586015094120988e-01 9.993657647144091882e-01
3.409999999999635634e+01 2.180012420997905487e-01 9.737216328390475573e-01
3.419999999999634355e+01 2.500421594106306267e-01 9.462841511083066592e-01
3.429999999999633076e+01 2.839187830976280802e-01 9.171852141640205458e-01
3.439999999999632507e+01 3.194604781008851813e-01 8.865640579354961970e-01
3.449999999999631228e+01 3.564893776347019538e-01 8.545665773287924871e-01
3.459999999999629949e+01 3.948212468335312586e-01 8.213446150775690624e-01
3.469999999999628670e+01 4.342663729495616076e-01 7.870552252008862215e-01
3.479999999999627391e+01 4.746304779039231536e-01 7.518599146180104942e-01
3.489999999999626823e+01 5.157156489125882537e-01 7.159238665579756855e-01
3.499999999999625544e+01 5.573212828380416095e-01 6.794151494735287677e-01
3.509999999999624265e+01 5.992450398579443060e-01 6.425039152236112772e-01
3.519999999999623697e+01 6.412838019947112445e-01 6.053615903272263621e-01
3.529999999999622418e+01 6.832346320183642074e-01 5.681600641119491923e-01
3.539999999999621139e+01 7.248957282245023226e-01 5.310708775841767038e-01
3.549999999999619860e+01 7.660673706031386754e-01 4.942644168335749710e-01
3.559999999999618581e+01 8.065528539567310418e-01 4.579091147517117544e-01
3.569999999999618012e+01 8.461594035952497705e-01 4.221706647940824397e-01
3.579999999999616733e+01 8.846990693327211330e-01 3.872112504457478344e-01
3.589999999999615454e+01 9.219895936298408978e-01 3.531887939646985997e-01
3.599999999999614886e+01 9.578552498705338314e-01 3.202562278731644341e-01
3.609999999999613607e+01 9.921276469252954255e-01 2.885607925474610869e-01
3.619999999999612328e+01 1.024646496340609003e+00 2.582433631215270142e-01
3.629999999999611049e+01 1.055260338699853584e+00 2.294378087691668067e-01
3.639999999999609770e+01 1.083827225922445514e+00 2.022703872663492164e-01
3.649999999999609201e+01 1.110215356502109785e+00 1.768591775584980319e-01
3.659999999999607923e+01 1.134303660926153645e+00 1.533135528696681349e-01
3.669999999999606644e+01 1.155982334765327746e+00 1.317336966917494467e-01
3.679999999999606075e+01 1.175153317173997847e+00 1.122101637835100224e-01
3.689999999999604796e+01 1.191730712793076075e+00 9.482348809204785289e-02
3.699999999999603517e+01 1.205641155302695111e+00 7.964383928440454952e-02
3.709999999999602238e+01 1.216824111125201613e+00 6.673072934519412580e-02
3.719999999999600959e+01 1.225232122036401750e+00 5.613277045852125419e-02
3.729999999999600391e+01 1.230830985700409608e+00 4.788748514991646166e-02
3.739999999999599112e+01 1.233599873404362057e+00 4.202116941752494922e-02
3.749999999999597833e+01 1.233531384530582420e+00 3.854880933243486074e-02
3.759999999999597264e+01 1.230631537569692791e+00 3.747405133663389565e-02
3.769999999999595985e+01 1.224919697747241631e+00 3.878922621469540338e-02
3.779999999999594706e+01 1.216428441616409506e+00 4.247542646276322026e-02
3.789999999999593427e+01 1.205203359261582730e+00 4.850263652674657172e-02
3.799999999999592148e+01 1.191302795064991260e+00 5.682991513190518984e-02
3.809999999999591580e+01 1.174797528307091277e+00 6.740562867944173420e-02
3.819999999999590301e+01 1.155770395195160782e+00 8.016773444370960122e-02
3.829999999999589022e+01 1.134315854231910281e+00 9.504411206766243125e-02
3.839999999999588454e+01 1.110539497139057197e+00 1.119529416256494908e-01
3.849999999999587175e+01 1.084557507831567902e+00 1.308031263030039748e-01
3.859999999999585896e+01 1.056496072193559010e+00 1.514947575322378448e-01
3.869999999999584617e+01 1.026490741637310133e+00 1.739196202270297809e-01
3.879999999999583338e+01 9.946857536348735485e-01 1.979617355684070712e-01
3.889999999999582769e+01 9.612333126022345464e-01 2.234979386232518461e-01
3.899999999999581490e+01 9.262928346932477464e-01 2.503984879140982445e-01
3.909999999999580211e+01 8.900301602297950865e-01 2.785277039118223552e-01
3.919999999999579643e+01 8.526167376591846647e-01 3.077446332898832737e-01
3.929999999999578364e+01 8.142287830897639855e-01 3.379037356611460652e-01
3.939999999999577085e+01 7.750464196091161329e-01 3.688555894168042970e-01
3.949999999999575806e+01 7.352528007288982037e-01 4.004476132027044444e-01
3.959999999999574527e+01 6.950332224168859208e-01 4.325247995020548020e-01
3.969999999999573959e+01 6.545742282618548513e-01 4.649304567462522186e-01
3.979999999999572680e+01 6.140627123613953131e-01 4.975069563473808465e-01
3.989999999999571401e+01 5.736850245255864511e-01 5.300964810375971004e-01
3.999999999999570832e+01 5.336260823495180272e-01 5.625417709111566467e-01
4.009999999999569553e+01 4.940684946315417325e-01 5.946868635950003368e-01
4.019999999999568274e+01 4.551917005054541554e-01 6.263778250217947319e-01
4.029999999999566995e+01 4.171711285204298125e-01 6.574634673459497369e-01
4.039999999999565716e+01 3.801773797442252745e-01 6.877960506262561502e-01
4.049999999999565148e+01 3.443754387857339561e-01 7.172319649993911250e-01
4.059999999999563869e+01 3.099239164335679253e-01 7.456323901843135982e-01
4.069999999999562590e+01 2.769743273889977431e-01 7.728639292883582312e-01
4.079999999999562021e+01 2.456704063392632920e-01 7.987992140308440847e-01
4.089999999999560742e+01 2.161474653736967788e-01 8.233174786567076797e-01
4.099999999999559464e+01 1.885317954967029308e-01 8.463050999816718045e-01
4.109999999999558185e+01 1.629401147421478124e-01 8.676561011888370700e-01
4.119999999999556906e+01 1.394790651454053954e-01 8.872726171846073706e-01
4.129999999999556337e+01 1.182447605825508868e-01 9.050653195181913580e-01
4.139999999999555058e+01 9.932238723883808629e-02 9.209537990723790646e-01
4.149999999999553779e+01 8.278585821799691602e-02 9.348669049441711287e-01
4.159999999999553211e+01 6.869752354725046362e-02 9.467430381501895642e-01
4.169999999999551932e+01 5.710793656917048655e-02 9.565303990136606593e-01
4.179999999999550653e+01 4.805567744071597563e-02 9.641871873155387629e-01
4.189999999999549374e+01 4.156723418424342065e-02 9.696817545209086564e-01
4.199999999999548095e+01 3.765694145807844950e-02 9.729927076218408688e-01
4.209999999999547526e+01 3.632697693921688870e-02 9.741089643688394251e-01
4.219999999999546247e+01 3.756741494098831541e-02 9.730297598914691148e-01
4.229999999999544968e+01 4.135633662633582397e-02 9.697646049370860499e-01
4.239999999999544400e+01 4.765999592340049162e-02 9.643331961803783825e-01
4.249999999999543121e+01 5.643304000394275960e-02 9.567652792770150461e-01
4.259999999999541842e+01 6.761878294559874047e-02 9.471004655514922987e-01
4.269999999999540563e+01 8.114953096494625928e-02 9.353880034193605697e-01
4.279999999999539284e+01 9.694695737911783462e-02 9.216865058505199215e-01
4.289999999999538716e+01 1.149225252291506683e-01 9.060636353777503649e-01
4.299999999999537437e+01 1.349779552791630366e-01 8.885957483462048057e-01
4.309999999999536158e+01 1.570057368929058672e-01 8.693675002818586073e-01
4.319999999999535589e+01 1.808896790852946579e-01 8.484714144295469884e-01
4.329999999999534310e+01 2.065054988541748793e-01 8.260074156734729112e-01
4.339999999999533031e+01 2.337214437209502171e-01 8.020823322037624603e-01
4.349999999999531752e+01 2.623989452531447775e-01 7.768093674305618368e-01
4.359999999999530473e+01 2.923933002124861069e-01 7.503075447720123359e-01
4.369999999999529905e+01 3.235543758735784370e-01 7.227011280523935044e-01
4.379999999999528626e+01 3.557273359918982636e-01 6.941190203424268956e-01
4.389999999999527347e+01 3.887533838653796647e-01 6.646941441537675965e-01
4.399999999999526779e+01 4.224705189269799543e-01 6.345628059643695362e-01
4.409999999999525500e+01 4.567143033214154935e-01 6.038640481014443395e-01
4.419999999999524221e+01 4.913186349510004214e-01 5.727389910434133036e-01
4.429999999999522942e+01 5.261165235186509026e-01 5.413301692234673279e-01
4.439999999999521663e+01 5.609408661449521993e-01 5.097808634244859194e-01
4.449999999999521094e+01 5.956252191893294246e-01 4.782344328493219887e-01
4.459999999999519815e+01 6.300045629593360452e-01 4.468336499322942967e-01
4.469999999999518536e+01 6.639160560470870331e-01 4.157200409273124619e-01
4.479999999999517968e+01 6.971997760858933413e-01 3.850332352658401569e-01
4.489999999999516689e+01 7.296994437731777472e-01 3.549103266242470966e-01
4.499999999999515410e+01 7.612631270581888820e-01 3.254852485747798396e-01
4.509999999999514131e+01 7.917439224466858994e-01 2.968881676182034135e-01
4.519999999999512852e+01 8.210006104344914624e-01 2.692448963080723567e-01
4.529999999999512283e+01 8.488982821527907285e-01 2.426763290774649751e-01
4.539999999999511004e+01 8.753089343959320479e-01 2.172979032683566569e-01
4.549999999999509726e+01 9.001120303130996092e-01 1.932190877414733943e-01
4.559999999999509157e+01 9.231950231815199137e-01 1.705429013109809877e-01
4.569999999999507878e+01 9.444538408436811139e-01 1.493654631035240821e-01
4.579999999999506599e+01 9.637933285868421907e-01 1.297755767858570497e-01
4.589999999999505320e+01 9.811276484686406452e-01 1.118543504398166050e-01
4.599999999999504041e+01 9.963806333459110931e-01 9.567485368899457387e-02
4.609999999999503473e+01 1.009486094137566070e+00 8.130181349898203680e-02
4.619999999999502194e+01 1.020388079136089310e+00 6.879134988410889884e-02
4.629999999999500915e+01 1.029041084464079825e+00 5.819075255938391256e-02
4.639999999999500346e+01 1.035410215042214865e+00 4.953829937859090954e-02
4.649999999999499067e+01 1.039471295687514285e+00 4.286311719938288439e-02
4.659999999999497788e+01 1.041210932196362071e+00 3.818508561505920551e-02
4.669999999999496509e+01 1.040626522486360006e+00 3.551478379149598796e-02
4.679999999999495230e+01 1.037726218085667673e+00 3.485348044727020617e-02
4.689999999999494662e+01 1.032528836466169109e+00 3.619316681620018961e-02
4.699999999999493383e+01 1.025063724925974196e+00 3.951663223503153882e-02
4.709999999999492104e+01 1.015370576931323265e+00 4.479758180566424663e-02
4.719999999999491536e+01 1.003499202028573789e+00 5.200079539181789307e-02
4.729999999999490257e+01 9.895092506307253677e-01 6.108232702518794077e-02
4.739999999999488978e+01 9.734698951681849399e-01 7.198974361658150301e-02
4.749999999999487699e+01 9.554594692734177386e-01 8.466240169393962622e-02
4.759999999999486420e+01 9.355650668437958117e-01 9.903176072214621428e-02
4.769999999999485851e+01 9.138821029969576015e-01 1.150217313997970864e-01
4.779999999999484572e+01 8.905138390979056018e-01 1.325490571763186520e-01
4.789999999999483293e+01 8.655708741925546290e-01 1.515237270897135669e-01
4.799999999999482725e+01 8.391706053269181176e-01 1.718494178914296289e-01
4.809999999999481446e+01 8.114366593621821222e-01 1.934239633010625681e-01
4.819999999999480167e+01 7.824982990129690785e-01 2.161398481203609390e-01
4.829999999999478888e+01 7.524898059404376838e-01 2.398847248337268034e-01
4.839999999999477609e+01 7.215498438226396472e-01 2.645419502317261085e-01
4.849999999999477041e+01 6.898208044026865604e-01 2.899911395150520654e-01
4.859999999999475762e+01 6.574481395774196546e-01 3.161087352697114494e-01
4.869999999999474483e+01 6.245796826351642794e-01 3.427685886498479384e-01
4.879999999999473914e+01 5.913649617761340682e-01 3.698425500628892970e-01
4.889999999999472635e+01 5.579545090553504894e-01 3.972010666225692654e-01
4.899999999999471356e+01 5.244991678730559492e-01 4.247137836191581250e-01
4.909999999999470077e+01 4.911494021062797199e-01 4.522501472519457888e-01
4.919999999999468798e+01 4.580546099292167606e-01 4.796800058773035835e-01
4.929999999999468230e+01 4.253624453138670214e-01 5.068742070453750026e-01
4.939999999999466951e+01 3.932181501379857225e-01 5.337051876297005393e-01
4.949999999999465672e+01 3.617638997581867355e-01 5.600475543961213054e-01
4.959999999999465103e+01 3.311381648330855021e-01 5.857786524100456749e-01
4.969999999999463824e+01 3.014750921054609734e-01 6.107791187442237479e-01
4.979999999999462545e+01 2.729039067742025093e-01 6.349334190218365315e-01
4.989999999999461266e+01 2.455483390047996373e-01 6.581303644129480324e-01
