1.000000000000000000e+00 2.000000000000000000e+00 0.000000000000000000e+00
1.099999999999988987e+00 1.997600966962917557e+00 1.999200209361118741e-03
1.199999999999977973e+00 1.990415471446276507e+00 7.987208603872893511e-03
1.299999999999966960e+00 1.978478294178815711e+00 1.793529509408406039e-02
1.399999999999955946e+00 1.961847259932037568e+00 3.179573148980380237e-02
1.499999999999944933e+00 1.940602974176157902e+00 4.950202394257174204e-02
1.599999999999933920e+00 1.914848431237511583e+00 7.096923705190939791e-02
1.699999999999922906e+00 1.884708499945668247e+00 9.609440804968692740e-02
1.799999999999911893e+00 1.850329293819875209e+00 1.247570489595025423e-01
1.899999999999900879e+00 1.811877432513333108e+00 1.568197341561690938e-01
1.999999999999889866e+00 1.769539200428938086e+00 1.921287703143282621e-01
2.099999999999878852e+00 1.723519607885580118e+00 2.305149453248167835e-01
2.199999999999867839e+00 1.674041360248625043e+00 2.717943523680890761e-01
2.299999999999856826e+00 1.621343740822947632e+00 3.157692849672824043e-01
2.399999999999845812e+00 1.565681413568529301e+00 3.622291985010669402e-01
2.499999999999834799e+00 1.507323151636615455e+00 4.109517333353236990e-01
2.599999999999823785e+00 1.446550497746532216e+00 4.617037944290134921e-01
2.699999999999812772e+00 1.383656363072748530e+00 5.142426819859680087e-01
2.799999999999801759e+00 1.318943572382595297e+00 5.683172674744352282e-01
2.899999999999790745e+00 1.252723363844094884e+00 6.236692091299754770e-01
2.999999999999779732e+00 1.185313851842927368e+00 6.800342008903443869e-01
3.099999999999768718e+00 1.117038460662532318e+00 7.371432485733976359e-01
3.199999999999757705e+00 1.048224336554279379e+00 7.947239669917752769e-01
3.299999999999746692e+00 9.792007459115911194e-01 8.525018916052267137e-01
3.399999999999735678e+00 9.102974678778732454e-01 9.102017982559346132e-01
3.499999999999724665e+00 8.418431902619930574e-01 9.675490245278458579e-01
3.599999999999713651e+00 7.741639175936166906e-01 1.024270786321260118e+00
3.699999999999702638e+00 7.075813994032398302e-01 1.080097483323192220e+00
3.799999999999691624e+00 6.424115857206147417e-01 1.134763987161767185e+00
3.899999999999680611e+00 5.789631158958795654e-01 1.188010906142888290e+00
3.999999999999669598e+00 5.175358465175396994e-01 1.239585820576269981e+00
4.099999999999658584e+00 4.584194244115176731e-01 1.289244482821716220e+00
4.199999999999647571e+00 4.018919111715293924e-01 1.336751976340573966e+00
4.299999999999636557e+00 3.482184660130289711e-01 1.381883828239934386e+00
4.399999999999625544e+00 2.976500936257590602e-01 1.424427070049984589e+00
4.499999999999614531e+00 2.504224630179656130e-01 1.464181241762048780e+00
4.599999999999603517e+00 2.067548024133046558e-01 1.500959334447948379e+00
4.699999999999592504e+00 1.668488746352876362e-01 1.534588667062625422e+00
4.799999999999581490e+00 1.308880373674164155e-01 1.564911693308931540e+00
4.899999999999570477e+00 9.903639290233286208e-02 1.591786734752375976e+00
4.999999999999559464e+00 7.143803194215107844e-02 1.615088636730479754e+00
5.099999999999548450e+00 4.821637548152848257e-02 1.634709344003667297e+00
5.199999999999537437e+00 2.947361801022891498e-02 1.650558393520946465e+00
5.299999999999526423e+00 1.529027444574181452e-02 1.662563322111016095e+00
5.399999999999515410e+00 5.724832410854815458e-03 1.670669987352539909e+00
5.499999999999504396e+00 8.135107128601912685e-04 1.674842800320753611e+00
5.599999999999493383e+00 5.701242204374783618e-04 1.675064869341683194e+00
5.699999999999482370e+00 4.986054889087844326e-03 1.671338054295659736e+00
5.799999999999471356e+00 1.403032850733695186e-02 1.663682931396324838e+00
5.899999999999460343e+00 2.764979669268444185e-02 1.652138668743513117e+00
5.999999999999449329e+00 4.576942355515262878e-02 1.636762813326113175e+00
6.099999999999438316e+00 6.829267617099825383e-02 1.617630990543143632e+00
6.199999999999427303e+00 9.510201756426506225e-02 1.594836517716304192e+00
6.299999999999416289e+00 1.260595003158050398e-01 1.568489933482411613e+00
6.399999999999405276e+00 1.610074583276493998e-01 1.538718445367900367e+00
6.499999999999394262e+00 1.997692937827741655e-01 1.505665298250091766e+00
6.599999999999383249e+00 2.421503559153082019e-01 1.469489066790368392e+00
6.699999999999372235e+00 2.879389077123711838e-01 1.430362875293859970e+00
6.799999999999361222e+00 3.369071760480563671e-01 1.388473548811763436e+00
6.899999999999350209e+00 3.888124799994638892e-01 1.344020699656893081e+00
6.999999999999339195e+00 4.433984312011314821e-01 1.297215753851385545e+00
7.099999999999328182e+00 5.003961991668667286e-01 1.248280922360416323e+00
7.199999999999317168e+00 5.595258338971260681e-01 1.197448122271813409e+00
7.299999999999306155e+00 6.204976381317378609e-01 1.144957853335838438e+00
7.399999999999295142e+00 6.830135822694792802e-01 1.091058035461963893e+00
7.499999999999284128e+00 7.467687558060244202e-01 1.036002812892253822e+00
7.599999999999273115e+00 8.114528495437609568e-01 9.800513308551408453e-01
7.699999999999262101e+00 8.767516624510712786e-01 9.234664905853028349e-01
7.799999999999251088e+00 9.423486260548088467e-01 8.665136886886756207e-01
7.899999999999240075e+00 1.007926338203154915e+00 8.094595469318910386e-01
7.999999999999229061e+00 1.073168097575276425e+00 7.525706386143581339e-01
8.099999999999218048e+00 1.137759430688101148e+00 6.961122177135639078e-01
8.199999999999207034e+00 1.201389603894854385e+00 6.403469569669734129e-01
8.299999999999196021e+00 1.263753113173306630e+00 5.855337009823993188e-01
8.399999999999185007e+00 1.324551144207320119e+00 5.319262403738577172e-01
8.499999999999173994e+00 1.383492995101314404e+00 4.797721128047557904e-01
8.599999999999162981e+00 1.440297454606884076e+00 4.293114366716674346e-01
8.699999999999151967e+00 1.494694129664205784e+00 3.807757829731766019e-01
8.799999999999140954e+00 1.546424716722736958e+00 3.343870906873674942e-01
8.899999999999129940e+00 1.595244211470674411e+00 2.903566307430898163e-01
8.999999999999118927e+00 1.640922051475357080e+00 2.488840234188904876e-01
9.099999999999107914e+00 1.683243186072718833e+00 2.101563137378850976e-01
9.199999999999096900e+00 1.722009067819693318e+00 1.743471091418956898e-01
9.299999999999085887e+00 1.757038560143718842e+00 1.416157834198731036e-01
9.399999999999074873e+00 1.788168756583647712e+00 1.121067505301844430e-01
9.499999999999063860e+00 1.815255708035850457e+00 8.594881159615667954e-02
9.599999999999052847e+00 1.838175055455264717e+00 6.325457797479405730e-02
9.699999999999041833e+00 1.856822566289393572e+00 4.411997290823239937e-02
9.799999999999030820e+00 1.871114573282031124e+00 2.862381387312464692e-02
9.899999999999019806e+00 1.880988314283899898e+00 1.682747734832050479e-02
9.999999999999008793e+00 1.886402171895015689e+00 8.774647324615627783e-03
1.009999999999899778e+01 1.887335812456156336e+00 4.491148480312060452e-03
1.019999999999898677e+01 1.883790224794986479e+00 3.984864545317800752e-03
1.029999999999897575e+01 1.875787659682364827e+00 7.245741979629643018e-03
1.039999999999896474e+01 1.863371471010261349e+00 1.424587870171394391e-02
1.049999999999895373e+01 1.846605859595837229e+00 2.493969721699398553e-02
1.059999999999894271e+01 1.825575520635486448e+00 3.926420111384364836e-02
1.069999999999893170e+01 1.800385196141150335e+00 5.713931351378852275e-02
1.079999999999892069e+01 1.771159133959822718e+00 7.846829568498267515e-02
1.089999999999890967e+01 1.738040455444898491e+00 1.031382436541887215e-01
1.099999999999889866e+01 1.701190434899391146e+00 1.310206602860764513e-01
1.109999999999888765e+01 1.660787695170744760e+00 1.619720999482832657e-01
1.119999999999887663e+01 1.617027324253853537e+00 1.958348825527294335e-01
1.129999999999886562e+01 1.570119917172207114e+00 2.324378734540061553e-01
1.139999999999885461e+01 1.520290546796317033e+00 2.715973253836030388e-01
1.149999999999884359e+01 1.467777667783018103e+00 3.131177783041350082e-01
1.159999999999883258e+01 1.412831959211254818e+00 3.567930127943993446e-01
1.169999999999882156e+01 1.355715112458916627e+00 4.024070523383215248e-01
1.179999999999881055e+01 1.296698570725105526e+00 4.497352096858274195e-01
1.189999999999879954e+01 1.236062225886366273e+00 4.985451722693231003e-01
1.199999999999878852e+01 1.174093077977000910e+00 5.485981214860221611e-01
1.209999999999877751e+01 1.111083862848951220e+00 5.996498804967916874e-01
1.219999999999876650e+01 1.047331654175069460e+00 6.514520850541818398e-01
1.229999999999875548e+01 9.831364464756707777e-01 7.037533717621461404e-01
1.239999999999874447e+01 9.187997261713437558e-01 7.563005780899086927e-01
1.249999999999873346e+01 8.546230378143638839e-01 8.088399484147306140e-01
1.259999999999872244e+01 7.909065525681626685e-01 8.611183403513087420e-01
1.269999999999871143e+01 7.279476457452727090e-01 9.128844256349687436e-01
1.279999999999870042e+01 6.660394899803263602e-01 9.638898798568644732e-01
1.289999999999868940e+01 6.054696705186505268e-01 1.013890555400694726e+00
1.299999999999867839e+01 5.465188290924755110e-01 1.062647632004712905e+00
1.309999999999866738e+01 4.894593429049280964e-01 1.109928739471135239e+00
1.319999999999865636e+01 4.345540453843365070e-01 1.155509047175228954e+00
1.329999999999864535e+01 3.820549955370078909e-01 1.199172315196163519e+00
1.339999999999863434e+01 3.322023026467110784e-01 1.240711902111134579e+00
1.349999999999862332e+01 2.852230125373467762e-01 1.279931724754096001e+00
1.359999999999861231e+01 2.413300607640595230e-01 1.316647165523857854e+00
1.369999999999860130e+01 2.007212972487021629e-01 1.350685923119330445e+00
1.379999999999859028e+01 1.635785862276278591e-01 1.381888802873342925e+00
1.389999999999857927e+01 1.300669849361742736e-01 1.410110443156531890e+00
1.399999999999856826e+01 1.003340041098486068e-01 1.435219974626077866e+00
1.409999999999855724e+01 7.450895307342744744e-02 1.457101609401860287e+00
1.419999999999854623e+01 5.270237197087847270e-02 1.475655157558436015e+00
1.429999999999853522e+01 3.500555358522020738e-02 1.490796468636897742e+00
1.439999999999852420e+01 2.149015708343499087e-02 1.502457796211738916e+00
1.449999999999851319e+01 1.220791573832809632e-02 1.510588083909075952e+00
1.459999999999850218e+01 7.190440190661393990e-03 1.515153171658792042e+00
1.469999999999849116e+01 6.449118171973826016e-03 1.516135921372534501e+00
1.479999999999848015e+01 9.975110855973553028e-03 1.513536261663624316e+00
1.489999999999846914e+01 1.773944523260354358e-02 1.507371151647303176e+00
1.499999999999845812e+01 2.969320124958960833e-02 1.497674464264850736e+00
1.509999999999844711e+01 4.576779202397710661e-02 1.484496789952013174e+00
1.519999999999843610e+01 6.587533517371826908e-02 1.467905161826597471e+00
1.529999999999842508e+01 8.990911320515512783e-02 1.447982703904161284e+00
1.539999999999841407e+01 1.177441208007290602e-01 1.424828204170715651e+00
1.549999999999840306e+01 1.492376965575598902e-01 1.398555614663948399e+00
1.559999999999839204e+01 1.842302361071347094e-01 1.369293481055539718e+00
1.569999999999838103e+01 2.225459828026828679e-01 1.337184304583306060e+00
1.579999999999837001e+01 2.639938916163299121e-01 1.302383839524508646e+00
1.589999999999835900e+01 3.083685616230606441e-01 1.265060329710723019e+00
1.599999999999834799e+01 3.554512323134718099e-01 1.225393687851589641e+00
1.609999999999833875e+01 4.050108388803141946e-01 1.183574621675585359e+00
1.619999999999832596e+01 4.568051216622107114e-01 1.139803711107948869e+00
1.629999999999831317e+01 5.105817851586357259e-01 1.094290440893014749e+00
1.639999999999830393e+01 5.660797022551291580e-01 1.047252193230613582e+00
1.649999999999829470e+01 6.230301592022069457e-01 9.989132051458714523e-01
1.659999999999828191e+01 6.811581363635523800e-01 9.495034954636565327e-01
1.669999999999826912e+01 7.401836190239301505e-01 8.992577664132487270e-01
1.679999999999825988e+01 7.998229319720951969e-01 8.484142850370552935e-01
1.689999999999825064e+01 8.597900912616009972e-01 7.972137497029536668e-01
1.699999999999823785e+01 9.197981664297880666e-01 7.458981471154676468e-01
1.709999999999822506e+01 9.795606464826590587e-01 6.947096052802236299e-01
1.719999999999821583e+01 1.038792803012489330e+00 6.438892479024506121e-01
1.729999999999820659e+01 1.097213043615288264e+00 5.936760556974641778e-01
1.739999999999819380e+01 1.154544248245279903e+00 5.443057400698743109e-01
1.749999999999818101e+01 1.210515080679714250e+00 4.960096345728223222e-01
1.759999999999817177e+01 1.264861267350117835e+00 4.490136094774994646e-01
1.769999999999816254e+01 1.317326836470777751e+00 4.035370146559460469e-01
1.779999999999814975e+01 1.367665311314633980e+00 3.597916558086262095e-01
1.789999999999813696e+01 1.415640852345318779e+00 3.179808088627036344e-01
1.799999999999812772e+01 1.461029343593122753e+00 2.782982771379040043e-01
1.809999999999811848e+01 1.503619419031706927e+00 2.409274956313973703e-01
1.819999999999810569e+01 1.543213424643421927e+00 2.060406865179121028e-01
1.829999999999809290e+01 1.579628311582673472e+00 1.737980696995512497e-01
1.839999999999808367e+01 1.612696455902726145e+00 1.443471319678782394e-01
1.849999999999807443e+01 1.642266400978140917e+00 1.178219580510694864e-01
1.859999999999806164e+01 1.668203519742071039e+00 9.434262650771003955e-02
1.869999999999804885e+01 1.690390594632224186e+00 7.401467310111058129e-02
1.879999999999803961e+01 1.708728313439433322e+00 5.692862395087303073e-02
1.889999999999803038e+01 1.723135679224326866e+00 4.315960041617274839e-02
1.899999999999801759e+01 1.733550332455112031e+00 3.276699731739819016e-02
1.909999999999800480e+01 1.739928783871941276e+00 2.579423574811835762e-02
1.919999999999799556e+01 1.742246557346813551e+00 2.226859136869777447e-02
1.929999999999798632e+01 1.740498242856242550e+00 2.220109871083204151e-02
1.939999999999797353e+01 1.734697460300202554e+00 2.558653166325714975e-02
1.949999999999796074e+01 1.724876735208366263e+00 3.240345995452601630e-02
1.959999999999795151e+01 1.711087287530250078e+00 4.261438109857668827e-02
1.969999999999794227e+01 1.693398735058217364e+00 5.616592692198958681e-02
1.979999999999792948e+01 1.671898713639657252e+00 7.298914344990230230e-02
1.989999999999791669e+01 1.646692416853901442e+00 9.299984259511399898e-02
1.999999999999790745e+01 1.617902058162431933e+00 1.160990237763086935e-01
2.009999999999789821e+01 1.585666259001379030e+00 1.421733632891350463e-01
2.019999999999788542e+01 1.550139366871980284e+00 1.710957689709783069e-01
2.029999999999787264e+01 1.511490707797565447e+00 2.027259974400391351e-01
2.039999999999786340e+01 1.469903777399137468e+00 2.369113309517955623e-01
2.049999999999785416e+01 1.425575374371496729e+00 2.734873106966287937e-01
2.059999999999784137e+01 1.378714679408736377e+00 3.122785231516445603e-01
2.069999999999782858e+01 1.329542281921429536e+00 3.530994358877846406e-01
2.079999999999781934e+01 1.278289156737621113e+00 3.957552790158580525e-01
2.089999999999781011e+01 1.225195593542169892e+00 4.400429682391607256e-01
2.099999999999779732e+01 1.170510082704191657e+00 4.857520652745363487e-01
2.109999999999778453e+01 1.114488161979679148e+00 5.326657712155198343e-01
2.119999999999777529e+01 1.057391229213818562e+00 5.805619482426662703e-01
2.129999999999776605e+01 9.994853265531485897e-01 6.292141649390646796e-01
2.139999999999775326e+01 9.410399018725809084e-01 6.783927603451688215e-01
2.149999999999774047e+01 8.823265532446626924e-01 7.278659217879723808e-01
2.159999999999773124e+01 8.236177623406160109e-01 7.774007714482548126e-01
2.169999999999772200e+01 7.651856227240027009e-01 8.267644565838044857e-01
2.179999999999770921e+01 7.073005691865275057e-01 8.757252383053580891e-01
2.189999999999769642e+01 6.502301144815089140e-01 9.240535738068608174e-01
2.199999999999768718e+01 5.942375998777706947e-01 9.715231869849880741e-01
2.209999999999767795e+01 5.395809658195825920e-01 1.017912122445398415e+00
2.219999999999766516e+01 4.865115486274179668e-01 1.063003777981325060e+00
2.229999999999765237e+01 4.352729087415539988e-01 1.106587910715583378e+00
2.239999999999764313e+01 3.860996957521915518e-01 1.148461612213522942e+00
2.249999999999763389e+01 3.392165554623927104e-01 1.188430248006297152e+00
2.259999999999762110e+01 2.948370842864011521e-01 1.226308357122555481e+00
2.269999999999760831e+01 2.531628361908939140e-01 1.261920507413933690e+00
2.279999999999759908e+01 2.143823871658299685e-01 1.295102102676998879e+00
2.289999999999758984e+01 1.786704619662440874e-01 1.325700137814903812e+00
2.299999999999757705e+01 1.461871275572391160e-01 1.353573898548220855e+00
2.309999999999756426e+01 1.170770572144784194e-01 1.378595602467633796e+00
2.319999999999755502e+01 9.146886863101087728e-02 1.400650978515755929e+00
2.329999999999754579e+01 6.947453883532968277e-02 1.419639782283710794e+00
2.339999999999753300e+01 5.118889829642137707e-02 1.435476244811729307e+00
2.349999999999752021e+01 3.668920620837384100e-02 1.448089452895283680e+00
2.359999999999751097e+01 2.603480859794361432e-02 1.457423659211041889e+00
2.369999999999750173e+01 1.926688065300084102e-02 1.463438520891021888e+00
2.379999999999748894e+01 1.640825451269179239e-02 1.466109265487842928e+00
2.389999999999747615e+01 1.746333352223172763e-02 1.465426783603625438e+00
2.399999999999746692e+01 2.241809347807813269e-02 1.461397647808097222e+00
2.409999999999745768e+01 3.124017073238857106e-02 1.454044057838564719e+00
2.419999999999744489e+01 4.387903641004360644e-02 1.443403712441980735e+00
2.429999999999743210e+01 6.026625554328274292e-02 1.429529608569409804e+00
2.439999999999742286e+01 8.031582958747489343e-02 1.412489768970123238e+00
2.449999999999741362e+01 1.039246204298399229e-01 1.392366899564114746e+00
2.459999999999740083e+01 1.309728536382840369e-01 1.369257978302002465e+00
2.469999999999738804e+01 1.613246984822132024e-01 1.343273777536768465e+00
2.479999999999737881e+01 1.948289223654148805e-01 1.314538322215527799e+00
2.489999999999736957e+01 2.313196176911547775e-01 1.283188286441985237e+00
2.499999999999735678e+01 2.706169994631411613e-01 1.249372331178737472e+00
2.509999999999734399e+01 3.125282716559769636e-01 1.213250386090098720e+00
2.519999999999733475e+01 3.568485593970616154e-01 1.174992878799904217e+00
2.529999999999732552e+01 4.033619025397987556e-01 1.134779915156228114e+00
2.539999999999731273e+01 4.518423047710274365e-01 1.092800414431954970e+00
2.549999999999729994e+01 5.020548314201922491e-01 1.049251203705113156e+00
2.559999999999729070e+01 5.537567487800930666e-01 1.004336075930186034e+00
2.569999999999728146e+01 6.066986978882994430e-01 9.582648164133484858e-01
2.579999999999726867e+01 6.606258961277082786e-01 9.112522025455410679e-01
2.589999999999725588e+01 7.152793605562438595e-01 8.635169817329855224e-01
2.599999999999724665e+01 7.703971475200918073e-01 8.152808325038430892e-01
2.609999999999723741e+01 8.257156036621721151e-01 7.667673137766998215e-01
2.619999999999722462e+01 8.809706236138545865e-01 7.182008072702256163e-01
2.629999999999721183e+01 9.358989093519013425e-01 6.698054580323782314e-01
2.639999999999720259e+01 9.902392257031963352e-01 6.218041180786997302e-01
2.649999999999719336e+01 1.043733646141935090e+00 5.744172981350316176e-01
2.659999999999718057e+01 1.096128782823140524e+00 5.278621324670995651e-01
2.669999999999716778e+01 1.147176994527367544e+00 4.823513617365366990e-01
2.679999999999715854e+01 1.196637565958118543e+00 4.380923387504433442e-01
2.689999999999714930e+01 1.244277851901339993e+00 3.952860618662907277e-01
2.699999999999713651e+01 1.289874380116935448e+00 3.541262406740253721e-01
2.709999999999712372e+01 1.333213907152085431e+00 3.147983984081439979e-01
2.719999999999711449e+01 1.374094421269481447e+00 2.774790153519001712e-01
2.729999999999710525e+01 1.412326086571496830e+00 2.423347172870874422e-01
2.739999999999709246e+01 1.447732122675550848e+00 2.095215128116337533e-01
2.749999999999707967e+01 1.480149615165250232e+00 1.791840830852333977e-01
2.759999999999707043e+01 1.509430253307360692e+00 1.514551272715207730e-01
2.769999999999706120e+01 1.535440992892176837e+00 1.264547666327129616e-01
2.779999999999704841e+01 1.558064643166517493e+00 1.042900099145516873e-01
2.789999999999703562e+01 1.577200377257472974e+00 8.505428234676018495e-02
2.799999999999702638e+01 1.592764165148462752e+00 6.882702028107705317e-02
2.809999999999701714e+01 1.604689127587195729e+00 5.567333318999016789e-02
2.819999999999700435e+01 1.612925808775585113e+00 4.564373444468866614e-02
2.829999999999699156e+01 1.617442365624814915e+00 3.877394197283755284e-02
2.839999999999698233e+01 1.618224671958025551e+00 3.508474956354849794e-02
2.849999999999697309e+01 1.615276337192406153e+00 3.458196924292281788e-02
2.859999999999696030e+01 1.608618640206317840e+00 3.725644479722994840e-02
2.869999999999694751e+01 1.598290379830978214e+00 4.308413617959003239e-02
2.879999999999693827e+01 1.584347643713403420e+00 5.202627420324930363e-02
2.889999999999692903e+01 1.566863497379270997e+00 6.402958460108870709e-02
2.899999999999691624e+01 1.545927595141592947e+00 7.902658021750810780e-02
2.909999999999690345e+01 1.521645714048812437e+00 9.693591979363748445e-02
2.919999999999689422e+01 1.494139211778561682e+00 1.176628315042922007e-01
2.929999999999688498e+01 1.463544409715465511e+00 1.410995990984914294e-01
2.939999999999687219e+01 1.430011903357535807e+00 1.671261081851664054e-01
2.949999999999685940e+01 1.393705803210061767e+00 1.956104498990192953e-01
2.959999999999685016e+01 1.354802910125956217e+00 2.264095788878285886e-01
2.969999999999684093e+01 1.313491829649866993e+00 2.593700222871493932e-01
2.979999999999682814e+01 1.269972030470528646e+00 2.943286360940173263e-01
2.989999999999681535e+01 1.224452852657142765e+00 3.311134051198764694e-01
2.999999999999680611e+01 1.177152471806698797e+00 3.695442825008627419e-01
3.009999999999679687e+01 1.128296825300432626e+00 4.094340645755913943e-01
3.019999999999678408e+01 1.078118506549719635e+00 4.505892968060864479e-01
3.029999999999677129e+01 1.026855632726014544e+00 4.928112063056073744e-01
3.039999999999676206e+01 9.747506913450401100e-01 5.358966564407771083e-01
3.049999999999675282e+01 9.220493711969374173e-01 5.796391188935949845e-01
3.059999999999674003e+01 8.689993831838561666e-01 6.238296585091915869e-01
3.069999999999672724e+01 8.158492764045497392e-01 6.682579262167294143e-01
3.079999999999671800e+01 7.628472544730011684e-01 7.127131552869797604e-01
3.089999999999670877e+01 7.102399970157747822e-01 7.569851561745459811e-01
3.099999999999669598e+01 6.582714916687548712e-01 8.008653051926221123e-01
3.109999999999668319e+01 6.071818823539590904e-01 8.441475222950455271e-01
3.119999999999667395e+01 5.572063398862507899e-01 8.866292333019968330e-01
3.129999999999666471e+01 5.085739610308792624e-01 9.281123120018019979e-01
3.139999999999665192e+01 4.615067020094118511e-01 9.684039976917153680e-01
3.149999999999663913e+01 4.162183520895653133e-01 1.007317783882872853e+00
3.159999999999662990e+01 3.729135523900487525e-01 1.044674274077402654e+00
3.169999999999662066e+01 3.317868645290811269e-01 1.080302000728392331e+00
3.179999999999660787e+01 2.930218931639589908e-01 1.114038203712216291e+00
3.189999999999659508e+01 2.567904656929716478e-01 1.145729564878814166e+00
3.199999999999658584e+01 2.232518716485459298e-01 1.175232895483663276e+00
3.209999999999657661e+01 1.925521640050097405e-01 1.202415773538898724e+00
3.219999999999656382e+01 1.648235247374007506e-01 1.227157128357588611e+00
3.229999999999655103e+01 1.401836969942955868e-01 1.249347769813312636e+00
3.239999999999653824e+01 1.187354858398348562e-01 1.268890860096033801e+00
3.249999999999653255e+01 1.005663289374823660e-01 1.285702325993889783e+00
3.259999999999651976e+01 8.574793831664219435e-02 1.299711209964756087e+00
3.269999999999650697e+01 7.433601459819191848e-02 1.310859958499732025e+00
3.279999999999650129e+01 6.637003534295464469e-02 1.319104646548953763e+00
3.289999999999648850e+01 6.187311909837994728e-02 1.324415137085654726e+00
3.299999999999647571e+01 6.085196623573529279e-02 1.326775175209780944e+00
3.309999999999646292e+01 6.329687708005260482e-02 1.326182416515225393e+00
3.319999999999645013e+01 6.918184736559740422e-02 1.322648389749727205e+00
3.329999999999644444e+01 7.846474072844725201e-02 1.316198394089708179e+00
3.339999999999643165e+01 9.108753765478679043e-02 1.306871331646960899e+00
3.349999999999641886e+01 1.069766598706183847e-01 1.294719476147095039e+00
3.359999999999641318e+01 1.260433685368074208e-01 1.279808179065228035e+00
3.369999999999640039e+01 1.481842339066923031e-01 1.262215514854311493e+00
3.379999999999638760e+01 1.732816734126131908e-01 1.242031867229222986e+00
3.389999999999637481e+01 2.012045545406796199e-01 1.219359458766153814e+00
3.399999999999636202e+01 2.318088584882214420e-01 1.194311826337532523e+00
3.409999999999635634e+01 2.649384006598589081e-01 1.167013245124495890e+00
3.419999999999634355e+01 3.004256044733393805e-01 1.137598104132915511e+00
3.429999999999633076e+01 3.380923253320543553e-01 1.106210236300602334e+00
3.439999999999632507e+01 3.777507216131196222e-01 1.073002206446976414e+00
3.449999999999631228e+01 4.192041691035308104e-01 1.038134560493419123e+00
3.459999999999629949e+01 4.622482148098303600e-01 1.001775039566281889e+00
3.469999999999628670e+01 5.066715657887319590e-01 9.640977627654165882e-01
3.479999999999627391e+01 5.522571086681606900e-01 9.252823825215350517e-01
3.489999999999626823e+01 5.987829556618656790e-01 8.855132165763834884e-01
3.499999999999625544e+01 6.460235127714505365e-01 8.449783607077437919e-01
3.509999999999624265e+01 6.937505652797811839e-01 8.038687864068688738e-01
3.519999999999623697e+01 7.417343748531169956e-01 7.623774278058079723e-01
3.529999999999622418e+01 7.897447822110184035e-01 7.206982622335660338e-01
3.539999999999621139e+01 8.375523095891491687e-01 6.790253888309581987e-01
3.549999999999619860e+01 8.849292576610021666e-01 6.375521096638662177e-01
3.559999999999618581e+01 9.316507917296130703e-01 5.964700177545411153e-01
3.569999999999618012e+01 9.774960118349741434e-01 5.559680964141865411e-01
3.579999999999616733e+01 1.022249001214597053e+00 5.162318342119317505e-01
3.589999999999615454e+01 1.065699847575204418e+00 4.774423598487352871e-01
3.599999999999614886e+01 1.107645631917460793e+00 4.397756011081353500e-01
3.609999999999613607e+01 1.147891379919350641e+00 4.034014719217399736e-01
3.619999999999612328e+01 1.186250970999075838e+00 3.684830914203921504e-01
3.629999999999611049e+01 1.222548000435567328e+00 3.351760386478392917e-01
3.639999999999609770e+01 1.256616590415015944e+00 3.036276463965056349e-01
3.649999999999609201e+01 1.288302146228816225e+00 2.739763373937679769e-01
3.659999999999607923e+01 1.317462054026846241e+00 2.463510058304647088e-01
3.669999999999606644e+01 1.343966316953359330e+00 2.208704469844784413e-01
3.679999999999606075e+01 1.367698127255849050e+00 1.976428374459865134e-01
3.689999999999604796e+01 1.388554372699830397e+00 1.767652681958802319e-01
3.699999999999603517e+01 1.406446076037458637e+00 1.583233325271144465e-01
3.709999999999602238e+01 1.421298766204110775e+00 1.423907705342309926e-01
3.719999999999600959e+01 1.433052779356799533e+00 1.290291716319263426e-01
3.729999999999600391e+01 1.441663487195743443e+00 1.182877362992516557e-01
3.739999999999599112e+01 1.447101449857518096e+00 1.102030979766717156e-01
3.749999999999597833e+01 1.449352491427450262e+00 1.047992057590901582e-01
3.759999999999597264e+01 1.448417697519630565e+00 1.020872682244822055e-01
3.769999999999595985e+01 1.444313335586343117e+00 1.020657584220826808e-01
3.779999999999594706e+01 1.437070699129835427e+00 1.047204797288037864e-01
3.789999999999593427e+01 1.426735877146733777e+00 1.100246919721940275e-01
3.799999999999592148e+01 1.413369450476233746e+00 1.179392969096871441e-01
3.809999999999591580e+01 1.397046117264579168e+00 1.284130818460228474e-01
3.819999999999590301e+01 1.377854250302847028e+00 1.413830198688285078e-01
3.829999999999589022e+01 1.355895389497111303e+00 1.567746248934509257e-01
3.839999999999588454e+01 1.331283673129089795e+00 1.745023594378223020e-01
3.849999999999587175e+01 1.304145211737546495e+00 1.944700927988179950e-01
3.859999999999585896e+01 1.274617408382286765e+00 2.165716070710078101e-01
3.869999999999584617e+01 1.242848228924226417e+00 2.406911482321496543e-01
3.879999999999583338e+01 1.208995426084692459e+00 2.667040193145761018e-01
3.889999999999582769e+01 1.173225721606842020e+00 2.944772124906970823e-01
3.899999999999581490e+01 1.135713951676036393e+00 3.238700767313841267e-01
3.909999999999580211e+01 1.096642181492942347e+00 3.547350175564987218e-01
3.919999999999579643e+01 1.056198795131885415e+00 3.869182252923368259e-01
3.929999999999578364e+01 1.014577566349836202e+00 4.202604281769261041e-01
3.939999999999577085e+01 9.719767151158019702e-01 4.545976666010085321e-01
3.949999999999575806e+01 9.285979538069887296e-01 4.897620847310160119e-01
3.959999999999574527e+01 8.846455265946622237e-01 5.255827357291344981e-01
3.969999999999573959e+01 8.403252456023078132e-01 5.618863967652976132e-01
3.979999999999572680e+01 7.958435277405008224e-01 5.984983900117822886e-01
3.989999999999571401e+01 7.514064363244165046e-01 6.352434058220296498e-01
3.999999999999570832e+01 7.072187316072376939e-01 6.719463243198885438e-01
4.009999999999569553e+01 6.634829344152235464e-01 7.084330316633107305e-01
4.019999999999568274e+01 6.203984070360293313e-01 7.445312273006163828e-01
4.029999999999566995e+01 5.781604550952633703e-01 7.800712186067514375e-01
4.039999999999565716e+01 5.369594534821974241e-01 8.148866993620514920e-01
4.049999999999565148e+01 4.969799989717381683e-01 8.488155086140872774e-01
4.059999999999563869e+01 4.584000923886699663e-01 8.817003665468187146e-01
4.069999999999562590e+01 4.213903538105230884e-01 9.133895840857483295e-01
4.079999999999562021e+01 3.861132748409085158e-01 9.437377431028195485e-01
4.089999999999560742e+01 3.527225119683822796e-01 9.726063442511664325e-01
4.099999999999559464e+01 3.213622245139740596e-01 9.998644196492906255e-01
4.109999999999558185e+01 2.921664599581840216e-01 1.025389107833290847e+00
4.119999999999556906e+01 2.652585887373677953e-01 1.049066188596318616e+00
4.129999999999556337e+01 2.407507900627227915e-01 1.070790575529221966e+00
4.139999999999555058e+01 2.187435900472717298e-01 1.090466764264098387e+00
4.149999999999553779e+01 1.993254533710590581e-01 1.108009234611398330e+00
4.159999999999553211e+01 1.825724296676591862e-01 1.123342804984036380e+00
4.169999999999551932e+01 1.685478556178358067e-01 1.136402937721517903e+00
4.179999999999550653e+01 1.573021134322800663e-01 1.147135994151461391e+00
4.189999999999549374e+01 1.488724461975308444e-01 1.155499438437754378e+00
4.199999999999548095e+01 1.432828306210076064e-01 1.161461989453751009e+00
4.209999999999547526e+01 1.405439080273787888e-01 1.165003720097917750e+00
4.219999999999546247e+01 1.406529748316018846e-01 1.166116103654251557e+00
4.229999999999544968e+01 1.435940338917290615e-01 1.164802007008818086e+00
4.239999999999544400e+01 1.493379079922488584e-01 1.161075630765618261e+00
4.249999999999543121e+01 1.578424162853552248e-01 1.154962396555380577e+00
4.259999999999541842e+01 1.690526139400846950e-01 1.146498782090147772e+00
4.269999999999540563e+01 1.829010945412501143e-01 1.135732104784616281e+00
4.279999999999539284e+01 1.993083539669328053e-01 1.122720255036676829e+00
4.289999999999538716e+01 2.181832137172078079e-01 1.107531380529906073e+00
4.299999999999537437e+01 2.394233011063510164e-01 1.090243523185699948e+00
4.309999999999536158e+01 2.629155833309939072e-01 1.070944210654808160e+00
4.319999999999535589e+01 2.885369521310762186e-01 1.049730004490295743e+00
4.329999999999534310e+01 3.161548555687762607e-01 1.026706007378167973e+00
4.339999999999533031e+01 3.456279732862649889e-01 1.001985332007051310e+00
4.349999999999531752e+01 3.768069313438268120e-01 9.756885343378818298e-01
4.359999999999530473e+01 4.095350523616534399e-01 9.479430141947926547e-01
4.369999999999529905e+01 4.436491362796096682e-01 9.188823862474694293e-01
4.379999999999528626e+01 4.789802667567430450e-01 8.886458245923529731e-01
4.389999999999527347e+01 5.153546382387137470e-01 8.573773842544378798e-01
4.399999999999526779e+01 5.525943991775613684e-01 8.252253030118115174e-01
4.409999999999525500e+01 5.905185077130266080e-01 7.923412869850905427e-01
4.419999999999524221e+01 6.289435968532638421e-01 7.588797834439998669e-01
4.429999999999522942e+01 6.676848462751978630e-01 7.249972442864838218e-01
4.439999999999521663e+01 7.065568572190128460e-01 6.908513836656798857e-01
4.449999999999521094e+01 7.453745260579943688e-01 6.566004332747309435e-01
4.459999999999519815e+01 7.839539115496849675e-01 6.224023988299355326e-01
4.469999999999518536e+01 8.221130907699577550e-01 5.884143212941999046e-01
4.479999999999517968e+01 8.596729991882735566e-01 5.547915463439694328e-01
4.489999999999516689e+01 8.964582508736452793e-01 5.216870055073404844e-01
4.499999999999515410e+01 9.322979350656754871e-01 4.892505123029882719e-01
4.509999999999514131e+01 9.670263853699413437e-01 4.576280766012533197e-01
4.519999999999512852e+01 1.000483918064460021e+00 4.269612403121657573e-01
4.529999999999512283e+01 1.032517536665895186e+00 3.973864373748620116e-01
4.539999999999511004e+01 1.062981600695903861e+00 3.690343808757788335e-01
4.549999999999509726e+01 1.091738457068661461e+00 3.420294799629435278e-01
4.559999999999509157e+01 1.118659032639591322e+00 3.164892890579072415e-01
4.569999999999507878e+01 1.143623386307894840e+00 2.925239916982409483e-01
4.579999999999506599e+01 1.166521218592984743e+00 2.702359211748036061e-01
4.589999999999505320e+01 1.187252335945901516e+00 2.497191199600559686e-01
4.599999999999504041e+01 1.205727066778831125e+00 2.310589397503502174e-01
4.609999999999503473e+01 1.221866626743694839e+00 2.143316837565063804e-01
4.619999999999502194e+01 1.235603431940244468e+00 1.996042926695897057e-01
4.629999999999500915e+01 1.246881359729916872e+00 1.869340755129126619e-01
4.639999999999500346e+01 1.255655957018661617e+00 1.763684863806058156e-01
4.649999999999499067e+01 1.261894595372614170e+00 1.679449478630951065e-01
4.659999999999497788e+01 1.265576571933320515e+00 1.616907217614437231e-01
4.669999999999496509e+01 1.266693155292323070e+00 1.576228274846371014e-01
4.679999999999495230e+01 1.265247575990677831e+00 1.557480083039436969e-01
4.689999999999494662e+01 1.261254961735928548e+00 1.560627454121503999e-01
4.699999999999493383e+01 1.254742217755689060e+00 1.585533195094919190e-01
4.709999999999492104e+01 1.245747852972199921e+00 1.631959194173615846e-01
4.719999999999491536e+01 1.234321752858773547e+00 1.699567970073992129e-01
4.729999999999490257e+01 1.220524900100632193e+00 1.787924675263810048e-01
4.739999999999488978e+01 1.204429044716688990e+00 1.896499541966165381e-01
4.749999999999487699e+01 1.186116325861186871e+00 2.024670757777753127e-01
4.759999999999486420e+01 1.165678847717328326e+00 2.171727755886867228e-01
4.769999999999485851e+01 1.143218211703369125e+00 2.336874903035265627e-01
4.779999999999484572e+01 1.118845006993269608e+00 2.519235566538813309e-01
4.789999999999483293e+01 1.092678261375267690e+00 2.717856539885590283e-01
4.799999999999482725e+01 1.064844854700479182e+00 2.931712804714647902e-01
4.809999999999481446e+01 1.035478897564226397e+00 3.159712605372359540e-01
4.819999999999480167e+01 1.004721078508223231e+00 3.400702810801232157e-01
4.829999999999478888e+01 9.727179838600314987e-01 3.653474537332424554e-01
4.839999999999477609e+01 9.396213948839662322e-01 3.916769005113878155e-01
4.849999999999477041e+01 9.055875667405072216e-01 4.189283600378183037e-01
4.859999999999475762e+01 8.707764928887007372e-01 4.469678115410659625e-01
4.869999999999474483e+01 8.353511574877805490e-01 4.756581137751742516e-01
4.879999999999473914e+01 7.994767776005239357e-01 5.048596559725060384e-01
4.889999999999472635e+01 7.633200369662248574e-01 5.344310178771544129e-01
4.899999999999471356e+01 7.270483137419653241e-01 5.642296358393008582e-01
4.909999999999470077e+01 6.908289053718439376e-01 5.941124718963098905e-01
4.919999999999468798e+01 6.548282541408179114e-01 6.239366827357545331e-01
4.929999999999468230e+01 6.192111770040253926e-01 6.535602854269579876e-01
4.939999999999466951e+01 5.841401033231905515e-01 6.828428168134278442e-01
4.949999999999465672e+01 5.497743244228180393e-01 7.116459834796871053e-01
4.959999999999465103e+01 5.162692592415769610e-01 7.398342992511711680e-01
4.969999999999463824e+01 4.837757404741486744e-01 7.672757072643421328e-01
4.979999999999462545e+01 4.524393252819829403e-01 7.938421837549869409e-01
4.989999999999461266e+01 4.223996339440386216e-01 8.194103208440247643e-01
