1.000000000000000000e+00 2.000000000000000000e+00 0.000000000000000000e+00
1.099999999999988987e+00 1.997600966523936705e+00 1.999200209288016627e-03
1.199999999999977973e+00 1.990415457722151560e+00 7.987208594638391460e-03
1.299999999999966960e+00 1.978478194063762130e+00 1.793529494087227685e-02
1.399999999999955946e+00 1.961846858499059598e+00 3.179573038394660489e-02
1.499999999999944933e+00 1.940601816781770683e+00 4.950201889009746281e-02
1.599999999999933920e+00 1.914845725694535039e+00 7.096921977933752512e-02
1.699999999999922906e+00 1.884703031054918654e+00 9.609435973092805838e-02
1.799999999999911893e+00 1.850319357944415488e+00 1.247569322645307455e-01
1.899999999999900879e+00 1.811860796157034992e+00 1.568194822566101321e-01
1.999999999999889866e+00 1.769513084402154934e+00 1.921282726295603649e-01
2.099999999999878852e+00 1.723480697316823962e+00 2.305140299431209516e-01
2.199999999999867839e+00 1.673985839841526602e+00 2.717927652261028504e-01
2.299999999999856826e+00 1.621267353989714000e+00 3.157666660132006364e-01
2.399999999999845812e+00 1.565579543489073355e+00 3.622250551987413747e-01
2.499999999999834799e+00 1.507190922194331373e+00 4.109454119882838818e-01
2.599999999999823785e+00 1.446382892558868427e+00 4.616944499220194120e-01
2.699999999999812772e+00 1.383448360809642397e+00 5.142292466620610458e-01
2.799999999999801759e+00 1.318690295790062583e+00 5.682984199808114312e-01
2.899999999999790745e+00 1.252420238720691970e+00 6.236433441608659756e-01
2.999999999999779732e+00 1.184956771373473661e+00 6.799994008189652606e-01
3.099999999999768718e+00 1.116623950362497064e+00 7.370972579994027329e-01
3.199999999999757705e+00 1.047749715421772310e+00 7.946641712457522821e-01
3.299999999999746692e+00 9.786642796659299481e-01 8.524253002550982172e-01
3.399999999999735678e+00 9.096985099146638332e-01 9.101050346464205631e-01
3.499999999999724665e+00 8.411823052037922244e-01 9.674283223352553307e-01
3.599999999999713651e+00 7.734429816068342234e-01 1.024121993998917457e+00
3.699999999999702638e+00 7.068036714490933958e-01 1.079916077142785813e+00
3.799999999999691624e+00 6.415817449134032513e-01 1.134545093335499910e+00
3.899999999999680611e+00 5.780872619123686995e-01 1.187749332271837988e+00
3.999999999999669598e+00 5.166214619372249128e-01 1.239276096443582276e+00
4.099999999999658584e+00 4.574752993897270859e-01 1.288880910351683395e+00
4.199999999999647571e+00 4.009280316607566896e-01 1.336328688376333451e+00
4.299999999999636557e+00 3.472458669404849818e-01 1.381394855634046293e+00
4.399999999999625544e+00 2.966806784299436672e-01 1.423866416390901390e+00
4.499999999999614531e+00 2.494687912757658776e-01 1.463542964868991492e+00
4.599999999999603517e+00 2.058298481697328486e-01 1.500237633575453033e+00
4.699999999999592504e+00 1.659657591448538139e-01 1.533777974600077254e+00
4.799999999999581490e+00 1.300597406625677577e-01 1.564006769666682395e+00
4.899999999999570477e+00 9.827544862316416052e-02 1.590782765082110695e+00
4.999999999999559464e+00 7.075620944650351518e-02 1.613981328105212221e+00
5.099999999999548450e+00 4.762435286517294891e-02 1.633495021652215273e+00
5.199999999999537437e+00 2.898064954984156533e-02 1.649234094664473460e+00
5.299999999999526423e+00 1.490385614989963095e-02 1.661126885885246152e+00
5.399999999999515410e+00 5.450369784109285361e-03 1.669120139225472199e+00
5.499999999999504396e+00 6.539934590332496279e-04 1.673179229336963614e+00
5.599999999999493383e+00 5.258133303344191900e-04 1.673288296458504520e+00
5.699999999999482370e+00 5.054188156645334114e-03 1.669450290049107277e+00
5.799999999999471356e+00 1.420485073055513872e-02 1.661686921173661791e+00
5.899999999999460343e+00 2.792112050927827993e-02 1.650038524055861711e+00
5.999999999999449329e+00 4.612422611165487712e-02 1.634563827660213908e+00
6.099999999999438316e+00 6.871373580112961899e-02 1.615339638605319816e+00
6.199999999999427303e+00 9.556809353901836446e-02 1.592460437144993746e+00
6.299999999999416289e+00 1.265452576713853583e-01 1.566037888376623277e+00
6.399999999999405276e+00 1.614834388088144113e-01 1.536200271248025828e+00
6.499999999999394262e+00 2.002019329737491082e-01 1.503091828332692836e+00
6.599999999999383249e+00 2.425020456271833880e-01 1.466872039723777998e+00
6.699999999999372235e+00 2.881681017477203399e-01 1.427714824762916557e+00
6.799999999999361222e+00 3.369685367231969875e-01 1.385807675664030070e+00
6.899999999999350209e+00 3.886570624304140908e-01 1.341350727415663080e+00
6.999999999999339195e+00 4.429739025236530958e-01 1.294555768647196681e+00
7.099999999999328182e+00 4.996470906292668768e-01 1.245645198420822997e+00
7.199999999999317168e+00 5.583938248530183612e-01 1.194850934162413836e+00
7.299999999999306155e+00 6.189218717506848044e-01 1.142413276170414438e+00
7.399999999999295142e+00 6.809310126912346828e-01 1.088579734338661842e+00
7.499999999999284128e+00 7.441145253571098683e-01 1.033603822898559788e+00
7.599999999999273115e+00 8.081606929782191306e-01 9.777438291261580927e-01
7.699999999999262101e+00 8.727543337854692940e-01 9.212615620697601759e-01
7.799999999999251088e+00 9.375783430973727572e-01 8.644210874340940709e-01
7.899999999999240075e+00 1.002315240417887221e+00 8.074874548067477731e-01
7.999999999999229061e+00 1.066648713927190295e+00 7.507254234318109232e-01
8.099999999999218048e+00 1.130265154787606141e+00 6.943981927241428265e-01
8.199999999999207034e+00 1.192855173765017485e+00 6.387661436763094613e-01
8.299999999999196021e+00 1.254115092780814678e+00 5.840855972382869021e-01
8.399999999999185007e+00 1.313748404160686833e+00 5.306075956485262202e-01
8.499999999999173994e+00 1.371467190531463709e+00 4.785767125651360088e-01
8.599999999999162981e+00 1.426993498538062122e+00 4.282298976870100859e-01
8.699999999999151967e+00 1.480060659805086720e+00 3.797953613691228414e-01
8.799999999999140954e+00 1.530414552850929200e+00 3.334915045239615350e-01
8.899999999999129940e+00 1.577814799977378168e+00 2.895258988638083064e-01
8.999999999999118927e+00 1.622035893498851911e+00 2.480943222772900858e-01
9.099999999999107914e+00 1.662868246044652887e+00 2.093798538499317685e-01
9.199999999999096900e+00 1.700119160059599510e+00 1.735520327335554891e-01
9.299999999999085887e+00 1.733613712044884014e+00 1.407660847451258357e-01
9.399999999999074873e+00 1.763195547515274519e+00 1.111622202335090237e-01
9.499999999999063860e+00 1.788727583102571073e+00 8.486500639450028638e-02
9.599999999999052847e+00 1.810092612704077730e+00 6.198281684201233099e-02
9.699999999999041833e+00 1.827193815056613824e+00 4.260736085863484068e-02
9.799999999999030820e+00 1.839955160609025198e+00 2.681329435352231699e-02
9.899999999999019806e+00 1.848321716067270692e+00 1.465791415198096359e-02
9.999999999999008793e+00 1.852259845492201018e+00 6.180936831029035239e-03
1.009999999999899778e+01 1.851757307339400915e+00 1.404362900700963828e-03
1.019999999999898677e+01 1.846823247341402796e+00 3.324267140012341997e-04
1.029999999999897575e+01 1.837488087640126277e+00 2.951632071186499444e-03
1.039999999999896474e+01 1.823803313081961752e+00 9.230873068531930681e-03
1.049999999999895373e+01 1.805841156085085997e+00 1.912163932991529230e-02
1.059999999999894271e+01 1.783694181977794058e+00 3.255830435342097623e-02
1.069999999999893170e+01 1.757474777182877590e+00 4.945849530667716099e-02
1.079999999999892069e+01 1.727314543088336984e+00 6.972354221570115085e-02
1.089999999999890967e+01 1.693363598892022148e+00 9.323900411447735848e-02
1.099999999999889866e+01 1.655789797139016528e+00 1.198752693581543877e-01
1.109999999999888765e+01 1.614777856081509810e+00 1.494882269532992192e-01
1.119999999999887663e+01 1.570528413380343880e+00 1.819200054257697485e-01
1.129999999999886562e+01 1.523257006033835292e+00 2.169997754320195926e-01
1.139999999999885461e+01 1.473192981759692266e+00 2.545446120244020394e-01
1.149999999999884359e+01 1.420578347371007633e+00 2.943604122069684026e-01
1.159999999999883258e+01 1.365666559972299021e+00 3.362428631659971079e-01
1.169999999999882156e+01 1.308721267058526649e+00 3.799784563310849017e-01
1.179999999999881055e+01 1.250015001825468097e+00 4.253455422181998680e-01
1.189999999999879954e+01 1.189827840192916542e+00 4.721154208271476915e-01
1.199999999999878852e+01 1.128446026203703711e+00 5.200534622131440798e-01
1.209999999999877751e+01 1.066160572588448652e+00 5.689202517258077352e-01
1.219999999999876650e+01 1.003265843379395728e+00 6.184727543100544400e-01
1.229999999999875548e+01 9.400581255157967053e-01 6.684654921921583393e-01
1.239999999999874447e+01 8.768341964075923034e-01 7.186517302304659127e-01
1.249999999999873346e+01 8.138898944142778369e-01 7.687846631949449838e-01
1.259999999999872244e+01 7.515186991515200310e-01 8.186185992518683063e-01
1.269999999999871143e+01 6.900103284602259190e-01 8.679101339702113282e-01
1.279999999999870042e+01 6.296493587611748932e-01 9.164193092334765867e-01
1.289999999999868940e+01 5.707138753751651583e-01 9.639107515349584210e-01
1.299999999999867839e+01 5.134741592129485888e-01 1.010154784255542948e+00
1.309999999999866738e+01 4.581914160341545861e-01 1.054928508668862452e+00
1.319999999999865636e+01 4.051165542397067720e-01 1.098016848589978611e+00
1.329999999999864535e+01 3.544890168997698598e-01 1.139213553778832821e+00
1.339999999999863434e+01 3.065356734309928610e-01 1.178322157426862971e+00
1.349999999999862332e+01 2.614697760235361601e-01 1.215156883295141377e+00
1.359999999999861231e+01 2.194899855823430335e-01 1.249543498331497027e+00
1.369999999999860130e+01 1.807794715899146420e-01 1.281320106873016895e+00
1.379999999999859028e+01 1.455050899213878313e-01 1.310337882836655199e+00
1.389999999999857927e+01 1.138166422487582735e-01 1.336461736612363449e+00
1.399999999999856826e+01 8.584622026183344468e-02 1.359570913701152017e+00
1.409999999999855724e+01 6.170763751071761671e-02 1.379559522478589040e+00
1.419999999999854623e+01 4.149595124063376606e-02 1.396336988816292202e+00
1.429999999999853522e+01 2.528707614657342909e-02 1.409828435653735834e+00
1.439999999999852420e+01 1.313749152492568566e-02 1.419974985980205995e+00
1.449999999999851319e+01 5.084042843979660019e-03 1.426733988061248404e+00
1.459999999999850218e+01 1.143838297263855344e-03 1.430079162121118852e+00
1.469999999999849116e+01 1.314240445222781108e-03 1.430000668072763714e+00
1.479999999999848015e+01 5.572952594009576710e-03 1.426505094267670248e+00
1.489999999999846914e+01 1.387819910731293363e-02 1.419615367616064994e+00
1.499999999999845812e+01 2.616899840032542446e-02 1.409370585804437637e+00
1.509999999999844711e+01 4.236552692629100281e-02 1.395825772706871915e+00
1.519999999999843610e+01 6.236957203757993035e-02 1.379051558451750870e+00
1.529999999999842508e+01 8.606507118694887992e-02 1.359133785959279361e+00
1.539999999999841407e+01 1.133187345323808104e-01 1.336173046111361895e+00
1.549999999999840306e+01 1.439807476226010463e-01 1.310284144048287747e+00
1.559999999999839204e+01 1.778855504716201075e-01 1.281595499406552818e+00
1.569999999999838103e+01 2.148526889812615026e-01 1.250248483617699469e+00
1.579999999999837001e+01 2.546877343419508555e-01 1.216396697676687788e+00
1.589999999999835900e+01 2.971832657356893170e-01 1.180205194060179208e+00
1.599999999999834799e+01 3.421199113824470728e-01 1.141849646727749468e+00
1.609999999999833875e+01 3.892674427130225490e-01 1.101515473372184362e+00
1.619999999999832596e+01 4.383859162197224490e-01 1.059396914296899306e+00
1.629999999999831317e+01 4.892268573308867219e-01 1.015696072489254531e+00
1.639999999999830393e+01 5.415344804781596633e-01 9.706219196260201798e-01
1.649999999999829470e+01 5.950469393768246240e-01 9.243892728916163204e-01
1.659999999999828191e+01 6.494976014197555436e-01 8.772177476104582317e-01
1.669999999999826912e+01 7.046163399959847196e-01 8.293306907907801451e-01
1.679999999999825988e+01 7.601308384846671151e-01 7.809541007486549002e-01
1.689999999999825064e+01 8.157678996456845244e-01 7.323155380272904358e-01
1.699999999999823785e+01 8.712547541281130403e-01 6.836430328481083452e-01
1.709999999999822506e+01 9.263203618484568969e-01 6.351639943261414567e-01
1.719999999999821583e+01 9.806967000502451182e-01 5.871041266534603453e-01
1.729999999999820659e+01 1.034120031946007989e+00 5.396863574009279629e-01
1.739999999999819380e+01 1.086332149960833604e+00 4.931297830105952351e-01
1.749999999999818101e+01 1.137081587742521105e+00 4.476486364490567804e-01
1.759999999999817177e+01 1.186124795276557897e+00 4.034512818671441847e-01
1.769999999999816254e+01 1.233227271644217637e+00 3.607392409634069264e-01
1.779999999999814975e+01 1.278164650186018880e+00 3.197062555791659322e-01
1.789999999999813696e+01 1.320723731082025676e+00 2.805373908624798074e-01
1.799999999999812772e+01 1.360703456631765507e+00 2.434081831277818131e-01
1.809999999999811848e+01 1.397915824809331742e+00 2.084838363085683433e-01
1.819999999999810569e+01 1.432186736981861497e+00 1.759184706536040255e-01
1.829999999999809290e+01 1.463356776010696914e+00 1.458544270535488130e-01
1.839999999999808367e+01 1.491281911301988838e+00 1.184216301063921173e-01
1.849999999999807443e+01 1.515834127736180204e+00 9.373701273780930820e-02
1.859999999999806164e+01 1.536901975781727714e+00 7.190400488803751211e-02
1.869999999999804885e+01 1.554391040485283426e+00 5.301208846151461707e-02
1.879999999999803961e+01 1.568224327426860798e+00 3.713642041111644282e-02
1.889999999999803038e+01 1.578342564133014658e+00 2.433752549660263276e-02
1.899999999999801759e+01 1.584704415850199499e+00 1.466105991884331106e-02
1.909999999999800480e+01 1.587286614993275391e+00 8.137646688826960864e-03
1.919999999999799556e+01 1.586084003998641023e+00 4.782783245295572569e-03
1.929999999999798632e+01 1.581109491725823935e+00 4.596821488559115106e-03
1.939999999999797353e+01 1.572393923961708850e+00 7.565020052394223066e-03
1.949999999999796074e+01 1.559985868989750113e+00 1.365766829251479145e-02
1.959999999999795151e+01 1.543951319585531889e+00 2.283028113056869216e-02
1.969999999999794227e+01 1.524373313193221113e+00 3.502386355855334477e-02
1.979999999999792948e+01 1.501351472419201860e+00 5.016524328152360129e-02
1.989999999999791669e+01 1.475001468348385192e+00 6.816746965803160974e-02
1.999999999999790745e+01 1.445454409546214292e+00 8.893027678931614277e-02
2.009999999999789821e+01 1.412856159950148793e+00 1.123406083113543674e-01
2.019999999999788542e+01 1.377366589178414147e+00 1.382732011597633259e-01
2.029999999999787264e+01 1.339158759090806727e+00 1.665912253075888250e-01
2.039999999999786340e+01 1.298418050722742745e+00 1.971469762213320653e-01
2.049999999999785416e+01 1.255341235979529735e+00 2.297826165425471967e-01
2.059999999999784137e+01 1.210135498722132663e+00 2.643309632815253885e-01
2.069999999999782858e+01 1.163017410097025639e+00 3.006163166077800986e-01
2.079999999999781934e+01 1.114211863159151772e+00 3.384553261390918499e-01
2.089999999999781011e+01 1.063950972010639040e+00 3.776578904686186400e-01
2.099999999999779732e+01 1.012472940823901046e+00 4.180280855277640484e-01
2.109999999999778453e+01 9.600209082398410976e-01 4.593651172624909629e-01
2.119999999999777529e+01 9.068417727259829864e-01 5.014642940023799067e-01
2.129999999999776605e+01 8.531850045473317046e-01 5.441180138260406363e-01
2.139999999999775326e+01 7.993014500439835635e-01 5.871167621729110886e-01
2.149999999999774047e+01 7.454421339229365673e-01 6.302501149211414688e-01
2.159999999999773124e+01 6.918570652584538072e-01 6.733077421433626419e-01
2.169999999999772200e+01 6.387940528554536535e-01 7.160804077671263368e-01
2.179999999999770921e+01 5.864975355633830212e-01 7.583609604044367902e-01
2.189999999999769642e+01 5.352074330357237120e-01 7.999453106746443609e-01
2.199999999999768718e+01 4.851580223114524415e-01 8.406333904266757306e-01
2.209999999999767795e+01 4.365768454520285724e-01 8.802300893702815765e-01
2.219999999999766516e+01 3.896836532997896563e-01 9.185461647496174775e-01
2.229999999999765237e+01 3.446893902331877313e-01 9.553991198374848226e-01
2.239999999999764313e+01 3.017952245813709800e-01 9.906140471920319435e-01
2.249999999999763389e+01 2.611916291266797030e-01 1.024024432800658913e+00
2.259999999999762110e+01 2.230575158693319793e-01 1.055472917435714253e+00
2.269999999999760831e+01 1.875594289558956684e-01 1.084812011764012762e+00
2.279999999999759908e+01 1.548507993825886941e-01 1.111904761984010781e+00
2.289999999999758984e+01 1.250712647781312692e-01 1.136625363012519374e+00
2.299999999999757705e+01 9.834605724948669581e-02 1.158859716501756676e+00
2.309999999999756426e+01 7.478546193979586365e-02 1.178505931240922511e+00
2.319999999999755502e+01 5.448434860179311723e-02 1.195474763778365146e+00
2.329999999999754579e+01 3.752177813433954512e-02 1.209689997393030847e+00
2.339999999999753300e+01 2.396068566571217529e-02 1.221088757843071138e+00
2.349999999999752021e+01 1.384764139692809537e-02 1.229621764626577685e+00
2.359999999999751097e+01 7.212690043307882354e-03 1.235253516799418305e+00
2.369999999999750173e+01 4.069269334642788664e-03 1.237962412710534643e+00
2.379999999999748894e+01 4.414207655539406465e-03 1.237740803330732220e+00
2.389999999999747615e+01 8.227800529665379656e-03 1.234594979168061935e+00
2.399999999999746692e+01 1.547396527661454996e-02 1.228545091077709150e+00
2.409999999999745768e+01 2.610047279981599078e-02 1.219625005588163447e+00
2.419999999999744489e+01 4.003925510018935263e-02 1.207882095672565104e+00
2.429999999999743210e+01 5.720678675489832693e-02 1.193376968198545773e+00
2.439999999999742286e+01 7.750453825534993346e-02 1.176183129584248421e+00
2.449999999999741362e+01 1.008194987651969271e-01 1.156386591477103876e+00
2.459999999999740083e+01 1.270247655391237018e-01 1.134085418547971624e+00
2.469999999999738804e+01 1.559801969381807984e-01 1.109389220760934158e+00
2.479999999999737881e+01 1.875331256886961784e-01 1.082418592732522944e+00
2.489999999999736957e+01 2.215191287607492510e-01 1.053304503035172868e+00
2.499999999999735678e+01 2.577628499899490278e-01 1.022187636525327736e+00
2.509999999999734399e+01 2.960788713338394773e-01 9.892176929880105440e-01
2.519999999999733475e+01 3.362726284428552703e-01 9.545526455829282941e-01
2.529999999999732552e+01 3.781413660357175188e-01 9.183579627545228607e-01
2.539999999999731273e+01 4.214751284019073729e-01 8.808057974268149737e-01
2.549999999999729994e+01 4.660577802092144561e-01 8.420741474439376040e-01
2.559999999999729070e+01 5.116680526735769563e-01 8.023459913381341124e-01
2.569999999999728146e+01 5.580806100510524725e-01 7.618084036073002885e-01
2.579999999999726867e+01 6.050671313388845673e-01 7.206516537660102584e-01
2.589999999999725588e+01 6.523974020239099447e-01 6.790682934929934689e-01
2.599999999999724665e+01 6.998404106916783496e-01 6.372522362389034800e-01
2.609999999999723741e+01 7.471654453096444604e-01 5.953978336766072577e-01
2.619999999999722462e+01 7.941431840213222237e-01 5.536989533747335157e-01
2.629999999999721183e+01 8.405467753352782179e-01 5.123480620530971308e-01
2.639999999999720259e+01 8.861529026641168372e-01 4.715353187357418374e-01
2.649999999999719336e+01 9.307428282612130177e-01 4.314476820549005831e-01
2.659999999999718057e+01 9.741034117195394026e-01 3.922680358763596109e-01
2.669999999999716778e+01 1.016028098333311869e+00 3.541743373152849705e-01
2.679999999999715854e+01 1.056317872782553513e+00 3.173387910909732934e-01
2.689999999999714930e+01 1.094782173777830936e+00 2.819270540303538963e-01
2.699999999999713651e+01 1.131239765501246941e+00 2.480974733743758487e-01
2.709999999999712372e+01 1.165519561894908129e+00 2.160003623687727636e-01
2.719999999999711449e+01 1.197461400082451277e+00 1.857773164323251736e-01
2.729999999999710525e+01 1.226916759458495543e+00 1.575605729929535626e-01
2.739999999999709246e+01 1.253749423246149686e+00 1.314724178647878050e-01
2.749999999999707967e+01 1.277836079602503228e+00 1.076246408098409241e-01
2.759999999999707043e+01 1.299066859643590144e+00 8.611804268651084004e-02
2.769999999999706120e+01 1.317345810064802114e+00 6.704199633519883350e-02
2.779999999999704841e+01 1.332591298346008868e+00 5.047406309025819632e-02
2.789999999999703562e+01 1.344736348854425945e+00 3.647966653807663273e-02
2.799999999999702638e+01 1.353728908487611404e+00 2.511182486518142784e-02
2.809999999999701714e+01 1.359532040835516709e+00 1.641094285863946983e-02
2.819999999999700435e+01 1.362124048180813896e+00 1.040466433542697709e-02
2.829999999999699156e+01 1.361498520999094630e+00 7.107785489001516507e-03
2.839999999999698233e+01 1.357664314965400632e+00 6.522229351473703488e-03
2.849999999999697309e+01 1.350645455815442375e+00 8.637081279931095243e-03
2.859999999999696030e+01 1.340480972752843725e+00 1.342868508694566691e-02
2.869999999999694751e+01 1.327224661429021735e+00 2.086079914950475164e-02
2.879999999999693827e+01 1.310944777854977872e+00 3.088481154887735142e-02
2.889999999999692903e+01 1.291723664928446258e+00 4.344001301759427974e-02
2.899999999999691624e+01 1.269657313575431878e+00 5.845392620010900209e-02
2.909999999999690345e+01 1.244854860810433062e+00 7.584268947204149403e-02
2.919999999999689422e+01 1.217438027312998106e+00 9.551149331048806868e-02
2.929999999999688498e+01 1.187540497399046213e+00 1.173550669658003226e-01
2.939999999999687219e+01 1.155307244529541810e+00 1.412582129547484411e-01
2.949999999999685940e+01 1.120893805750002636e+00 1.670963866769620831e-01
2.959999999999685016e+01 1.084465508685289459e+00 1.947363182522853509e-01
2.969999999999684093e+01 1.046196654928528202e+00 2.240366734867915988e-01
2.979999999999682814e+01 1.006269663857227270e+00 2.548487507007842767e-01
2.989999999999681535e+01 9.648741810838601385e-01 2.870172099939155563e-01
2.999999999999680611e+01 9.222061559005055864e-01 3.203808313810727060e-01
3.009999999999679687e+01 8.784668922094633903e-01 3.547732981088956850e-01
3.019999999999678408e+01 8.338620775394689488e-01 3.900240013567557451e-01
3.029999999999677129e+01 7.886007948337728779e-01 4.259588624388603306e-01
3.039999999999676206e+01 7.428945217598031947e-01 4.624011685550695194e-01
3.049999999999675282e+01 6.969561223290543506e-01 4.991724180888678641e-01
3.059999999999674003e+01 6.509988356335715265e-01 5.360931714201403464e-01
3.069999999999672724e+01 6.052352664981636154e-01 5.729839032094141693e-01
3.079999999999671800e+01 5.598763828183800362e-01 6.096658521181881341e-01
3.089999999999670877e+01 5.151305243019893565e-01 6.459618639571170773e-01
3.099999999999669598e+01 4.712024272574724115e-01 6.816972242999184139e-01
3.109999999999668319e+01 4.282922699766833485e-01 7.167004766651494663e-01
3.119999999999667395e+01 3.865947431419339275e-01 7.508042224511567442e-01
3.129999999999666471e+01 3.462981495498526074e-01 7.838458989097114582e-01
3.139999999999665192e+01 3.075835372873116369e-01 8.156685315612594023e-01
3.149999999999663913e+01 2.706238703188680872e-01 8.461214575892649359e-01
3.159999999999662990e+01 2.355832402513667601e-01 8.750610169006803885e-01
3.169999999999662066e+01 2.026161228313454188e-01 9.023512077043090995e-01
3.179999999999660787e+01 1.718666825048672797e-01 9.278643036385260112e-01
3.189999999999659508e+01 1.434681281292559119e-01 9.514814296713253183e-01
3.199999999999658584e+01 1.175421226728861207e-01 9.730930942009596851e-01
3.209999999999657661e+01 9.419824947385233016e-02 9.925996750009329350e-01
3.219999999999656382e+01 7.353353735252639301e-02 1.009911856879223357e+00
3.229999999999655103e+01 5.563204658786716217e-02 1.024951019157241960e+00
3.239999999999653824e+01 4.056451747431773919e-02 1.037649571316502595e+00
3.249999999999653255e+01 2.838808287652961129e-02 1.047951235411848092e+00
3.259999999999651976e+01 1.914604589446919705e-02 1.055811274104990094e+00
3.269999999999650697e+01 1.286772344291315165e-02 1.061196663432527165e+00
3.279999999999650129e+01 9.568356238531122021e-03 1.064086209685757289e+00
3.289999999999648850e+01 9.249085375889209287e-03 1.064470610044682353e+00
3.299999999999647571e+01 1.189699536232400809e-02 1.062352456874583906e+00
3.309999999999646292e+01 1.748522317201472998e-02 1.057746185858680521e+00
3.319999999999645013e+01 2.597313257315969626e-02 1.050677968404227558e+00
3.329999999999644444e+01 3.730655268026013965e-02 1.041185549019730372e+00
3.339999999999643165e+01 5.141807938749502760e-02 1.029318028617342451e+00
3.349999999999641886e+01 6.822743805032364939e-02 1.015135594946076747e+00
3.359999999999641318e+01 8.764190550207784369e-02 9.987092016050392873e-01
3.369999999999640039e+01 1.095567892216733480e-01 9.801201973238985454e-01
3.379999999999638760e+01 1.338559612087941442e-01 9.594599074250237392e-01
3.389999999999637481e+01 1.604124438753188053e-01 9.368291696010045966e-01
3.399999999999636202e+01 1.890890450272112722e-01 9.123378263484200890e-01
3.409999999999635634e+01 2.197390387909340381e-01 8.861041765950917748e-01
3.419999999999634355e+01 2.522068891333473784e-01 8.582543892416502063e-01
3.429999999999633076e+01 2.863290124351399180e-01 8.289218815081164093e-01
3.439999999999632507e+01 3.219345754059351750e-01 7.982466651327347895e-01
3.449999999999631228e+01 3.588463244747470693e-01 7.663746636109610710e-01
3.459999999999629949e+01 3.968814426539095108e-01 7.334570037889790450e-01
3.469999999999628670e+01 4.358524297573735384e-01 6.996492852355281622e-01
3.479999999999627391e+01 4.755680017571646823e-01 6.651108309093801685e-01
3.489999999999626823e+01 5.158340049843860298e-01 6.300039227166023270e-01
3.499999999999625544e+01 5.564543408238703526e-01 5.944930256108502675e-01
3.509999999999624265e+01 5.972318965153594617e-01 5.587440039323710028e-01
3.519999999999623697e+01 6.379694776581016358e-01 5.229233337056939934e-01
3.529999999999622418e+01 6.784707380208697680e-01 4.871973146230468843e-01
3.539999999999621139e+01 7.185411022851849738e-01 4.517312854299335156e-01
3.549999999999619860e+01 7.579886773959212398e-01 4.166888464010613524e-01
3.559999999999618581e+01 7.966251482604779222e-01 3.822310925496786860e-01
3.569999999999618012e+01 8.342666536241651887e-01 3.485158611504823312e-01
3.579999999999616733e+01 8.707346380564833233e-01 3.156969970775898027e-01
3.589999999999615454e+01 9.058566761082634811e-01 2.839236393632358912e-01
3.599999999999614886e+01 9.394672648433322060e-01 2.533395322719530496e-01
3.609999999999613607e+01 9.714085811110410029e-01 2.240823640583441134e-01
3.619999999999612328e+01 1.001531200103034758e+00 1.962831364358667285e-01
3.629999999999611049e+01 1.029694771933775677e+00 1.700655676289474505e-01
3.639999999999609770e+01 1.055768653192450168e+00 1.455455317132289816e-01
3.649999999999609201e+01 1.079632490637696174e+00 1.228305367684078414e-01
3.659999999999607923e+01 1.101176754443085271e+00 1.020192441768846270e-01
3.669999999999606644e+01 1.120303218647313637e+00 8.320103119964890326e-02
3.679999999999606075e+01 1.136925386723086628e+00 6.645559874966674996e-02
3.689999999999604796e+01 1.150968860442888486e+00 5.185262606354090059e-02
3.699999999999603517e+01 1.162371650496278663e+00 3.945147374545731472e-02
3.709999999999602238e+01 1.171084427592548272e+00 2.930093642450500371e-02
3.719999999999600959e+01 1.177070713068646413e+00 2.143904602841152987e-02
3.729999999999600391e+01 1.180307008310881089e+00 1.589292643490160944e-02
3.739999999999599112e+01 1.180782862589915050e+00 1.267870001717826337e-02
3.749999999999597833e+01 1.178500879200160334e+00 1.180144635384062536e-02
3.759999999999597264e+01 1.173476660085375656e+00 1.325521312687120284e-02
3.769999999999595985e+01 1.165738689421201402e+00 1.702307898543779438e-02
3.779999999999594706e+01 1.155328156910690351e+00 2.307726790924253049e-02
3.789999999999593427e+01 1.142298721828989061e+00 3.137931436418935072e-02
3.799999999999592148e+01 1.126716219128759633e+00 4.188027830632299470e-02
3.809999999999591580e+01 1.108658309184240132e+00 5.452100885843894074e-02
3.819999999999590301e+01 1.088214073011336769e+00 6.923245525853551074e-02
3.829999999999589022e+01 1.065483555050014575e+00 8.593602346135242875e-02
3.839999999999588454e+01 1.040577255833897485e+00 1.045439765647329655e-01
3.849999999999587175e+01 1.013615577099090226e+00 1.249598770322441765e-01
3.859999999999585896e+01 9.847282220976935063e-01 1.470790684934294157e-01
3.869999999999584617e+01 9.540535540832384420e-01 1.707891947240526287e-01
3.879999999999583338e+01 9.217379161203160809e-01 1.959707532414848852e-01
3.889999999999582769e+01 8.879349155426242701e-01 2.224976807957781411e-01
3.899999999999581490e+01 8.528046765382834016e-01 2.502379678956602738e-01
3.909999999999580211e+01 8.165130644802758297e-01 2.790542993812223371e-01
3.919999999999579643e+01 7.792308857409951939e-01 3.088047179420050914e-01
3.929999999999578364e+01 7.411330668340838645e-01 3.393433073812160972e-01
3.939999999999577085e+01 7.023978168120237342e-01 3.705208923439792801e-01
3.949999999999575806e+01 6.632057769154708904e-01 4.021857511605338997e-01
3.959999999999574527e+01 6.237391615183229820e-01 4.341843384041896847e-01
3.969999999999573959e+01 5.841808944418885874e-01 4.663620137289992140e-01
3.979999999999572680e+01 5.447137447211948258e-01 4.985637735334285114e-01
3.989999999999571401e+01 5.055194658972436139e-01 5.306349819940900936e-01
3.999999999999570832e+01 4.667779428803948694e-01 5.624220980276393167e-01
4.009999999999569553e+01 4.286663503818020082e-01 5.937733947690340131e-01
4.019999999999568274e+01 3.913583268435160689e-01 6.245396682007372524e-01
4.029999999999566995e+01 3.550231677122529517e-01 6.545749316293182352e-01
4.039999999999565716e+01 3.198250417985037952e-01 6.837370927832967515e-01
4.049999999999565148e+01 2.859222343418112988e-01 7.118886103982664526e-01
4.059999999999563869e+01 2.534664202649170583e-01 7.388971272625197706e-01
4.069999999999562590e+01 2.226019709457962847e-01 7.646360768167461686e-01
4.079999999999562021e+01 1.934652976671056013e-01 7.889852605356630910e-01
4.089999999999560742e+01 1.661842347187817981e-01 8.118313934664243003e-01
4.099999999999559464e+01 1.408774649323983053e-01 8.330686154567433777e-01
4.109999999999558185e+01 1.176539902160934487e-01 8.525989657759702744e-01
4.119999999999556906e+01 9.661264943776176617e-02 8.703328190120331875e-01
4.129999999999556337e+01 7.784168577293905378e-02 8.861892803167665811e-01
4.139999999999555058e+01 6.141836539315794624e-02 9.000965382697889705e-01
4.149999999999553779e+01 4.740864912218997751e-02 9.119921738367389175e-01
4.159999999999553211e+01 3.586691843240845390e-02 9.218234241092282399e-01
4.169999999999551932e+01 2.683575689275340820e-02 9.295473997313600245e-01
4.179999999999550653e+01 2.034578791490366384e-02 9.351312551394704853e-01
4.189999999999549374e+01 1.641556937625996207e-02 9.385523109665315777e-01
4.199999999999548095e+01 1.505154542863042059e-02 9.397981281905477546e-01
4.209999999999547526e+01 1.624805553129627170e-02 9.388665338346577904e-01
4.219999999999546247e+01 1.998740047762745040e-02 9.357655982554640151e-01
4.229999999999544968e+01 2.623996491692231689e-02 9.305135642839872379e-01
4.239999999999544400e+01 3.496439560882979442e-02 9.231387287096981531e-01
4.249999999999543121e+01 4.610783438782141419e-02 9.136792768207546711e-01
4.259999999999541842e+01 5.960620456091199337e-02 9.021830709322303798e-01
4.269999999999540563e+01 7.538454921433199174e-02 8.887073940481300394e-01
4.279999999999539284e+01 9.335741966532939973e-02 8.733186500101013383e-01
4.289999999999538716e+01 1.134293120647852926e-01 8.560920216865376409e-01
4.299999999999537437e+01 1.354951499359852152e-01 8.371110889483681650e-01
4.309999999999536158e+01 1.594408102257529880e-01 8.164674083611511701e-01
4.319999999999535589e+01 1.851436902470960655e-01 7.942600566974622467e-01
4.329999999999534310e+01 2.124733127086135820e-01 7.705951405367955642e-01
4.339999999999533031e+01 2.412919658558347613e-01 7.455852743726893994e-01
4.349999999999531752e+01 2.714553755942592517e-01 7.193490297868916361e-01
4.359999999999530473e+01 3.028134063239228402e-01 6.920103583785506274e-01
4.369999999999529905e+01 3.352107870910276399e-01 6.636979912508382817e-01
4.379999999999528626e+01 3.684878595546652869e-01 6.345448179590399418e-01
4.389999999999527347e+01 4.024813441756416865e-01 6.046872479107979759e-01
4.399999999999526779e+01 4.370251209608133625e-01 5.742645572825150202e-01
4.409999999999525500e+01 4.719510210399740502e-01 5.434182245738643502e-01
4.419999999999524221e+01 5.070896253136919496e-01 5.122912579655602983e-01
4.429999999999522942e+01 5.422710663892175154e-01 4.810275176740763659e-01
4.439999999999521663e+01 5.773258300184614944e-01 4.497710365099754637e-01
4.449999999999521094e+01 6.120855522659355286e-01 4.186653418444540309e-01
4.459999999999519815e+01 6.463838086665804061e-01 3.878527821720731961e-01
4.469999999999518536e+01 6.800568916821861931e-01 3.574738614251676827e-01
4.479999999999517968e+01 7.129445728315244590e-01 3.276665841491148701e-01
4.489999999999516689e+01 7.448908459519381076e-01 2.985658145862511992e-01
4.499999999999515410e+01 7.757446481498403434e-01 2.703026526408756069e-01
4.509999999999514131e+01 8.053605551122553496e-01 2.430038296087494998e-01
4.519999999999512852e+01 8.335994475829257011e-01 2.167911264519215286e-01
4.529999999999512283e+01 8.603291459513477957e-01 1.917808172846632020e-01
4.539999999999511004e+01 8.854250100630821629e-01 1.680831406086436275e-01
4.549999999999509726e+01 9.087705015325930891e-01 1.458018006966138869e-01
4.559999999999509157e+01 9.302577060255454722e-01 1.250335013738705647e-01
4.569999999999507878e+01 9.497878131744547092e-01 1.058675142867128577e-01
4.579999999999506599e+01 9.672715519998926759e-01 8.838528357764890986e-02
4.589999999999505320e+01 9.826295799266426823e-01 7.266006870917966765e-02
4.599999999999504041e+01 9.957928237104389790e-01 5.875662699229283054e-02
4.609999999999503473e+01 1.006702770824827065e+00 4.673093718346955916e-02
4.619999999999502194e+01 1.015311710096583608e+00 3.662996531576571957e-02
4.629999999999500915e+01 1.021582920623924862e+00 2.849147372647419657e-02
4.639999999999500346e+01 1.025490808259425624e+00 2.234387403697816327e-02
4.649999999999499067e+01 1.027020989191239853e+00 1.820612463055595875e-02
4.659999999999497788e+01 1.026170320408155368e+00 1.608767296228766006e-02
4.669999999999496509e+01 1.022946877086449158e+00 1.598844282266536840e-02
4.679999999999495230e+01 1.017369877187901617e+00 1.789886646418932525e-02
4.689999999999494662e+01 1.009469553806509712e+00 2.179996128904398631e-02
4.699999999999493383e+01 9.992869760471543294e-01 2.766345058694345826e-02
4.709999999999492104e+01 9.868738194591698543e-01 3.545192760638436746e-02
4.719999999999491536e+01 9.722920872828808569e-01 4.511906204078981047e-02
4.729999999999490257e+01 9.556137839940620493e-01 5.660984781432934487e-02
4.739999999999488978e+01 9.369205428513294187e-01 6.986089086146610172e-02
4.749999999999487699e+01 9.163032093619386531e-01 8.480073541034895135e-02
4.759999999999486420e+01 8.938613827821623170e-01 1.013502271039627145e-01
4.769999999999485851e+01 8.697029179585924474e-01 1.194229111251435410e-01
4.779999999999484572e+01 8.439433899952125673e-01 1.389254633330661293e-01
4.789999999999483293e+01 8.167055243969820744e-01 1.597581522702028467e-01
4.799999999999482725e+01 7.881185954941879457e-01 1.818153297607889018e-01
4.809999999999481446e+01 7.583177960905392867e-01 2.049859476949980885e-01
4.819999999999480167e+01 7.274435814036446235e-01 2.291540984781454959e-01
4.829999999999478888e+01 6.956409904759481844e-01 2.541995765214073999e-01
4.839999999999477609e+01 6.630589483294382358e-01 2.799984580605512363e-01
4.849999999999477041e+01 6.298495522161485782e-01 3.064236965123277590e-01
4.859999999999475762e+01 5.961673453793614463e-01 3.333457305145368643e-01
4.869999999999474483e+01 5.621685817871161506e-01 3.606331017459202259e-01
4.879999999999473914e+01 5.280104853296090361e-01 3.881530795861563021e-01
4.889999999999472635e+01 4.938505069856813368e-01 4.157722896538624258e-01
4.899999999999471356e+01 4.598455834605659764e-01 4.433573432526736746e-01
4.909999999999470077e+01 4.261514007777696955e-01 4.707754647613777155e-01
4.919999999999468798e+01 3.929216662723410414e-01 4.978951140236306805e-01
4.929999999999468230e+01 3.603073923810187207e-01 5.245866008267717762e-01
4.939999999999466951e+01 3.284561955577117720e-01 5.507226886060869742e-01
4.949999999999465672e+01 2.975116135601407752e-01 5.761791845715193983e-01
4.959999999999465103e+01 2.676124442559876249e-01 6.008355135270704306e-01
4.969999999999463824e+01 2.388921089854502133e-01 6.245752727392830383e-01
4.979999999999462545e+01 2.114780433915339763e-01 6.472867653091727291e-01
4.989999999999461266e+01 1.854911184908042965e-01 6.688635096117946377e-01
