1.000000000000000000e+00 2.000000000000000000e+00 0.000000000000000000e+00
1.099999999999988987e+00 1.997600966936323275e+00 1.999200209356634915e-03
1.199999999999977973e+00 1.990415470714569590e+00 7.987208603359913228e-03
1.299999999999966960e+00 1.978478289782366284e+00 1.793529508671420913e-02
1.399999999999955946e+00 1.961847246934047773e+00 3.179573144658683070e-02
1.499999999999944933e+00 1.940602952404271164e+00 4.950202379834536121e-02
1.599999999999933920e+00 1.914848422172389819e+00 7.096923676532401748e-02
1.699999999999922906e+00 1.884708575497257232e+00 9.609440788846397574e-02
1.799999999999911893e+00 1.850329616237533337e+00 1.247570502522239444e-01
1.899999999999900879e+00 1.811878302380681482e+00 1.568197408284358330e-01
1.999999999999889866e+00 1.769541108324060197e+00 1.921287915750954645e-01
2.099999999999878852e+00 1.723523285219032752e+00 2.305149998835585856e-01
2.199999999999867839e+00 1.674047825683653734e+00 2.717944745524447092e-01
2.299999999999856826e+00 1.621354339747308693e+00 3.157695330852315907e-01
2.399999999999845812e+00 1.565697848917677160e+00 3.622296657588712221e-01
2.499999999999834799e+00 1.507347505183926240e+00 4.109525615890270989e-01
2.599999999999823785e+00 1.446585241867389460e+00 4.617051910217055410e-01
2.699999999999812772e+00 1.383704363450397823e+00 5.142449399126461929e-01
2.799999999999801759e+00 1.319008081751654737e+00 5.683207891163671865e-01
2.899999999999790745e+00 1.252808006025740051e+00 6.236745337972050551e-01
2.999999999999779732e+00 1.185422594658675832e+00 6.800420363961349191e-01
3.099999999999768718e+00 1.117175576055801534e+00 7.371545070353788809e-01
3.199999999999757705e+00 1.048394346219482021e+00 7.947398050156493365e-01
3.299999999999746692e+00 9.794083505999291450e-01 8.525237549570894302e-01
3.399999999999735678e+00 9.105474580370453985e-01 9.102314710580147183e-01
3.499999999999724665e+00 8.421403348510366760e-01 9.675886829006564716e-01
3.599999999999713651e+00 7.745128273556913800e-01 1.024323056220642902e+00
3.699999999999702638e+00 7.079863612943412265e-01 1.080165502082437667e+00
3.799999999999691624e+00 6.428763668682365706e-01 1.134851467970254379e+00
3.899999999999680611e+00 5.794907380249408879e-01 1.188122204417213945e+00
3.999999999999669598e+00 5.181283344087276310e-01 1.239726000951369977e+00
4.099999999999658584e+00 4.590775338095976488e-01 1.289419385330589973e+00
4.199999999999647571e+00 4.026148422398219129e-01 1.336968280253019836e+00
4.299999999999636557e+00 3.490035682352373159e-01 1.382149111962967192e+00
4.399999999999625544e+00 2.984925677241327402e-01 1.424749865426449658e+00
4.499999999999614531e+00 2.513150655746298479e-01 1.464571081038647637e+00
4.599999999999603517e+00 2.076875594880341069e-01 1.501426788145566737e+00
4.699999999999592504e+00 1.678088113171173623e-01 1.535145371004395631e+00
4.799999999999581490e+00 1.318589303230187637e-01 1.565570363166903789e+00
4.899999999999570477e+00 9.999855236859783725e-02 1.592561166647400883e+00
4.999999999999559464e+00 7.236811850200623730e-02 1.615993692634062562e+00
5.099999999999548450e+00 4.908725575857621204e-02 1.635760920916696337e+00
5.199999999999537437e+00 3.025426233509280818e-02 1.651773375625116724e+00
5.299999999999526423e+00 1.594569866663132079e-02 1.663959515295872604e+00
5.399999999999515410e+00 6.216085428384264359e-03 1.672266035702909104e+00
5.499999999999504396e+00 1.097709033150752857e-03 1.676658084313852104e+00
5.599999999999493383e+00 6.005346614596075803e-04 1.677119385671753449e+00
5.699999999999482370e+00 4.712226209277589097e-03 1.673652277450579762e+00
5.799999999999471356e+00 1.339827190829756716e-02 1.666277657372755350e+00
5.899999999999460343e+00 2.660221394807915293e-02 1.655034841591236150e+00
5.999999999999449329e+00 4.424598025099035076e-02 1.639981335520552586e+00
6.099999999999438316e+00 6.623031647573983383e-02 1.621192518466567201e+00
6.199999999999427303e+00 9.243531617200501094e-02 1.598761243766602336e+00
6.299999999999416289e+00 1.227210467592237120e-01 1.572797356518897738e+00
6.399999999999405276e+00 1.569282687615412564e-01 1.543427131342419933e+00
6.499999999999394262e+00 1.948792455058651063e-01 1.510792632959434334e+00
6.599999999999383249e+00 2.363786401478624177e-01 1.475051002737039374e+00
6.699999999999372235e+00 2.812144962980308027e-01 1.436373674672205336e+00
6.799999999999361222e+00 3.291592976755585709e-01 1.394945524663461445e+00
6.899999999999350209e+00 3.799711013057635589e-01 1.350963957271330118e+00
6.999999999999339195e+00 4.333947380558163531e-01 1.304637934512863806e+00
7.099999999999328182e+00 4.891630738905803355e-01 1.256186951539222330e+00
7.199999999999317168e+00 5.469983250925817275e-01 1.205839964304898038e+00
7.299999999999306155e+00 6.066134207934208433e-01 1.153834274549144334e+00
7.399999999999295142e+00 6.677134064602957553e-01 1.100414377578816216e+00
7.499999999999284128e+00 7.299968822647271427e-01 1.045830778472198075e+00
7.599999999999273115e+00 7.931574702293919810e-01 9.903387824302778419e-01
7.699999999999262101e+00 8.568853035585713984e-01 9.341972651018322082e-01
7.799999999999251088e+00 9.208685307898764050e-01 8.776674288067969343e-01
7.899999999999240075e+00 9.847948267531093647e-01 8.210115506710504718e-01
7.999999999999229061e+00 1.048352902073718562e+00 7.644917287452188681e-01
8.099999999999218048e+00 1.111234003152953953e+00 7.083686321966932153e-01
8.199999999999207034e+00 1.173133395092063491e+00 6.529002616317588492e-01
8.299999999999196021e+00 1.233751820695492718e+00 5.983407255257967572e-01
8.399999999999185007e+00 1.292796929104692794e+00 5.449390386251525831e-01
8.499999999999173994e+00 1.349984667476555655e+00 4.929379480490895804e-01
8.599999999999162981e+00 1.405040628627399757e+00 4.425727926733088458e-01
8.699999999999151967e+00 1.457701347309287687e+00 3.940704012120161970e-01
8.799999999999140954e+00 1.507715538190196991e+00 3.476480342197889040e-01
8.899999999999129940e+00 1.554845269531367924e+00 3.035123749995541353e-01
8.999999999999118927e+00 1.598867067530816088e+00 2.618585741317788207e-01
9.099999999999107914e+00 1.639572946997492009e+00 2.228693520446581589e-01
9.199999999999096900e+00 1.676771364432335432e+00 1.867141637350691885e-01
9.299999999999085887e+00 1.710288089801776934e+00 1.535484294307696007e-01
9.399999999999074873e+00 1.739966993335273937e+00 1.235128346570969343e-01
9.499999999999063860e+00 1.765670743753483984e+00 9.673270283494816990e-02
9.599999999999052847e+00 1.787281414631329834e+00 7.331744318726807208e-02
9.699999999999041833e+00 1.804700996036074701e+00 5.336007636775999541e-02
9.799999999999030820e+00 1.817851809016800546e+00 3.693683984982056717e-02
9.899999999999019806e+00 1.826676821078567992e+00 2.410687472805886009e-02
9.999999999999008793e+00 1.831139861578442440e+00 1.491199519079428049e-02
1.009999999999899778e+01 1.831225736870888188e+00 9.376541522557416131e-03
1.019999999999898677e+01 1.826940245620494396e+00 7.507317095588114143e-03
1.029999999999897575e+01 1.818310094806632859e+00 9.293609412415618568e-03
1.039999999999896474e+01 1.805382716860120418e+00 1.470729486779884070e-02
1.049999999999895373e+01 1.788225988589800419e+00 2.370302650549190732e-02
1.059999999999894271e+01 1.766927853250444658e+00 3.621850365363884355e-02
1.069999999999893170e+01 1.741595848040714545e+00 5.217482193651069161e-02
1.079999999999892069e+01 1.712356540150657302e+00 7.147690178619872658e-02
1.089999999999890967e+01 1.679354874927841079e+00 9.401399322059487973e-02
1.099999999999889866e+01 1.642753439766813983e+00 1.196602543140754676e-01
1.109999999999888765e+01 1.602731647145077210e+00 1.482754004617445054e-01
1.119999999999887663e+01 1.559484840083843915e+00 1.797054212225730752e-01
1.129999999999886562e+01 1.513223323363552586e+00 2.137833612190099541e-01
1.139999999999885461e+01 1.464171324058298085e+00 2.503301612706353430e-01
1.149999999999884359e+01 1.412565885193536985e+00 2.891555556474152411e-01
1.159999999999883258e+01 1.358655696553596970e+00 3.300590210423537396e-01
1.169999999999882156e+01 1.302699867167627534e+00 3.728307725839478670e-01
1.179999999999881055e+01 1.244966645035940012e+00 4.172528019435643443e-01
1.189999999999879954e+01 1.185732090938475647e+00 4.630999523568106180e-01
1.199999999999878852e+01 1.125278714065421681e+00 5.101410251826714592e-01
1.209999999999877751e+01 1.063894077401692506e+00 5.581399124697612457e-01
1.219999999999876650e+01 1.001869380603033211e+00 6.068567498780755853e-01
1.229999999999875548e+01 9.394980280529737771e-01 6.560490842127013611e-01
1.239999999999874447e+01 8.770741900623293397e-01 7.054730497684059687e-01
1.249999999999873346e+01 8.148913654477857316e-01 7.548845476685027700e-01
1.259999999999872244e+01 7.532409535479334117e-01 8.040404224085943019e-01
1.269999999999871143e+01 6.924108430442266204e-01 8.526996298748661385e-01
1.279999999999870042e+01 6.326840241894757799e-01 9.006243911824725057e-01
1.289999999999868940e+01 5.743372306330130073e-01 9.475813267689620067e-01
1.299999999999867839e+01 5.176396170008047415e-01 9.933425652852830856e-01
1.309999999999866738e+01 4.628514785407073506e-01 1.037686821963316408e+00
1.319999999999865636e+01 4.102230192629981453e-01 1.080400441311943460e+00
1.329999999999864535e+01 3.599931748689179090e-01 1.121278399209017618e+00
1.339999999999863434e+01 3.123884962240967011e-01 1.160125259705324652e+00
1.349999999999862332e+01 2.676220983327686764e-01 1.196756082125127074e+00
1.359999999999861231e+01 2.258926790338424417e-01 1.230997274316863344e+00
1.369999999999860130e+01 1.873836112176825719e-01 1.262687388176374936e+00
1.379999999999859028e+01 1.522621121893924789e-01 1.291677853839537260e+00
1.389999999999857927e+01 1.206784936245192397e-01 1.317833649230589321e+00
1.399999999999856826e+01 9.276549526775351717e-02 1.341033901953134766e+00
1.409999999999855724e+01 6.863770524191102618e-02 1.361172420816524120e+00
1.419999999999854623e+01 4.839106968255601354e-02 1.378158154603642105e+00
1.429999999999853522e+01 3.210249434085850340e-02 1.391915576018525336e+00
1.439999999999852420e+01 1.982954061969591925e-02 1.402384989116925551e+00
1.449999999999851319e+01 1.161021803189295903e-02 1.409522758927191255e+00
1.459999999999850218e+01 7.462874277343981531e-03 1.413301462401385100e+00
1.469999999999849116e+01 7.386183231517356659e-03 1.413709960274376343e+00
1.479999999999848015e+01 1.135923031039466104e-02 1.410753389835629035e+00
1.489999999999846914e+01 1.934169395283616075e-02 1.404453079031209306e+00
1.499999999999845812e+01 3.127412134719661368e-02 1.394846382706999677e+00
1.509999999999844711e+01 4.707829609573294105e-02 1.381986442174175211e+00
1.519999999999843610e+01 6.665769525698804487e-02 1.365941869625463490e+00
1.529999999999842508e+01 8.989803299126276903e-02 1.346796359267350862e+00
1.539999999999841407e+01 1.166678877146413579e-01 1.324648227370299969e+00
1.549999999999840306e+01 1.468194092349625612e-01 1.299609883774188290e+00
1.559999999999839204e+01 1.801891018894419272e-01 1.271807237711801264e+00
1.569999999999838103e+01 2.165986793033310709e-01 1.241379041121094318e+00
1.579999999999837001e+01 2.558559860487239490e-01 1.208476172905381008e+00
1.589999999999835900e+01 2.977559811582274896e-01 1.173260867870461910e+00
1.599999999999834799e+01 3.420817781353561737e-01 1.135905894319619636e+00
1.609999999999833875e+01 3.886057359163104241e-01 1.096593684515777989e+00
1.619999999999832596e+01 4.370905953085653661e-01 1.055515422413126680e+00
1.629999999999831317e+01 4.872906557181737042e-01 1.012870093216047040e+00
1.639999999999830393e+01 5.389529872335399041e-01 9.688634994442805182e-01
1.649999999999829470e+01 5.918186730839686271e-01 9.237072482917926264e-01
1.659999999999828191e+01 6.456240770430582421e-01 8.776177151754340766e-01
1.669999999999826912e+01 7.001021296766060109e-01 8.308149884819013842e-01
1.679999999999825988e+01 7.549836267616579777e-01 7.835218006261251977e-01
1.689999999999825064e+01 8.099985329616461449e-01 7.359624506117641296e-01
1.699999999999823785e+01 8.648772839903542398e-01 6.883617233236322130e-01
1.709999999999822506e+01 9.193520809375870240e-01 6.409438107770021320e-01
1.719999999999821583e+01 9.731581708773439088e-01 5.939312405055831023e-01
1.729999999999820659e+01 1.026035108045206812e+00 5.475438162007048026e-01
1.739999999999819380e+01 1.077727989738854530e+00 5.019975756298571401e-01
1.749999999999818101e+01 1.127988660853338931e+00 4.575037707658777819e-01
1.759999999999817177e+01 1.176576880773702705e+00 4.142678749441739416e-01
1.769999999999816254e+01 1.223261446287802423e+00 3.724886217293890134e-01
1.779999999999814975e+01 1.267821264340181608e+00 3.323570800094068911e-01
1.789999999999813696e+01 1.310046368917620718e+00 2.940557696420305622e-01
1.799999999999812772e+01 1.349738877110966406e+00 2.577578217564295282e-01
1.809999999999811848e+01 1.386713880225835194e+00 2.236261875618065775e-01
1.819999999999810569e+01 1.420800266527205924e+00 1.918128992436458902e-01
1.829999999999809290e+01 1.451841472787057219e+00 1.624583862395354850e-01
1.839999999999808367e+01 1.479696162340485843e+00 1.356908498854699496e-01
1.849999999999807443e+01 1.504238827893514152e+00 1.116256991131606424e-01
1.859999999999806164e+01 1.525360317809502986e+00 9.036504956327714999e-02
1.869999999999804885e+01 1.542968284819511204e+00 7.199728816314648894e-02
1.879999999999803961e+01 1.556987555908239562e+00 5.659670490524771475e-02
1.889999999999803038e+01 1.567360421713674734e+00 4.422319325649478466e-02
1.899999999999801759e+01 1.574046843567129095e+00 3.492202032380811033e-02
1.909999999999800480e+01 1.577024576578590631e+00 2.872366759186197396e-02
1.919999999999799556e+01 1.576289207873440512e+00 2.564374272923417367e-02
1.929999999999798632e+01 1.571854109823932921e+00 2.568296262993575996e-02
1.939999999999797353e+01 1.563750308559209490e+00 2.882720752252566909e-02
1.949999999999796074e+01 1.552026268269904197e+00 3.504764564154385503e-02
1.959999999999795151e+01 1.536747592207506452e+00 4.430092761762020881e-02
1.969999999999794227e+01 1.517996641904431288e+00 5.652944940650910660e-02
1.979999999999792948e+01 1.495872076700865971e+00 7.166168224802586806e-02
1.989999999999791669e+01 1.470488315960063685e+00 8.961256782559737233e-02
1.999999999999790745e+01 1.441974926534813184e+00 1.102839764846842013e-01
2.009999999999789821e+01 1.410475938474005098e+00 1.335652260626801202e-01
2.019999999999788542e+01 1.376149092817945618e+00 1.593336585878945277e-01
2.029999999999787264e+01 1.339165026372117984e+00 1.874552718296455533e-01
2.039999999999786340e+01 1.299706398965373655e+00 2.177854024343600370e-01
2.049999999999785416e+01 1.257966968553509979e+00 2.501694571640455944e-01
2.059999999999784137e+01 1.214150618921226998e+00 2.844436885569557871e-01
2.069999999999782858e+01 1.168470344251526738e+00 3.204360111476490247e-01
2.079999999999781934e+01 1.121147194746044518e+00 3.579668542129828546e-01
2.089999999999781011e+01 1.072409187639225658e+00 3.968500468520803626e-01
2.099999999999779732e+01 1.022490188130543265e+00 4.368937310609070646e-01
2.109999999999778453e+01 9.716287650330951431e-01 4.779012983241391344e-01
2.119999999999777529e+01 9.200670264645131047e-01 5.196723451229600110e-01
2.129999999999776605e+01 8.680494415654275153e-01 5.620036426578243205e-01
2.139999999999775326e+01 8.158216546939129898e-01 6.046901160181602508e-01
2.149999999999774047e+01 7.636292986702932772e-01 6.475258279987375909e-01
2.159999999999773124e+01 7.117168135550485664e-01 6.903049627615100992e-01
2.169999999999772200e+01 6.603262772588855967e-01 7.328228045714945127e-01
2.179999999999770921e+01 6.096962540414538889e-01 7.748767068918465117e-01
2.189999999999769642e+01 5.600606666825421742e-01 8.162670472033080049e-01
2.199999999999768718e+01 5.116476978920985186e-01 8.567981630140252269e-01
2.209999999999767795e+01 4.646787263874835872e-01 8.962792646475645775e-01
2.219999999999766516e+01 4.193673029004838515e-01 9.345253205438601718e-01
2.229999999999765237e+01 3.759181710420441136e-01 9.713579109766008468e-01
2.239999999999764313e+01 3.345263374957433422e-01 1.006606046275213773e+00
2.249999999999763389e+01 2.953761956230711028e-01 1.040106945836110297e+00
2.259999999999762110e+01 2.586407062752424935e-01 1.071706774422685804e+00
2.269999999999760831e+01 2.244806392406864803e-01 1.101261332491976219e+00
2.279999999999759908e+01 1.930438782186751356e-01 1.128636697543841105e+00
2.289999999999758984e+01 1.644647916489939132e-01 1.153709813752337610e+00
2.299999999999757705e+01 1.388636713552779400e-01 1.176369027402337730e+00
2.309999999999756426e+01 1.163462407806562793e-01 1.196514565919132300e+00
2.319999999999755502e+01 9.700323442263450446e-02 1.214058958555820134e+00
2.329999999999754579e+01 8.091004980288570014e-02 1.228927397092596685e+00
2.339999999999753300e+01 6.812647298611249069e-02 1.241058035203781662e+00
2.349999999999752021e+01 5.869647831161047685e-02 1.250402225458782102e+00
2.359999999999751097e+01 5.264810257100132479e-02 1.256924693238630875e+00
2.369999999999750173e+01 4.999339337283051354e-02 1.260603647159617369e+00
2.379999999999748894e+01 5.072843098009880564e-02 1.261430825888173679e+00
2.389999999999747615e+01 5.483342256645589580e-02 1.259411481503266872e+00
2.399999999999746692e+01 6.227286763755435911e-02 1.254564299817914952e+00
2.409999999999745768e+01 7.299579332487921013e-02 1.246921258317099879e+00
2.419999999999744489e+01 8.693605834616428829e-02 1.236527422609388527e+00
2.429999999999743210e+01 1.040127244856569044e-01 1.223440682534650881e+00
2.439999999999742286e+01 1.241304942924589677e-01 1.207731429329514716e+00
2.449999999999741362e+01 1.471802132665594454e-01 1.189482175528627561e+00
2.459999999999740083e+01 1.730394341997284480e-01 1.168787119567735955e+00
2.469999999999738804e+01 2.015730407289353376e-01 1.145751657336335994e+00
2.479999999999737881e+01 2.326339266976412967e-01 1.120491843190813963e+00
2.489999999999736957e+01 2.660637276929363471e-01 1.093133803171047802e+00
2.499999999999735678e+01 3.016936010946707492e-01 1.063813103362080348e+00
2.509999999999734399e+01 3.393450510201858616e-01 1.032674076515544215e+00
2.519999999999733475e+01 3.788307945904954566e-01 9.998691101979110263e-01
2.529999999999732552e+01 4.199556658966432376e-01 9.655578998738983953e-01
2.539999999999731273e+01 4.625175537943888027e-01 9.299066704706588915e-01
2.549999999999729994e+01 5.063083692045385886e-01 8.930873701063531955e-01
2.559999999999729070e+01 5.511150371341621002e-01 8.552768398038046449e-01
2.569999999999728146e+01 5.967205083281296174e-01 8.166559631362917404e-01
2.579999999999726867e+01 6.429047853081717445e-01 7.774087998569142455e-01
2.589999999999725588e+01 6.894459575085263303e-01 7.377217076408509877e-01
2.599999999999724665e+01 7.361212403217916034e-01 6.977824561189271968e-01
2.609999999999723741e+01 7.827080131823666020e-01 6.577793373987238512e-01
2.619999999999722462e+01 8.289848522832211630e-01 6.179002772547795841e-01
2.629999999999721183e+01 8.747325539672924366e-01 5.783319511266503676e-01
2.639999999999720259e+01 9.197351450304070974e-01 5.392589090014415776e-01
2.649999999999719336e+01 9.637808759788780710e-01 5.008627131881296934e-01
2.659999999999718057e+01 1.006663192781921179e+00 4.633210929200174411e-01
2.669999999999716778e+01 1.048181682161293704e+00 4.268071196466203809e-01
2.679999999999715854e+01 1.088142985360314396e+00 3.914884067878429685e-01
2.689999999999714930e+01 1.126361675807635798e+00 3.575263376085708322e-01
2.699999999999713651e+01 1.162661096910641234e+00 3.250753247274110191e-01
2.709999999999712372e+01 1.196874156925400223e+00 2.942821046037213950e-01
2.719999999999711449e+01 1.228844078138986440e+00 2.652850701634410502e-01
2.729999999999710525e+01 1.258425097495226019e+00 2.382136445338411679e-01
2.739999999999709246e+01 1.285483115601640858e+00 2.131876986615539871e-01
2.749999999999707967e+01 1.309896291080744124e+00 1.903170153846130697e-01
2.759999999999707043e+01 1.331555577521931655e+00 1.697008023155689438e-01
2.769999999999706120e+01 1.350365200690490264e+00 1.514272556694557514e-01
2.779999999999704841e+01 1.366243074070381924e+00 1.355731769396484043e-01
2.789999999999703562e+01 1.379121151251322841e+00 1.222036440872542595e-01
2.799999999999702638e+01 1.388945714023950284e+00 1.113717386666512321e-01
2.809999999999701714e+01 1.395677595193610232e+00 1.031183300622383753e-01
2.819999999999700435e+01 1.399292335081361305e+00 9.747191776047425815e-02
2.829999999999699156e+01 1.399780270569690233e+00 9.444853232609083660e-02
2.839999999999698233e+01 1.397146555485411001e+00 9.405169549013793484e-02
2.849999999999697309e+01 1.391411111198771478e+00 9.627243948896271886e-02
2.859999999999696030e+01 1.382608506637149404e+00 1.010893855160147209e-01
2.869999999999694751e+01 1.370787767476232988e+00 1.084688808609684391e-01
2.879999999999693827e+01 1.356012115000561735e+00 1.183651940147190385e-01
2.889999999999692903e+01 1.338358635900154248e+00 1.307207667213473867e-01
2.899999999999691624e+01 1.317917884922070293e+00 1.454665216688876828e-01
2.909999999999690345e+01 1.294793422650503345e+00 1.625222242352501734e-01
2.919999999999689422e+01 1.269101290755893396e+00 1.817968964425586698e-01
2.929999999999688498e+01 1.240969427129571478e+00 2.031892810176342268e-01
2.939999999999687219e+01 1.210537023732605855e+00 2.265883532074602080e-01
2.949999999999685940e+01 1.177953830741339969e+00 2.518738777608993673e-01
2.959999999999685016e+01 1.143379411303836690e+00 2.789170082704074960e-01
2.969999999999684093e+01 1.106982351508739137e+00 3.075809258735252572e-01
2.979999999999682814e+01 1.068939429938776886e+00 3.377215141411584187e-01
2.989999999999681535e+01 1.029434750779840702e+00 3.691880668210794081e-01
2.999999999999680611e+01 9.886588442770840590e-01 4.018240249570021461e-01
3.009999999999679687e+01 9.468077385224732412e-01 4.354677397671749550e-01
3.019999999999678408e+01 9.040820070369431916e-01 4.699532575458710837e-01
3.029999999999677129e+01 8.606857971455381673e-01 5.051111227517639524e-01
3.039999999999676206e+01 8.168258444816507424e-01 5.407691953721717182e-01
3.049999999999675282e+01 7.727104789459362522e-01 5.767534786016678128e-01
3.059999999999674003e+01 7.285486271445390516e-01 6.128889528438711265e-01
3.069999999999672724e+01 6.845488159988052379e-01 6.490004120323961123e-01
3.079999999999671800e+01 6.409181821238052468e-01 6.849132982723776797e-01
3.089999999999670877e+01 5.978614916963735926e-01 7.204545308320011721e-01
3.099999999999669598e+01 5.555801755808804643e-01 7.554533255685608184e-01
3.109999999999668319e+01 5.142713842163237903e-01 7.897420009501016080e-01
3.119999999999667395e+01 4.741270662747735787e-01 8.231567669225690054e-01
3.129999999999666471e+01 4.353330746819206731e-01 8.555384929657340320e-01
3.139999999999665192e+01 3.980683034754186056e-01 8.867334517804243976e-01
3.149999999999663913e+01 3.625038591385565945e-01 9.165940351623271809e-01
3.159999999999662990e+01 3.288022702596773428e-01 9.449794387563319464e-01
3.169999999999662066e+01 2.971167393377356358e-01 9.717563125550089387e-01
3.179999999999660787e+01 2.675904401232946928e-01 9.967993741990028855e-01
3.189999999999659508e+01 2.403558632240390125e-01 1.019991982336271086e+00
3.199999999999658584e+01 2.155342122366018520e-01 1.041226667481006007e+00
3.209999999999657661e+01 1.932348526347576201e-01 1.060405617985541227e+00
3.219999999999656382e+01 1.735548158762856286e-01 1.077441118916490526e+00
3.229999999999655103e+01 1.565783613350151537e-01 1.092255941826333121e+00
3.239999999999653824e+01 1.423765985259483058e-01 1.104783683636175295e+00
3.249999999999653255e+01 1.310071717445745465e-01 1.114969053082967010e+00
3.259999999999651976e+01 1.225140088563290153e-01 1.122768103432761899e+00
3.269999999999650697e+01 1.169271356133719103e-01 1.128148410419991254e+00
3.279999999999650129e+01 1.142625565131559495e-01 1.131089194644805840e+00
3.289999999999648850e+01 1.145222028096585659e-01 1.131581387934669891e+00
3.299999999999647571e+01 1.176939478509306802e-01 1.129627643448753105e+00
3.309999999999646292e+01 1.237516895098863257e-01 1.125242289570157705e+00
3.319999999999645013e+01 1.326554991665595262e-01 1.118451227893435540e+00
3.329999999999644444e+01 1.443518364935232057e-01 1.109291775877373931e+00
3.339999999999643165e+01 1.587738291516733180e-01 1.097812454993033926e+00
3.349999999999641886e+01 1.758416163883392280e-01 1.084072725450169861e+00
3.359999999999641318e+01 1.954627554006430623e-01 1.068142668830924125e+00
3.369999999999640039e+01 2.175326890958232673e-01 1.050102620201092796e+00
3.379999999999638760e+01 2.419352734764732282e-01 1.030042751517190824e+00
3.389999999999637481e+01 2.685433623573545980e-01 1.008062608402633398e+00
3.399999999999636202e+01 2.972194466501275611e-01 9.842706026164532718e-01
3.409999999999635634e+01 3.278163451624983571e-01 9.587834627699701739e-01
3.419999999999634355e+01 3.601779437340531520e-01 9.317256460517517880e-01
3.429999999999633076e+01 3.941399794446743821e-01 9.032287139055247271e-01
3.439999999999632507e+01 4.295308664184129266e-01 8.734306747784547076e-01
3.449999999999631228e+01 4.661725592702776755e-01 8.424752972285636243e-01
3.459999999999629949e+01 5.038814495094230406e-01 8.105113968464201513e-01
3.469999999999628670e+01 5.424692894338366544e-01 7.776921006025306893e-01
3.479999999999627391e+01 5.817441375638257028e-01 7.441740923635155047e-01
3.489999999999626823e+01 6.215113196841266507e-01 7.101168434176611255e-01
3.499999999999625544e+01 6.615743999804346576e-01 6.756818319110767801e-01
3.509999999999624265e+01 7.017361571892679617e-01 6.410317551264824720e-01
3.519999999999623697e+01 7.417995608673378927e-01 6.063297385478317869e-01
3.529999999999622418e+01 7.815687428907325263e-01 5.717385456499619600e-01
3.539999999999621139e+01 8.208499593052313026e-01 5.374197923313340786e-01
3.549999999999619860e+01 8.594525377324729876e-01 5.035331698678666701e-01
3.559999999999618581e+01 8.971898056631062435e-01 4.702356802047710227e-01
3.569999999999618012e+01 9.338799950888537760e-01 4.376808873212938988e-01
3.579999999999616733e+01 9.693471189808204880e-01 4.060181883002861869e-01
3.589999999999615454e+01 1.003421815125661309e+00 3.753921076167471282e-01
3.599999999999614886e+01 1.035942152923290172e+00 3.459416180279549780e-01
3.609999999999613607e+01 1.066754399026279998e+00 3.177994913048133863e-01
3.619999999999612328e+01 1.095713738134850068e+00 2.910916818842605447e-01
3.629999999999611049e+01 1.122684945798889666e+00 2.659367463438260248e-01
3.639999999999609770e+01 1.147543010648379047e+00 2.424453013992026729e-01
3.649999999999609201e+01 1.170173703906535190e+00 2.207195229085096022e-01
3.659999999999607923e+01 1.190474094155788531e+00 2.008526881404709419e-01
3.669999999999606644e+01 1.208353005117193568e+00 1.829287633371766697e-01
3.679999999999606075e+01 1.223731413893282438e+00 1.670220383769515926e-01
3.689999999999604796e+01 1.236542787071097216e+00 1.531968101128129978e-01
3.699999999999603517e+01 1.246733352492947811e+00 1.415071157185630868e-01
3.709999999999602238e+01 1.254262305236748309e+00 1.319965171156656514e-01
3.719999999999600959e+01 1.259101947052000403e+00 1.246979372869391339e-01
3.729999999999600391e+01 1.261237758978863921e+00 1.196335490173509181e-01
3.739999999999599112e+01 1.260668407284276427e+00 1.168147163422761509e-01
3.749999999999597833e+01 1.257405683405357077e+00 1.162419887259043827e-01
3.759999999999597264e+01 1.251474379245304025e+00 1.179051477314878582e-01
3.769999999999595985e+01 1.242912099687834004e+00 1.217833056811014752e-01
3.779999999999594706e+01 1.231769014472110069e+00 1.278450555425702517e-01
3.789999999999593427e+01 1.218107551637687802e+00 1.360486710347494355e-01
3.799999999999592148e+01 1.202002034666156627e+00 1.463423557139067188e-01
3.809999999999591580e+01 1.183538265246917076e+00 1.586645395915976808e-01
3.819999999999590301e+01 1.162813053340866265e+00 1.729442216312810920e-01
3.829999999999589022e+01 1.139933696040970723e+00 1.891013562696635675e-01
3.839999999999588454e+01 1.115017406752965012e+00 2.070472819036086043e-01
3.849999999999587175e+01 1.088190696510186850e+00 2.266851890732711206e-01
3.859999999999585896e+01 1.059588709908031889e+00 2.479106258609398705e-01
3.869999999999584617e+01 1.029354519242479782e+00 2.706120378234675994e-01
3.879999999999583338e+01 9.976383816146336958e-01 2.946713395984001393e-01
3.889999999999582769e+01 9.645969644292673451e-01 3.199645151796881026e-01
3.899999999999581490e+01 9.303925446569479840e-01 3.463622437468992787e-01
3.909999999999580211e+01 8.951921868190656495e-01 3.737305478440389739e-01
3.919999999999579643e+01 8.591669043338638900e-01 4.019314606334455919e-01
3.929999999999578364e+01 8.224908086687082731e-01 4.308237088951453186e-01
3.939999999999577085e+01 7.853402504738458134e-01 4.602634084027706352e-01
3.949999999999575806e+01 7.478929565360282750e-01 4.901047682812058048e-01
3.959999999999574527e+01 7.103271661943888482e-01 5.202008009374842201e-01
3.969999999999573959e+01 6.728207708332862858e-01 5.504040341547752346e-01
3.979999999999572680e+01 6.355504600466252985e-01 5.805672219497548525e-01
3.989999999999571401e+01 5.986908780310111755e-01 6.105440508138115785e-01
3.999999999999570832e+01 5.624137937900948181e-01 6.401898379892955182e-01
4.009999999999569553e+01 5.268872887760978063e-01 6.693622184751246706e-01
4.019999999999568274e+01 4.922749655525786583e-01 6.979218175145737169e-01
4.029999999999566995e+01 4.587351809595161534e-01 7.257329053878505132e-01
4.039999999999565716e+01 4.264203072313431098e-01 7.526640314143138166e-01
4.049999999999565148e+01 3.954760246337788998e-01 7.785886341661625298e-01
4.059999999999563869e+01 3.660406493120516580e-01 8.033856250169810753e-01
4.069999999999562590e+01 3.382444999248856998e-01 8.269399422973645608e-01
4.079999999999562021e+01 3.122093062067609059e-01 8.491430735008248520e-01
4.089999999999560742e+01 2.880476620916675445e-01 8.698935431644372329e-01
4.099999999999559464e+01 2.658625257040320711e-01 8.890973642314318193e-01
4.109999999999558185e+01 2.457467683933263480e-01 9.066684508860519687e-01
4.119999999999556906e+01 2.277827749095568399e-01 9.225289910363808632e-01
4.129999999999556337e+01 2.120420966976526156e-01 9.366097768118774036e-01
4.139999999999555058e+01 1.985851601439485581e-01 9.488504916436820702e-01
4.149999999999553779e+01 1.874610314464990046e-01 9.591999527119211555e-01
4.159999999999553211e+01 1.787072395821299176e-01 9.676163077742603313e-01
4.169999999999551932e+01 1.723496585973709194e-01 9.740671856299617515e-01
4.179999999999550653e+01 1.684024501218883141e-01 9.785297997176373164e-01
4.189999999999549374e+01 1.668680665342829050e-01 9.809910045938899925e-01
4.199999999999548095e+01 1.677373145992626657e-01 9.814473052929495456e-01
4.209999999999547526e+01 1.709894787101634839e-01 9.799048198284427968e-01
4.219999999999546247e+01 1.765925022185649562e-01 9.763791953586661299e-01
4.229999999999544968e+01 1.845032248197085167e-01 9.708954787923056440e-01
4.239999999999544400e+01 1.946676736159165255e-01 9.634879428496998521e-01
4.249999999999543121e+01 2.070214052181729159e-01 9.541998688163776388e-01
4.259999999999541842e+01 2.214898959877013018e-01 9.430832874258501253e-01
4.269999999999540563e+01 2.379889772834465622e-01 9.301986794924153035e-01
4.279999999999539284e+01 2.564253124393530703e-01 9.156146380806653440e-01
4.289999999999538716e+01 2.766969121978287705e-01 8.994074941511485122e-01
4.299999999999537437e+01 2.986936854827845766e-01 8.816609077603841937e-01
4.309999999999536158e+01 3.222980226339555165e-01 8.624654270203061524e-01
4.319999999999535589e+01 3.473854083905819068e-01 8.419180171372923072e-01
4.329999999999534310e+01 3.738250619153927201e-01 8.201215619608215324e-01
4.339999999999533031e+01 4.014806010395678970e-01 7.971843405713306963e-01
4.349999999999531752e+01 4.302107277635547344e-01 7.732194815295246881e-01
4.359999999999530473e+01 4.598699318813656012e-01 7.483443974905990004e-01
4.369999999999529905e+01 4.903092094366242604e-01 7.226802029617523937e-01
4.379999999999528626e+01 5.213767926309685885e-01 6.963511180441380732e-01
4.389999999999527347e+01 5.529188877585710093e-01 6.694838610532052314e-01
4.399999999999526779e+01 5.847804176153804656e-01 6.422070329531501809e-01
4.409999999999525500e+01 6.168057646195214128e-01 6.146504965789486574e-01
4.419999999999524221e+01 6.488395107362905367e-01 5.869447536472883753e-01
4.429999999999522942e+01 6.807271703921738970e-01 5.592203225659606591e-01
4.439999999999521663e+01 7.123159129192344619e-01 5.316071200272700636e-01
4.449999999999521094e+01 7.434552715542872559e-01 5.042338493145503975e-01
4.459999999999519815e+01 7.739978363673375439e-01 4.772273981691309563e-01
4.469999999999518536e+01 8.037999285413045536e-01 4.507122489721673286e-01
4.479999999999517968e+01 8.327222532496353358e-01 4.248099039016628997e-01
4.489999999999516689e+01 8.606305281685052710e-01 3.996383276332668988e-01
4.499999999999515410e+01 8.873960845320787438e-01 3.753114100622202964e-01
4.509999999999514131e+01 9.128964376399513192e-01 3.519384514274012110e-01
4.519999999999512852e+01 9.370158239145179868e-01 3.296236721102757117e-01
4.529999999999512283e+01 9.596457020086339718e-01 3.084657492575993420e-01
4.539999999999511004e+01 9.806852159993595386e-01 2.885573822358208362e-01
4.549999999999509726e+01 1.000041619247165947e+00 2.699848887728271141e-01
4.559999999999509157e+01 1.017630657954701867e+00 2.528278334822001705e-01
4.569999999999507878e+01 1.033376913684796339e+00 2.371586903021777326e-01
4.579999999999506599e+01 1.047214104006698454e+00 2.230425402182103778e-01
4.589999999999505320e+01 1.059085340211142423e+00 2.105368054742002559e-01
4.599999999999504041e+01 1.068943341031431293e+00 1.996910213092491226e-01
4.609999999999503473e+01 1.076750601743786229e+00 1.905466460804495499e-01
4.619999999999502194e+01 1.082479518671560337e+00 1.831369104505396750e-01
4.629999999999500915e+01 1.086112469451220974e+00 1.774867061416715575e-01
4.639999999999500346e+01 1.087641849112845005e+00 1.736125145897987054e-01
4.649999999999499067e+01 1.087070061316146141e+00 1.715223756764071850e-01
4.659999999999497788e+01 1.084409463438424037e+00 1.712158965536963728e-01
4.669999999999496509e+01 1.079682263955696442e+00 1.726843004040296004e-01
4.679999999999495230e+01 1.072920370846691673e+00 1.759105147788048995e-01
4.689999999999494662e+01 1.064165190599149380e+00 1.808692989492641512e-01
4.699999999999493383e+01 1.053467378502999319e+00 1.875274094818159543e-01
4.709999999999492104e+01 1.040886541825918998e+00 1.958438030353332748e-01
4.719999999999491536e+01 1.026490898040726796e+00 2.057698751751091404e-01
4.729999999999490257e+01 1.010356890732008850e+00 2.172497338101415099e-01
4.739999999999488978e+01 9.925687663343055744e-01 2.302205056880166356e-01
4.749999999999487699e+01 9.732181153033472309e-01 2.446126742282551947e-01
4.759999999999486420e+01 9.524033813501292522e-01 2.603504468428733398e-01
4.769999999999485851e+01 9.302293418618512444e-01 2.773521497785369494e-01
4.779999999999484572e+01 9.068065619772149866e-01 2.955306484070748807e-01
4.789999999999483293e+01 8.822508245070662669e-01 3.147937907820799741e-01
4.799999999999482725e+01 8.566825380921355704e-01 3.350448721677852792e-01
4.809999999999481446e+01 8.302261264221004744e-01 3.561831181418464443e-01
4.819999999999480167e+01 8.030094017800769590e-01 3.781041837864443367e-01
4.829999999999478888e+01 7.751629264426080912e-01 4.007006664194221468e-01
4.839999999999477609e+01 7.468193654563651807e-01 4.238626292776244697e-01
4.849999999999477041e+01 7.181128341634193113e-01 4.474781335394054649e-01
4.859999999999475762e+01 6.891782438295593893e-01 4.714337760574445202e-01
4.869999999999474483e+01 6.601506489096353736e-01 4.956152301675552097e-01
4.879999999999473914e+01 6.311645996456680674e-01 5.199077869513698547e-01
4.889999999999472635e+01 6.023535036016384181e-01 5.441968943617826460e-01
4.899999999999471356e+01 5.738489993833160163e-01 5.683686916634169695e-01
4.909999999999470077e+01 5.457803453480138955e-01 5.923105366854520826e-01
4.919999999999468798e+01 5.182738258004359055e-01 6.159115234247928283e-01
4.929999999999468230e+01 4.914521771527624039e-01 6.390629875758636613e-01
4.939999999999466951e+01 4.654340367830501757e-01 6.616589976129687578e-01
4.949999999999465672e+01 4.403334176603376227e-01 6.835968291282592535e-01
4.959999999999465103e+01 4.162592119700709858e-01 7.047774202478755967e-01
4.969999999999463824e+01 3.933147268071646163e-01 7.251058061102414465e-01
4.979999999999462545e+01 3.715972544757912832e-01 7.444915305803267991e-01
4.989999999999461266e+01 3.511976791401712483e-01 7.628490335671916922e-01
