1.000000000000000000e+00 2.000000000000000000e+00 0.000000000000000000e+00
1.099999999999988987e+00 1.997600966612188333e+00 1.999200209302706699e-03
1.199999999999977973e+00 1.990415460491402166e+00 7.987208596499033308e-03
1.299999999999966960e+00 1.978478214445340111e+00 1.793529497193573422e-02
1.399999999999955946e+00 1.961846941318260207e+00 3.179573061035013276e-02
1.499999999999944933e+00 1.940602059564896953e+00 4.950201993754570207e-02
1.599999999999933920e+00 1.914846304050236814e+00 7.096922341288292024e-02
1.699999999999922906e+00 1.884704224016430452e+00 9.609437005969694023e-02
1.799999999999911893e+00 1.850321570882417666e+00 1.247569576338840580e-01
1.899999999999900879e+00 1.811864579220132665e+00 1.568195379710605464e-01
1.999999999999889866e+00 1.769519144874526440e+00 1.921283846178813981e-01
2.099999999999878852e+00 1.723489904759926583e+00 2.305142394358957736e-01
2.199999999999867839e+00 1.673999223371253953e+00 2.717931344691071893e-01
2.299999999999856826e+00 1.621286091503049809e+00 3.157672849907783297e-01
2.399999999999845812e+00 1.565604943073250155e+00 3.622260492929519904e-01
2.499999999999834799e+00 1.507224396308954217e+00 4.109469504545503193e-01
2.599999999999823785e+00 1.446425925872252494e+00 4.616967550224381212e-01
2.699999999999812772e+00 1.383502472783826320e+00 5.142326032648301126e-01
2.799999999999801759e+00 1.318756999250133344e+00 5.683031854095887958e-01
2.899999999999790745e+00 1.252500995710647214e+00 6.236499580609632387e-01
2.999999999999779732e+00 1.185052947606017426e+00 6.800083947991854005e-01
3.099999999999768718e+00 1.116736769518738903e+00 7.371092648067855135e-01
3.199999999999757705e+00 1.047880214464790960e+00 7.946799332363299051e-01
3.299999999999746692e+00 9.788132662109854110e-01 8.524456769346318019e-01
3.399999999999735678e+00 9.098665225631911158e-01 9.101310090708714107e-01
3.499999999999724665e+00 8.413695776100538204e-01 9.674610061790669402e-01
3.599999999999713651e+00 7.736494109137502795e-01 1.024162631121400047e+00
3.699999999999702638e+00 7.070287916107568238e-01 1.079966045505523553e+00
3.799999999999691624e+00 6.418247053167157601e-01 1.134605905149129290e+00
3.899999999999680611e+00 5.783468116183381191e-01 1.187822632276632318e+00
3.999999999999669598e+00 5.168959397802262989e-01 1.239363658255657752e+00
4.099999999999658584e+00 4.577626300948618998e-01 1.288984630835933398e+00
4.199999999999647571e+00 4.012257280605624477e-01 1.336450580037283675e+00
4.299999999999636557e+00 3.475510382870191650e-01 1.381537037047352978e+00
4.399999999999625544e+00 2.969900447031496582e-01 1.424031100731216526e+00
4.499999999999614531e+00 2.497787032813499897e-01 1.463732446622880490e+00
4.599999999999603517e+00 2.061363131006317684e-01 1.500454273561248941e+00
4.699999999999592504e+00 1.662644711537560605e-01 1.534024183448369660e+00
4.799999999999581490e+00 1.303461158662868324e-01 1.564284989944415116e+00
4.899999999999570477e+00 9.854466384347664032e-02 1.591095452268301180e+00
4.999999999999559464e+00 7.100324389721075768e-02 1.614330930646196594e+00
5.099999999999548450e+00 4.784403193133462961e-02 1.633883960338480490e+00
5.199999999999537437e+00 2.916768977903281407e-02 1.649664741576691185e+00
5.299999999999526423e+00 1.505291058883391139e-02 1.661601543158061522e+00
5.399999999999515410e+00 5.556072845052115530e-03 1.669641017869470723e+00
5.499999999999504396e+00 7.110045837868057871e-04 1.673748428347463957e+00
5.599999999999493383e+00 5.288588288370994284e-04 1.673907782420787305e+00
5.699999999999482370e+00 4.998100726272870949e-03 1.670121877428521806e+00
5.799999999999471356e+00 1.408460630585566149e-02 1.662412253453032118e+00
5.899999999999460343e+00 2.773187224531402026e-02 1.650819055856111550e+00
5.999999999999449329e+00 4.586133546160640895e-02 1.635400807950360802e+00
6.099999999999438316e+00 6.837280080240167035e-02 1.616234095080511413e+00
6.199999999999427303e+00 9.514497456133592934e-02 1.593413161824450253e+00
6.299999999999416289e+00 1.260361009934370391e-01 1.567049424449209694e+00
6.399999999999405276e+00 1.608846984655891432e-01 1.537270901175797899e+00
6.499999999999394262e+00 1.995103913468998236e-01 1.504221563208948620e+00
6.599999999999383249e+00 2.417148332326129467e-01 1.468060609877051670e+00
6.699999999999372235e+00 2.872827166109268582e-01 1.428961671598490302e+00
6.799999999999361222e+00 3.359828636320612572e-01 1.387111944740600400e+00
6.899999999999350209e+00 3.875693922283224846e-01 1.342711262766485669e+00
6.999999999999339195e+00 4.417829514660963630e-01 1.295971108368673796e+00
7.099999999999328182e+00 4.983520196863754359e-01 1.247113571567192603e+00
7.199999999999317168e+00 5.569942587094848241e-01 1.196370259000629988e+00
7.299999999999306155e+00 6.174179171397018440e-01 1.143981159862666797e+00
7.399999999999295142e+00 6.793232756057016042e-01 1.090193474131559093e+00
7.499999999999284128e+00 7.424041266097738401e-01 1.035260408904803642e+00
7.599999999999273115e+00 8.063492815320838503e-01 9.794399487882015087e-01
7.699999999999262101e+00 8.708440972457257567e-01 9.229936063939608859e-01
7.799999999999251088e+00 9.355720147436535905e-01 8.661851590783266053e-01
7.899999999999240075e+00 1.000216102163288712e+00 8.092793780948873694e-01
7.999999999999229061e+00 1.064460594619664358e+00 7.525407563541769429e-01
8.099999999999218048e+00 1.127992423324639892e+00 6.962322409649627231e-01
8.199999999999207034e+00 1.190502726577097548e+00 6.406139766864039631e-01
8.299999999999196021e+00 1.251688335354113946e+00 5.859420663447937327e-01
8.399999999999185007e+00 1.311253226411626116e+00 5.324673541639861618e-01
8.499999999999173994e+00 1.368909936008658290e+00 4.804342378255700985e-01
8.599999999999162981e+00 1.424380927599658841e+00 4.300795149148633478e-01
8.699999999999151967e+00 1.477399907089970155e+00 3.816312692227410430e-01
8.799999999999140954e+00 1.527713079519687378e+00 3.353078021620263804e-01
8.899999999999129940e+00 1.575080341332703915e+00 2.913166143223208104e-01
8.999999999999118927e+00 1.619276402700707829e+00 2.498534419290645847e-01
9.099999999999107914e+00 1.660091834707923208e+00 2.111013526931738438e-01
9.199999999999096900e+00 1.697334036563093562e+00 1.752299052375310695e-01
9.299999999999085887e+00 1.730828118389269976e+00 1.423943759671633391e-01
9.399999999999074873e+00 1.760417695552058515e+00 1.127350569130089325e-01
9.499999999999063860e+00 1.785965590917488077e+00 8.637662772560508739e-02
9.599999999999052847e+00 1.807354441886140251e+00 6.342760462707054681e-02
9.699999999999041833e+00 1.824487209524364051e+00 4.397986874869630469e-02
9.799999999999030820e+00 1.837287587604903294e+00 2.810827588957274387e-02
9.899999999999019806e+00 1.845700309875844880e+00 1.587034933066250667e-02
9.999999999999008793e+00 1.849691354392885678e+00 7.306056930830698119e-03
1.009999999999899778e+01 1.849248044270878744e+00 2.437673318680988726e-03
1.019999999999898677e+01 1.844379044734502315e+00 1.269727578726090930e-03
1.029999999999897575e+01 1.835114256866701155e+00 3.789036414709638124e-03
1.039999999999896474e+01 1.821504608966650229e+00 9.964822358878043518e-03
1.049999999999895373e+01 1.803621746930245573e+00 1.974891618581822023e-02
1.059999999999894271e+01 1.781557625554104796e+00 3.307604228515358818e-02
1.069999999999893170e+01 1.755424003135330979e+00 4.986418535089096049e-02
1.079999999999892069e+01 1.725351842193303620e+00 7.001503635842334927e-02
1.089999999999890967e+01 1.691490619575260146e+00 9.341451542485341986e-02
1.099999999999889866e+01 1.654007549621934858e+00 1.199333687862123299e-01
1.109999999999888765e+01 1.613086724463574262e+00 1.494278367777799044e-01
1.119999999999887663e+01 1.568928175889442000e+00 1.817403893726558806e-01
1.129999999999886562e+01 1.521746863585045739e+00 2.167005255204372816e-01
1.139999999999885461e+01 1.471771594863147126e+00 2.541256322335994633e-01
1.149999999999884359e+01 1.419243881325396472e+00 2.938218990953155862e-01
1.159999999999883258e+01 1.364416738183158007e+00 3.355852836104589176e-01
1.169999999999882156e+01 1.307553432231493673e+00 3.792025225921717424e-01
1.179999999999881055e+01 1.248926184708620379e+00 4.244521845716223707e-01
1.189999999999879954e+01 1.188814835475202392e+00 4.711057580385652477e-01
1.199999999999878852e+01 1.127505475112663635e+00 5.189287701665513675e-01
1.209999999999877751e+01 1.065289051661488795e+00 5.676819305496146884e-01
1.219999999999876650e+01 1.002459958802110807e+00 6.171222943768390756e-01
1.229999999999875548e+01 9.393146123241460366e-01 6.670044393983743936e-01
1.239999999999874447e+01 8.761500217389622813e-01 7.170816509904111014e-01
1.249999999999873346e+01 8.132623638706653058e-01 7.671071096079015161e-01
1.259999999999872244e+01 7.509455652160487160e-01 8.168350749217034856e-01
1.269999999999871143e+01 6.894898997955430930e-01 8.660220609714777140e-01
1.279999999999870042e+01 6.291806091265156331e-01 9.144279967272670451e-01
1.289999999999868940e+01 5.702965508334948419e-01 9.618173665399725181e-01
1.299999999999867839e+01 5.131088822669582772e-01 1.007960325075106134e+00
1.309999999999866738e+01 4.578797853272231211e-01 1.052633781463210516e+00
1.319999999999865636e+01 4.048612384842109058e-01 1.095622447565526514e+00
1.329999999999864535e+01 3.542938417439204790e-01 1.136719845441647614e+00
1.339999999999863434e+01 3.064057000407320319e-01 1.175729269318593895e+00
1.349999999999862332e+01 2.614113702329455280e-01 1.212464697594639818e+00
1.359999999999861231e+01 2.195108765499822756e-01 1.246751650666573896e+00
1.369999999999860130e+01 1.808887989883415648e-01 1.278427990642909462e+00
1.379999999999859028e+01 1.457134387824284838e-01 1.307344659298032452e+00
1.389999999999857927e+01 1.141360646899488712e-01 1.333366350930160538e+00
1.399999999999856826e+01 8.629024343125422936e-02 1.356372117109824194e+00
1.409999999999855724e+01 6.229125720925182685e-02 1.376255900640926955e+00
1.419999999999854623e+01 4.223561081247581561e-02 1.392926996405263740e+00
1.429999999999853522e+01 2.620063036939521833e-02 1.406310437118737156e+00
1.439999999999852420e+01 1.424415537905728002e-02 1.416347302394445284e+00
1.449999999999851319e+01 6.404325193469923017e-03 1.422994949880021620e+00
1.459999999999850218e+01 2.699460673393380434e-03 1.426227167614110947e+00
1.469999999999849116e+01 3.128041283423851036e-03 1.426034247127867527e+00
1.479999999999848015e+01 7.668777436740707720e-03 1.422422977198061211e+00
1.489999999999846914e+01 1.628077744671817609e-02 1.415416558539144276e+00
1.499999999999845812e+01 2.890380799405278464e-02 1.405054440100159896e+00
1.509999999999844711e+01 4.545864657651003948e-02 1.391392078005755595e+00
1.519999999999843610e+01 6.584752397623687414e-02 1.374500618547921826e+00
1.529999999999842508e+01 8.995465435891569772e-02 1.354466506995332331e+00
1.539999999999841407e+01 1.176468502115257803e-01 1.331391024336657125e+00
1.549999999999840306e+01 1.487742189320411801e-01 1.305389754413631254e+00
1.559999999999839204e+01 1.831709375054935696e-01 1.276591984225708076e+00
1.569999999999838103e+01 2.206561013367353552e-01 1.245140040500521739e+00
1.579999999999837001e+01 2.610346429614694985e-01 1.211188565921336613e+00
1.589999999999835900e+01 3.040983160251373718e-01 1.174903738682833154e+00
1.599999999999834799e+01 3.496267396064268174e-01 1.136462439308737471e+00
1.609999999999833875e+01 3.973884976712468431e-01 1.096051368907714707e+00
1.619999999999832596e+01 4.471422881776996316e-01 1.053866123265686072e+00
1.629999999999831317e+01 4.986381161149945340e-01 1.010110227373875791e+00
1.639999999999830393e+01 5.516185245518832048e-01 9.649941351682747026e-01
1.649999999999829470e+01 6.058198575937542296e-01 9.187341994108297882e-01
1.659999999999828191e+01 6.609735490026461546e-01 8.715516167712441531e-01
1.669999999999826912e+01 7.168074301206185384e-01 8.236713532722393927e-01
1.679999999999825988e+01 7.730470506546340825e-01 7.753210553399796368e-01
1.689999999999825064e+01 8.294170058291450154e-01 7.267299517534200337e-01
1.699999999999823785e+01 8.856422633923614063e-01 6.781277518133349558e-01
1.709999999999822506e+01 9.414494839722756803e-01 6.297435450518195088e-01
1.719999999999821583e+01 9.965683283205388765e-01 5.818047077776337117e-01
1.729999999999820659e+01 1.050732745056438322e+00 5.345358217008421287e-01
1.739999999999819380e+01 1.103682232631108873e+00 4.881576098029892230e-01
1.749999999999818101e+01 1.155163069373676965e+00 4.428858945159220295e-01
1.759999999999817177e+01 1.204929505659335875e+00 3.989305831448113904e-01
1.769999999999816254e+01 1.252744912451879244e+00 3.564946853186475306e-01
1.779999999999814975e+01 1.298382880721984600e+00 3.157733670760846101e-01
1.789999999999813696e+01 1.341628266525325630e+00 2.769530459962883384e-01
1.799999999999812772e+01 1.382278176840196160e+00 2.402105315650276407e-01
1.809999999999811848e+01 1.420142891608809244e+00 2.057122147268439782e-01
1.819999999999810569e+01 1.455046717797029876e+00 1.736133103159796798e-01
1.829999999999809290e+01 1.486828771674063798e+00 1.440571557836378691e-01
1.839999999999808367e+01 1.515343685915107486e+00 1.171745693490956058e-01
1.849999999999807443e+01 1.540462238536346451e+00 9.308327039825506355e-02
1.859999999999806164e+01 1.562071901082106917e+00 7.188736463794304088e-02
1.869999999999804885e+01 1.580077303897588159e+00 5.367689618887170472e-02
1.879999999999803961e+01 1.594400616736852072e+00 3.852746846653405666e-02
1.889999999999803038e+01 1.604981843376484640e+00 2.649993535908079165e-02
1.899999999999801759e+01 1.611779029329297286e+00 1.764016386590285673e-02
1.909999999999800480e+01 1.614768382179472050e+00 1.197886901210135080e-02
1.919999999999799556e+01 1.613944304485330772e+00 9.531521503711457358e-03
1.929999999999798632e+01 1.609319339617782951e+00 1.029832823833197984e-02
1.939999999999797353e+01 1.600924031315427598e+00 1.426428543725465764e-02
1.949999999999796074e+01 1.588806698141048024e+00 2.139930382001314912e-02
1.959999999999795151e+01 1.573033124415150752e+00 3.165840490203586377e-02
1.969999999999794227e+01 1.553686169578794019e+00 4.498198716235912720e-02
1.979999999999792948e+01 1.530865298302378275e+00 6.129616050257184756e-02
1.989999999999791669e+01 1.504686034004372397e+00 8.051314710173287925e-02
1.999999999999790745e+01 1.475279338778542559e+00 1.025317464662582750e-01
2.009999999999789821e+01 1.442790923047089002e+00 1.272378621799201692e-01
2.019999999999788542e+01 1.407380488562517185e+00 1.545050875784414746e-01
2.029999999999787264e+01 1.369220908671657799e+00 1.841953473067824143e-01
2.039999999999786340e+01 1.328497350034336444e+00 2.161595914663206885e-01
2.049999999999785416e+01 1.285406340251215029e+00 2.502385388248649645e-01
2.059999999999784137e+01 1.240154786103733420e+00 2.862634653458990819e-01
2.069999999999782858e+01 1.192958947336062003e+00 3.240570340958340290e-01
2.079999999999781934e+01 1.144043371113652841e+00 3.634341624102438995e-01
2.089999999999781011e+01 1.093639792468370509e+00 4.042029220431608838e-01
2.099999999999779732e+01 1.041986006183196922e+00 4.461654678881451508e-01
2.109999999999778453e+01 9.893247156785139884e-01 4.891189907466051978e-01
2.119999999999777529e+01 9.359023645344681785e-01 5.328566895281457994e-01
2.129999999999776605e+01 8.819679563252733612e-01 5.771687581996371996e-01
2.139999999999775326e+01 8.277718684515043002e-01 6.218433827544166403e-01
2.149999999999774047e+01 7.735646656406416355e-01 6.666677434500428712e-01
2.159999999999773124e+01 7.195959187456033579e-01 7.114290175631942104e-01
2.169999999999772200e+01 6.661130344075221199e-01 7.559153779321009514e-01
2.179999999999770921e+01 6.133601010630284067e-01 7.999169826012660911e-01
2.189999999999769642e+01 5.615767566671194810e-01 8.432269509496314042e-01
2.199999999999768718e+01 5.109970833704436943e-01 8.856423217703943696e-01
2.209999999999767795e+01 4.618485342332542265e-01 9.269649888801532178e-01
2.219999999999766516e+01 4.143508968773904622e-01 9.670026099636339634e-01
2.229999999999765237e+01 3.687152987725079156e-01 1.005569484509523770e+00
2.239999999999764313e+01 3.251432586251382650e-01 1.042487396860670934e+00
2.249999999999763389e+01 2.838257880908484077e-01 1.077586420587931970e+00
2.259999999999762110e+01 2.449425477633344062e-01 1.110705680599222145e+00
2.269999999999760831e+01 2.086610611120156555e-01 1.141694069614533680e+00
2.279999999999759908e+01 1.751359897423292178e-01 1.170410915870736313e+00
2.289999999999758984e+01 1.445084730405575557e-01 1.196726599167313054e+00
2.299999999999757705e+01 1.169055349373512298e-01 1.220523112624388284e+00
2.309999999999756426e+01 9.243956018015467291e-02 1.241694567795247783e+00
2.319999999999755502e+01 7.120784214551917346e-02 1.260147641057272283e+00
2.329999999999754579e+01 5.329220384908122526e-02 1.275801959495049376e+00
2.339999999999753300e+01 3.875869342762137959e-02 1.288590424785798438e+00
2.349999999999752021e+01 2.765735497854015026e-02 1.298459473898902594e+00
2.359999999999751097e+01 2.002207525339710567e-02 1.305369275726214973e+00
2.369999999999750173e+01 1.587050631966384004e-02 1.309293863064833863e+00
2.379999999999748894e+01 1.520406393393024594e-02 1.310221199680033477e+00
2.389999999999747615e+01 1.800800101417610044e-02 1.308153182477872267e+00
2.399999999999746692e+01 2.425155526005411122e-02 1.303105579117029622e+00
2.409999999999745768e+01 3.388816964821345784e-02 1.295107901683147267e+00
2.419999999999744489e+01 4.685578422309241708e-02 1.284203217337740899e+00
2.429999999999743210e+01 6.307719731046325384e-02 1.270447897135255300e+00
2.439999999999742286e+01 8.246049399988285289e-02 1.253911304476361899e+00
2.449999999999741362e+01 1.048995394723356428e-01 1.234675424930285592e+00
2.459999999999740083e+01 1.302745344911409031e-01 1.212834439415754861e+00
2.469999999999738804e+01 1.584526301288333716e-01 1.188494242974838189e+00
2.479999999999737881e+01 1.892885985720859643e-01 1.161771911607913044e+00
2.489999999999736957e+01 2.226255566331923896e-01 1.132795119859621336e+00
2.499999999999735678e+01 2.582957384024369696e-01 1.101701512052331244e+00
2.509999999999734399e+01 2.961213133020546007e-01 1.068638030257704763e+00
2.519999999999733475e+01 3.359152456501366402e-01 1.033760202274318418e+00
2.529999999999732552e+01 3.774821917101555124e-01 9.972313930418291728e-01
2.539999999999731273e+01 4.206194300863629332e-01 9.592220230680531534e-01
2.549999999999729994e+01 4.651178212235632103e-01 9.199087575756178525e-01
2.559999999999729070e+01 5.107627916781595223e-01 8.794736701876706420e-01
2.569999999999728146e+01 5.573353387434374362e-01 8.381033850694156184e-01
2.579999999999726867e+01 6.046130509341821613e-01 7.959882015223157525e-01
2.589999999999725588e+01 6.523711397654226030e-01 7.533212050909418034e-01
2.599999999999724665e+01 7.003834781989477509e-01 7.102973692886448420e-01
2.609999999999723741e+01 7.484236410842927123e-01 6.671126520766244017e-01
2.619999999999722462e+01 7.962659428915354054e-01 6.239630912412816865e-01
2.629999999999721183e+01 8.436864680272772032e-01 5.810439028068575817e-01
2.639999999999720259e+01 8.904640890447297341e-01 5.385485865933608007e-01
2.649999999999719336e+01 9.363814681068597379e-01 4.966680429843108868e-01
2.659999999999718057e+01 9.812260371373149326e-01 4.555897049037869739e-01
2.669999999999716778e+01 1.024790952196497740e+00 4.154966889192487911e-01
2.679999999999715854e+01 1.066876017748730199e+00 3.765669692844585970e-01
2.689999999999714930e+01 1.107288576638848943e+00 3.389725786175622479e-01
2.699999999999713651e+01 1.145844361774028153e+00 3.028788387719681952e-01
2.709999999999712372e+01 1.182368305710085776e+00 2.684436253045892062e-01
2.719999999999711449e+01 1.216695304573263359e+00 2.358166687765172187e-01
2.729999999999710525e+01 1.248670933007439032e+00 2.051388959369830067e-01
2.739999999999709246e+01 1.278152107124429282e+00 1.765418136436521512e-01
2.749999999999707967e+01 1.305007692742406578e+00 1.501469381617425713e-01
2.759999999999707043e+01 1.329119056519795672e+00 1.260652722630573319e-01
2.769999999999706120e+01 1.350380557917199909e+00 1.043968323149802591e-01
2.779999999999704841e+01 1.368699980237868985e+00 8.523022731087533110e-02
2.789999999999703562e+01 1.383998899299659913e+00 6.864229154830644997e-02
2.799999999999702638e+01 1.396212988573723335e+00 5.469777241188622519e-02
2.809999999999701714e+01 1.405292259885968287e+00 4.344907446433050879e-02
2.819999999999700435e+01 1.411201239019773901e+00 3.493606079371111561e-02
2.829999999999699156e+01 1.413919075789870528e+00 2.918591230754424490e-02
2.839999999999698233e+01 1.413439588381334877e+00 2.621304540615449624e-02
2.849999999999697309e+01 1.409771241972519240e+00 2.601908820908869352e-02
2.859999999999696030e+01 1.402937061891703419e+00 2.859291525000459688e-02
2.869999999999694751e+01 1.392974481794069019e+00 3.391074029793738481e-02
2.879999999999693827e+01 1.379935127593080679e+00 4.193626670691712882e-02
2.889999999999692903e+01 1.363884538134420232e+00 5.262089444235512614e-02
2.899999999999691624e+01 1.344901823860712664e+00 6.590398268235168888e-02
2.909999999999690345e+01 1.323079264979972747e+00 8.171316664604676150e-02
2.919999999999689422e+01 1.298521850915937081e+00 9.996472706038056488e-02
2.929999999999688498e+01 1.271346763085775544e+00 1.205640104423227887e-01
2.939999999999687219e+01 1.241682803313955752e+00 1.434058981467148663e-01
2.949999999999685940e+01 1.209669770452127757e+00 1.683753219116972955e-01
2.959999999999685016e+01 1.175457788026819106e+00 1.953478234252883916e-01
2.969999999999684093e+01 1.139206585979186670e+00 2.241901552391229180e-01
2.979999999999682814e+01 1.101084739790044065e+00 2.547609201697962344e-01
2.989999999999681535e+01 1.061268870498272676e+00 2.869112461556177496e-01
2.999999999999680611e+01 1.019942809320457222e+00 3.204854933777798176e-01
3.009999999999679687e+01 9.772967307637283607e-01 3.553219903109707256e-01
3.019999999999678408e+01 9.335262582902716932e-01 3.912537952400175767e-01
3.029999999999677129e+01 8.888315467395612179e-01 4.281094796669772107e-01
3.039999999999676206e+01 8.434163458394420276e-01 4.657139299384888687e-01
3.049999999999675282e+01 7.974870492367058805e-01 5.038891633453358443e-01
3.059999999999674003e+01 7.512517335495625392e-01 5.424551548875053975e-01
3.069999999999672724e+01 7.049191919875581469e-01 5.812306708567650526e-01
3.079999999999671800e+01 6.586979670984831614e-01 6.200341053667146607e-01
3.089999999999670877e+01 6.127953871892466431e-01 6.586843159562663086e-01
3.099999999999669598e+01 5.674166109292161364e-01 6.970014544069400575e-01
3.109999999999668319e+01 5.227636845835690327e-01 7.348077889470971957e-01
3.119999999999667395e+01 4.790346162421957321e-01 7.719285140663086908e-01
3.129999999999666471e+01 4.364224713089029928e-01 8.081925442308907082e-01
3.139999999999665192e+01 3.951144933976788454e-01 8.434332878761809926e-01
3.149999999999663913e+01 3.552912546493309787e-01 8.774893981516951325e-01
3.159999999999662990e+01 3.171258393342464843e-01 9.102054970123045763e-01
3.169999999999662066e+01 2.807830644465550418e-01 9.414328693799038916e-01
3.179999999999660787e+01 2.464187408220979147e-01 9.710301242463857951e-01
3.189999999999659508e+01 2.141789781286986272e-01 9.988638197489261294e-01
3.199999999999658584e+01 1.841995368821551515e-01 1.024809049421047114e+00
3.209999999999657661e+01 1.566052304357865577e-01 1.048749987009499174e+00
3.219999999999656382e+01 1.315093796752190847e-01 1.070580387443321513e+00
3.229999999999655103e+01 1.090133229223956557e-01 1.090204041750825192e+00
3.239999999999653824e+01 8.920598331230782108e-02 1.107535183938928913e+00
3.249999999999653255e+01 7.216349565032520452e-02 1.122498848078166356e+00
3.259999999999651976e+01 5.794889448542878824e-02 1.135031174075009863e+00
3.269999999999650697e+01 4.661186484367851879e-02 1.145079660858664194e+00
3.279999999999650129e+01 3.818855675704640323e-02 1.152603365963135174e+00
3.289999999999648850e+01 3.270146439746481754e-02 1.157573050743073706e+00
3.299999999999647571e+01 3.015937028832435529e-02 1.159971270725221881e+00
3.309999999999646292e+01 3.055735472107137807e-02 1.159792410861441692e+00
3.319999999999645013e+01 3.387687015823585140e-02 1.157042665715603214e+00
3.329999999999644444e+01 4.008588006112884933e-02 1.151739964880168277e+00
3.339999999999643165e+01 4.913906124392285191e-02 1.143913844181533523e+00
3.349999999999641886e+01 6.097806852773268727e-02 1.133605263490566673e+00
3.359999999999641318e+01 7.553186014943155668e-02 1.120866372208270123e+00
3.369999999999640039e+01 9.271708207047009431e-02 1.105760223743400550e+00
3.379999999999638760e+01 1.124385090316244173e-01 1.088360440537966101e+00
3.389999999999637481e+01 1.345895399122032099e-01 1.068750831426967363e+00
3.399999999999636202e+01 1.590527446795383382e-01 1.047024963339598269e+00
3.409999999999635634e+01 1.857004599604752670e-01 1.023285689557860367e+00
3.419999999999634355e+01 2.143954300350062736e-01 9.976446369452552920e-01
3.429999999999633076e+01 2.449914898465257451e-01 9.702216547413261560e-01
3.439999999999632507e+01 2.773342864459636958e-01 9.411442276853346778e-01
3.449999999999631228e+01 3.112620351389249751e-01 9.105468563858035713e-01
3.459999999999629949e+01 3.466063064850138375e-01 8.785704079887036722e-01
3.469999999999628670e+01 3.831928402043280335e-01 8.453614403179281478e-01
3.479999999999627391e+01 4.208423819741625160e-01 8.110715027654914477e-01
3.489999999999626823e+01 4.593715390447494773e-01 7.758564172964432792e-01
3.499999999999625544e+01 4.985936505640575778e-01 7.398755430049352988e-01
3.509999999999624265e+01 5.383196684753677186e-01 7.032910277126909193e-01
3.519999999999623697e+01 5.783590448377401438e-01 6.662670501401445344e-01
3.529999999999622418e+01 6.185206214198805119e-01 6.289690562030776366e-01
3.539999999999621139e+01 6.586135174339576848e-01 5.915629929941785825e-01
3.549999999999619860e+01 6.984480113096758203e-01 5.542145439991076339e-01
3.559999999999618581e+01 7.378364124618400632e-01 5.170883690708300007e-01
3.569999999999618012e+01 7.765939190773762935e-01 4.803473526442483266e-01
3.579999999999616733e+01 8.145394580409235363e-01 4.441518636155376565e-01
3.589999999999615454e+01 8.514965032302599379e-01 4.086590302377445250e-01
3.599999999999614886e+01 8.872938685446338791e-01 3.740220332963479777e-01
3.609999999999613607e+01 9.217664721767007130e-01 3.403894207262075366e-01
3.619999999999612328e+01 9.547560688012507457e-01 3.079044467154444242e-01
3.629999999999611049e+01 9.861119465274940099e-01 2.767044382124550506e-01
3.639999999999609770e+01 1.015691585644199701e+00 2.469201916109662887e-01
3.649999999999609201e+01 1.043361276376958191e+00 2.186754022348879889e-01
3.659999999999607923e+01 1.068996693075365823e+00 1.920861290808361099e-01
3.669999999999606644e+01 1.092483422455466702e+00 1.672602971022060514e-01
3.679999999999606075e+01 1.113717443743145630e+00 1.442972391354060135e-01
3.689999999999604796e+01 1.132605558796383249e+00 1.232872793769601988e-01
3.699999999999603517e+01 1.149065770529072772e+00 1.043113601208262992e-01
3.709999999999602238e+01 1.163027608212186648e+00 8.744071325906023484e-02
3.719999999999600959e+01 1.174432398485347306e+00 7.273657783729145510e-02
3.729999999999600391e+01 1.183233481167537571e+00 6.024996474023519566e-02
3.739999999999599112e+01 1.189396369205953707e+00 5.002146936276263139e-02
3.749999999999597833e+01 1.192898852346496508e+00 4.208113289999725060e-02
3.759999999999597264e+01 1.193731044347117631e+00 3.644835266635157445e-02
3.769999999999595985e+01 1.191895373791987511e+00 3.313184162923491632e-02
3.779999999999594706e+01 1.187406518802178734e+00 3.212963711924306937e-02
3.789999999999593427e+01 1.180291286181646804e+00 3.342915845576629325e-02
3.799999999999592148e+01 1.170588435785002712e+00 3.700731300604779422e-02
3.809999999999591580e+01 1.158348451144157076e+00 4.283064997776113436e-02
3.819999999999590301e+01 1.143633257639833811e+00 5.085556103115927012e-02
3.829999999999589022e+01 1.126515889745753896e+00 6.102852658790817314e-02
3.839999999999588454e+01 1.107080109102000609e+00 7.328640651080398083e-02
3.849999999999587175e+01 1.085419975388675740e+00 8.755677363278532854e-02
3.859999999999585896e+01 1.061639372166659490e+00 1.037582884257182980e-01
3.869999999999584617e+01 1.035851490032712929e+00 1.218011129203171589e-01
3.879999999999583338e+01 1.008178269600104260e+00 1.415873618186654082e-01
3.889999999999582769e+01 9.787498069687184943e-01 1.630115885809337029e-01
3.899999999999581490e+01 9.477037244910737623e-01 1.859613041183603710e-01
3.909999999999580211e+01 9.151845097769487625e-01 2.103175255859938697e-01
3.919999999999579643e+01 8.813428260102594836e-01 2.359553526415576752e-01
3.929999999999578364e+01 8.463347967772479885e-01 2.627445684215949373e-01
3.939999999999577085e+01 8.103212687242020706e-01 2.905502623835339304e-01
3.949999999999575806e+01 7.734670554699708545e-01 3.192334720728337571e-01
3.959999999999574527e+01 7.359401662931783772e-01 3.486518407988388191e-01
3.969999999999573959e+01 6.979110231885481408e-01 3.786602881414669608e-01
3.979999999999572680e+01 6.595516699400437721e-01 4.091116901642313786e-01
3.989999999999571401e+01 6.210349768881843202e-01 4.398575661772772261e-01
3.999999999999570832e+01 5.825338450721190275e-01 4.707487688773756007e-01
4.009999999999569553e+01 5.442204134069303922e-01 5.016361746899652418e-01
4.019999999999568274e+01 5.062652725125389441e-01 5.323713711515032365e-01
4.029999999999566995e+01 4.688366887481630330e-01 5.628073381976433920e-01
4.039999999999565716e+01 4.320998419267000901e-01 5.927991202645093161e-01
4.049999999999565148e+01 3.962160800920158654e-01 6.222044861653990289e-01
4.059999999999563869e+01 3.613421946389787087e-01 6.508845737737288806e-01
4.069999999999562590e+01 3.276297189438803770e-01 6.787045166240908145e-01
4.079999999999562021e+01 2.952242535499034481e-01 7.055340496370110515e-01
4.089999999999560742e+01 2.642648208196877180e-01 7.312480912778202002e-01
4.099999999999559464e+01 2.348832518238208322e-01 7.557272995769082069e-01
4.109999999999558185e+01 2.072036080822632076e-01 7.788585995654641048e-01
4.119999999999556906e+01 1.813416406164442274e-01 8.005356798174558808e-01
4.129999999999556337e+01 1.574042886055931345e-01 8.206594559356727991e-01
4.139999999999555058e+01 1.354892197734235415e-01 8.391384989734873567e-01
4.149999999999553779e+01 1.156844144602386382e-01 8.558894269481513994e-01
4.159999999999553211e+01 9.806779516026005450e-02 8.708372577719811769e-01
4.169999999999551932e+01 8.270690312092054963e-02 8.839157221063577152e-01
4.179999999999550653e+01 6.965862340775343109e-02 8.950675348290351163e-01
4.189999999999549374e+01 5.896895963249376704e-02 9.042446239971210220e-01
4.199999999999548095e+01 5.067285932267921039e-02 9.114083163859080239e-01
4.209999999999547526e+01 4.479409067919328663e-02 9.165294788859170705e-01
4.219999999999546247e+01 4.134517122635968100e-02 9.195886152470054142e-01
4.229999999999544968e+01 4.032734861030207174e-02 9.205759178669215004e-01
4.239999999999544400e+01 4.173063354859640056e-02 9.194912745319030467e-01
4.249999999999543121e+01 4.553388468026433461e-02 9.163442302273533402e-01
4.259999999999541842e+01 5.170494481202826675e-02 9.111539043454952580e-01
4.269999999999540563e+01 6.020082780591794885e-02 9.039488638248510677e-01
4.279999999999539284e+01 7.096795510600728552e-02 8.947669529600449367e-01
4.289999999999538716e+01 8.394244065961189993e-02 8.836550808206249386e-01
4.299999999999537437e+01 9.905042275204052615e-02 8.706689674125976941e-01
4.309999999999536158e+01 1.162084410456377809e-01 8.558728499054728545e-01
4.319999999999535589e+01 1.353238568952862819e-01 8.393391504291829452e-01
4.329999999999534310e+01 1.562953148054624930e-01 8.211481071200933401e-01
4.339999999999533031e+01 1.790132427003733595e-01 8.013873702601687077e-01
4.349999999999531752e+01 2.033603885003840150e-01 7.801515655099990898e-01
4.359999999999530473e+01 2.292123903363949000e-01 7.575418263816435793e-01
4.369999999999529905e+01 2.564383775903464890e-01 7.336652982322501293e-01
4.379999999999528626e+01 2.849015998248268788e-01 7.086346161828600554e-01
4.389999999999527347e+01 3.144600805585161529e-01 6.825673594772819763e-01
4.399999999999526779e+01 3.449672927560127333e-01 6.555854848953599490e-01
4.409999999999525500e+01 3.762728528305573916e-01 6.278147419200362789e-01
4.419999999999524221e+01 4.082232299054767144e-01 5.993840724310759427e-01
4.429999999999522942e+01 4.406624670441532388e-01 5.704249977575838182e-01
4.439999999999521663e+01 4.734329111371505250e-01 5.410709959678359215e-01
4.449999999999521094e+01 5.063759481274179297e-01 5.114568723086120317e-01
4.459999999999519815e+01 5.393327402563473649e-01 4.817181257257894256e-01
4.469999999999518536e+01 5.721449620245335765e-01 4.519903144059083666e-01
4.479999999999517968e+01 6.046555315784761797e-01 4.224084232725030530e-01
4.489999999999516689e+01 6.367093342600879113e-01 3.931062363533684434e-01
4.499999999999515410e+01 6.681539350905105756e-01 3.642157169042603559e-01
4.509999999999514131e+01 6.988402770065129666e-01 3.358663981315264668e-01
4.519999999999512852e+01 7.286233617282953379e-01 3.081847873009093686e-01
4.529999999999512283e+01 7.573629102128373036e-01 2.812937859515320382e-01
4.539999999999511004e+01 7.849239997369404920e-01 2.553121288544928924e-01
4.549999999999509726e+01 8.111776747549942490e-01 2.303538442633232819e-01
4.559999999999509157e+01 8.360015287891096047e-01 2.065277379003028213e-01
4.569999999999507878e+01 8.592802547269930979e-01 1.839369030084681833e-01
4.579999999999506599e+01 8.809061610289853350e-01 1.626782586743917014e-01
4.589999999999505320e+01 9.007796514787190789e-01 1.428421184922556431e-01
4.599999999999504041e+01 9.188096662550344629e-01 1.245117914956226229e-01
4.609999999999503473e+01 9.349140822605287449e-01 1.077632171303971598e-01
4.619999999999502194e+01 9.490200708180729361e-01 9.266463588073320379e-02
4.629999999999500915e+01 9.610644110430112130e-01 7.927629699025273702e-02
4.639999999999500346e+01 9.709937574164435592e-01 6.765020454410750061e-02
4.649999999999499067e+01 9.787648603216907439e-01 5.782990299426236241e-02
4.659999999999497788e+01 9.843447385566488350e-01 4.985030302177129863e-02
4.669999999999496509e+01 9.877108030950860762e-01 4.373754843699775852e-02
4.679999999999495230e+01 9.888509316329149312e-01 3.950892462271531763e-02
4.689999999999494662e+01 9.877634937171506646e-01 3.717280882719588980e-02
4.699999999999493383e+01 9.844573265111172811e-01 3.672866241579179208e-02
4.709999999999492104e+01 9.789516614960797058e-01 3.816706499133438318e-02
4.719999999999491536e+01 9.712760026453539641e-01 4.146979009697027152e-02
4.729999999999490257e+01 9.614699568292159881e-01 4.660992202077977181e-02
4.739999999999488978e+01 9.495830174177685157e-01 5.355201303055627526e-02
4.749999999999487699e+01 9.356743022445429547e-01 6.225228018026983390e-02
4.759999999999486420e+01 9.198122472774689085e-01 7.265884064763836192e-02
4.769999999999485851e+01 9.020742575197924218e-01 8.471198438551361121e-02
4.779999999999484572e+01 8.825463168338015807e-01 9.834448269903980910e-02
4.789999999999483293e+01 8.613225585495480896e-01 1.134819311962587118e-01
4.799999999999482725e+01 8.385047988895046878e-01 1.300431254027464567e-01
4.809999999999481446e+01 8.142020354086373368e-01 1.479404671814827654e-01
4.819999999999480167e+01 7.885299128163274496e-01 1.670803999583712618e-01
4.829999999999478888e+01 7.616101587068888623e-01 1.873638706221000816e-01
4.839999999999477609e+01 7.335699918795871577e-01 2.086868158455648936e-01
4.849999999999477041e+01 7.045415060696618159e-01 2.309406704649257791e-01
4.859999999999475762e+01 6.746610320412741446e-01 2.540128954528468319e-01
4.869999999999474483e+01 6.440684811059970150e-01 2.777875229346601360e-01
4.879999999999473914e+01 6.129066732267541839e-01 3.021457156208800510e-01
4.889999999999472635e+01 5.813206529444610027e-01 3.269663379669296988e-01
4.899999999999471356e+01 5.494569964227037362e-01 3.521265363214470256e-01
4.909999999999470077e+01 5.174631129450775191e-01 3.775023252884853742e-01
4.919999999999468798e+01 4.854865442209604365e-01 4.029691775059134895e-01
4.929999999999468230e+01 4.536742648612561157e-01 4.284026140330576826e-01
4.939999999999466951e+01 4.221719873757163177e-01 4.536787925446205127e-01
4.949999999999465672e+01 3.911234750203868016e-01 4.786750905452332727e-01
4.959999999999465103e+01 3.606698657845777145e-01 5.032706808497353634e-01
4.969999999999463824e+01 3.309490107527815472e-01 5.273470966181906805e-01
4.979999999999462545e+01 3.020948300057392233e-01 5.507887832914016846e-01
4.989999999999461266e+01 2.742366891374021787e-01 5.734836348423293373e-01
