1.000000000000000000e+00 2.000000000000000000e+00 0.000000000000000000e+00
1.099999999999988987e+00 1.997600966834324865e+00 1.999200209339679294e-03
1.199999999999977973e+00 1.990415467441206676e+00 7.987208601175837391e-03
1.299999999999966960e+00 1.978478264984693924e+00 1.793529504939580035e-02
1.399999999999955946e+00 1.961847142813270439e+00 3.179573116724918741e-02
1.499999999999944933e+00 1.940602636207897413e+00 4.950202246806617579e-02
1.599999999999933920e+00 1.914847640360408887e+00 7.096923200730799464e-02
1.699999999999922906e+00 1.884706898708713663e+00 9.609439392362731369e-02
1.799999999999911893e+00 1.850326376297487085e+00 1.247570147903771243e-01
1.899999999999900879e+00 1.811872523242645583e+00 1.568196602092854497e-01
1.999999999999889866e+00 1.769531433917326702e+00 1.921286236259550084e-01
2.099999999999878852e+00 1.723507907937073869e+00 2.305146739243447984e-01
2.199999999999867839e+00 1.674024419269352970e+00 2.717938779650243553e-01
2.299999999999856826e+00 1.621319999943389378e+00 3.157684938684773290e-01
2.399999999999845812e+00 1.565649045043976617e+00 3.622279305101122615e-01
2.499999999999834799e+00 1.507280046006715057e+00 4.109497683890635522e-01
2.599999999999823785e+00 1.446494259561027951e+00 4.617008367616980968e-01
2.699999999999812772e+00 1.383584319744044722e+00 5.142383416937544860e-01
2.799999999999801759e+00 1.318852800103021972e+00 5.683110394776391683e-01
2.899999999999790745e+00 1.252610732716521902e+00 6.236604496751231297e-01
2.999999999999779732e+00 1.185176090427081608e+00 6.800221018751073654e-01
3.099999999999768718e+00 1.116872238872438583e+00 7.371268101036920761e-01
3.199999999999757705e+00 1.048026365243837743e+00 7.947019686956776630e-01
3.299999999999746692e+00 9.789678908932516466e-01 8.524728633348643836e-01
3.399999999999735678e+00 9.100268750407712881e-01 9.101639908924480382e-01
3.499999999999724665e+00 8.415324171541359588e-01 9.675003816429655901e-01
3.599999999999713651e+00 7.738110659958731263e-01 1.024208917422199328e+00
3.699999999999702638e+00 7.071852436130721120e-01 1.080019639319328206e+00
3.799999999999691624e+00 6.419716926792220502e-01 1.134667038566947950e+00
3.899999999999680611e+00 5.784799555495744317e-01 1.187891324413700822e+00
3.999999999999669598e+00 5.170108929334439329e-01 1.239439662928566666e+00
4.099999999999658584e+00 4.578552492395639439e-01 1.289067380880874358e+00
4.199999999999647571e+00 4.012922707423797197e-01 1.336539129046694585e+00
4.299999999999636557e+00 3.475883820444353733e-01 1.381629999502350215e+00
4.399999999999625544e+00 2.969959260049914729e-01 1.424126591679208298e+00
4.499999999999614531e+00 2.497519723285783200e-01 1.463828022182686039e+00
4.599999999999603517e+00 2.060772000772487511e-01 1.500546873637211176e+00
4.699999999999592504e+00 1.661748591698661570e-01 1.534110078108471109e+00
4.799999999999581490e+00 1.302298155056892948e-01 1.564359730963052364e+00
4.899999999999570477e+00 9.840768398931999672e-02 1.591153831340215818e+00
4.999999999999559464e+00 7.085405353617310609e-02 1.614366945736545489e+00
5.099999999999548450e+00 4.769380794712831106e-02 1.633890791550508093e+00
5.199999999999537437e+00 2.903054627093357154e-02 1.649634737795210304e+00
5.299999999999526423e+00 1.494610597738019360e-02 1.661526220569003565e+00
5.399999999999515410e+00 5.500191915150033639e-03 1.669511071275997738e+00
5.499999999999504396e+00 7.301135220563473782e-04 1.673553756017482241e+00
5.599999999999493383e+00 6.506320937937786798e-04 1.673637525026665962e+00
5.699999999999482370e+00 5.253919178737433832e-03 1.669764471481650192e+00
5.799999999999471356e+00 1.450962637275426438e-02 1.661955499503246614e+00
5.899999999999460343e+00 2.836506594580949156e-02 1.650250201625445667e+00
5.999999999999449329e+00 4.674550093306788223e-02 1.634706646496876470e+00
6.099999999999438316e+00 6.955454264764737715e-02 1.615401078027594250e+00
6.199999999999427303e+00 9.667465296871999292e-02 1.592427527633747397e+00
6.299999999999416289e+00 1.279677481741938183e-01 1.565897341658571529e+00
6.399999999999405276e+00 1.632759006286983450e-01 1.535938626458942746e+00
6.499999999999394262e+00 2.024221344332680639e-01 1.502695614024321502e+00
6.599999999999383249e+00 2.452113111166322745e-01 1.466327951338559421e+00
6.699999999999372235e+00 2.914311013656593063e-01 1.427009917015570339e+00
6.799999999999361222e+00 3.408530384639764654e-01 1.384929569056710497e+00
6.899999999999350209e+00 3.932336485230197298e-01 1.340287827899296014e+00
6.999999999999339195e+00 4.483156518912200794e-01 1.293297499248880156e+00
7.099999999999328182e+00 5.058292294179813631e-01 1.244182241499870667e+00
7.199999999999317168e+00 5.654933465705238582e-01 1.193175482840242552e+00
7.299999999999306155e+00 6.270171279319515234e-01 1.140519293397640466e+00
7.399999999999295142e+00 6.901012745723525965e-01 1.086463218001023856e+00
7.499999999999284128e+00 7.544395171196995875e-01 1.031263075295356879e+00
7.599999999999273115e+00 8.197200977644681918e-01 9.751797290641465166e-01
7.699999999999262101e+00 8.856272746764402015e-01 9.184778376964652935e-01
7.799999999999251088e+00 9.518428422630443864e-01 8.614245877988900846e-01
7.899999999999240075e+00 1.018047660346607763e+00 8.042884180051214082e-01
7.999999999999229061e+00 1.083923184899465930e+00 7.473377390765815198e-01
8.099999999999218048e+00 1.149152992707622056e+00 6.908396564090579783e-01
8.199999999999207034e+00 1.213424292366270141e+00 6.350587010508093044e-01
8.299999999999196021e+00 1.276429414467194379e+00 5.802555752899812846e-01
8.399999999999185007e+00 1.337867274616949542e+00 5.266859187781124385e-01
8.499999999999173994e+00 1.397444803376903799e+00 4.745991010311068070e-01
8.599999999999162981e+00 1.454878336642083436e+00 4.242370460107559582e-01
8.699999999999151967e+00 1.509894958709587787e+00 3.758330943494406218e-01
8.799999999999140954e+00 1.562233789722153432e+00 3.296109086259209064e-01
8.899999999999129940e+00 1.611647210160663146e+00 2.857834269005136152e-01
8.999999999999118927e+00 1.657902016941417145e+00 2.445518694605368637e-01
9.099999999999107914e+00 1.700780507277289022e+00 2.061048034255447137e-01
9.199999999999096900e+00 1.740081487079709222e+00 1.706172695419067853e-01
9.299999999999085887e+00 1.775621200200480088e+00 1.382499751774007579e-01
9.399999999999074873e+00 1.807234173765701835e+00 1.091485572131106335e-01
9.499999999999063860e+00 1.834773973948672809e+00 8.344291821194819991e-02
9.599999999999052847e+00 1.858113866187070862e+00 6.124663890420004725e-02
9.699999999999041833e+00 1.877147374339745767e+00 4.265646966034708498e-02
9.799999999999030820e+00 1.891788734901155733e+00 2.775190321432296006e-02
9.899999999999019806e+00 1.901973245035964766e+00 1.659483046136757400e-02
9.999999999999008793e+00 1.907657505902544681e+00 9.229280700465251203e-03
1.009999999999899778e+01 1.908819564255732404e+00 5.681247246296074194e-03
1.019999999999898677e+01 1.905458955207637528e+00 5.958598917537644667e-03
1.029999999999897575e+01 1.897596647940260839e+00 1.005107751908666629e-02
1.039999999999896474e+01 1.885274895245276694e+00 1.793038106470955934e-02
1.049999999999895373e+01 1.868556987530336722e+00 2.955033212171165671e-02
1.059999999999894271e+01 1.847526912068819804e+00 4.484713029434522075e-02
1.069999999999893170e+01 1.822288918393004886e+00 6.373968749667247025e-02
1.079999999999892069e+01 1.792966990818138484e+00 8.613004429826860708e-02
1.089999999999890967e+01 1.759704229513319840e+00 1.119038652572506010e-01
1.099999999999889866e+01 1.722662142642060523e+00 1.409310107885457519e-01
1.109999999999888765e+01 1.682019853457643377e+00 1.730661827604846326e-01
1.119999999999887663e+01 1.637973227034798640e+00 2.081496406794003939e-01
1.129999999999886562e+01 1.590733921428515441e+00 2.460079850122562917e-01
1.139999999999885461e+01 1.540528367906967455e+00 2.864550039091286471e-01
1.149999999999884359e+01 1.487596684636541600e+00 3.292925793161790016e-01
1.159999999999883258e+01 1.432191527718203128e+00 3.743116482080228735e-01
1.169999999999882156e+01 1.374576883040609987e+00 4.212932144079713503e-01
1.179999999999881055e+01 1.315026802514201121e+00 4.700094062022791563e-01
1.189999999999879954e+01 1.253824089117668183e+00 5.202245746974132334e-01
1.199999999999878852e+01 1.191258936557386017e+00 5.716964276326487182e-01
1.209999999999877751e+01 1.127627530665751054e+00 6.241771931587798417e-01
1.219999999999876650e+01 1.063230620488402556e+00 6.774148079358107699e-01
1.229999999999875548e+01 9.983720671717748463e-01 7.311541237883486533e-01
1.239999999999874447e+01 9.333573784470835522e-01 7.851381270784897337e-01
1.249999999999873346e+01 8.684922360585426437e-01 8.391091649036678257e-01
1.259999999999872244e+01 8.040810232093527077e-01 8.928101721944947666e-01
1.269999999999871143e+01 7.404253591418781255e-01 9.459858937798711898e-01
1.279999999999870042e+01 6.778226481045098728e-01 9.983840955076765944e-01
1.289999999999868940e+01 6.165646498371624151e-01 1.049756758561075864e+00
1.299999999999867839e+01 5.569360784350942950e-01 1.099861251181323940e+00
1.309999999999866738e+01 4.992132364327192540e-01 1.148461472095292590e+00
1.319999999999865636e+01 4.436626913190814259e-01 1.195328960061708523e+00
1.329999999999864535e+01 3.905400021520010756e-01 1.240243964114555064e+00
1.339999999999863434e+01 3.400885040245567037e-01 1.282996469304411358e+00
1.349999999999862332e+01 2.925381576552035789e-01 1.323387173018755636e+00
1.359999999999861231e+01 2.481044704298168702e-01 1.361228407280108410e+00
1.369999999999860130e+01 2.069874940392846807e-01 1.396345002758527798e+00
1.379999999999859028e+01 1.693709027194505723e-01 1.428575090570116668e+00
1.389999999999857927e+01 1.354211552750046732e-01 1.457770838252227419e+00
1.399999999999856826e+01 1.052867436809827861e-01 1.483799116611226987e+00
1.409999999999855724e+01 7.909753104627240128e-02 1.506542094447599567e+00
1.419999999999854623e+01 5.696418179162898721e-02 1.525897758501215895e+00
1.429999999999853522e+01 3.897768667387219166e-02 1.541780356337808300e+00
1.439999999999852420e+01 2.520898472284873598e-02 1.554120760301600956e+00
1.449999999999851319e+01 1.570868350003515670e-02 1.562866751063146431e+00
1.459999999999850218e+01 1.050687851871255109e-02 1.567983219689011776e+00
1.469999999999849116e+01 9.613072144529182309e-03 1.569452287557242309e+00
1.479999999999848015e+01 1.301619173136386691e-02 1.567273343847967126e+00
1.489999999999846914e+01 2.068470614766792712e-02 1.561463000741412088e+00
1.499999999999845812e+01 3.256683931842580676e-02 1.552054966849830908e+00
1.509999999999844711e+01 4.859087907344219331e-02 1.539099839778908851e+00
1.519999999999843610e+01 6.866557953592106189e-02 1.522664819052159224e+00
1.529999999999842508e+01 9.268065545721003440e-02 1.502833340941580165e+00
1.539999999999841407e+01 1.205073670321162443e-01 1.479704637046944438e+00
1.549999999999840306e+01 1.519991934580199322e-01 1.453393218794524877e+00
1.559999999999839204e+01 1.869925927192554738e-01 1.424028290395032315e+00
1.569999999999838103e+01 2.253078440204590582e-01 1.391753093202475311e+00
1.579999999999837001e+01 2.667499683084214035e-01 1.356724184815453871e+00
1.589999999999835900e+01 3.111097216413821753e-01 1.319110656633281309e+00
1.599999999999834799e+01 3.581646558185285767e-01 1.279093293902937578e+00
1.609999999999833875e+01 4.076802405037986965e-01 1.236863682571559098e+00
1.619999999999832596e+01 4.594110407542434382e-01 1.192623267507171958e+00
1.629999999999831317e+01 5.131019432462892160e-01 1.146582366883462489e+00
1.639999999999830393e+01 5.684894239562170437e-01 1.098959147740832698e+00
1.649999999999829470e+01 6.253028500913281329e-01 1.049978567909417349e+00
1.659999999999828191e+01 6.832658096097317113e-01 9.998712895997144967e-01
1.669999999999826912e+01 7.420974621104104996e-01 9.488725700394360363e-01
1.679999999999825988e+01 8.015139046560798564e-01 8.972211345911438318e-01
1.689999999999825064e+01 8.612295451217703013e-01 8.451580378414399464e-01
1.699999999999823785e+01 9.209584745423995411e-01 7.929255182133058133e-01
1.709999999999822506e+01 9.804158296538704187e-01 7.407658516898372181e-01
1.719999999999821583e+01 1.039319137874361365e+00 6.889202102169063036e-01
1.729999999999820659e+01 1.097389638794261657e+00 6.376275302553884305e-01
1.739999999999819380e+01 1.154353577709052781e+00 5.871233967985037827e-01
1.749999999999818101e+01 1.209943467163139719e+00 5.376389479946420691e-01
1.759999999999817177e+01 1.263899312202081626e+00 4.893998053470232090e-01
1.769999999999816254e+01 1.315969794728768738e+00 4.426250343019758060e-01
1.779999999999814975e+01 1.365913412211548161e+00 3.975261398739977081e-01
1.789999999999813696e+01 1.413499565786699330e+00 3.543061017807633828e-01
1.799999999999812772e+01 1.458509592476064487e+00 3.131584533705438766e-01
1.809999999999811848e+01 1.500737736101953601e+00 2.742664084171629324e-01
1.819999999999810569e+01 1.539992051927673300e+00 2.378020396269480696e-01
1.829999999999809290e+01 1.576095241072948072e+00 2.039255124457867996e-01
1.839999999999808367e+01 1.608885411893524964e+00 1.727843774765405738e-01
1.849999999999807443e+01 1.638216766380173439e+00 1.445129245251217109e-01
1.859999999999806164e+01 1.663960210138016205e+00 1.192316009910537322e-01
1.869999999999804885e+01 1.686003884740835179e+00 9.704649700747530749e-02
1.879999999999803961e+01 1.704253621261871743e+00 7.804889941967303735e-02
1.889999999999803038e+01 1.718633313580540500e+00 6.231491637472932887e-02
1.899999999999801759e+01 1.729085209789934963e+00 4.990517397814185629e-02
1.909999999999800480e+01 1.735570119931385769e+00 4.086458615425797580e-02
1.919999999999799556e+01 1.738067538405216439e+00 3.522219852498026382e-02
1.929999999999798632e+01 1.736575679536475292e+00 3.299110679536771534e-02
1.939999999999797353e+01 1.731111424904602680e+00 3.416844980293759493e-02
1.949999999999796074e+01 1.721710181542770224e+00 3.873547704404928932e-02
1.959999999999795151e+01 1.708425651243297150e+00 4.665769013316880404e-02
1.969999999999794227e+01 1.691329512739906615e+00 5.788505728522417432e-02
1.979999999999792948e+01 1.670511019719321144e+00 7.235229955104385824e-02
1.989999999999791669e+01 1.646076517785401538e+00 8.997924719200459109e-02
1.999999999999790745e+01 1.618148883178502695e+00 1.106712642530697788e-01
2.009999999999789821e+01 1.586866886426377743e+00 1.343197390794916013e-01
2.019999999999788542e+01 1.552384485309794560e+00 1.608026382262344733e-01
2.029999999999787264e+01 1.514870052508549003e+00 1.899851209403653485e-01
2.039999999999786340e+01 1.474505543093586057e+00 2.217202111589543778e-01
2.049999999999785416e+01 1.431485605779484027e+00 2.558495237468095818e-01
2.059999999999784137e+01 1.386016640541924083e+00 2.922040414830319732e-01
2.069999999999782858e+01 1.338315804669669040e+00 3.306049390825727130e-01
2.079999999999781934e+01 1.288609969695563073e+00 3.708644503112169533e-01
2.089999999999781011e+01 1.237134632767255882e+00 4.127867740299010491e-01
2.099999999999779732e+01 1.184132787565689737e+00 4.561690148013088919e-01
2.109999999999778453e+01 1.129853761106009769e+00 5.008021535197064722e-01
2.119999999999777529e+01 1.074552022951362540e+00 5.464720433843743841e-01
2.129999999999776605e+01 1.018485972839210163e+00 5.929604264178801598e-01
2.139999999999775326e+01 9.619167124274059510e-01 6.400459656265369279e-01
2.149999999999774047e+01 9.051068072856467417e-01 6.875052878207010831e-01
2.159999999999773124e+01 8.483190459517568893e-01 7.351140320705835673e-01
2.169999999999772200e+01 7.918152031368039800e-01 7.826478987750516980e-01
2.179999999999770921e+01 7.358548139592149262e-01 8.298836943572135416e-01
2.189999999999769642e+01 6.806939659402823084e-01 8.766003666645519887e-01
2.199999999999768718e+01 6.265841155533196094e-01 9.225800262509199490e-01
2.209999999999767795e+01 5.737709358649093483e-01 9.676089488581457454e-01
2.219999999999766516e+01 5.224932008757158242e-01 1.011478554585849343e+00
2.229999999999765237e+01 4.729817108829991734e-01 1.053986359415782115e+00
2.239999999999764313e+01 4.254582621176943302e-01 1.094936894927080129e+00
2.249999999999763389e+01 3.801346633737845981e-01 1.134142592202582511e+00
2.259999999999762110e+01 3.372118022435536822e-01 1.171424626090968646e+00
2.269999999999760831e+01 2.968787636392088425e-01 1.206613716161635708e+00
2.279999999999759908e+01 2.593120034516508410e-01 1.239550880869433547e+00
2.289999999999758984e+01 2.246745805016186759e-01 1.270088141640034696e+00
2.299999999999757705e+01 1.931154502296373865e-01 1.298089173804608532e+00
2.309999999999756426e+01 1.647688236170992693e-01 1.323429901558252464e+00
2.319999999999755502e+01 1.397535945606265262e-01 1.345999034390399807e+00
2.329999999999754579e+01 1.181728383883569738e-01 1.365698542725690245e+00
2.339999999999753300e+01 1.001133834951200841e-01 1.382444070810073589e+00
2.349999999999752021e+01 8.564545742604520728e-02 1.396165285155204661e+00
2.359999999999751097e+01 7.482240846673672563e-02 1.406806157111105238e+00
2.369999999999750173e+01 6.768050392339181043e-02 1.414325178379255421e+00
2.379999999999748894e+01 6.423880647785298881e-02 1.418695508537259231e+00
2.389999999999747615e+01 6.449912996272073873e-02 1.419905053936241446e+00
2.399999999999746692e+01 6.844607559495557991e-02 1.417956477652663416e+00
2.409999999999745768e+01 7.604714934483500222e-02 1.412867140513226039e+00
2.419999999999744489e+01 8.725296081121405867e-02 1.404668973550783129e+00
2.429999999999743210e+01 1.019975035211848624e-01 1.393408282595774317e+00
2.439999999999742286e+01 1.201985157145557537e-01 1.379145486075181060e+00
2.449999999999741362e+01 1.417579195055069519e-01 1.361954787482827056e+00
2.459999999999740083e+01 1.665623352520273770e-01 1.341923784367674566e+00
2.469999999999738804e+01 1.944836673710592934e-01 1.319153016022620584e+00
2.479999999999737881e+01 2.253797577022017551e-01 1.293755452327720601e+00
2.489999999999736957e+01 2.590951024588973306e-01 1.265855926429565903e+00
2.499999999999735678e+01 2.954616285025417621e-01 1.235590514165987752e+00
2.509999999999734399e+01 3.342995242881287021e-01 1.203105863379698715e+00
2.519999999999733475e+01 3.754181207301814371e-01 1.168558476493676945e+00
2.529999999999732552e+01 4.186168174851956358e-01 1.132113949918251983e+00
2.539999999999731273e+01 4.636860503602169836e-01 1.093946174029337470e+00
2.549999999999729994e+01 5.104082953624100583e-01 1.054236497608797007e+00
2.559999999999729070e+01 5.585591044394523363e-01 1.013172860782700857e+00
2.569999999999728146e+01 6.079081676508104604e-01 9.709489006158334989e-01
2.579999999999726867e+01 6.582203964851313094e-01 9.277630336074412787e-01
2.589999999999725588e+01 7.092570231003653136e-01 8.838175193875025260e-01
2.599999999999724665e+01 7.607767102008449189e-01 8.393175099502504510e-01
2.609999999999723741e+01 8.125366660799729912e-01 7.944700887994110561e-01
2.619999999999722462e+01 8.642937593015627140e-01 7.494833044136598454e-01
2.629999999999721183e+01 9.158056278463717614e-01 7.045652024556524617e-01
2.639999999999720259e+01 9.668317782450032150e-01 6.599228611247711651e-01
2.649999999999719336e+01 1.017134670885378567e+00 6.157614339935750802e-01
2.659999999999718057e+01 1.066480788150144798e+00 5.722832045867817241e-01
2.669999999999716778e+01 1.114641682378745724e+00 5.296866568755179694e-01
2.679999999999715854e+01 1.161395000738177030e+00 4.881655657731321929e-01
2.689999999999714930e+01 1.206525483750103378e+00 4.479081116359996395e-01
2.699999999999713651e+01 1.249825933621897978e+00 4.090960226907838226e-01
2.709999999999712372e+01 1.291098147967169263e+00 3.719037492193775218e-01
2.719999999999711449e+01 1.330153814018022684e+00 3.364976732206964027e-01
2.729999999999710525e+01 1.366815357899206829e+00 3.030353571318421535e-01
2.739999999999709246e+01 1.400916743123996833e+00 2.716648350301554826e-01
2.749999999999707967e+01 1.432304212711874580e+00 2.425239495492527431e-01
2.759999999999707043e+01 1.460836970529189260e+00 2.157397375200791612e-01
2.769999999999706120e+01 1.486387799313816593e+00 1.914278670915351699e-01
2.779999999999704841e+01 1.508843614481076623e+00 1.696921288058604316e-01
2.789999999999703562e+01 1.528105953257627769e+00 1.506239828230142297e-01
2.799999999999702638e+01 1.544091397989822312e+00 1.343021642218686917e-01
2.809999999999701714e+01 1.556731931747377340e+00 1.207923480504628361e-01
2.819999999999700435e+01 1.565975224401750632e+00 1.101468755397318200e-01
2.829999999999699156e+01 1.571784847944924124e+00 1.024045426295921296e-01
2.839999999999698233e+01 1.574140420409036123e+00 9.759045168787931768e-02
2.849999999999697309e+01 1.573037678067914502e+00 9.571592703353855314e-02
2.859999999999696030e+01 1.568488475405710458e+00 9.677849460246705504e-02
2.869999999999694751e+01 1.560520711807890759e+00 1.007619258131383227e-01
2.879999999999693827e+01 1.549178183805363984e+00 1.076363453951709875e-01
2.889999999999692903e+01 1.534520362326913911e+00 1.173584026389322271e-01
2.899999999999691624e+01 1.516622095407195170e+00 1.298715052172729201e-01
2.909999999999690345e+01 1.495573237771751218e+00 1.451061144324914676e-01
2.919999999999689422e+01 1.471478209513577218e+00 1.629801004555683774e-01
2.929999999999688498e+01 1.444455486512578934e+00 1.833991558464314053e-01
2.939999999999687219e+01 1.414637025433329143e+00 2.062572653693809654e-01
2.949999999999685940e+01 1.382167626346406886e+00 2.314372298484966839e-01
2.959999999999685016e+01 1.347204236211532180e+00 2.588112415501466756e-01
2.969999999999684093e+01 1.309915196458986353e+00 2.882415083363749631e-01
2.979999999999682814e+01 1.270479437772563669e+00 3.195809236032216005e-01
2.989999999999681535e+01 1.229085625034509688e+00 3.526737787977931027e-01
2.999999999999680611e+01 1.185931255422999264e+00 3.873565150925197820e-01
3.009999999999679687e+01 1.141221713320224707e+00 4.234585105826647045e-01
3.019999999999678408e+01 1.095169287156745774e+00 4.608028991772460947e-01
3.029999999999677129e+01 1.047992154819436861e+00 4.992074171941117133e-01
3.039999999999676206e+01 9.999133447394409346e-01 5.384852735623740783e-01
3.049999999999675282e+01 9.511596790825295189e-01 5.784460394741732792e-01
3.059999999999674003e+01 9.019607042621898829e-01 6.188965532972772188e-01
3.069999999999672724e+01 8.525476129019904370e-01 6.596418365411467200e-01
3.079999999999671800e+01 8.031521607035727595e-01 7.004860166457423931e-01
3.089999999999670877e+01 7.540055815471752299e-01 7.412332523317429755e-01
3.099999999999669598e+01 7.053375044423410012e-01 7.816886572185357540e-01
3.109999999999668319e+01 6.573748764320856974e-01 8.216592173964014645e-01
3.119999999999667395e+01 6.103408960737454203e-01 8.609546986382324851e-01
3.129999999999666471e+01 5.644539625724098730e-01 8.993885389588652801e-01
3.139999999999665192e+01 5.199266460081880536e-01 9.367787222727540497e-01
3.149999999999663913e+01 4.769646844533805830e-01 9.729486289639304175e-01
3.159999999999662990e+01 4.357660140817003480e-01 1.007727859276094540e+00
3.169999999999662066e+01 3.965198383193151987e-01 1.040953025565567236e+00
3.179999999999660787e+01 3.594057415178843473e-01 1.072468509640127632e+00
3.189999999999659508e+01 3.245928518415156505e-01 1.102127181614162676e+00
3.199999999999658584e+01 2.922390573702574601e-01 1.129791076931788929e+00
3.209999999999657661e+01 2.624902788441146329e-01 1.155332028437342951e+00
3.219999999999656382e+01 2.354798019914134399e-01 1.178632250607017484e+00
3.229999999999655103e+01 2.113276721112752332e-01 1.199584873292580012e+00
3.239999999999653824e+01 1.901401534589725051e-01 1.218094422570781710e+00
3.249999999999653255e+01 1.720092557451128046e-01 1.234077246543075823e+00
3.259999999999651976e+01 1.570123296466288121e-01 1.247461884186902514e+00
3.269999999999650697e+01 1.452117329117157962e-01 1.258189375616024064e+00
3.279999999999650129e+01 1.366545685935125765e-01 1.266213512366750837e+00
3.289999999999648850e+01 1.313724969934317865e-01 1.271501026608002682e+00
3.299999999999647571e+01 1.293816226881507048e-01 1.274031718482188547e+00
3.309999999999646292e+01 1.306824573511722876e-01 1.273798521118256311e+00
3.319999999999645013e+01 1.352599581509519311e-01 1.270807503192221022e+00
3.329999999999644444e+01 1.430836407423373702e-01 1.265077809227749039e+00
3.339999999999643165e+01 1.541077655358742693e-01 1.256641538121047175e+00
3.349999999999641886e+01 1.682715959572742004e-01 1.245543560649152504e+00
3.359999999999641318e+01 1.854997274946974528e-01 1.231841276988738132e+00
3.369999999999640039e+01 2.057024861967486906e-01 1.215604315538868718e+00
3.379999999999638760e+01 2.287763948231649191e-01 1.196914174606086290e+00
3.389999999999637481e+01 2.546047041754722629e-01 1.175863808772216856e+00
3.399999999999636202e+01 2.830579865463574429e-01 1.152557162025676041e+00
3.409999999999635634e+01 3.139947879567551170e-01 1.127108649993889156e+00
3.419999999999634355e+01 3.472623357509714292e-01 1.099642593871491991e+00
3.429999999999633076e+01 3.826972978210833598e-01 1.070292608896240116e+00
3.439999999999632507e+01 4.201265891777521966e-01 1.039200950474115981e+00
3.449999999999631228e+01 4.593682210909783570e-01 1.006517821275810798e+00
3.459999999999629949e+01 5.002321878233706443e-01 9.724006428031782834e-01
3.469999999999628670e+01 5.425213860676176836e-01 9.370132950622160894e-01
3.479999999999627391e+01 5.860325624804159084e-01 9.005253280850005204e-01
3.489999999999626823e+01 6.305572850093025261e-01 8.631111491241637568e-01
3.499999999999625544e+01 6.758829339071698028e-01 8.249491894061603547e-01
3.509999999999624265e+01 7.217937084223051691e-01 7.862210543807406360e-01
3.519999999999623697e+01 7.680716451459583816e-01 7.471106614448091987e-01
3.529999999999622418e+01 8.144976438336698488e-01 7.078033691526509630e-01
3.539999999999621139e+01 8.608524962096970601e-01 6.684851019543933681e-01
3.549999999999619860e+01 9.069179130703103331e-01 6.293414745270579091e-01
3.559999999999618581e+01 9.524775451835278961e-01 5.905569197630388123e-01
3.569999999999618012e+01 9.973179937497049785e-01 5.523138244545826581e-01
3.579999999999616733e+01 1.041229805873293390e+00 5.147916766724532911e-01
3.589999999999615454e+01 1.084008449659730422e+00 4.781662288007730854e-01
3.599999999999614886e+01 1.125455263202094436e+00 4.426086801468942511e-01
3.609999999999613607e+01 1.165378372436165488e+00 4.082848829693023207e-01
3.619999999999612328e+01 1.203593573872008493e+00 3.753545756450495929e-01
3.629999999999611049e+01 1.239925178611983592e+00 3.439706465428398752e-01
3.639999999999609770e+01 1.274206813941695104e+00 3.142784319937624304e-01
3.649999999999609201e+01 1.306282178756586587e+00 2.864150515676902597e-01
3.659999999999607923e+01 1.336005749303634582e+00 2.605087836723964934e-01
3.669999999999606644e+01 1.363243431811949069e+00 2.366784842937746658e-01
3.679999999999606075e+01 1.387873158397099127e+00 2.150330514861044096e-01
3.689999999999604796e+01 1.409785422729157744e+00 1.956709379977627505e-01
3.699999999999603517e+01 1.428883752863121970e+00 1.786797141771113706e-01
3.709999999999602238e+01 1.445085119900672899e+00 1.641356830491447483e-01
3.719999999999600959e+01 1.458320281954537556e+00 1.521035491937959006e-01
3.729999999999600391e+01 1.468534062894132353e+00 1.426361427971657159e-01
3.739999999999599112e+01 1.475685564761130220e+00 1.357741999849391701e-01
3.749999999999597833e+01 1.479748312193971405e+00 1.315462002780018735e-01
3.759999999999597264e+01 1.480710327620821332e+00 1.299682617296658571e-01
3.769999999999595985e+01 1.478574137489280682e+00 1.310440940159794954e-01
3.779999999999594706e+01 1.473356711220865201e+00 1.347650094679561650e-01
3.789999999999593427e+01 1.465089334957441869e+00 1.411099917694776940e-01
3.799999999999592148e+01 1.453817421809456611e+00 1.500458217982772458e-01
3.809999999999591580e+01 1.439600259819441286e+00 1.615272598532196402e-01
3.819999999999590301e+01 1.422510698417976727e+00 1.754972832801057481e-01
3.829999999999589022e+01 1.402634774006375373e+00 1.918873782732462840e-01
3.839999999999588454e+01 1.380071275619171978e+00 2.106178843868001249e-01
3.849999999999587175e+01 1.354931252050846302e+00 2.315983900400077899e-01
3.859999999999585896e+01 1.327337462113208799e+00 2.547281770475178786e-01
3.869999999999584617e+01 1.297423770281059818e+00 2.798967119556073357e-01
3.879999999999583338e+01 1.265334491246019377e+00 3.069841817284553742e-01
3.889999999999582769e+01 1.231223688153118889e+00 3.358620711221588229e-01
3.899999999999581490e+01 1.195254429535275831e+00 3.663937789164640191e-01
3.909999999999580211e+01 1.157598009224228397e+00 3.984352700359788391e-01
3.919999999999579643e+01 1.118433132819104392e+00 4.318357604647238279e-01
3.929999999999578364e+01 1.077945074350900923e+00 4.664384317319167916e-01
3.939999999999577085e+01 1.036324807317975161e+00 5.020811716301393224e-01
3.949999999999575806e+01 9.937681145329541055e-01 5.385973377315663724e-01
3.959999999999574527e+01 9.504746808779125367e-01 5.758165401931115701e-01
3.969999999999573959e+01 9.066471724534790333e-01 6.135654402765843285e-01
3.979999999999572680e+01 8.624903051368623119e-01 6.516685609470600493e-01
3.989999999999571401e+01 8.182099053177078751e-01 6.899491058534916732e-01
3.999999999999570832e+01 7.740119656236053025e-01 7.282297829450798954e-01
4.009999999999569553e+01 7.301016988832713661e-01 7.663336289397894019e-01
4.019999999999568274e+01 6.866825943093449736e-01 8.040848308454164872e-01
4.029999999999566995e+01 6.439554806340412885e-01 8.413095407455082331e-01
4.039999999999565716e+01 6.021176013513345193e-01 8.778366801090258242e-01
4.049999999999565148e+01 5.613617070817135124e-01 9.134987299572353558e-01
4.059999999999563869e+01 5.218751694969772092e-01 9.481325033133571889e-01
4.069999999999562590e+01 4.838391205485476076e-01 9.815798964567248319e-01
4.079999999999562021e+01 4.474276201970858735e-01 1.013688615594804832e+00
4.089999999999560742e+01 4.128068556208249196e-01 1.044312875647225303e+00
4.099999999999559464e+01 3.801343750754041517e-01 1.073314067912525926e+00
4.109999999999558185e+01 3.495583600417330183e-01 1.100561393479021266e+00
4.119999999999556906e+01 3.212169396701842761e-01 1.125932459367245508e+00
4.129999999999556337e+01 2.952375515070949086e-01 1.149313834559015479e+00
4.139999999999555058e+01 2.717363520633431784e-01 1.170601563268309775e+00
4.149999999999553779e+01 2.508176802246671055e-01 1.189701633022406613e+00
4.159999999999553211e+01 2.325735760646135963e-01 1.206530395339893369e+00
4.169999999999551932e+01 2.170833573747107947e-01 1.221014937013571000e+00
4.179999999999550653e+01 2.044132561905115386e-01 1.233093400232568415e+00
4.189999999999549374e+01 1.946161177371097395e-01 1.242715250010379302e+00
4.199999999999548095e+01 1.877311642942722514e-01 1.249841487635881654e+00
4.209999999999547526e+01 1.837838261743384716e-01 1.254444809147025497e+00
4.219999999999546247e+01 1.827856412531341790e-01 1.256509708145071569e+00
4.229999999999544968e+01 1.847342234866330146e-01 1.256032522598419909e+00
4.239999999999544400e+01 1.896132998660701452e-01 1.253021425603410233e+00
4.249999999999543121e+01 1.973928145652076027e-01 1.247496360354910294e+00
4.259999999999541842e+01 2.080290986808313036e-01 1.239488919832959279e+00
4.269999999999540563e+01 2.214651038275962380e-01 1.229042171947674289e+00
4.279999999999539284e+01 2.376306978436667772e-01 1.216210431113784463e+00
4.289999999999538716e+01 2.564430209784714920e-01 1.201058977458370203e+00
4.299999999999537437e+01 2.778069009522269872e-01 1.183663725099609376e+00
4.309999999999536158e+01 3.016153249785288315e-01 1.164110841172418143e+00
4.319999999999535589e+01 3.277499663596643020e-01 1.142496317507006864e+00
4.329999999999534310e+01 3.560817628864791362e-01 1.118925497085136556e+00
4.339999999999533031e+01 3.864715441566781151e-01 1.093512557596153068e+00
4.349999999999531752e+01 4.187707050833718303e-01 1.066379954594787405e+00
4.359999999999530473e+01 4.528219232125678673e-01 1.037657826921485560e+00
4.369999999999529905e+01 4.884599177804924697e-01 1.007483367190553203e+00
4.379999999999528626e+01 5.255122483783386533e-01 9.760001602903461970e-01
4.389999999999527347e+01 5.638001504355349969e-01 9.433574929955875765e-01
4.399999999999526779e+01 6.031394036222745836e-01 9.097096379705156277e-01
4.409999999999525500e+01 6.433412281016371859e-01 8.752151156248852981e-01
4.419999999999524221e+01 6.842132026950982215e-01 8.400359374446043637e-01
4.429999999999522942e+01 7.255601986697325367e-01 8.043368345388075547e-01
4.439999999999521663e+01 7.671853230918851407e-01 7.682844752229933682e-01
4.449999999999521094e+01 8.088908664427050255e-01 7.320466754943301124e-01
4.459999999999519815e+01 8.504792501714366626e-01 6.957916062477603747e-01
4.469999999999518536e+01 8.917539706708856873e-01 6.596870010349747959e-01
4.479999999999517968e+01 9.325205364383987172e-01 6.238993681076971942e-01
4.489999999999516689e+01 9.725873948605783248e-01 5.885932104320885649e-01
4.499999999999515410e+01 1.011766844443718671e+00 5.539302573237415706e-01
4.509999999999514131e+01 1.049875927822905952e+00 5.200687113208719570e-01
4.519999999999512852e+01 1.086737300733720213e+00 4.871625138730045768e-01
4.529999999999512283e+01 1.122180072187131561e+00 4.553606333560439312e-01
4.539999999999511004e+01 1.156040610995583195e+00 4.248063788297158361e-01
4.549999999999509726e+01 1.188163313575127500e+00 3.956367428265644137e-01
4.559999999999509157e+01 1.218401328227138869e+00 3.679817763020540866e-01
4.569999999999507878e+01 1.246617232253898644e+00 3.419639986823734268e-01
4.579999999999506599e+01 1.272683659735827089e+00 3.176978457325738692e-01
4.589999999999505320e+01 1.296483878735600115e+00 2.952891577516136845e-01
4.599999999999504041e+01 1.317912316660269090e+00 2.748347103932717861e-01
4.609999999999503473e+01 1.336875031673137704e+00 2.564217902118481884e-01
4.619999999999502194e+01 1.353290127142831922e+00 2.401278168302195537e-01
4.629999999999500915e+01 1.367088105956448585e+00 2.260200134164643826e-01
4.639999999999500346e+01 1.378212162251259976e+00 2.141551269292252813e-01
4.649999999999499067e+01 1.386618409155389697e+00 2.045791993528473518e-01
4.659999999999497788e+01 1.392276041875184944e+00 1.973273908921119590e-01
4.669999999999496509e+01 1.395167435895052321e+00 1.924238558333228877e-01
4.679999999999495230e+01 1.395288180457220362e+00 1.898816715044017167e-01
4.689999999999494662e+01 1.392647047769516089e+00 1.897028204877772295e-01
4.699999999999493383e+01 1.387265898145517928e+00 1.918782259628544207e-01
4.709999999999492104e+01 1.379179520657154434e+00 1.963878397799424524e-01
4.719999999999491536e+01 1.368435408642630691e+00 2.032007825905541298e-01
4.729999999999490257e+01 1.355093470103865050e+00 2.122755350791104001e-01
4.739999999999488978e+01 1.339225674588765846e+00 2.235601790666374156e-01
4.749999999999487699e+01 1.320915640088759391e+00 2.369926870011027087e-01
4.759999999999486420e+01 1.300258164955915730e+00 2.525012581217561669e-01
4.769999999999485851e+01 1.277358710089714355e+00 2.700046993855437227e-01
4.779999999999484572e+01 1.252332835686575496e+00 2.894128490646926677e-01
4.789999999999483293e+01 1.225305595554150750e+00 3.106270407572088166e-01
4.799999999999482725e+01 1.196410891257515319e+00 3.335406053909522606e-01
4.809999999999481446e+01 1.165790788407628620e+00 3.580394086461229364e-01
4.819999999999480167e+01 1.133594797904389218e+00 3.840024210727051579e-01
4.829999999999478888e+01 1.099979125498312005e+00 4.113023180419947411e-01
4.839999999999477609e+01 1.065105893222582756e+00 4.398061065449880291e-01
4.849999999999477041e+01 1.029142335891533255e+00 4.693757757308931189e-01
4.859999999999475762e+01 9.922599755224066342e-01 4.998689679568197874e-01
4.869999999999474483e+01 9.546337771531853145e-01 5.311396669954933092e-01
4.879999999999473914e+01 9.164412911066138756e-01 5.630388999378771464e-01
4.889999999999472635e+01 8.778617880899681758e-01 5.954154492568677348e-01
4.899999999999471356e+01 8.390753935597289326e-01 6.281165714808786271e-01
4.909999999999470077e+01 8.002622266565957432e-01 6.609887189551422182e-01
4.919999999999468798e+01 7.616015476482548285e-01 6.938782612227946123e-01
4.929999999999468230e+01 7.232709169816683437e-01 7.266322026146089241e-01
4.939999999999466951e+01 6.854453689806824235e-01 7.590988926894314259e-01
4.949999999999465672e+01 6.482966036860279280e-01 7.911287262246118335e-01
4.959999999999465103e+01 6.119922008047521400e-01 8.225748295304117219e-01
4.969999999999463824e+01 5.766948597725362058e-01 8.532937299575020784e-01
4.979999999999462545e+01 5.425616695437998072e-01 8.831460055771651607e-01
4.989999999999461266e+01 5.097434112455125899e-01 9.119969121313583615e-01
