1.000000000000000000e+00 2.000000000000000000e+00 0.000000000000000000e+00
1.099999999999988987e+00 1.997600966941506240e+00 1.999200209357412938e-03
1.199999999999977973e+00 1.990415470983881940e+00 7.987208603520187800e-03
1.299999999999966960e+00 1.978478292557042106e+00 1.793529509042181627e-02
1.399999999999955946e+00 1.961847261299308309e+00 3.179573148098068652e-02
1.499999999999944933e+00 1.940603002598371596e+00 4.950202398924120201e-02
1.599999999999933920e+00 1.914848557257053718e+00 7.096923752377995442e-02
1.699999999999922906e+00 1.884708876116011345e+00 9.609441026352683046e-02
1.799999999999911893e+00 1.850330193562376380e+00 1.247570564635184370e-01
1.899999999999900879e+00 1.811879285632703285e+00 1.568197549147860581e-01
1.999999999999889866e+00 1.769542619593450716e+00 1.921288199979521161e-01
2.099999999999878852e+00 1.723525402470632573e+00 2.305150518268769266e-01
2.199999999999867839e+00 1.674050536238207432e+00 2.717945615771442114e-01
2.299999999999856826e+00 1.621357487352509397e+00 3.157696677323674761e-01
2.399999999999845812e+00 1.565701078054417827e+00 3.622298586556400024e-01
2.499999999999834799e+00 1.507350206507701129e+00 4.109528165974863367e-01
2.599999999999823785e+00 1.446586502617735359e+00 4.617054979822721728e-01
2.699999999999812772e+00 1.383702926364227759e+00 5.142452645695129165e-01
2.799999999999801759e+00 1.319002315613917675e+00 5.683210598678385406e-01
2.899999999999790745e+00 1.252795890513195953e+00 6.236746249869659087e-01
2.999999999999779732e+00 1.185401721600401359e+00 6.800417479488016781e-01
3.099999999999768718e+00 1.117143168657187102e+00 7.371535403376079376e-01
3.199999999999757705e+00 1.048347297040322923e+00 7.947377350472256685e-01
3.299999999999746692e+00 9.793432779947710554e-01 8.525199987716972627e-01
3.399999999999735678e+00 9.104607795878749688e-01 9.102252527839188589e-01
3.499999999999724665e+00 8.420283556829960547e-01 9.675789954657951775e-01
3.599999999999713651e+00 7.743718416684444161e-01 1.024308620016443072e+00
3.699999999999702638e+00 7.078127668536682293e-01 1.080144720800544578e+00
3.799999999999691624e+00 6.426667937886174631e-01 1.134822381915247202e+00
3.899999999999680611e+00 5.792421939506540163e-01 1.188082441737219108e+00
3.999999999999669598e+00 5.178383676523629076e-01 1.239672727426331722e+00
4.099999999999658584e+00 4.587444144268794100e-01 1.289349253577453336e+00
4.199999999999647571e+00 4.022377591605595382e-01 1.336877379415017053e+00
4.299999999999636557e+00 3.485828389528397020e-01 1.382032919124632997e+00
4.399999999999625544e+00 2.980298557577170659e-01 1.424603200129734626e+00
4.499999999999614531e+00 2.508135999789506410e-01 1.464388064356768160e+00
4.599999999999603517e+00 2.071523502134524353e-01 1.501200807800927350e+00
4.699999999999592504e+00 1.672468542193797925e-01 1.534869054000937538e+00
4.799999999999581490e+00 1.312793958598889310e-01 1.565235557362897545e+00
4.899999999999570477e+00 9.941295222178470059e-02 1.592158932622321776e+00
4.999999999999559464e+00 7.179044451079781564e-02 1.615514307090290425e+00
5.099999999999548450e+00 4.853408594056583814e-02 1.635193892676167104e+00
5.199999999999537437e+00 2.974482968398313443e-02 1.651107475037708827e+00
5.299999999999526423e+00 1.550191980972426102e-02 1.663182817586193130e+00
5.399999999999515410e+00 5.862547765761596565e-03 1.671365978487309389e+00
5.499999999999504396e+00 8.616163478040094956e-04 1.675621539241265223e+00
5.599999999999493383e+00 5.116122984959439388e-04 1.675932743885461207e+00
5.699999999999482370e+00 4.802587879243899564e-03 1.672301548322954634e+00
5.799999999999471356e+00 1.370225106153496498e-02 1.664748579731608613e+00
5.899999999999460343e+00 2.715616344765052134e-02 1.653313006442112876e+00
5.999999999999449329e+00 4.508804464913006987e-02 1.638052319090467002e+00
6.099999999999438316e+00 6.740018157492294604e-02 1.619042024251243772e+00
6.199999999999427303e+00 9.397394082187596198e-02 1.596375252152792079e+00
6.299999999999416289e+00 1.246703820058410878e-01 1.570162280467666926e+00
6.399999999999405276e+00 1.593309693487240386e-01 1.540529976572456716e+00
6.499999999999394262e+00 1.977783782123424261e-01 1.507621161074245597e+00
6.599999999999383249e+00 2.398173926818989443e-01 1.471593895796472484e+00
6.699999999999372235e+00 2.852358897591212861e-01 1.432620699795386976e+00
6.799999999999361222e+00 3.338059050848767861e-01 1.390887697340617457e+00
6.899999999999350209e+00 3.852847742848040102e-01 1.346593702149630811e+00
6.999999999999339195e+00 4.394163431672671316e-01 1.299949242509185421e+00
7.099999999999328182e+00 4.959322394076342566e-01 1.251175532233893106e+00
7.199999999999317168e+00 5.545531982153284467e-01 1.200503392679711290e+00
7.299999999999306155e+00 6.149904347225276791e-01 1.148172131239258542e+00
7.399999999999295142e+00 6.769470561865699176e-01 1.094428381903653325e+00
7.499999999999284128e+00 7.401195073192881058e-01 1.039524913595665900e+00
7.599999999999273115e+00 8.041990421005853484e-01 9.837194120778459672e-01
7.699999999999262101e+00 8.688732153455018814e-01 9.272732413196571599e-01
7.799999999999251088e+00 9.338273871296380868e-01 8.704501902719240514e-01
7.899999999999240075e+00 9.987462330665931587e-01 8.135152110428117700e-01
7.999999999999229061e+00 1.063315253519898196e+00 7.567331544883854066e-01
8.099999999999218048e+00 1.127222275090336678e+00 7.003675092217088727e-01
8.199999999999207034e+00 1.190158937977175091e+00 6.446791500046862300e-01
8.299999999999196021e+00 1.251822162960029017e+00 5.899251014237277824e-01
8.399999999999185007e+00 1.311915591818399118e+00 5.363573226649791525e-01
8.499999999999173994e+00 1.370150994972373582e+00 4.842215191009086039e-01
8.599999999999162981e+00 1.426249639853511830e+00 4.337559862785640985e-01
8.699999999999151967e+00 1.479943613036637240e+00 3.851904917629487279e-01
8.799999999999140954e+00 1.530977088772965011e+00 3.387452001318665973e-01
8.899999999999129940e+00 1.579107536545673929e+00 2.946296462316167486e-01
8.999999999999118927e+00 1.624106860699038757e+00 2.530417615779295137e-01
9.099999999999107914e+00 1.665762465904518042e+00 2.141669585214118487e-01
9.199999999999096900e+00 1.703878242921431641e+00 1.781772764958896582e-01
9.299999999999085887e+00 1.738275469631772596e+00 1.452305943398811694e-01
9.399999999999074873e+00 1.768793622894401008e+00 1.154699123308875336e-01
9.499999999999063860e+00 1.795291097765859822e+00 8.902270720171474860e-02
9.599999999999052847e+00 1.817645832148276241e+00 6.600036301894553203e-02
9.699999999999041833e+00 1.835755836453751844e+00 4.649768040430773963e-02
9.799999999999030820e+00 1.849539628697532745e+00 3.059246618322164490e-02
9.899999999999019806e+00 1.858936575228870680e+00 1.834520516214265332e-02
9.999999999999008793e+00 1.863907136451526947e+00 9.798815368466140194e-03
1.009999999999899778e+01 1.864433016120501163e+00 4.978487725214583021e-03
1.019999999999898677e+01 1.860517212576878521e+00 3.891610767270634388e-03
1.029999999999897575e+01 1.852183970472904395e+00 6.527780630766931262e-03
1.039999999999896474e+01 1.839478631864355895e+00 1.285889616134714558e-02
1.049999999999895373e+01 1.822467385966466180e+00 2.283933859081713549e-02
1.059999999999894271e+01 1.801236917499745349e+00 3.640623482641544562e-02
1.069999999999893170e+01 1.775893954411912334e+00 5.347980298565645912e-02
1.079999999999892069e+01 1.746564716705470754e+00 7.396377839771027529e-02
1.089999999999890967e+01 1.713394268952908250e+00 9.774591788551265092e-02
1.099999999999889866e+01 1.676545779874782482e+00 1.246985797464312123e-01
1.109999999999888765e+01 1.636199693201588090e+00 1.546793764685268913e-01
1.119999999999887663e+01 1.592552814879525380e+00 1.875318968603733039e-01
1.129999999999886562e+01 1.545817322188602905e+00 2.230864939390903579e-01
1.139999999999885461e+01 1.496219700308588196e+00 2.611611346137234779e-01
1.149999999999884359e+01 1.443999611494275692e+00 3.015623069132563061e-01
1.159999999999883258e+01 1.389408701759992093e+00 3.440859802352330687e-01
1.169999999999882156e+01 1.332709350137404103e+00 3.885186138296011227e-01
1.179999999999881055e+01 1.274173366184688794e+00 4.346382084874506058e-01
1.189999999999879954e+01 1.214080642390003906e+00 4.822153961840210945e-01
1.199999999999878852e+01 1.152717769107720835e+00 5.310145622415838318e-01
1.209999999999877751e+01 1.090376620130069751e+00 5.807949944365784489e-01
1.219999999999876650e+01 1.027352916646623537e+00 6.313120533699728698e-01
1.229999999999875548e+01 9.639447765442624716e-01 6.823183583337997238e-01
1.239999999999874447e+01 9.004512554260475365e-01 7.335649828297776676e-01
1.249999999999873346e+01 8.371708858363000605e-01 7.848026538285965970e-01
1.259999999999872244e+01 7.744002219227762440e-01 8.357829488191846901e-01
1.269999999999871143e+01 7.124323976724599161e-01 8.862594847019763522e-01
1.279999999999870042e+01 6.515557073823095013e-01 9.359890926430884939e-01
1.289999999999868940e+01 5.920522169252836475e-01 9.847329731212102200e-01
1.299999999999867839e+01 5.341964137870568452e-01 1.032257825557247433e+00
1.309999999999866738e+01 4.782539030899305432e-01 1.078336947103697430e+00
1.319999999999865636e+01 4.244801560962006559e-01 1.122751295384745163e+00
1.329999999999864535e+01 3.731193170242082524e-01 1.165290510211699937e+00
1.339999999999863434e+01 3.244030733663338384e-01 1.205753889553419667e+00
1.349999999999862332e+01 2.785495942277122494e-01 1.243951315306176530e+00
1.359999999999861231e+01 2.357625405930132978e-01 1.279704124677268684e+00
1.369999999999860130e+01 1.962301510443791031e-01 1.312845923264951420e+00
1.379999999999859028e+01 1.601244063410926788e-01 1.343223336193645201e+00
1.389999999999857927e+01 1.276002762647306665e-01 1.370696693960471890e+00
1.399999999999856826e+01 9.879505199896543299e-02 1.395140649978540814e+00
1.409999999999855724e+01 7.382776692485114312e-02 1.416444727158460148e+00
1.419999999999854623e+01 5.279870813803676233e-02 1.434513791241609937e+00
1.429999999999853522e+01 3.578902041617266355e-02 1.449268448971302803e+00
1.439999999999852420e+01 2.286040390374815059e-02 1.460645369555372497e+00
1.449999999999851319e+01 1.405490639203195273e-02 1.468597528245589423e+00
1.459999999999850218e+01 9.394810623128970264e-03 1.473094371239089817e+00
1.469999999999849116e+01 8.882616504267335650e-03 1.474121901497429388e+00
1.479999999999848015e+01 1.250111757972224846e-02 1.471682685463788554e+00
1.489999999999846914e+01 2.021357067364233998e-02 1.465795781029501255e+00
1.499999999999845812e+01 3.196395728177126722e-02 1.456496587458608660e+00
1.509999999999844711e+01 4.767733496844280688e-02 1.443836618329768173e+00
1.519999999999843610e+01 6.726027667219824924e-02 1.427883198908640461e+00
1.529999999999842508e+01 9.060139547511246449e-02 1.408719089711538475e+00
1.539999999999841407e+01 1.175719520548704350e-01 1.386442038359604556e+00
1.549999999999840306e+01 1.480265416558330382e-01 1.361164262150117210e+00
1.559999999999839204e+01 1.818038569901263835e-01 1.333011864089262755e+00
1.569999999999838103e+01 2.187275231140086984e-01 1.302124185433869430e+00
1.579999999999837001e+01 2.586070000464886776e-01 1.268653098073020402e+00
1.589999999999835900e+01 3.012385485629923698e-01 1.232762240349714711e+00
1.599999999999834799e+01 3.464062540817444136e-01 1.194626200182986153e+00
1.609999999999833875e+01 3.938831030117028176e-01 1.154429649604098662e+00
1.619999999999832596e+01 4.434321056791719617e-01 1.112366435047550395e+00
1.629999999999831317e+01 4.948074601091638214e-01 1.068638627925647677e+00
1.639999999999830393e+01 5.477557512114367144e-01 1.023455540161953170e+00
1.649999999999829470e+01 6.020171799530870116e-01 9.770327094811599444e-01
1.659999999999828191e+01 6.573268168374217790e-01 9.295908593614506943e-01
1.669999999999826912e+01 7.134158736040278059e-01 8.813548386535156043e-01
1.679999999999825988e+01 7.700129866628167008e-01 8.325525459549867335e-01
1.689999999999825064e+01 8.268455055312291524e-01 7.834138438936757431e-01
1.699999999999823785e+01 8.836407795643911323e-01 7.341694685114722452e-01
1.709999999999822506e+01 9.401274365253645682e-01 6.850499389436137676e-01
1.719999999999821583e+01 9.960366468758169445e-01 6.362844725545907520e-01
1.729999999999820659e+01 1.051103367877081585e+00 5.880999106239325203e-01
1.739999999999819380e+01 1.105067561619922367e+00 5.407196595828671626e-01
1.749999999999818101e+01 1.157675381091981315e+00 4.943626526892722084e-01
1.759999999999817177e+01 1.208680318587891600e+00 4.492423368933584626e-01
1.769999999999816254e+01 1.257844311408966353e+00 4.055656894846645932e-01
1.779999999999814975e+01 1.304938800908783225e+00 3.635322689179754097e-01
1.789999999999813696e+01 1.349745742115570524e+00 3.233333039968224187e-01
1.799999999999812772e+01 1.392058561809845108e+00 2.851508253625478218e-01
1.809999999999811848e+01 1.431683062813584817e+00 2.491568430102456821e-01
1.819999999999810569e+01 1.468438271605443601e+00 2.155125733368636054e-01
1.829999999999809290e+01 1.502157225737087654e+00 1.843677190158783119e-01
1.839999999999808367e+01 1.532687697295153306e+00 1.558598047750535120e-01
1.849999999999807443e+01 1.559892848851335945e+00 1.301135719189000228e-01
1.859999999999806164e+01 1.583651818704533865e+00 1.072404341842030512e-01
1.869999999999804885e+01 1.603860232565509136e+00 8.733799724689927935e-02
1.879999999999803961e+01 1.620430639192416145e+00 7.048964391546908015e-02
1.889999999999803038e+01 1.633292867802885739e+00 5.676418675136988418e-02
1.899999999999801759e+01 1.642394305184559533e+00 4.621558955455531276e-02
1.909999999999800480e+01 1.647700090293392261e+00 3.888275884185977971e-02
1.919999999999799556e+01 1.649193224109133382e+00 3.478940612419165190e-02
1.929999999999798632e+01 1.646874593107991336e+00 3.394398144960079911e-02
1.939999999999797353e+01 1.640762906101151497e+00 3.633967832346386012e-02
1.949999999999796074e+01 1.630894546009518997e+00 4.195450975379826086e-02
1.959999999999795151e+01 1.617323339620624578e+00 5.075145481493441302e-02
1.969999999999794227e+01 1.600120248928512012e+00 6.267867479025365784e-02
1.979999999999792948e+01 1.579372987335250000e+00 7.766979764900336369e-02
1.989999999999791669e+01 1.555185563315220509e+00 9.564426932795790093e-02
1.999999999999790745e+01 1.527677753595436227e+00 1.165077700160709467e-01
2.009999999999789821e+01 1.496984507689525623e+00 1.401526933716375767e-01
2.019999999999788542e+01 1.463255285771998926e+00 1.664586863342368828e-01
2.029999999999787264e+01 1.426653332257011630e+00 1.952932469296213280e-01
2.039999999999786340e+01 1.387354887803547765e+00 2.265123772077161923e-01
2.049999999999785416e+01 1.345548342677650888e+00 2.599612882041078543e-01
2.059999999999784137e+01 1.301433334565673228e+00 2.954751535740154367e-01
2.069999999999782858e+01 1.255219794268787492e+00 3.328799083160819405e-01
2.079999999999781934e+01 1.207126943416505727e+00 3.719930887858590718e-01
2.089999999999781011e+01 1.157382249324997447e+00 4.126247100039261984e-01
2.099999999999779732e+01 1.106220342933926792e+00 4.545781760994824783e-01
2.109999999999778453e+01 1.053881905908521821e+00 4.976512195967923713e-01
2.119999999999777529e+01 1.000612532514341790e+00 5.416368651427557745e-01
2.129999999999776605e+01 9.466615712191088772e-01 5.863244131790440461e-01
2.139999999999775326e+01 8.922809505384741158e-01 6.315004389763784198e-01
2.149999999999774047e+01 8.377239934592153325e-01 6.769498023688391708e-01
2.159999999999773124e+01 7.832442248193750567e-01 7.224566634521116804e-01
2.169999999999772200e+01 7.290941764009003512e-01 7.678054994452578885e-01
2.179999999999770921e+01 6.755241951739734407e-01 8.127821178723585449e-01
2.189999999999769642e+01 6.227812607925692356e-01 8.571746612119720554e-01
2.199999999999768718e+01 5.711078187244504889e-01 9.007745981934315305e-01
2.209999999999767795e+01 5.207406353294166124e-01 9.433776969839010595e-01
2.219999999999766516e+01 4.719096810834131905e-01 9.847849756019498857e-01
2.229999999999765237e+01 4.248370481602742887e-01 1.024803625012332908e+00
2.239999999999764313e+01 3.797359085665280576e-01 1.063247900510459587e+00
2.249999999999763389e+01 3.368095186696555832e-01 1.099939977196483287e+00
2.259999999999762110e+01 2.962502752010353069e-01 1.134710765556481427e+00
2.269999999999760831e+01 2.582388269240707968e-01 1.167400683394723249e+00
2.279999999999759908e+01 2.229432454687959309e-01 1.197860380583358531e+00
2.289999999999758984e+01 1.905182585427296627e-01 1.225951413311225480e+00
2.299999999999757705e+01 1.611045488087345101e-01 1.251546864735683551e+00
2.309999999999756426e+01 1.348281218751284649e-01 1.274531909187223366e+00
2.319999999999755502e+01 1.117997467020123703e-01 1.294804317358632773e+00
2.329999999999754579e+01 9.211447120678162293e-02 1.312274900219732476e+00
2.339999999999753300e+01 7.585121519449003480e-02 1.326867889719542504e+00
2.349999999999752021e+01 6.307244219468222113e-02 1.338521254655703707e+00
2.359999999999751097e+01 5.382391139104523298e-02 1.347186950403667760e+00
2.369999999999750173e+01 4.813451051468206621e-02 1.352831101507576239e+00
2.379999999999748894e+01 4.601617029555739313e-02 1.355434116448514414e+00
2.389999999999747615e+01 4.746386078943908016e-02 1.354990734231504401e+00
2.399999999999746692e+01 5.245566956322537250e-02 1.351510002767327245e+00
2.409999999999745768e+01 6.095296130912555149e-02 1.345015189363891084e+00
2.419999999999744489e+01 7.290061799280490862e-02 1.335543623978083794e+00
2.429999999999743210e+01 8.822735815498294887e-02 1.323146476212450295e+00
2.439999999999742286e+01 1.068461335101211496e-01 1.307888467370502461e+00
2.449999999999741362e+01 1.286546005647470070e-01 1.289847519200388426e+00
2.459999999999740083e+01 1.535356646182502172e-01 1.269114341255670686e+00
2.469999999999738804e+01 1.813580931426349574e-01 1.245791959084148415e+00
2.479999999999737881e+01 2.119771951109889752e-01 1.219995185730636145e+00
2.489999999999736957e+01 2.452355623763630976e-01 1.191850039306139530e+00
2.499999999999735678e+01 2.809638687601193618e-01 1.161493109633046084e+00
2.509999999999734399e+01 3.189817221689539850e-01 1.129070877219096047e+00
2.519999999999733475e+01 3.590985648690613874e-01 1.094738988035345750e+00
2.529999999999732552e+01 4.011146169872225609e-01 1.058661487770774290e+00
2.539999999999731273e+01 4.448218583084486699e-01 1.021010019403582492e+00
2.549999999999729994e+01 4.900050434439575109e-01 9.819629880706974845e-01
2.559999999999729070e+01 5.364427455246465470e-01 9.417046973313347724e-01
2.569999999999728146e+01 5.839084238350751299e-01 9.004244610095454293e-01
2.579999999999726867e+01 6.321715111181340774e-01 8.583156948652088669e-01
2.589999999999725588e+01 6.809985163143166265e-01 8.155749923961609360e-01
2.599999999999724665e+01 7.301541380755880439e-01 7.724011891277052788e-01
2.609999999999723741e+01 7.794023837849779479e-01 7.289944197983205809e-01
2.619999999999722462e+01 8.285076884599674729e-01 6.855551728885174168e-01
2.629999999999721183e+01 8.772360279293849317e-01 6.422833469511559645e-01
2.639999999999720259e+01 9.253560208325916081e-01 5.993773131830695267e-01
2.649999999999719336e+01 9.726400141260687082e-01 5.570329886381685247e-01
2.659999999999718057e+01 1.018865146852252934e+00 5.154429244239898678e-01
2.669999999999716778e+01 1.063814386919183397e+00 4.747954131477176154e-01
2.679999999999715854e+01 1.107277535641217225e+00 4.352736197814063845e-01
2.689999999999714930e+01 1.149052194933516402e+00 3.970547399945886236e-01
2.699999999999713651e+01 1.188944692458020702e+00 3.603091898526217252e-01
2.709999999999712372e+01 1.226770960684292922e+00 3.251998305988082483e-01
2.719999999999711449e+01 1.262357366522576463e+00 2.918812320333830090e-01
2.729999999999710525e+01 1.295541488618460413e+00 2.604989777846241084e-01
2.739999999999709246e+01 1.326172839465995956e+00 2.311890155490130272e-01
2.749999999999707967e+01 1.354113529307659380e+00 2.040770551622856921e-01
2.759999999999707043e+01 1.379238868661780471e+00 1.792780171441273884e-01
2.769999999999706120e+01 1.401437906612607476e+00 1.568955341239661183e-01
2.779999999999704841e+01 1.420613902758950164e+00 1.370215072980630056e-01
2.789999999999703562e+01 1.436684731473680365e+00 1.197357197950193325e-01
2.799999999999702638e+01 1.449583217336611218e+00 1.051055085502286962e-01
2.809999999999701714e+01 1.459257400334958099e+00 9.318549601848773178e-02
2.819999999999700435e+01 1.465670729282182227e+00 8.401738278479121969e-02
2.829999999999699156e+01 1.468802182211315088e+00 7.762980185796958255e-02
2.839999999999698233e+01 1.468646313025145478e+00 7.403823514584181864e-02
2.849999999999697309e+01 1.465213224129888303e+00 7.324499231661912857e-02
2.859999999999696030e+01 1.458528465025982213e+00 7.523925195386484133e-02
2.869999999999694751e+01 1.448632856916849398e+00 7.999716461255952649e-02
2.879999999999693827e+01 1.435582243514898826e+00 8.748201708072801674e-02
2.889999999999692903e+01 1.419447168672388182e+00 9.764445684455172469e-02
2.899999999999691624e+01 1.400312482411184334e+00 1.104227754487377144e-01
2.909999999999690345e+01 1.378276878223240853e+00 1.257432491454806012e-01
2.919999999999689422e+01 1.353452365676928837e+00 1.435205349444838852e-01
2.929999999999688498e+01 1.325963682845338054e+00 1.636581199211046000e-01
2.939999999999687219e+01 1.295947652697416519e+00 1.860488214117699546e-01
2.949999999999685940e+01 1.263552486749651482e+00 2.105753355196217647e-01
2.959999999999685016e+01 1.228937038611978672e+00 2.371108311595713780e-01
2.969999999999684093e+01 1.192270009890990190e+00 2.655195866819460293e-01
2.979999999999682814e+01 1.153729111118107831e+00 2.956576659233262072e-01
2.989999999999681535e+01 1.113500180891387359e+00 3.273736303413035120e-01
2.999999999999680611e+01 1.071776267286843165e+00 3.605092837028884833e-01
3.009999999999679687e+01 1.028756676561748407e+00 3.949004456262725782e-01
3.019999999999678408e+01 9.846459948252070937e-01 4.303777501338669209e-01
3.029999999999677129e+01 9.396530885226768159e-01 4.667674652669865920e-01
3.039999999999676206e+01 8.939900894541549237e-01 5.038923297362907228e-01
3.049999999999675282e+01 8.478713699161826156e-01 5.415724025338606307e-01
3.059999999999674003e+01 8.015125134656636563e-01 5.796259214120657033e-01
3.069999999999672724e+01 7.551292864805272398e-01 6.178701661424644831e-01
3.079999999999671800e+01 7.089366149950320217e-01 6.561223224949580546e-01
3.089999999999670877e+01 6.631475705469912496e-01 6.942003429116183622e-01
3.099999999999669598e+01 6.179723684525812999e-01 7.319237998772686327e-01
3.109999999999668319e+01 5.736173821491763469e-01 7.691147280137690112e-01
3.119999999999667395e+01 5.302841777808531276e-01 8.055984509553644202e-01
3.129999999999666471e+01 4.881685737140492032e-01 8.412043891119551642e-01
3.139999999999665192e+01 4.474597299479028401e-01 8.757668445016747460e-01
3.149999999999663913e+01 4.083392724375451976e-01 9.091257589331699362e-01
3.159999999999662990e+01 3.709804573274160799e-01 9.411274419431057137e-01
3.169999999999662066e+01 3.355473800413550922e-01 9.716252650520730283e-01
3.179999999999660787e+01 3.021942339285398349e-01 1.000480319098385085e+00
3.189999999999659508e+01 2.710646225581074265e-01 1.027562031643584062e+00
3.199999999999658584e+01 2.422909288801125272e-01 1.052748741696196699e+00
3.209999999999657661e+01 2.159937436305558456e-01 1.075928229254980995e+00
3.219999999999656382e+01 1.922813548445428122e-01 1.096998197414381204e+00
3.229999999999655103e+01 1.712493002058654012e-01 1.115866705010483795e+00
3.239999999999653824e+01 1.529799840071061068e-01 1.132452548022388150e+00
3.249999999999653255e+01 1.375423604737955330e-01 1.146685588191342919e+00
3.259999999999651976e+01 1.249916849828068832e-01 1.158507027579271043e+00
3.269999999999650697e+01 1.153693342690417512e-01 1.167869628061054543e+00
3.279999999999650129e+01 1.087026961235283556e-01 1.174737875034463919e+00
3.289999999999648850e+01 1.050051284137100971e-01 1.179088084938957337e+00
3.299999999999647571e+01 1.042759865681217729e-01 1.180908456488892533e+00
3.309999999999646292e+01 1.065007180137494264e-01 1.180199065835774830e+00
3.319999999999645013e+01 1.116510215152782537e-01 1.176971806161567935e+00
3.329999999999644444e+01 1.196850690458623190e-01 1.171250272463326914e+00
3.339999999999643165e+01 1.305477877003630716e-01 1.163069592517764761e+00
3.349999999999641886e+01 1.441711990561100332e-01 1.152476205229899131e+00
3.359999999999641318e+01 1.604748131482266749e-01 1.139527587785868379e+00
3.369999999999640039e+01 1.793660739319413444e-01 1.124291933251122533e+00
3.379999999999638760e+01 2.007408529674306608e-01 1.106847780467970832e+00
3.389999999999637481e+01 2.244839882190742264e-01 1.087283598292355657e+00
3.399999999999636202e+01 2.504698652430292771e-01 1.065697326364633213e+00
3.409999999999635634e+01 2.785630384251917002e-01 1.042195874739145545e+00
3.419999999999634355e+01 3.086188900989983441e-01 1.016894584819502567e+00
3.429999999999633076e+01 3.404843252738263826e-01 9.899166541715157530e-01
3.439999999999632507e+01 3.739984995532293910e-01 9.613925279152986114e-01
3.449999999999631228e+01 4.089935778867018201e-01 9.314592595187258794e-01
3.459999999999629949e+01 4.452955220476509379e-01 9.002598439159135157e-01
3.469999999999628670e+01 4.827249047349443933e-01 8.679425259695695560e-01
3.479999999999627391e+01 5.210977475944528203e-01 8.346600873997185310e-01
3.489999999999626823e+01 5.602263794991183543e-01 8.005691154213223637e-01
3.499999999999625544e+01 5.999203107518016331e-01 7.658292564497026778e-01
3.509999999999624265e+01 6.399871187734397227e-01 7.306024583203187817e-01
3.519999999999623697e+01 6.802333410212926257e-01 6.950522045202683907e-01
3.529999999999622418e+01 7.204653709461255051e-01 6.593427439531469592e-01
3.539999999999621139e+01 7.604903526632910138e-01 6.236383197725485772e-01
3.549999999999619860e+01 8.001170698926031166e-01 5.881024008292035088e-01
3.559999999999618581e+01 8.391568248699389221e-01 5.528969192743883321e-01
3.569999999999618012e+01 8.774243034336867142e-01 5.181815178361646179e-01
3.579999999999616733e+01 9.147384230848636388e-01 4.841128102295776947e-01
3.589999999999615454e+01 9.509231610175351568e-01 4.508436580871809651e-01
3.599999999999614886e+01 9.858083587170688444e-01 4.185224677133366211e-01
3.609999999999613607e+01 1.019230499090508335e+00 3.872925098778356445e-01
3.619999999999612328e+01 1.051033451816570263e+00 3.572912657612405951e-01
3.629999999999611049e+01 1.081069182982611565e+00 3.286498020371282913e-01
3.639999999999609770e+01 1.109198425854181824e+00 3.014921779254696177e-01
3.649999999999609201e+01 1.135291310248864205e+00 2.759348868873056082e-01
3.659999999999607923e+01 1.159227948221138060e+00 2.520863354644111154e-01
3.669999999999606644e+01 1.180898973824302978e+00 2.300463616007633882e-01
3.679999999999606075e+01 1.200206034822247858e+00 2.099057946111003714e-01
3.689999999999604796e+01 1.217062234291980793e+00 1.917460587825311757e-01
3.699999999999603517e+01 1.231392519899547899e+00 1.756388224078254956e-01
3.709999999999602238e+01 1.243134018349198788e+00 1.616456938522010389e-01
3.719999999999600959e+01 1.252236312453329781e+00 1.498179660447636896e-01
3.729999999999600391e+01 1.258661658593871246e+00 1.401964105586192000e-01
3.739999999999599112e+01 1.262385142905542601e+00 1.328111222025885330e-01
3.749999999999597833e+01 1.263394775080992405e+00 1.276814147986486403e-01
3.759999999999597264e+01 1.261691519125905936e+00 1.248157685662114602e-01
3.769999999999595985e+01 1.257289260737161740e+00 1.242118292786466571e-01
3.779999999999594706e+01 1.250214711405257306e+00 1.258564591007530209e-01
3.789999999999593427e+01 1.240507249830308467e+00 1.297258387620076892e-01
3.799999999999592148e+01 1.228218701567746818e+00 1.357856204717887705e-01
3.809999999999591580e+01 1.213413057966499675e+00 1.439911307371043447e-01
3.819999999999590301e+01 1.196166135694825883e+00 1.542876219963180973e-01
3.829999999999589022e+01 1.176565178595653460e+00 1.666105717341771486e-01
3.839999999999588454e+01 1.154708404140691202e+00 1.808860274991687944e-01
3.849999999999587175e+01 1.130704497260881514e+00 1.970309960107489988e-01
3.859999999999585896e+01 1.104672054735231779e+00 2.149538743258849749e-01
3.869999999999584617e+01 1.076738983456784426e+00 2.345549208349303194e-01
3.879999999999583338e+01 1.047041855823515277e+00 2.557267636743749128e-01
3.889999999999582769e+01 1.015725225547164934e+00 2.783549439748579934e-01
3.899999999999581490e+01 9.829409075039042820e-01 3.023184912059279639e-01
3.909999999999580211e+01 9.488472257335079929e-01 3.274905277370102064e-01
3.919999999999579643e+01 9.136082340827348380e-01 3.537388996125487850e-01
3.929999999999578364e+01 8.773929139986164083e-01 3.809268304402914085e-01
3.939999999999577085e+01 8.403743534647741820e-01 4.089135952103525318e-01
3.949999999999575806e+01 8.027289103541732640e-01 4.375552107875820274e-01
3.959999999999574527e+01 7.646353631450113486e-01 4.667051397455904138e-01
3.969999999999573959e+01 7.262740522513381203e-01 4.962150041422050961e-01
3.979999999999572680e+01 6.878260158192879281e-01 5.259353057855353786e-01
3.989999999999571401e+01 6.494721243075226580e-01 5.557161495134796958e-01
3.999999999999570832e+01 6.113922182995241705e-01 5.854079660078975733e-01
4.009999999999569553e+01 5.737642537617279048e-01 6.148622306840739737e-01
4.019999999999568274e+01 5.367634585706685391e-01 6.439321752294807633e-01
4.029999999999566995e+01 5.005615038831731090e-01 6.724734884101342125e-01
4.039999999999565716e+01 4.653256938907167073e-01 7.003450028183654252e-01
4.049999999999565148e+01 4.312181776117139931e-01 7.274093643025496547e-01
4.059999999999563869e+01 3.983951865850731133e-01 7.535336808993368107e-01
4.069999999999562590e+01 3.670063024866452306e-01 7.785901481851495998e-01
4.079999999999562021e+01 3.371937586066829362e-01 8.024566480838418725e-01
4.089999999999560742e+01 3.090917787932769278e-01 8.250173183080363737e-01
4.099999999999559464e+01 2.828259570085987495e-01 8.461630897688272590e-01
4.109999999999558185e+01 2.585126801966499688e-01 8.657921894561418918e-01
4.119999999999556906e+01 2.362585968577785023e-01 8.838106064685107288e-01
4.129999999999556337e+01 2.161601335902048615e-01 9.001325190563045364e-01
4.139999999999555058e+01 1.983030617731781076e-01 9.146806807386322902e-01
4.149999999999553779e+01 1.827621164203298010e-01 9.273867637612291936e-01
4.159999999999553211e+01 1.696006689703901116e-01 9.381916583810286925e-01
4.169999999999551932e+01 1.588704554289805393e-01 9.470457266882501557e-01
4.179999999999550653e+01 1.506113609804551334e-01 9.539090099031032333e-01
4.189999999999549374e+01 1.448512620649595461e-01 9.587513883057170450e-01
4.199999999999548095e+01 1.416059268750357036e-01 9.615526931795206345e-01
4.209999999999547526e+01 1.408789750602393309e-01 9.623027703731370508e-01
4.219999999999546247e+01 1.426618970013128207e-01 9.610014953203125376e-01
4.229999999999544968e+01 1.469341323981402381e-01 9.576587395982963935e-01
4.239999999999544400e+01 1.536632073369300633e-01 9.522942893453231195e-01
4.249999999999543121e+01 1.628049286162646658e-01 9.449377160937276754e-01
4.259999999999541842e+01 1.743036338495749793e-01 9.356282008056581168e-01
4.269999999999540563e+01 1.880924955667473419e-01 9.244143121267011098e-01
4.279999999999539284e+01 2.040938771926720796e-01 9.113537400976061686e-01
4.289999999999538716e+01 2.222197385449696527e-01 8.965129867777261730e-01
4.299999999999537437e+01 2.423720885367576794e-01 8.799670154322378757e-01
4.309999999999536158e+01 2.644434830317254903e-01 8.617988601092965162e-01
4.319999999999535589e+01 2.883175659552342229e-01 8.420991975914591254e-01
4.329999999999534310e+01 3.138696515333510573e-01 8.209658838592975849e-01
4.339999999999533031e+01 3.409673449583239258e-01 7.985034573622399323e-01
4.349999999999531752e+01 3.694711981690280700e-01 7.748226115514624812e-01
4.359999999999530473e+01 3.992353970614757053e-01 7.500396392832897607e-01
4.369999999999529905e+01 4.301084764059162624e-01 7.242758518437191206e-01
4.379999999999528626e+01 4.619340589960049259e-01 6.976569754667044654e-01
4.389999999999527347e+01 4.945516159352836283e-01 6.703125283128191780e-01
4.399999999999526779e+01 5.277972452762041966e-01 6.423751809368737353e-01
4.409999999999525500e+01 5.615044663497961164e-01 6.139801033153280407e-01
4.419999999999524221e+01 5.955050270789860045e-01 5.852643015398438786e-01
4.429999999999522942e+01 6.296297213722062969e-01 5.563659473217804630e-01
4.439999999999521663e+01 6.637092132151941604e-01 5.274237034957570680e-01
4.449999999999521094e+01 6.975748632216940415e-01 4.985760487580538913e-01
4.459999999999519815e+01 7.310595523931158191e-01 4.699606049205449221e-01
4.469999999999518536e+01 7.639984971460456187e-01 4.417134699876801296e-01
4.479999999999517968e+01 7.962300497099257246e-01 4.139685603567302974e-01
4.489999999999516689e+01 8.275964788625669311e-01 3.868569653893128013e-01
4.499999999999515410e+01 8.579447272794497037e-01 3.605063175053537239e-01
4.509999999999514131e+01 8.871271428656107849e-01 3.350401808254392932e-01
4.519999999999512852e+01 9.150021819075271345e-01 3.105774612543752977e-01
4.529999999999512283e+01 9.414350818481704852e-01 2.872318407720635403e-01
4.539999999999511004e+01 9.662985013240864562e-01 2.651112385758410128e-01
4.549999999999509726e+01 9.894731250564287039e-01 2.443173015959629879e-01
4.559999999999509157e+01 1.010848231281030518e+00 2.249449267775509020e-01
4.569999999999507878e+01 1.030322219480504176e+00 2.070818173873716361e-01
4.579999999999506599e+01 1.047803096024511049e+00 1.908080754633771081e-01
4.589999999999505320e+01 1.063208914782194148e+00 1.761958323805985216e-01
4.599999999999504041e+01 1.076468169007454900e+00 1.633089193558990571e-01
4.609999999999503473e+01 1.087520130300484444e+00 1.522025795449390428e-01
4.619999999999502194e+01 1.096315130632651291e+00 1.429232231861298774e-01
4.629999999999500915e+01 1.102814784300480744e+00 1.355082270142412004e-01
4.639999999999500346e+01 1.106992147970643270e+00 1.299857789083655457e-01
4.649999999999499067e+01 1.108831818386150969e+00 1.263747684672318072e-01
4.659999999999497788e+01 1.108329968494910611e+00 1.246847239317040584e-01
4.669999999999496509e+01 1.105494323343533480e+00 1.249157956089805011e-01
4.679999999999495230e+01 1.100344076926957460e+00 1.270587857000074206e-01
4.689999999999494662e+01 1.092909750701436922e+00 1.310952241873124813e-01
4.699999999999493383e+01 1.083232994272570693e+00 1.369974901977993875e-01
4.709999999999492104e+01 1.071366329192352751e+00 1.447289780116778890e-01
4.719999999999491536e+01 1.057372837728953741e+00 1.542443066501737736e-01
4.729999999999490257e+01 1.041325799459103418e+00 1.654895717504471508e-01
4.739999999999488978e+01 1.023308279107737695e+00 1.784026382332737914e-01
4.749999999999487699e+01 1.003412669138031399e+00 1.929134720879425724e-01
4.759999999999486420e+01 9.817401904809102131e-01 2.089445094350615983e-01
4.769999999999485851e+01 9.584003547284328794e-01 2.264110608782554934e-01
4.779999999999484572e+01 9.335103909963119451e-01 2.452217490204042505e-01
4.789999999999483293e+01 9.071946403423203353e-01 2.652789768986341667e-01
4.799999999999482725e+01 8.795839202225393949e-01 2.864794249790673097e-01
4.809999999999481446e+01 8.508148611944724715e-01 3.087145742377270241e-01
4.819999999999480167e+01 8.210292180991859423e-01 3.318712527325863859e-01
4.829999999999478888e+01 7.903731583259325788e-01 3.558322029479759063e-01
4.839999999999477609e+01 7.589965302921325430e-01 3.804766670774171744e-01
4.849999999999477041e+01 7.270521156320053358e-01 4.056809873122375065e-01
4.859999999999475762e+01 6.946948686762095537e-01 4.313192181205335873e-01
4.869999999999474483e+01 6.620811468591495386e-01 4.572637474302881921e-01
4.879999999999473914e+01 6.293679358998378603e-01 4.833859235721593706e-01
4.889999999999472635e+01 5.967120738928792800e-01 5.095566847966264135e-01
4.899999999999471356e+01 5.642694787159747705e-01 5.356471881625063380e-01
4.909999999999470077e+01 5.321943834132654150e-01 5.615294346042665197e-01
4.919999999999468798e+01 5.006385843894433085e-01 5.870768870290484776e-01
4.929999999999468230e+01 4.697507071579240523e-01 6.121650783709126076e-01
4.939999999999466951e+01 4.396754939328569867e-01 6.366722066355990917e-01
4.949999999999465672e+01 4.105531166965608603e-01 6.604797140921926379e-01
4.959999999999465103e+01 3.825185187814236221e-01 6.834728478977745159e-01
4.969999999999463824e+01 3.557007876406318991e-01 7.055411995711824424e-01
4.979999999999462545e+01 3.302225613235008073e-01 7.265792208614078040e-01
4.989999999999461266e+01 3.061994710646462892e-01 7.464867136898618583e-01
