1.000000000000000000e+00 2.000000000000000000e+00 0.000000000000000000e+00
1.099999999999988987e+00 1.997600966677748557e+00 1.999200209313528771e-03
1.199999999999977973e+00 1.990415462700257265e+00 7.987208597953777620e-03
1.299999999999966960e+00 1.978478231841480639e+00 1.793529499769680111e-02
1.399999999999955946e+00 1.961847016711970371e+00 3.179573080900650883e-02
1.499999999999944933e+00 1.940602294624646840e+00 4.950202090771470276e-02
1.599999999999933920e+00 1.914846898126950192e+00 7.096922695818570770e-02
1.699999999999922906e+00 1.884705521312874055e+00 9.609438065691426611e-02
1.799999999999911893e+00 1.850324113902045209e+00 1.247569849599054481e-01
1.899999999999900879e+00 1.811869165915189761e+00 1.568196008840696265e-01
1.999999999999889866e+00 1.769526886559543044e+00 1.921285170217782168e-01
2.099999999999878852e+00 1.723502281654791579e+00 2.305144984722259927e-01
2.199999999999867839e+00 1.674018134572028416e+00 2.717936114767201539e-01
2.299999999999856826e+00 1.621313896216883377e+00 3.157681196501881948e-01
2.399999999999845812e+00 1.565644490070871919e+00 3.622274473297688036e-01
2.499999999999834799e+00 1.507279038717017849e+00 4.109492052150241492e-01
2.599999999999823785e+00 1.446499518645538718e+00 4.617002731541752225e-01
2.699999999999812772e+00 1.383599350481629742e+00 5.142379346379332139e-01
2.799999999999801759e+00 1.318881932118012967e+00 5.683110572984645392e-01
2.899999999999790745e+00 1.252659122568500427e+00 6.236613134775689238e-01
2.999999999999779732e+00 1.185249684666908054e+00 6.800244347275709034e-01
3.099999999999768718e+00 1.116977694988640302e+00 7.371314939418425194e-01
3.199999999999757705e+00 1.048170929548648100e+00 7.947102086811670407e-01
3.299999999999746692e+00 9.791592339207427775e-01 8.524862591670997469e-01
3.399999999999735678e+00 9.102728864424206590e-01 9.101846143544365386e-01
3.499999999999724665e+00 8.418409631345514788e-01 9.675308594709269849e-01
3.599999999999713651e+00 7.741897128922426985e-01 1.024252518423603764e+00
3.699999999999702638e+00 7.076409513930492778e-01 1.080080364518164027e+00
3.799999999999691624e+00 6.425104820122683469e-01 1.134749713018644579e+00
3.899999999999680611e+00 5.791065518231024445e-01 1.188001689191115373e+00
3.999999999999669598e+00 5.177283504875309639e-01 1.239584465623768672e+00
4.099999999999658584e+00 4.586645595167632705e-01 1.289254462796360912e+00
4.199999999999647571e+00 4.021919590133382072e-01 1.336777507081834626e+00
4.299999999999636557e+00 3.485740986119630347e-01 1.381929940599570417e+00
4.399999999999625544e+00 2.980600389287559882e-01 1.424499677602501402e+00
4.499999999999614531e+00 2.508831694141838153e-01 1.464287202365730511e+00
4.599999999999603517e+00 2.072601080853901379e-01 1.501106503853560037e+00
4.699999999999592504e+00 1.673896881845288731e-01 1.534785942771093259e+00
4.799999999999581490e+00 1.314520363614526399e-01 1.565169046957994414e+00
4.899999999999570477e+00 9.960774650520469453e-02 1.592115231450109469e+00
4.999999999999559464e+00 7.199715284497737455e-02 1.615500439923845510e+00
5.099999999999548450e+00 4.873970541140811019e-02 1.635217704637288882e+00
5.199999999999537437e+00 2.993345040210551589e-02 1.651177622397825173e+00
5.299999999999526423e+00 1.565461744246490414e-02 1.663308744508410486e+00
5.399999999999515410e+00 5.957315183266318273e-03 1.671557879074461850e+00
5.499999999999504396e+00 8.733361349222775079e-04 1.675890304488252713e+00
5.599999999999493383e+00 4.120711053071137971e-04 1.676289893344234727e+00
5.699999999999482370e+00 4.560533083468875336e-03 1.672759146477013514e+00
5.799999999999471356e+00 1.328348989620422270e-02 1.665319137249356096e+00
5.899999999999460343e+00 2.652370446093729392e-02 1.654009366651541857e+00
5.999999999999449329e+00 4.420228096878150992e-02 1.638887530199998110e+00
6.099999999999438316e+00 6.621911485595366464e-02 1.620029198044137031e+00
6.199999999999427303e+00 9.245344395731414089e-02 1.597527410102078438e+00
6.299999999999416289e+00 1.227644977794861147e-01 1.571492188447511706e+00
6.399999999999405276e+00 1.569922413816112194e-01 1.542049969560154610e+00
6.499999999999394262e+00 1.949582099111780431e-01 1.509342959430059583e+00
6.599999999999383249e+00 2.364664294156805513e-01 1.473528414867466996e+00
6.699999999999372235e+00 2.813044191426086194e-01 1.434777854715967749e+00
6.799999999999361222e+00 3.292442701546147710e-01 1.393276204992480061e+00
6.899999999999350209e+00 3.800437947245388082e-01 1.349220882284545731e+00
6.999999999999339195e+00 4.334477406379161901e-01 1.302820820018848469e+00
7.099999999999328182e+00 4.891890642205388717e-01 1.254295442476428768e+00
7.199999999999317168e+00 5.469902556280759054e-01 1.203873591666511755e+00
7.299999999999306155e+00 6.065647096862654131e-01 1.151792412381258623e+00
7.399999999999295142e+00 6.676181353542723906e-01 1.098296200938033040e+00
7.499999999999284128e+00 7.298499967039188130e-01 1.043635223271004220e+00
7.599999999999273115e+00 7.929549781690427013e-01 9.880645081618346648e-01
7.699999999999262101e+00 8.566244667317755024e-01 9.318426214961262888e-01
7.799999999999251088e+00 9.205480436862455429e-01 8.752304274991224986e-01
7.899999999999240075e+00 9.844149786583223927e-01 8.184898429406259890e-01
7.999999999999229061e+00 1.047915718659282458e+00 7.618825903028246804e-01
8.099999999999218048e+00 1.110743365099871482e+00 7.056689558799321693e-01
8.199999999999207034e+00 1.172595131870414864e+00 6.501065587227553566e-01
8.299999999999196021e+00 1.233173777790008252e+00 5.954491362587528425e-01
8.399999999999185007e+00 1.292189006929655992e+00 5.419453523092202518e-01
8.499999999999173994e+00 1.349358830516622421e+00 4.898376330911846099e-01
8.599999999999162981e+00 1.404410884331894316e+00 4.393610366345015450e-01
8.699999999999151967e+00 1.457083695719766592e+00 3.907421608646031719e-01
8.799999999999140954e+00 1.507127894545938762e+00 3.441980953992678227e-01
8.899999999999129940e+00 1.554307362671681014e+00 2.999354218847696263e-01
8.999999999999118927e+00 1.598400316762086382e+00 2.581492674527748332e-01
9.099999999999107914e+00 1.639200319520652815e+00 2.190224156153543211e-01
9.199999999999096900e+00 1.676517214746862772e+00 1.827244786322649028e-01
9.299999999999085887e+00 1.710177981946009229e+00 1.494111350828760121e-01
9.399999999999074873e+00 1.740027506589367112e+00 1.192234360559671497e-01
9.499999999999063860e+00 1.765929262523083798e+00 9.228718303534715062e-02
9.599999999999052847e+00 1.787765903459766603e+00 6.871238020919009926e-02
9.699999999999041833e+00 1.805439760951589534e+00 4.859276356809886371e-02
9.799999999999030820e+00 1.818873246735043470e+00 3.200540878288109931e-02
9.899999999999019806e+00 1.828009157842220622e+00 1.901041947008538791e-02
9.999999999999008793e+00 1.832810883383874545e+00 9.650697063765624473e-03
1.009999999999899778e+01 1.833262512414307377e+00 3.951793117806611140e-03
1.019999999999898677e+01 1.829368842783936078e+00 1.921844466817815766e-03
1.029999999999897575e+01 1.821155291372936524e+00 3.551591277020823157e-03
1.039999999999896474e+01 1.808667706577369527e+00 8.814477623835147851e-03
1.049999999999895373e+01 1.791972084387263520e+00 1.766683384195933543e-02
1.059999999999894271e+01 1.771154189843213489e+00 3.004813950857812554e-02
1.069999999999893170e+01 1.746319086079598293e+00 4.588136554272374129e-02
1.079999999999892069e+01 1.717590573547403521e+00 6.507339353534646875e-02
1.089999999999890967e+01 1.685110542369177011e+00 8.751551006665862775e-02
1.099999999999889866e+01 1.649038241117760428e+00 1.130839734208965303e-01
1.109999999999888765e+01 1.609549465650759847e+00 1.416406497748868565e-01
1.119999999999887663e+01 1.566835671978295208e+00 1.730337156168889334e-01
1.129999999999886562e+01 1.521103017500101462e+00 2.070984228474804789e-01
1.139999999999885461e+01 1.472571335307082174e+00 2.436579227263912240e-01
1.149999999999884359e+01 1.421473046594056155e+00 2.825241445598565826e-01
1.159999999999883258e+01 1.368052016558596096e+00 3.234987247738645988e-01
1.169999999999882156e+01 1.312562359460685668e+00 3.663739817913153618e-01
1.179999999999881055e+01 1.255267198777523907e+00 4.109339319268244806e-01
1.189999999999879954e+01 1.196437388611121921e+00 4.569553413329328073e-01
1.199999999999878852e+01 1.136350202683277910e+00 5.042088088767956444e-01
1.209999999999877751e+01 1.075287997385389493e+00 5.524598746979240138e-01
1.219999999999876650e+01 1.013536855432906725e+00 6.014701490951762652e-01
1.229999999999875548e+01 9.513852167085474765e-01 6.509984563154976867e-01
1.239999999999874447e+01 8.891225028691619459e-01 7.008019877675927267e-01
1.249999999999873346e+01 8.270377422507732001e-01 7.506374591593196755e-01
1.259999999999872244e+01 7.654182015437277498e-01 8.002622660598580628e-01
1.269999999999871143e+01 7.045480306404641180e-01 8.494356324135650116e-01
1.279999999999870042e+01 6.447069269792412571e-01 8.979197465840483838e-01
1.289999999999868940e+01 5.861688256161563526e-01 9.454808795844803493e-01
1.299999999999867839e+01 5.292006211407709326e-01 9.918904802511951946e-01
1.309999999999866738e+01 4.740609273974450977e-01 1.036926242245887586e+00
1.319999999999865636e+01 4.209988807804399547e-01 1.080373137922953308e+00
1.329999999999864535e+01 3.702529926391323056e-01 1.122024414274031434e+00
1.339999999999863434e+01 3.220500560683509650e-01 1.161682546359047441e+00
1.349999999999862332e+01 2.766041120734706871e-01 1.199160143852404214e+00
1.359999999999861231e+01 2.341154797936191301e-01 1.234280806571571132e+00
1.369999999999860130e+01 1.947698551361763952e-01 1.266879925113348238e+00
1.379999999999859028e+01 1.587374818211788885e-01 1.296805422999435020e+00
1.389999999999857927e+01 1.261723984565819856e-01 1.323918437023790418e+00
1.399999999999856826e+01 9.721176487036491121e-02 1.348093932801526895e+00
1.409999999999855724e+01 7.197527051982036128e-02 1.369221252836236191e+00
1.419999999999854623e+01 5.056462738812147334e-02 1.387204594752325715e+00
1.429999999999853522e+01 3.306314936771970886e-02 1.401963417675643697e+00
1.439999999999852420e+01 1.953541972327236045e-02 1.413432775090660565e+00
1.449999999999851319e+01 1.002704782770583863e-02 1.421563572850377044e+00
1.459999999999850218e+01 4.564515976197281756e-03 1.426322751369511588e+00
1.469999999999849116e+01 3.155116703084643801e-03 1.427693391385112642e+00
1.479999999999848015e+01 5.786980649575904079e-03 1.425674743026754232e+00
1.489999999999846914e+01 1.242919464568650184e-02 1.420282178295138031e+00
1.499999999999845812e+01 2.303200926877227786e-02 1.411547067408223777e+00
1.509999999999844711e+01 3.752713471923621591e-02 1.399516579830264229e+00
1.519999999999843610e+01 5.582812341487465579e-02 1.384253411156746605e+00
1.529999999999842508e+01 7.783083725857259383e-02 1.365835437378267292e+00
1.539999999999841407e+01 1.034139970923111107e-01 1.344355298391221920e+00
1.549999999999840306e+01 1.324398114256152281e-01 1.319919912956506902e+00
1.559999999999839204e+01 1.647546811278309264e-01 1.292649927629152984e+00
1.569999999999838103e+01 2.001899764057998576e-01 1.262679102489127070e+00
1.579999999999837001e+01 2.385628820522688320e-01 1.230153636793547722e+00
1.589999999999835900e+01 2.796773066427098997e-01 1.195231437945527331e+00
1.599999999999834799e+01 3.233248510750376115e-01 1.158081337429644808e+00
1.609999999999833875e+01 3.692858315845951034e-01 1.118882257601549135e+00
1.619999999999832596e+01 4.173303521253384774e-01 1.077822333436514013e+00
1.629999999999831317e+01 4.672194207934818877e-01 1.035097993538618866e+00
1.639999999999830393e+01 5.187061047898428034e-01 9.909130048876234609e-01
1.649999999999829470e+01 5.715367182829513837e-01 9.454774859528624065e-01
1.659999999999828191e+01 6.254520374499236146e-01 8.990068929320994551e-01
1.669999999999826912e+01 6.801885369346405419e-01 8.517209839769666058e-01
1.679999999999825988e+01 7.354796419647688932e-01 8.038427663464737805e-01
1.689999999999825064e+01 7.910569904007911379e-01 7.555974314858087126e-01
1.699999999999823785e+01 8.466516990411233623e-01 7.072112830601792188e-01
1.709999999999822506e+01 9.019956285655300610e-01 6.589106629842631513e-01
1.719999999999821583e+01 9.568226415531529971e-01 6.109208804776772306e-01
1.729999999999820659e+01 1.010869848050679032e+00 5.634651491458486650e-01
1.739999999999819380e+01 1.063878833188488970e+00 5.167635370363423686e-01
1.749999999999818101e+01 1.115596861354490210e+00 4.710319345511126965e-01
1.759999999999817177e+01 1.165778051450729214e+00 4.264810450064197567e-01
1.769999999999816254e+01 1.214184517794504092e+00 3.833154025229707496e-01
1.779999999999814975e+01 1.260587471300636864e+00 3.417324217989178847e-01
1.789999999999813696e+01 1.304768275706191583e+00 3.019214841665631144e-01
1.799999999999812772e+01 1.346519453779860820e+00 2.640630641600844597e-01
1.809999999999811848e+01 1.385645638694465553e+00 2.283279006265506450e-01
1.819999999999810569e+01 1.421964466022833440e+00 1.948762161964453510e-01
1.829999999999809290e+01 1.455307402132608896e+00 1.638569886945470122e-01
1.839999999999808367e+01 1.485520505085814014e+00 1.354072778185138604e-01
1.849999999999807443e+01 1.512465114488854789e+00 1.096516101429843848e-01
1.859999999999806164e+01 1.536018467083018146e+00 8.670142522280746555e-02
1.869999999999804885e+01 1.556074235219487178e+00 6.665458527181482296e-02
1.879999999999803961e+01 1.572542985736576027e+00 4.959495058470243106e-02
1.889999999999803038e+01 1.585352557149729780e+00 3.559202255048246610e-02
1.899999999999801759e+01 1.594448353482135428e+00 2.470065577826341396e-02
1.909999999999800480e+01 1.599793553497124377e+00 1.696084052132645556e-02
1.919999999999799556e+01 1.601369234537510788e+00 1.239755624562943054e-02
1.929999999999798632e+01 1.599174410618247943e+00 1.102069684573292983e-02
1.939999999999797353e+01 1.593225984842941090e+00 1.282506766676843289e-02
1.949999999999796074e+01 1.583558616614210823e+00 1.779045414716445839e-02
1.959999999999795151e+01 1.570224504480729699e+00 2.588176155503884440e-02
1.969999999999794227e+01 1.553293085822858188e+00 3.704922495275055766e-02
1.979999999999792948e+01 1.532850654941271484e+00 5.122868819030905463e-02
1.989999999999791669e+01 1.508999901493761397e+00 6.834195040044925562e-02
1.999999999999790745e+01 1.481859371628576394e+00 8.829717814767627793e-02
2.009999999999789821e+01 1.451562854579341089e+00 1.109893810722991925e-01
2.019999999999788542e+01 1.418258697901778609e+00 1.363009485702918189e-01
2.029999999999787264e+01 1.382109054924363978e+00 1.641022447629140180e-01
2.039999999999786340e+01 1.343289068336147141e+00 1.942522587377907561e-01
2.049999999999785416e+01 1.301985994135201885e+00 2.265993067876140299e-01
2.059999999999784137e+01 1.258398270410207465e+00 2.609817831341051386e-01
2.069999999999782858e+01 1.212734535634516053e+00 2.972289554047198856e-01
2.079999999999781934e+01 1.165212601335093856e+00 3.351618009277788635e-01
2.089999999999781011e+01 1.116058384169613671e+00 3.745938797291658573e-01
2.099999999999779732e+01 1.065504802617084135e+00 4.153322399509026819e-01
2.109999999999778453e+01 1.013790643656112156e+00 4.571783512699595375e-01
2.119999999999777529e+01 9.611594049674772045e-01 4.999290617752671917e-01
2.129999999999776605e+01 9.078581183337329774e-01 5.433775736637030951e-01
2.139999999999775326e+01 8.541361600041814661e-01 5.873144330413817560e-01
2.149999999999774047e+01 8.002440538351408561e-01 6.315285290668519735e-01
2.159999999999773124e+01 7.464322730028505326e-01 6.758080976450838717e-01
2.169999999999772200e+01 6.929500460299958808e-01 7.199417248772735922e-01
2.179999999999770921e+01 6.400441727861752028e-01 7.637193454883974830e-01
2.189999999999769642e+01 5.879578560333623694e-01 8.069332314932510242e-01
2.199999999999768718e+01 5.369295540022893665e-01 8.493789664213844404e-01
2.209999999999767795e+01 4.871918593998023628e-01 8.908564005029881994e-01
2.219999999999766516e+01 4.389704101523142499e-01 9.311705823207311328e-01
2.229999999999765237e+01 3.924828370709795844e-01 9.701326625591785158e-01
2.239999999999764313e+01 3.479377534664802041e-01 1.007560765630484800e+00
2.249999999999763389e+01 3.055337915367122292e-01 1.043280825126171818e+00
2.259999999999762110e+01 2.654586900967548235e-01 1.077127379233894233e+00
2.269999999999760831e+01 2.278884379232316848e-01 1.108944322468031984e+00
2.279999999999759908e+01 1.929864766570257573e-01 1.138585610287848215e+00
2.289999999999758984e+01 1.609029668653562950e-01 1.165915913417924887e+00
2.299999999999757705e+01 1.317741205197717758e-01 1.190811218938125027e+00
2.309999999999756426e+01 1.057216028075478736e-01 1.213159375475624691e+00
2.319999999999755502e+01 8.285200585869016698e-02 1.232860580107246085e+00
2.329999999999754579e+01 6.325639663232139609e-02 1.249827804866496805e+00
2.339999999999753300e+01 4.700994085608595219e-02 1.263987161045448282e+00
2.349999999999752021e+01 3.417160454598739544e-02 1.275278199785940814e+00
2.359999999999751097e+01 2.478393425408141268e-02 1.283654147765195708e+00
2.369999999999750173e+01 1.887291680512788450e-02 1.289082077096544765e+00
2.379999999999748894e+01 1.644791889966949403e-02 1.291543008883581978e+00
2.389999999999747615e+01 1.750170658512924596e-02 1.291031950184799326e+00
2.399999999999746692e+01 2.201054422772549465e-02 1.287557864464244473e+00
2.409999999999745768e+01 2.993437225147886974e-02 1.281143575920311362e+00
2.419999999999744489e+01 4.121706254138939735e-02 1.271825608400396268e+00
2.429999999999743210e+01 5.578675003419360928e-02 1.259653959919757815e+00
2.439999999999742286e+01 7.355623864391161448e-02 1.244691814110613803e+00
2.449999999999741362e+01 9.442347929473329793e-02 1.227015190226725005e+00
2.459999999999740083e+01 1.182721174648986157e-01 1.206712533620769578e+00
2.469999999999738804e+01 1.449721072860314652e-01 1.183884248893387170e+00
2.479999999999737881e+01 1.743803888966948823e-01 1.158642178182632376e+00
2.489999999999736957e+01 2.063416254216443591e-01 1.131109027318736970e+00
2.499999999999735678e+01 2.406889956452903379e-01 1.101417742811898526e+00
2.509999999999734399e+01 2.772450381752857851e-01 1.069710842865293721e+00
2.519999999999733475e+01 3.158225426553846193e-01 1.036139705814259404e+00
2.529999999999732552e+01 3.562254833889662575e-01 1.000863819581064629e+00
2.539999999999731273e+01 3.982499905753812408e-01 9.640499959037945876e-01
2.549999999999729994e+01 4.416853542367799035e-01 9.258715532459467212e-01
2.559999999999729070e+01 4.863150558171666082e-01 8.865074724206787327e-01
2.569999999999728146e+01 5.319178223638439951e-01 8.461415290699101366e-01
2.579999999999726867e+01 5.782686981500586576e-01 8.049614072239706930e-01
2.589999999999725588e+01 6.251401285637541161e-01 7.631577982325407072e-01
2.599999999999724665e+01 6.723030510653513758e-01 7.209234894024877383e-01
2.609999999999723741e+01 7.195279880030597264e-01 6.784524467033705708e-01
2.619999999999722462e+01 7.665861360684332881e-01 6.359388959069386393e-01
2.629999999999721183e+01 8.132504471867467721e-01 5.935764065135239465e-01
2.639999999999720259e+01 8.592966956826967317e-01 5.515569827842166095e-01
2.649999999999719336e+01 9.045045266568005893e-01 5.100701661439094314e-01
2.659999999999718057e+01 9.486584806578262086e-01 4.693021531454424911e-01
2.669999999999716778e+01 9.915489899352482039e-01 4.294349330892985317e-01
2.679999999999715854e+01 1.032973341786710186e+00 3.906454492777329812e-01
2.689999999999714930e+01 1.072736604757093870e+00 3.531047877480184560e-01
2.699999999999713651e+01 1.110652513682046649e+00 3.169773971778959698e-01
2.709999999999712372e+01 1.146544309789583771e+00 2.824203434897499254e-01
2.719999999999711449e+01 1.180245532283366261e+00 2.495826024990083769e-01
2.729999999999710525e+01 1.211600758039104830e+00 2.186043937579375540e-01
2.739999999999709246e+01 1.240466286264993334e+00 1.896165585394216924e-01
2.749999999999707967e+01 1.266710765215507406e+00 1.627399846862468968e-01
2.759999999999707043e+01 1.290215758306732852e+00 1.380850808210889735e-01
2.769999999999706120e+01 1.310876247259195049e+00 1.157513021714668411e-01
2.779999999999704841e+01 1.328601070187489963e+00 9.582673001337858876e-02
2.789999999999703562e+01 1.343313292863399955e+00 7.838770647834013283e-02
2.799999999999702638e+01 1.354950511697890381e+00 6.349852620239407330e-02
2.809999999999701714e+01 1.363465087315065549e+00 5.121118602361952182e-02
2.819999999999700435e+01 1.368824307923433459e+00 4.156519365808643979e-02
2.829999999999699156e+01 1.371010482020366350e+00 3.458743600446037569e-02
2.839999999999698233e+01 1.370020960293216516e+00 3.029210744588283280e-02
2.849999999999697309e+01 1.365868086896354194e+00 2.868069823570015831e-02
2.859999999999696030e+01 1.358579080589983779e+00 2.974204277230991719e-02
2.869999999999694751e+01 1.348195846524933073e+00 3.345242728906745733e-02
2.879999999999693827e+01 1.334774719754382444e+00 3.977575620883685298e-02
2.889999999999692903e+01 1.318386141855965255e+00 4.866377614053386813e-02
2.899999999999691624e+01 1.299114272361434619e+00 6.005635622787498101e-02
2.909999999999690345e+01 1.277056537016362903e+00 7.388182329980834406e-02
2.919999999999689422e+01 1.252323115225262518e+00 9.005735001900282144e-02
2.929999999999688498e+01 1.225036369366319544e+00 1.084893939809835200e-01
2.939999999999687219e+01 1.195330218970623415e+00 1.290741854834163149e-01
2.949999999999685940e+01 1.163349463038907627e+00 1.516982614643008487e-01
2.959999999999685016e+01 1.129249054003261588e+00 1.762390429004802306e-01
2.969999999999684093e+01 1.093193327029471140e+00 2.025654527650007919e-01
2.979999999999682814e+01 1.055355188504595310e+00 2.305385714636401517e-01
2.989999999999681535e+01 1.015915267678352940e+00 2.600123265080953594e-01
2.999999999999680611e+01 9.750610355425503029e-01 2.908342130356886823e-01
3.009999999999679687e+01 9.329858951517920884e-01 3.228460416536348410e-01
3.019999999999678408e+01 8.898882477150228398e-01 3.558847099704444128e-01
3.029999999999677129e+01 8.459705389152353261e-01 3.897829940787279623e-01
3.039999999999676206e+01 8.014382900359577899e-01 4.243703561731236307e-01
3.049999999999675282e+01 7.564991185762471870e-01 4.594737644255725284e-01
3.059999999999674003e+01 7.113617531110332237e-01 4.949185211979607590e-01
3.069999999999672724e+01 6.662350471911195893e-01 5.305290956500795518e-01
3.079999999999671800e+01 6.213269970704360379e-01 5.661299567987551074e-01
3.089999999999670877e+01 5.768437679929702133e-01 6.015464031023166624e-01
3.099999999999669598e+01 5.329887336710874557e-01 6.366053846818187090e-01
3.109999999999668319e+01 4.899615334475189710e-01 6.711363143472339754e-01
3.119999999999667395e+01 4.479571514670953047e-01 7.049718636707382746e-01
3.129999999999666471e+01 4.071650220056272640e-01 7.379487404406972484e-01
3.139999999999665192e+01 3.677681649201902103e-01 7.699084439370821320e-01
3.149999999999663913e+01 3.299423550015060380e-01 8.006979945917239716e-01
3.159999999999662990e+01 2.938553288209176939e-01 8.301706347343019710e-01
3.169999999999662066e+01 2.596660324679085918e-01 8.581864972761258370e-01
3.179999999999660787e+01 2.275239133662167457e-01 8.846132393475389932e-01
3.189999999999659508e+01 1.975682591405744370e-01 9.093266380812489169e-01
3.199999999999658584e+01 1.699275862856946817e-01 9.322111459197505168e-01
3.209999999999657661e+01 1.447190811678430444e-01 9.531604030221039192e-01
3.219999999999656382e+01 1.220480956661948585e-01 9.720777045508861569e-01
3.229999999999655103e+01 1.020076995311643003e-01 9.888764208352951446e-01
3.239999999999653824e+01 8.467829129389571607e-02 1.003480368630208286e+00
3.249999999999653255e+01 7.012726930102081147e-02 1.015824131922009377e+00
3.259999999999651976e+01 5.840876417188886616e-02 1.025853330971461252e+00
3.269999999999650697e+01 4.956343368421112922e-02 1.033524838527925205e+00
3.279999999999650129e+01 4.361832079138640295e-02 1.038806942398749378e+00
3.289999999999648850e+01 4.058677516351198028e-02 1.041679453810816725e+00
3.299999999999647571e+01 4.046843832786715944e-02 1.042133761255804814e+00
3.309999999999646292e+01 4.324929217041330320e-02 1.040172829766077278e+00
3.319999999999645013e+01 4.890177025645599251e-02 1.035811145821927459e+00
3.329999999999644444e+01 5.738493114432392794e-02 1.029074608340833974e+00
3.339999999999643165e+01 6.864469260463032518e-02 1.020000366445310558e+00
3.349999999999641886e+01 8.261412541762480632e-02 1.008636604945519544e+00
3.359999999999641318e+01 9.921380519665462527e-02 9.950422787067314534e-01
3.369999999999640039e+01 1.183522204705268893e-01 9.792867972988384961e-01
3.379999999999638760e+01 1.399262350472248451e-01 9.614496615454563022e-01
3.389999999999637481e+01 1.638216024745777211e-01 9.416200538025091271e-01
3.399999999999636202e+01 1.899135302108876655e-01 9.198963840007375881e-01
3.409999999999635634e+01 2.180672909224221356e-01 8.963857936814351168e-01
3.419999999999634355e+01 2.481388781363363105e-01 8.712036204395557926e-01
3.429999999999633076e+01 2.799757032968381298e-01 8.444728253632651782e-01
3.439999999999632507e+01 3.134173310974106008e-01 8.163233862223348014e-01
3.449999999999631228e+01 3.482962497899974030e-01 7.868916593098728152e-01
3.459999999999629949e+01 3.844386730012181452e-01 7.563197129829333232e-01
3.469999999999628670e+01 4.216653694165607980e-01 7.247546360749872463e-01
3.479999999999627391e+01 4.597925165296401495e-01 6.923478244693250794e-01
3.489999999999626823e+01 4.986325745036671586e-01 6.592542492225103024e-01
3.499999999999625544e+01 5.379951760662118332e-01 6.256317097126996574e-01
3.509999999999624265e+01 5.776880282651164489e-01 5.916400753558997971e-01
3.519999999999623697e+01 6.175178218564817412e-01 5.574405194841056677e-01
3.529999999999622418e+01 6.572911440736516342e-01 5.231947490117193622e-01
3.539999999999621139e+01 6.968153905315769281e-01 4.890642335309320354e-01
3.549999999999619860e+01 7.358996720465942332e-01 4.552094374734275695e-01
3.559999999999618581e+01 7.743557121918741570e-01 4.217890589549867508e-01
3.569999999999618012e+01 8.119987314604005801e-01 3.889592788820415148e-01
3.579999999999616733e+01 8.486483139708794754e-01 3.568730238456957471e-01
3.589999999999615454e+01 8.841292527284578817e-01 3.256792462595038962e-01
3.599999999999614886e+01 9.182723695398160579e-01 2.955222251124533517e-01
3.609999999999613607e+01 9.509153057794086372e-01 2.665408906096510266e-01
3.619999999999612328e+01 9.819032803084909444e-01 2.388681758592760274e-01
3.629999999999611049e+01 1.011089810960277502e+00 2.126303986368179855e-01
3.639999999999609770e+01 1.038337396126077117e+00 1.879466761165381194e-01
3.649999999999609201e+01 1.063518153111305375e+00 1.649283753050226065e-01
3.659999999999607923e+01 1.086514410082592974e+00 1.436786017441806507e-01
3.669999999999606644e+01 1.107219248600945116e+00 1.242917288699773998e-01
3.679999999999606075e+01 1.125536993941219865e+00 1.068529702197687642e-01
3.689999999999604796e+01 1.141383650638425840e+00 9.143799647527044161e-02
3.699999999999603517e+01 1.154687280984654230e+00 7.811259911083592855e-02
3.709999999999602238e+01 1.165388324522427466e+00 6.693240218858169388e-02
3.719999999999600959e+01 1.173439856931997927e+00 5.794262360466986145e-02
3.729999999999600391e+01 1.178807787076198599e+00 5.117788684622482515e-02
3.739999999999599112e+01 1.181470991326235120e+00 4.666208406798315333e-02
3.749999999999597833e+01 1.181421384636619498e+00 4.440829104372326364e-02
3.759999999999597264e+01 1.178663928156449048e+00 4.441873429147850938e-02
3.769999999999595985e+01 1.173216573462059875e+00 4.668481041506929857e-02
3.779999999999594706e+01 1.165110143776289853e+00 5.118715744879813456e-02
3.789999999999593427e+01 1.154388152813182300e+00 5.789577773827369461e-02
3.799999999999592148e+01 1.141106562164645677e+00 6.677021163914211022e-02
3.809999999999591580e+01 1.125333478435644796e+00 7.775976106792893694e-02
3.819999999999590301e+01 1.107148791643073560e+00 9.080376169600294645e-02
3.829999999999589022e+01 1.086643756717994513e+00 1.058319023402243125e-01
3.839999999999588454e+01 1.063920520283089477e+00 1.227645898731797025e-01
3.849999999999587175e+01 1.039091595205089646e+00 1.415133577539199328e-01
3.859999999999585896e+01 1.012279285731315870e+00 1.619813160681357889e-01
3.869999999999584617e+01 9.836150663035687636e-01 1.840636407663193697e-01
3.879999999999583338e+01 9.532389173947767302e-01 2.076480996011436653e-01
3.889999999999582769e+01 9.212986219367949037e-01 2.326156120920356285e-01
3.899999999999581490e+01 8.879490261012775720e-01 2.588408406867151457e-01
3.909999999999580211e+01 8.533512683627735296e-01 2.861928101472831498e-01
3.919999999999579643e+01 8.176719809093244695e-01 3.145355520629524726e-01
3.929999999999578364e+01 7.810824675703652575e-01 3.437287712829956710e-01
3.939999999999577085e+01 7.437578624963280260e-01 3.736285309729153181e-01
3.949999999999575806e+01 7.058762738508402856e-01 4.040879529232146439e-01
3.959999999999574527e+01 6.676179167685376559e-01 4.349579296843053000e-01
3.969999999999573959e+01 6.291642397989450908e-01 4.660878450611140034e-01
3.979999999999572680e+01 5.906970490131281393e-01 4.973262994779096835e-01
3.989999999999571401e+01 5.523976339049986306e-01 5.285218367153640129e-01
3.999999999999570832e+01 5.144458991785918478e-01 5.595236685291949952e-01
4.009999999999569553e+01 4.770195064757556946e-01 5.901823936824017736e-01
4.019999999999568274e+01 4.402930300588373536e-01 6.203507079607566421e-01
4.029999999999566995e+01 4.044371304120459865e-01 6.498841017951185739e-01
4.039999999999565716e+01 3.696177496568650578e-01 6.786415421834154360e-01
4.049999999999565148e+01 3.359953325876374186e-01 7.064861356905746126e-01
4.059999999999563869e+01 3.037240770224929332e-01 7.332857694050608499e-01
4.069999999999562590e+01 2.729512170325948950e-01 7.589137268467668340e-01
4.079999999999562021e+01 2.438163424595326534e-01 7.832492759515768954e-01
4.089999999999560742e+01 2.164507579555992878e-01 8.061782264028660716e-01
4.099999999999559464e+01 1.909768845842728657e-01 8.275934537395067681e-01
4.109999999999558185e+01 1.675077067960488997e-01 8.473953878418839514e-01
4.119999999999556906e+01 1.461462673473092611e-01 8.654924635820891998e-01
4.129999999999556337e+01 1.269852124562700080e-01 8.818015316205920495e-01
4.139999999999555058e+01 1.101063891942212353e-01 8.962482275371375096e-01
4.149999999999553779e+01 9.558049679754630767e-02 9.087672976983149908e-01
4.159999999999553211e+01 8.346679326589191705e-02 9.193028804845982949e-01
4.169999999999551932e+01 7.381285829226123807e-02 9.278087417251509317e-01
4.179999999999550653e+01 6.665441325901437508e-02 9.342484634175001190e-01
4.189999999999549374e+01 6.201519873338359051e-02 9.385955850389342547e-01
4.199999999999548095e+01 5.990690961008485887e-02 9.408336969869384170e-01
4.209999999999547526e+01 6.032918777807382699e-02 9.409564859149522897e-01
4.219999999999546247e+01 6.326967193328968120e-02 9.389677319568157099e-01
4.229999999999544968e+01 6.870410391622501500e-02 9.348812580579776155e-01
4.239999999999544400e+01 7.659649071669150100e-02 9.287208318533437534e-01
4.249999999999543121e+01 8.689932105179937194e-02 9.205200207508075216e-01
4.259999999999541842e+01 9.955383518193336445e-02 9.103220010958007480e-01
4.269999999999540563e+01 1.144903463831884044e-01 8.981793225039452766e-01
4.279999999999539284e+01 1.316286122479896070e-01 8.841536286566400449e-01
4.289999999999538716e+01 1.508782537475268637e-01 8.683153360542875676e-01
4.299999999999537437e+01 1.721392197695058579e-01 8.507432724139717406e-01
4.309999999999536158e+01 1.953022946484694322e-01 8.315242765802620672e-01
4.319999999999535589e+01 2.202496460337084738e-01 8.107527619882077818e-01
4.329999999999534310e+01 2.468554102854217669e-01 7.885302458772008860e-01
4.339999999999533031e+01 2.749863124459875352e-01 7.649648466014196124e-01
4.349999999999531752e+01 3.045023176945058085e-01 7.401707515190163456e-01
4.359999999999530473e+01 3.352573110612931950e-01 7.142676580654747642e-01
4.369999999999529905e+01 3.670998020641213500e-01 6.873801907288547008e-01
4.379999999999528626e+01 3.998736508426931624e-01 6.596372967418524524e-01
4.389999999999527347e+01 4.334188123222719735e-01 6.311716233899755668e-01
4.399999999999526779e+01 4.675720949344160382e-01 6.021188799029334460e-01
4.409999999999525500e+01 5.021679304540173083e-01 5.726171869501217593e-01
4.419999999999524221e+01 5.370391515640557945e-01 5.428064167989473665e-01
4.429999999999522942e+01 5.720177738167685488e-01 5.128275272194975365e-01
4.439999999999521663e+01 6.069357787121357761e-01 4.828218922304923222e-01
4.449999999999521094e+01 6.416258946550291720e-01 4.529306327811047361e-01
4.459999999999519815e+01 6.759223725800148630e-01 4.232939504513199558e-01
4.469999999999518536e+01 7.096617530476753144e-01 3.940504672312723500e-01
4.479999999999517968e+01 7.426836216213515973e-01 3.653365744058421627e-01
4.489999999999516689e+01 7.748313493311435041e-01 3.372857935266929119e-01
4.499999999999515410e+01 8.059528150306741745e-01 3.100281523978001275e-01
4.509999999999514131e+01 8.359011064576461481e-01 2.836895789331440598e-01
4.519999999999512852e+01 8.645351968293573108e-01 2.583913156658335097e-01
4.529999999999512283e+01 8.917205938418788502e-01 2.342493575962532326e-01
4.539999999999511004e+01 9.173299580004936615e-01 2.113739159627573139e-01
4.549999999999509726e+01 9.412436872924689890e-01 1.898689104020645502e-01
4.559999999999509157e+01 9.633504653274452822e-01 1.698314918376747917e-01
4.569999999999507878e+01 9.835477702186004034e-01 1.513515982936947668e-01
4.579999999999506599e+01 1.001742341661694846e+00 1.345115456788551489e-01
4.589999999999505320e+01 1.017850603880854132e+00 1.193856554215647764e-01
4.599999999999504041e+01 1.031799042342917305e+00 1.060399206626096297e-01
4.609999999999503473e+01 1.043524532386358894e+00 9.453171252829249693e-02
4.619999999999502194e+01 1.052974618160781084e+00 8.490952781460764376e-02
4.629999999999500915e+01 1.060107740529095954e+00 7.721277921349918583e-02
4.639999999999500346e+01 1.064893412851987131e+00 7.147162900668430074e-02
4.649999999999499067e+01 1.067312343857395707e+00 6.770686694214200774e-02
4.659999999999497788e+01 1.067356507098443208e+00 6.592983279472096336e-02
4.669999999999496509e+01 1.065029156813860789e+00 6.614238389695509257e-02
4.679999999999495230e+01 1.060344790310049135e+00 6.833690771063558045e-02
4.689999999999494662e+01 1.053329057266493951e+00 7.249637929553773286e-02
4.699999999999493383e+01 1.044018616613909156e+00 7.859446332002391344e-02
4.709999999999492104e+01 1.032460941844340008e+00 8.659566004996518962e-02
4.719999999999491536e+01 1.018714075793839990e+00 9.645549454799996758e-02
4.729999999999490257e+01 1.002846336104631142e+00 1.081207481150649324e-01
4.739999999999488978e+01 9.849359727420547994e-01 1.215297308104695412e-01
4.749999999999487699e+01 9.650707791211552422e-01 1.366125936962726550e-01
4.759999999999486420e+01 9.433476585903377565e-01 1.532916792666419170e-01
4.769999999999485851e+01 9.198721482218591428e-01 1.714819083443880066e-01
4.779999999999484572e+01 8.947579020627814961e-01 1.910912015554553645e-01
4.789999999999483293e+01 8.681261362023140471e-01 2.120209333293190668e-01
4.799999999999482725e+01 8.401050382091885815e-01 2.341664162191282594e-01
4.809999999999481446e+01 8.108291436877418379e-01 2.574174131917303376e-01
4.819999999999480167e+01 7.804386828925391484e-01 2.816586754044675955e-01
4.829999999999478888e+01 7.490789005264960609e-01 3.067705028642330745e-01
4.839999999999477609e+01 7.168993520178954526e-01 3.326293252553635948e-01
4.849999999999477041e+01 6.840531797174762563e-01 3.591083001273190911e-01
4.859999999999475762e+01 6.506963725710029900e-01 3.860779255516481601e-01
4.869999999999474483e+01 6.169870128990436742e-01 4.134066642903887479e-01
4.879999999999473914e+01 5.830845139574989400e-01 4.409615764656487635e-01
4.889999999999472635e+01 5.491488519669774915e-01 4.686089576815234414e-01
4.899999999999471356e+01 5.153397962979440194e-01 4.962149795254710560e-01
4.909999999999470077e+01 4.818161414934244435e-01 5.236463293661886009e-01
4.919999999999468798e+01 4.487349448073867375e-01 5.507708463690897949e-01
4.929999999999468230e+01 4.162507729332108886e-01 5.774581506694108635e-01
4.939999999999466951e+01 3.845149615850891323e-01 6.035802626764695811e-01
4.949999999999465672e+01 3.536748915666761972e-01 6.290122095316923456e-01
4.959999999999465103e+01 3.238732849102814448e-01 6.536326158069527548e-01
4.969999999999463824e+01 2.952475245941387216e-01 6.773242756085848804e-01
4.979999999999462545e+01 2.679290012452502645e-01 6.999747033461223289e-01
4.989999999999461266e+01 2.420424901111097038e-01 7.214766605321762949e-01
