1.000000000000000000e+00 2.000000000000000000e+00 0.000000000000000000e+00
1.099999999999988987e+00 1.997600966636105424e+00 1.999200209306696129e-03
1.199999999999977973e+00 1.990415461264839703e+00 7.987208597014482103e-03
1.299999999999966960e+00 1.978478220278215849e+00 1.793529498073558048e-02
1.399999999999955946e+00 1.961846965465556369e+00 3.179573067565456129e-02
1.499999999999944933e+00 1.940602131330538160e+00 4.950202024395349704e-02
1.599999999999933920e+00 1.914846476665731378e+00 7.096922448719816812e-02
1.699999999999922906e+00 1.884704582340734458e+00 9.609437313754622123e-02
1.799999999999911893e+00 1.850322238153192300e+00 1.247569652354478809e-01
1.899999999999900879e+00 1.811865722366589715e+00 1.568195547273347479e-01
1.999999999999889866e+00 1.769520978207660855e+00 1.921284183802076384e-01
2.099999999999878852e+00 1.723492692129902526e+00 2.305143026937445105e-01
2.199999999999867839e+00 1.674003279084573581e+00 2.717932460960953978e-01
2.299999999999856826e+00 1.621291780399455540e+00 3.157674723381354021e-01
2.399999999999845812e+00 1.565612680167472348e+00 3.622263506533582866e-01
2.499999999999834799e+00 1.507234646309512760e+00 4.109474179266363048e-01
2.599999999999823785e+00 1.446439202717784589e+00 4.616974578160364939e-01
2.699999999999812772e+00 1.383519339116791258e+00 5.142336314972041356e-01
2.799999999999801759e+00 1.318778065517221210e+00 5.683046544507495135e-01
2.899999999999790745e+00 1.252526918380488130e+00 6.236520134903826840e-01
2.999999999999779732e+00 1.185084425857092505e+00 6.800112180348738544e-01
3.099999999999768718e+00 1.116774539688127232e+00 7.371130794606299830e-01
3.199999999999757705e+00 1.047925041550945124e+00 7.946850122367310476e-01
3.299999999999746692e+00 9.788659317747101518e-01 8.524523504393590745e-01
3.399999999999735678e+00 9.099278084541634337e-01 9.101396731699069598e-01
3.499999999999724665e+00 8.414402450591378368e-01 9.674721323602138989e-01
3.599999999999713651e+00 7.737301746785161249e-01 1.024176776440265391e+00
3.699999999999702638e+00 7.071202890398550212e-01 1.079983863369294861e+00
3.799999999999691624e+00 6.419274603956794945e-01 1.134628156590655301e+00
3.899999999999680611e+00 5.784611942447845934e-01 1.187850197563822041e+00
3.999999999999669598e+00 5.170221206701348660e-01 1.239397548652258152e+00
4.099999999999658584e+00 4.579005318349462783e-01 1.289026000302997410e+00
4.199999999999647571e+00 4.013749729081717010e-01 1.336500736638366327e+00
4.299999999999636557e+00 3.477108933980380678e-01 1.381597453796306274e+00
4.399999999999625544e+00 2.971593655576935666e-01 1.424103425596033423e+00
4.499999999999614531e+00 2.499558761843055366e-01 1.463818511374994191e+00
4.599999999999603517e+00 2.063191977609572791e-01 1.500556101135858134e+00
4.699999999999592504e+00 1.664503444940406141e-01 1.534143993458634059e+00
4.799999999999581490e+00 1.305316183826692733e-01 1.564425201972170498e+00
4.899999999999570477e+00 9.872575002176663117e-02 1.591258686538110645e+00
4.999999999999559464e+00 7.117513837990287195e-02 1.614520005680383674e+00
5.099999999999548450e+00 4.800119329572565680e-02 1.634101887192582092e+00
5.199999999999537437e+00 2.930378389474816089e-02 1.649914714271097926e+00
5.299999999999526423e+00 1.516079554186084040e-02 1.661886924955305878e+00
5.399999999999515410e+00 5.627797324330678121e-03 1.669965323098323795e+00
5.499999999999504396e+00 7.378214207003632678e-04 1.674115299545372970e+00
5.599999999999493383e+00 5.012550659635418501e-04 1.674320962654730183e+00
5.699999999999482370e+00 4.905845179872850813e-03 1.670585177755455897e+00
5.799999999999471356e+00 1.391681508620775873e-02 1.662929515598074115e+00
5.899999999999460343e+00 2.747709212087408315e-02 1.651394110311023677e+00
5.999999999999449329e+00 4.550764431651904002e-02 1.636037427827529145e+00
6.099999999999438316e+00 6.790792377711095396e-02 1.616935946190256823e+00
6.199999999999427303e+00 9.455641383339838391e-02 1.594183749569043851e+00
6.299999999999416289e+00 1.253112766066837580e-01 1.567892038241501584e+00
6.399999999999405276e+00 1.600110971980418517e-01 1.538188557180738325e+00
6.499999999999394262e+00 1.984757203465818409e-01 1.505216946273231882e+00
6.599999999999383249e+00 2.405071750449845058e-01 1.469136015551065322e+00
6.699999999999372235e+00 2.858906822527592095e-01 1.430118949165426923e+00
6.799999999999361222e+00 3.343957405100893010e-01 1.388352442154126454e+00
6.899999999999350209e+00 3.857772839396036990e-01 1.344035774362014379e+00
6.999999999999339195e+00 4.397769068449127183e-01 1.297379826156827010e+00
7.099999999999328182e+00 4.961241488796481192e-01 1.248606040843805776e+00
7.199999999999317168e+00 5.545378345623757088e-01 1.197945338918496194e+00
7.299999999999306155e+00 6.147274607327505302e-01 1.145636989507217152e+00
7.399999999999295142e+00 6.763946253600494618e-01 1.091927444532072355e+00
7.499999999999284128e+00 7.392344909104974215e-01 1.037069141298842867e+00
7.599999999999273115e+00 8.029372752551189318e-01 9.813192793460245866e-01
7.699999999999262101e+00 8.671897628706030092e-01 9.249385775069388638e-01
7.799999999999251088e+00 9.316768288805642451e-01 8.681900172255621051e-01
7.899999999999240075e+00 9.960829683333926043e-01 8.113375782260600078e-01
7.999999999999229061e+00 1.060093823036083904e+00 7.546449726651248691e-01
8.099999999999218048e+00 1.123397698272519563e+00 6.983743838925173808e-01
8.199999999999207034e+00 1.185687061826733668e+00 6.427852159085782890e-01
8.299999999999196021e+00 1.246660017898874928e+00 5.881328595374457624e-01
8.399999999999185007e+00 1.306021748726342357e+00 5.346674812324843096e-01
8.499999999999173994e+00 1.363485916988297353e+00 4.826328402976150511e-01
8.599999999999162981e+00 1.418776022361129874e+00 4.322651401465328336e-01
8.699999999999151967e+00 1.471626705900656029e+00 3.837919190328337171e-01
8.799999999999140954e+00 1.521784996254713862e+00 3.374309854703674283e-01
8.899999999999129940e+00 1.569011492060926827e+00 2.933894033255300404e-01
8.999999999999118927e+00 1.613081475258298259e+00 2.518625313034643098e-01
9.099999999999107914e+00 1.653785950429828011e+00 2.130331212702533950e-01
9.199999999999096900e+00 1.690932605686057189e+00 1.770704795544768839e-01
9.299999999999085887e+00 1.724346690991563458e+00 1.441296950558016710e-01
9.399999999999074873e+00 1.753871810222242811e+00 1.143509376577155068e-01
9.499999999999063860e+00 1.779370623623723224e+00 8.785883009688350009e-02
9.599999999999052847e+00 1.800725457717881284e+00 6.476189608497746886e-02
9.699999999999041833e+00 1.817838820076697282e+00 4.515208711119432505e-02
9.799999999999030820e+00 1.830633816752850196e+00 2.910438997634626559e-02
9.899999999999019806e+00 1.839054470532469843e+00 1.667651672359830861e-02
9.999999999999008793e+00 1.843065938568219098e+00 7.908678237764893426e-03
1.009999999999899778e+01 1.842654628372462522e+00 2.823442385591120457e-03
1.019999999999898677e+01 1.837828211609695561e+00 1.425677165128441930e-03
1.029999999999897575e+01 1.828615535623474342e+00 3.702578924636388061e-03
1.039999999999896474e+01 1.815066433157736858e+00 9.623785302416450541e-03
1.049999999999895373e+01 1.797251431277296696e+00 1.914157213080918546e-02
1.059999999999894271e+01 1.775261361042470787e+00 3.219113314272301074e-02
1.069999999999893170e+01 1.749206870041633666e+00 4.869094092006841235e-02
1.079999999999892069e+01 1.719217840418386434e+00 6.854318713290960541e-02
1.089999999999890967e+01 1.685442715538037373e+00 9.163429973853613741e-02
1.099999999999889866e+01 1.648047738911530002e+00 1.178355344432388541e-01
1.109999999999888765e+01 1.607216109428740269e+00 1.470036373784365802e-01
1.119999999999887663e+01 1.563147057349631552e+00 1.789815756086559906e-01
1.129999999999886562e+01 1.516054845862935929e+00 2.135993317732902130e-01
1.139999999999885461e+01 1.466167703348479234e+00 2.506747588683742034e-01
1.149999999999884359e+01 1.413726691763269150e+00 2.900144909000960114e-01
1.159999999999883258e+01 1.358984516809782050e+00 3.314149048890254190e-01
1.169999999999882156e+01 1.302204285735833800e+00 3.746631294739128371e-01
1.179999999999881055e+01 1.243658218775986590e+00 4.195380951562484584e-01
1.189999999999879954e+01 1.183626320388309061e+00 4.658116210422185710e-01
1.199999999999878852e+01 1.122395016589670558e+00 5.132495327771910976e-01
1.209999999999877751e+01 1.060255764847141791e+00 5.616128062307259583e-01
1.219999999999876650e+01 9.975036431381649749e-01 6.106587313781733917e-01
1.229999999999875548e+01 9.344359249282518931e-01 6.601420907391827297e-01
1.239999999999874447e+01 8.713506469196841131e-01 7.098163466752259732e-01
1.249999999999873346e+01 8.085451764895097426e-01 7.594348318180476065e-01
1.259999999999872244e+01 7.463147857571051924e-01 8.087519368989185553e-01
1.269999999999871143e+01 6.849512391977141679e-01 8.575242902759540042e-01
1.279999999999870042e+01 6.247414016434825745e-01 9.055119235117473631e-01
1.289999999999868940e+01 5.659658733844956657e-01 9.524794174378838907e-01
1.299999999999867839e+01 5.088976589051125154e-01 9.981970232535987142e-01
1.309999999999866738e+01 4.538008755719387666e-01 1.042441753342964628e+00
1.319999999999865636e+01 4.009295083431642093e-01 1.084998436657046206e+00
1.329999999999864535e+01 3.505262163006603315e-01 1.125660733692782189e+00
1.339999999999863434e+01 3.028211965239601677e-01 1.164232106308825898e+00
1.349999999999862332e+01 2.580311105286226536e-01 1.200526737848049308e+00
1.359999999999861231e+01 2.163580781777808548e-01 1.234370399287433306e+00
1.369999999999860130e+01 1.779887436382133203e-01 1.265601257405711166e+00
1.379999999999859028e+01 1.430934175903605388e-01 1.294070621248288422e+00
1.389999999999857927e+01 1.118252995191220400e-01 1.319643623473131244e+00
1.399999999999856826e+01 8.431978351961356977e-02 1.342199833480458349e+00
1.409999999999855724e+01 6.069385065526260864e-02 1.361633799560589830e+00
1.419999999999854623e+01 4.104555050781009962e-02 1.377855517636810578e+00
1.429999999999853522e+01 2.545357415604058982e-02 1.390790824533051140e+00
1.439999999999852420e+01 1.397692040741039220e-02 1.400381714056871507e+00
1.449999999999851319e+01 6.654656680768716685e-03 1.406586574558659652e+00
1.459999999999850218e+01 3.505775500656598247e-03 1.409380347001333522e+00
1.469999999999849116e+01 4.529147121242837679e-03 1.408754602954787272e+00
1.479999999999848015e+01 9.703568359612233310e-03 1.404717542309585232e+00
1.489999999999846914e+01 1.898790728869158284e-02 1.397293910884615631e+00
1.499999999999845812e+01 3.232134301736991344e-02 1.386524838483229161e+00
1.509999999999844711e+01 4.962369936313960200e-02 1.372467598328624083e+00
1.519999999999843610e+01 7.079587079715410347e-02 1.355195289182736573e+00
1.529999999999842508e+01 9.572033861544596012e-02 1.334796441820815582e+00
1.539999999999841407e+01 1.242617748690906104e-01 1.311374551893587537e+00
1.549999999999840306e+01 1.562677311738932262e-01 1.285047541560828011e+00
1.559999999999839204e+01 1.915694091156150691e-01 1.255947152619609541e+00
1.569999999999838103e+01 2.299825085660310853e-01 1.224218274177975463e+00
1.579999999999837001e+01 2.713081498289088289e-01 1.190018208239562503e+00
1.589999999999835900e+01 3.153338651468632348e-01 1.153515876862274414e+00
1.599999999999834799e+01 3.618346547276827807e-01 1.114890974836017845e+00
1.609999999999833875e+01 4.105741020976190758e-01 1.074333072087315211e+00
1.619999999999832596e+01 4.613055432639661668e-01 1.032040670259473325e+00
1.629999999999831317e+01 5.137732838738195973e-01 9.882202181382577777e-01
1.639999999999830393e+01 5.677138582957145241e-01 9.430850907882771805e-01
1.649999999999829470e+01 6.228573243323664022e-01 8.968545374377030477e-01
1.659999999999828191e+01 6.789285871038024389e-01 8.497526032941316032e-01
1.669999999999826912e+01 7.356487455256076613e-01 8.020070305929739574e-01
1.679999999999825988e+01 7.927364547485804547e-01 7.538481442705514679e-01
1.689999999999825064e+01 8.499092979144997617e-01 7.055077277164715222e-01
1.699999999999823785e+01 9.068851606019906475e-01 6.572178940961415083e-01
1.709999999999822506e+01 9.633836013674687004e-01 6.092099587428922991e-01
1.719999999999821583e+01 1.019127211816181822e+00 5.617133181032478717e-01
1.729999999999820659e+01 1.073842959663369401e+00 5.149543406783559929e-01
1.739999999999819380e+01 1.127263508273642190e+00 4.691552753389211516e-01
1.749999999999818101e+01 1.179128506208650951e+00 4.245331823010950467e-01
1.759999999999817177e+01 1.229185840384269923e+00 3.812988919359180384e-01
1.769999999999816254e+01 1.277192846549732641e+00 3.396559964437114165e-01
1.779999999999814975e+01 1.322917470963596243e+00 2.997998792589748884e-01
1.789999999999813696e+01 1.366139377355264140e+00 2.619167868588339054e-01
1.799999999999812772e+01 1.406650993526504134e+00 2.261829474316242872e-01
1.809999999999811848e+01 1.444258492261511817e+00 1.927637406211418214e-01
1.819999999999810569e+01 1.478782701580133585e+00 1.618129222985205118e-01
1.829999999999809290e+01 1.510059939788032990e+00 1.334719080291071613e-01
1.839999999999808367e+01 1.537942771250830898e+00 1.078691185973472966e-01
1.849999999999807443e+01 1.562300679335256515e+00 8.511939063108557579e-02
1.859999999999806164e+01 1.583020653495737395e+00 6.532345503017299160e-02
1.869999999999804885e+01 1.600007688021662267e+00 4.856748555540594398e-02
1.879999999999803961e+01 1.613185190473776620e+00 3.492271957549454575e-02
1.889999999999803038e+01 1.622495298328511470e+00 2.444515260428877998e-02
1.899999999999801759e+01 1.627899102814121868e+00 1.717530789019099113e-02
1.909999999999800480e+01 1.629376779376566109e+00 1.313808194638257064e-02
1.919999999999799556e+01 1.626927624660970739e+00 1.234266653602517604e-02
1.929999999999798632e+01 1.620570000334184746e+00 1.478254725265087076e-02
1.939999999999797353e+01 1.610341184494108457e+00 2.043557846425855459e-02
1.949999999999796074e+01 1.596297131799437441e+00 2.926413402171839165e-02
1.959999999999795151e+01 1.578512143808894042e+00 4.121533276934286755e-02
1.969999999999794227e+01 1.557078451352615467e+00 5.622133753897014252e-02
1.979999999999792948e+01 1.532105711095699707e+00 7.419972595960321049e-02
1.989999999999791669e+01 1.503720418806850478e+00 9.505393107351611803e-02
1.999999999999790745e+01 1.472065242229660953e+00 1.186737494180106767e-01
2.009999999999789821e+01 1.437298276857039703e+00 1.449359139111468520e-01
2.019999999999788542e+01 1.399592228314628928e+00 1.737047285714688749e-01
2.029999999999787264e+01 1.359133525447729474e+00 2.048327618077872836e-01
2.039999999999786340e+01 1.316121368558541560e+00 2.381615947370652464e-01
2.049999999999785416e+01 1.270766717557597847e+00 2.735226207277527410e-01
2.059999999999784137e+01 1.223291225076771349e+00 3.107378921238487801e-01
2.069999999999782858e+01 1.173926119854345584e+00 3.496210098826215695e-01
2.079999999999781934e+01 1.122911045950548248e+00 3.899780516574478106e-01
2.089999999999781011e+01 1.070492863584507015e+00 4.316085336779041381e-01
2.099999999999779732e+01 1.016924417593759733e+00 4.743064016232617086e-01
2.109999999999778453e+01 9.624632796921931410e-01 5.178610455538146251e-01
2.119999999999777529e+01 9.073704708334096036e-01 5.620583338579612231e-01
2.129999999999776605e+01 8.519091700659348065e-01 6.066816610914930186e-01
2.139999999999775326e+01 7.963434162987375053e-01 6.515130045298419548e-01
2.149999999999774047e+01 7.409368093908089703e-01 6.963339842226147214e-01
2.159999999999773124e+01 6.859512169556964967e-01 7.409269213329674475e-01
2.169999999999772200e+01 6.316454932442179260e-01 7.850758895624891931e-01
2.179999999999770921e+01 5.782742164432830290e-01 8.285677545040620595e-01
2.189999999999769642e+01 5.260864506946482111e-01 8.711931958334302450e-01
2.199999999999768718e+01 4.753245390780977964e-01 9.127477073442096245e-01
2.209999999999767795e+01 4.262229337006557262e-01 9.530325699511185134e-01
2.219999999999766516e+01 3.790070688772161356e-01 9.918557929328113421e-01
2.229999999999765237e+01 3.338922831779845279e-01 1.029033018857572257e+00
2.239999999999764313e+01 2.910827958636407753e-01 1.064388387830453642e+00
2.249999999999763389e+01 2.507707429382183273e-01 1.097755356919778214e+00
2.259999999999762110e+01 2.131352777295309198e-01 1.128977470861737054e+00
2.269999999999760831e+01 1.783417405540890510e-01 1.157909080404648794e+00
2.279999999999759908e+01 1.465409016288441446e-01 1.184416004937635325e+00
2.289999999999758984e+01 1.178682809460172842e-01 1.208376136352634855e+00
2.299999999999757705e+01 9.244354832699144819e-02 1.229679981408543066e+00
2.309999999999756426e+01 7.037000632669471178e-02 1.248231140202573641e+00
2.319999999999755502e+01 5.173415809148157463e-02 1.263946718699485272e+00
2.329999999999754579e+01 3.660536170651425281e-02 1.276757673622204159e+00
2.339999999999753300e+01 2.503557202609253685e-02 1.286609088362608233e+00
2.349999999999752021e+01 1.705917047750902735e-02 1.293460378927024257e+00
2.359999999999751097e+01 1.269288287018920623e-02 1.297285429284166680e+00
2.369999999999750173e+01 1.193578482080616572e-02 1.298072655833029110e+00
2.379999999999748894e+01 1.476939400897958783e-02 1.295825001055848524e+00
2.389999999999747615e+01 2.115784809375617290e-02 1.290559856763232149e+00
2.399999999999746692e+01 3.104816673970559396e-02 1.282308917677305038e+00
2.409999999999745768e+01 4.437059582081771120e-02 1.271117966432166790e+00
2.419999999999744489e+01 6.103903149262510791e-02 1.257046591396626223e+00
2.429999999999743210e+01 8.095152145201964244e-02 1.240167839043293529e+00
2.439999999999742286e+01 1.039908403445744117e-01 1.220567802895843101e+00
2.449999999999741362e+01 1.300251359367042558e-01 1.198345151383146900e+00
2.459999999999740083e+01 1.589086423527576175e-01 1.173610597212735973e+00
2.469999999999738804e+01 1.904824563937563553e-01 1.146486311142767889e+00
2.479999999999737881e+01 2.245753727105249120e-01 1.117105283282483041e+00
2.489999999999736957e+01 2.610047733992817420e-01 1.085610635282489689e+00
2.499999999999735678e+01 2.995775674181692105e-01 1.052154886988267091e+00
2.509999999999734399e+01 3.400911750811720369e-01 1.016899181323563273e+00
2.519999999999733475e+01 3.823345527653128628e-01 9.800124713434172907e-01
2.529999999999732552e+01 4.260892528599652951e-01 9.416706735514230875e-01
2.539999999999731273e+01 4.711305138850646057e-01 9.020557917102862699e-01
2.549999999999729994e+01 5.172283755985371823e-01 8.613550154914352275e-01
2.559999999999729070e+01 5.641488137953285520e-01 8.197597984073103916e-01
2.569999999999728146e+01 6.116548893712916435e-01 7.774649195479192976e-01
2.579999999999726867e+01 6.595079060969534224e-01 7.346675337041895792e-01
2.589999999999725588e+01 7.074685714394868263e-01 6.915662144985049720e-01
2.599999999999724665e+01 7.552981547123901462e-01 6.483599951611680456e-01
2.609999999999723741e+01 8.027596368404191773e-01 6.052474115849664216e-01
2.619999999999722462e+01 8.496188461076920051e-01 5.624255522593474277e-01
2.629999999999721183e+01 8.956455744002134178e-01 5.200891196308643494e-01
2.639999999999720259e+01 9.406146686415310931e-01 4.784295073569955759e-01
2.649999999999719336e+01 9.843070923377050807e-01 4.376338978190584816e-01
2.659999999999718057e+01 1.026510952385369491e+00 3.978843841367364353e-01
2.669999999999716778e+01 1.067022486551776783e+00 3.593571207839592607e-01
2.679999999999715854e+01 1.105647007303264262e+00 3.222215067449872850e-01
2.689999999999714930e+01 1.142199797926210625e+00 2.866394049714373615e-01
2.699999999999713651e+01 1.176506957137455345e+00 2.527644017082259498e-01
2.709999999999712372e+01 1.208406188607796805e+00 2.207411090497267414e-01
2.719999999999711449e+01 1.237747532021350239e+00 1.907045138685441177e-01
2.729999999999710525e+01 1.264394032479884133e+00 1.627793760287168934e-01
2.739999999999709246e+01 1.288222345258049018e+00 1.370796785529592166e-01
2.749999999999707967e+01 1.309123273148882882e+00 1.137081321599658634e-01
2.759999999999707043e+01 1.327002233923593399e+00 9.275573632270353586e-02
2.769999999999706120e+01 1.341779655769710811e+00 7.430139872278047897e-02
2.779999999999704841e+01 1.353391298953352750e+00 5.841161469045596383e-02
2.789999999999703562e+01 1.361788502355293806e+00 4.514020792635446006e-02
2.799999999999702638e+01 1.366938353931598238e+00 3.452813350146061860e-02
2.809999999999701714e+01 1.368823784528749421e+00 2.660334382850185544e-02
2.819999999999700435e+01 1.367443584831498304e+00 2.138071799217486357e-02
2.829999999999699156e+01 1.362812345544767378e+00 1.886205451927692317e-02
2.839999999999698233e+01 1.354960321226645226e+00 1.903612736364567945e-02
2.849999999999697309e+01 1.343933218520286133e+00 2.187880457583949931e-02
2.859999999999696030e+01 1.329791909895394308e+00 2.735322882464348224e-02
2.869999999999694751e+01 1.312612074406686480e+00 3.541005863812950183e-02
2.879999999999693827e+01 1.292483767393073579e+00 4.598776893785831710e-02
2.889999999999692903e+01 1.269510921459563679e+00 5.901300915286541993e-02
2.899999999999691624e+01 1.243810781479869787e+00 7.440101692231652908e-02
2.909999999999690345e+01 1.215513276721853053e+00 9.205608512901534979e-02
2.919999999999689422e+01 1.184760333524363052e+00 1.118720797518739374e-01
2.929999999999688498e+01 1.151705132245708807e+00 1.337330057854186349e-01
2.939999999999687219e+01 1.116511312465549688e+00 1.575136182495491810e-01
2.949999999999685940e+01 1.079352130656357600e+00 1.830800751042555297e-01
2.959999999999685016e+01 1.040409574749643573e+00 2.102906286926581603e-01
2.969999999999684093e+01 9.998734402091109530e-01 2.389963521624244025e-01
2.979999999999682814e+01 9.579403723897179646e-01 2.690418971608654064e-01
2.989999999999681535e+01 9.148128801141207633e-01 3.002662789637554064e-01
2.999999999999680611e+01 8.706983255373609287e-01 3.325036850824479862e-01
3.009999999999679687e+01 8.258078954903912416e-01 3.655843032996248798e-01
3.019999999999678408e+01 7.803555595829089198e-01 3.993351650111916507e-01
3.029999999999677129e+01 7.345570203886342409e-01 4.335809997016585315e-01
3.039999999999676206e+01 6.886286610233448569e-01 4.681450963527614140e-01
3.049999999999675282e+01 6.427864953554978111e-01 5.028501675792503844e-01
3.059999999999674003e+01 5.972451259718827288e-01 5.375192123018305290e-01
3.069999999999672724e+01 5.522167148690745320e-01 5.719763728031583838e-01
3.079999999999671800e+01 5.079099716697570432e-01 6.060477820678553673e-01
3.089999999999670877e+01 4.645291639821811924e-01 6.395623973809628771e-01
3.099999999999669598e+01 4.222731543391431974e-01 6.723528162494792904e-01
3.109999999999668319e+01 3.813344679727808662e-01 7.042560708186402785e-01
3.119999999999667395e+01 3.418983955020689636e-01 7.351143970774022263e-01
3.129999999999666471e+01 3.041421344287925099e-01 7.647759752851438497e-01
3.139999999999665192e+01 2.682339731531231952e-01 7.930956382039359154e-01
3.149999999999663913e+01 2.343325210338663700e-01 8.199355438863449308e-01
3.159999999999662990e+01 2.025859878298824357e-01 8.451658099479741892e-01
3.169999999999662066e+01 1.731315156655844900e-01 8.686651064465148453e-01
3.179999999999660787e+01 1.460945664569569535e-01 8.903212046944191105e-01
3.189999999999659508e+01 1.215883675065814185e-01 9.100314795510920929e-01
3.199999999999658584e+01 9.971341772063158082e-02 9.277033629712858609e-01
3.209999999999657661e+01 8.055705661731227263e-02 9.432547468271671454e-01
3.219999999999656382e+01 6.419309799073959211e-02 9.566143332727379267e-01
3.229999999999655103e+01 5.068152977664435593e-02 9.677219311760139053e-01
3.239999999999653824e+01 4.006828134499618860e-02 9.765286974084443905e-01
3.249999999999653255e+01 3.238505912427411260e-02 9.829973220481209584e-01
3.259999999999651976e+01 2.764925114240719337e-02 9.871021568253525169e-01
3.269999999999650697e+01 2.586390074884654597e-02 9.888292864119442305e-01
3.279999999999650129e+01 2.701774946117552548e-02 9.881765424310617885e-01
3.289999999999648850e+01 3.108534856131841412e-02 9.851534603380398547e-01
3.299999999999647571e+01 3.802723875580715784e-02 9.797811795953323966e-01
3.309999999999646292e+01 4.779019691543089088e-02 9.720922878341671236e-01
3.319999999999645013e+01 6.030754862104962394e-02 9.621306099600889228e-01
3.329999999999644444e+01 7.549954495702980439e-02 9.499509434218141868e-01
3.339999999999643165e+01 9.327380169961344003e-02 9.356187411189419434e-01
3.349999999999641886e+01 1.135257987335551583e-01 9.192097436766730745e-01
3.359999999999641318e+01 1.361394371935884251e-01 9.008095630624706196e-01
3.369999999999640039e+01 1.609876514760960053e-01 8.805132197588162457e-01
3.379999999999638760e+01 1.879330729190517024e-01 8.584246359350936606e-01
3.389999999999637481e+01 2.168287416265938794e-01 8.346560872777050166e-01
3.399999999999636202e+01 2.475188626362900268e-01 8.093276163366212028e-01
3.409999999999635634e+01 2.798396024005892491e-01 7.825664104291675249e-01
3.419999999999634355e+01 3.136199213773964156e-01 7.545061473034053723e-01
3.429999999999633076e+01 3.486824383909283842e-01 7.252863119086315757e-01
3.439999999999632507e+01 3.848443223257417833e-01 6.950514877439456507e-01
3.449999999999631228e+01 4.219182066496875438e-01 6.639506263628791594e-01
3.459999999999629949e+01 4.597131222218351354e-01 6.321362986987708599e-01
3.469999999999628670e+01 4.980354438238195347e-01 5.997639319447291006e-01
3.479999999999627391e+01 5.366898458503246427e-01 5.669910357725187477e-01
3.489999999999626823e+01 5.754802626004604793e-01 5.339764217079037145e-01
3.499999999999625544e+01 6.142108486242732202e-01 5.008794194957566503e-01
3.509999999999624265e+01 6.526869345973395076e-01 4.678590942874371605e-01
3.519999999999623697e+01 6.907159742227252375e-01 4.350734684650417461e-01
3.529999999999622418e+01 7.281084776925843549e-01 4.026787518828700008e-01
3.539999999999621139e+01 7.646789272806308047e-01 3.708285842550413380e-01
3.549999999999619860e+01 8.002466706843457400e-01 3.396732933503804897e-01
3.559999999999618581e+01 8.346367877963145609e-01 3.093591725703329076e-01
3.569999999999618012e+01 8.676809266654588182e-01 2.800277813838927821e-01
3.579999999999616733e+01 8.992181045151209640e-01 2.518152719738428469e-01
3.589999999999615454e+01 9.290954698156229652e-01 2.248517453125566945e-01
3.599999999999614886e+01 9.571690215622582487e-01 1.992606397328079981e-01
3.609999999999613607e+01 9.833042820828723496e-01 1.751581548902205743e-01
3.619999999999612328e+01 1.007376919893271827e+00 1.526527138304617504e-01
3.629999999999611049e+01 1.029273319342421944e+00 1.318444656758570588e-01
3.639999999999609770e+01 1.048891094054450246e+00 1.128248312342409743e-01
3.649999999999609201e+01 1.066139541491959219e+00 9.567609360764284254e-02
3.659999999999607923e+01 1.080940036340084065e+00 8.047103564110823226e-02
3.669999999999606644e+01 1.093226360830971577e+00 6.727262580385368063e-02
3.679999999999606075e+01 1.102944970579668116e+00 5.613375383783419242e-02
3.689999999999604796e+01 1.110055194960898550e+00 4.709701724502547704e-02
3.699999999999603517e+01 1.114529371503194088e+00 4.019455941661105591e-02
3.709999999999602238e+01 1.116352914202389357e+00 3.544795993728604849e-02
3.719999999999600959e+01 1.115524316051167864e+00 3.286817732824778154e-02
3.729999999999600391e+01 1.112055086448167085e+00 3.245554422506577441e-02
3.739999999999599112e+01 1.105969624485497738e+00 3.419981472316697274e-02
3.749999999999597833e+01 1.097305029423625289e+00 3.808026336557933378e-02
3.759999999999597264e+01 1.086110849948251245e+00 4.406583499614187549e-02
3.769999999999595985e+01 1.072448774070003719e+00 5.211534445773577384e-02
3.779999999999594706e+01 1.056392261769148133e+00 6.217772488026047234e-02
3.789999999999593427e+01 1.038026122693712860e+00 7.419232307782355762e-02
3.799999999999592148e+01 1.017446041378908594e+00 8.808924035932028107e-02
3.809999999999591580e+01 9.947580525701001930e-01 1.037897168511057455e-01
3.819999999999590301e+01 9.700779693207736143e-01 1.212065572344108166e-01
3.829999999999589022e+01 9.435307666333119236e-01 1.402445956129081961e-01
3.839999999999588454e+01 9.152499235474289563e-01 1.608011970473591512e-01
3.849999999999587175e+01 8.853767267751678771e-01 1.827667931250815392e-01
3.859999999999585896e+01 8.540595392271425057e-01 2.060254487733768625e-01
3.869999999999584617e+01 8.214530370491267552e-01 2.304554573800928485e-01
3.879999999999583338e+01 7.877174190597222569e-01 2.559299611529293750e-01
3.889999999999582769e+01 7.530175927202533703e-01 2.823175935342213672e-01
3.899999999999581490e+01 7.175223409539600583e-01 3.094831403904864664e-01
3.909999999999580211e+01 6.814034742572431247e-01 3.372882166174570040e-01
3.919999999999579643e+01 6.448349726111330948e-01 3.655919547409513526e-01
3.929999999999578364e+01 6.079921217209450779e-01 3.942517020529841543e-01
3.939999999999577085e+01 5.710506480978287946e-01 4.231237227991080374e-01
3.949999999999575806e+01 5.341858574606881405e-01 4.520639019290937921e-01
3.959999999999574527e+01 4.975717808826004562e-01 4.809284469364472625e-01
3.969999999999573959e+01 4.613803330325603747e-01 5.095745843448102885e-01
3.979999999999572680e+01 4.257804867690274109e-01 5.378612474493911222e-01
3.989999999999571401e+01 3.909374682225967845e-01 5.656497519902107252e-01
3.999999999999570832e+01 3.570119763579970851e-01 5.928044565198785643e-01
4.009999999999569553e+01 3.241594308255959511e-01 6.191934043322470105e-01
4.019999999999568274e+01 2.925292516977644475e-01 6.446889439379596132e-01
4.029999999999566995e+01 2.622641744359651139e-01 6.691683252079678734e-01
4.039999999999565716e+01 2.334996031571536790e-01 6.925142684548748484e-01
4.049999999999565148e+01 2.063630049743652162e-01 7.146155038826653705e-01
4.059999999999563869e+01 1.809733478896942971e-01 7.353672790065449716e-01
4.069999999999562590e+01 1.574405844257351916e-01 7.546718318244067802e-01
4.079999999999562021e+01 1.358651828965959651e-01 7.724388277104328182e-01
4.089999999999560742e+01 1.163377079375031986e-01 7.885857581959455631e-01
4.099999999999559464e+01 9.893845162994392706e-02 8.030383000045365760e-01
4.109999999999558185e+01 8.373711627844228345e-02 8.157306329140004975e-01
4.119999999999556906e+01 7.079254962260445039e-02 8.266057152254543405e-01
4.129999999999556337e+01 6.015253301436645356e-02 8.356155158288917084e-01
4.139999999999555058e+01 5.185362286426529327e-02 8.427212020620131749e-01
4.149999999999553779e+01 4.592104546648895225e-02 8.478932827649932058e-01
4.159999999999553211e+01 4.236864514690043271e-02 8.511117061385381488e-01
4.169999999999551932e+01 4.119888552968664630e-02 8.523659122157570822e-01
4.179999999999550653e+01 4.240290356921369574e-02 8.516548399624430665e-01
4.189999999999549374e+01 4.596061582610266177e-02 8.489868892246615895e-01
4.199999999999548095e+01 5.184087626884888167e-02 8.443798379482491123e-01
4.209999999999547526e+01 6.000168465382640925e-02 8.378607153009779429e-01
4.219999999999546247e+01 7.039044428772946171e-02 8.294656315316266681e-01
4.229999999999544968e+01 8.294426772525638480e-02 8.192395656013585770e-01
4.239999999999544400e+01 9.759032871975149848e-02 8.072361118159736559e-01
4.249999999999543121e+01 1.142462585384197149e-01 7.935171868734230971e-01
4.259999999999541842e+01 1.328205845788849315e-01 7.781526989166923647e-01
4.269999999999540563e+01 1.532132090707707672e-01 7.612201803478528817e-01
4.279999999999539284e+01 1.753159254976650872e-01 7.428043863158563243e-01
4.289999999999538716e+01 1.990129702157532321e-01 7.229968609381305367e-01
4.299999999999537437e+01 2.241816065688592707e-01 7.018954734558927600e-01
4.309999999999536158e+01 2.506927386129597646e-01 6.796039266535486290e-01
4.319999999999535589e+01 2.784115513817674858e-01 6.562312399935119611e-01
4.329999999999534310e+01 3.071981744655455926e-01 6.318912100270684951e-01
4.339999999999533031e+01 3.369083655493795293e-01 6.067018507378717507e-01
4.349999999999531752e+01 3.673942104691645949e-01 5.807848165569052812e-01
4.359999999999530473e+01 3.985048362941843170e-01 5.542648108546929242e-01
4.369999999999529905e+01 4.300871339325513798e-01 5.272689827684797770e-01
4.379999999999528626e+01 4.619864867757239590e-01 4.999263152590087134e-01
4.389999999999527347e+01 4.940475019465629947e-01 4.723670073128074520e-01
4.399999999999526779e+01 5.261147407825546019e-01 4.447218532134036284e-01
4.409999999999525500e+01 5.580334452640466347e-01 4.171216217977417595e-01
4.419999999999524221e+01 5.896502571780807278e-01 3.896964385941674713e-01
4.429999999999522942e+01 6.208139268878782868e-01 3.625751737059151880e-01
4.439999999999521663e+01 6.513760086538820104e-01 3.358848382596984483e-01
4.449999999999521094e+01 6.811915395236295412e-01 3.097499921833046232e-01
4.459999999999519815e+01 7.101196988741734772e-01 2.842921660095069081e-01
4.469999999999518536e+01 7.380244457561424554e-01 2.596292993265251758e-01
4.479999999999517968e+01 7.647751312599221363e-01 2.358751984074484165e-01
4.489999999999516689e+01 7.902470832092783892e-01 2.131390154536158543e-01
4.499999999999515410e+01 8.143221605932463580e-01 1.915247517785933773e-01
4.509999999999514131e+01 8.368892752740868524e-01 1.711307871414479154e-01
4.519999999999512852e+01 8.578448786549237592e-01 1.520494373097345531e-01
4.529999999999512283e+01 8.770934111537282973e-01 1.343665417949092555e-01
4.539999999999511004e+01 8.945477125099198235e-01 1.181610835559114281e-01
4.549999999999509726e+01 9.101293911464938269e-01 1.035048423112253368e-01
4.559999999999509157e+01 9.237691510246102133e-01 9.046208293641648523e-02
4.569999999999507878e+01 9.354070746542823001e-01 7.908928025400677186e-02
4.579999999999506599e+01 9.449928611606689399e-01 6.943488134638513276e-02
4.589999999999505320e+01 9.524860185457681983e-01 6.153910634160764115e-02
4.599999999999504041e+01 9.578560095250060469e-01 5.543378843742117340e-02
4.609999999999503473e+01 9.610823505532366529e-01 5.114225374201364360e-02
4.619999999999502194e+01 9.621546638769395976e-01 4.867924132193943848e-02
4.629999999999500915e+01 9.610726826600828332e-01 4.805086365950849564e-02
4.639999999999500346e+01 9.578462094290781659e-01 4.925460753459765667e-02
4.649999999999499067e+01 9.524950282751011299e-01 5.227937516004046992e-02
4.659999999999497788e+01 9.450487714388283722e-01 5.710556521623352810e-02
4.669999999999496509e+01 9.355467410828380848e-01 6.370519324981521736e-02
4.679999999999495230e+01 9.240376872256380603e-01 7.204205072383061681e-02
4.689999999999494662e+01 9.105795429720943135e-01 8.207190183299184483e-02
4.699999999999493383e+01 8.952391183319965418e-01 9.374271702788704308e-02
4.709999999999492104e+01 8.780917540826580492e-01 1.069949420267781726e-01
4.719999999999491536e+01 8.592209373051989951e-01 1.217618009334772711e-01
4.729999999999490257e+01 8.387178804084463035e-01 1.379696319256517034e-01
4.739999999999488978e+01 8.166810656436200855e-01 1.555382538307312490e-01
4.749999999999487699e+01 7.932157573012964535e-01 1.743813617673223293e-01
4.759999999999486420e+01 7.684334839617331658e-01 1.944069498997477441e-01
4.769999999999485851e+01 7.424514933365500280e-01 2.155177592328407776e-01
4.779999999999484572e+01 7.153921823891078446e-01 2.376117482639632794e-01
4.789999999999483293e+01 6.873825055515438986e-01 2.605825842103514645e-01
4.799999999999482725e+01 6.585533639636910186e-01 2.843201524423573101e-01
4.809999999999481446e+01 6.290389787389756293e-01 3.087110816775846533e-01
4.819999999999480167e+01 5.989762513110050701e-01 3.336392824273687330e-01
4.829999999999478888e+01 5.685041139335020866e-01 3.589864961353802508e-01
4.839999999999477609e+01 5.377628734024028079e-01 3.846328524081853995e-01
4.849999999999477041e+01 5.068935510549479329e-01 4.104574317091703728e-01
4.859999999999475762e+01 4.760372220862753578e-01 4.363388308701372509e-01
4.869999999999474483e+01 4.453343572173288356e-01 4.621557287693291438e-01
4.879999999999473914e+01 4.149241697480421376e-01 4.877874495310894898e-01
4.889999999999472635e+01 3.849439710326223452e-01 5.131145206205380838e-01
4.899999999999471356e+01 3.555285374083461125e-01 5.380192232385926365e-01
4.909999999999470077e+01 3.268094915836854963e-01 5.623861324669813255e-01
4.919999999999468798e+01 2.989147014347677822e-01 5.861026446714182603e-01
4.929999999999468230e+01 2.719676990673913775e-01 6.090594897425529730e-01
4.939999999999466951e+01 2.460871228784547171e-01 6.311512258389736507e-01
4.949999999999465672e+01 2.213861852032055766e-01 6.522767143924848021e-01
4.959999999999465103e+01 1.979721679701766934e-01 6.723395732433257166e-01
4.969999999999463824e+01 1.759459486077407930e-01 6.912486058897310270e-01
4.979999999999462545e+01 1.554015582576019905e-01 7.089182049612914316e-01
4.989999999999461266e+01 1.364257741553201175e-01 7.252687281580939560e-01
