1.000000000000000000e+00 2.000000000000000000e+00 0.000000000000000000e+00
1.099999999999988987e+00 1.997600966561814184e+00 1.999200209294328852e-03
1.199999999999977973e+00 1.990415458915681057e+00 7.987208595439290737e-03
1.299999999999966960e+00 1.978478202886116533e+00 1.793529495429323564e-02
1.399999999999955946e+00 1.961846894499290395e+00 3.179573048212186448e-02
1.499999999999944933e+00 1.940601922738736995e+00 4.950201934589758268e-02
1.599999999999933920e+00 1.914845979037003598e+00 7.096922136573838302e-02
1.699999999999922906e+00 1.884703555328869795e+00 9.609436425424570938e-02
1.799999999999911893e+00 1.850320333124562122e+00 1.247569434048532294e-01
1.899999999999900879e+00 1.811862466681580353e+00 1.568195067786332664e-01
1.999999999999889866e+00 1.769515763952262288e+00 1.921283220090792554e-01
2.099999999999878852e+00 1.723484769556375307e+00 2.305141224297058145e-01
2.199999999999867839e+00 1.673991754567131229e+00 2.717929283325701828e-01
2.299999999999856826e+00 1.621275618400970231e+00 3.157669393887624354e-01
2.399999999999845812e+00 1.565590708562089262e+00 3.622254938073759534e-01
2.499999999999834799e+00 1.507205564410453391e+00 4.109460894784616181e-01
2.599999999999823785e+00 1.446401591497160410e+00 4.616954620401292342e-01
2.699999999999812772e+00 1.383471673339740970e+00 5.142307145317085437e-01
2.799999999999801759e+00 1.318718727798465107e+00 5.683004930443531499e-01
2.899999999999790745e+00 1.252454215461584308e+00 6.236462025595744807e-01
2.999999999999779732e+00 1.184996607652859080e+00 6.800032569747244127e-01
3.099999999999768718e+00 1.116669821844155308e+00 7.371023571544820241e-01
3.199999999999757705e+00 1.047801632384987025e+00 7.946707907179436647e-01
3.299999999999746692e+00 9.787220645528474927e-01 8.524337471741733063e-01
3.399999999999735678e+00 9.097617799807411476e-01 9.101156419537015374e-01
3.499999999999724665e+00 8.412504615309172040e-01 9.674414428514249709e-01
3.599999999999713651e+00 7.735152056568810330e-01 1.024137992395720564e+00
3.699999999999702638e+00 7.068789302274024466e-01 1.079935319691359030e+00
3.799999999999691624e+00 6.416588056783910643e-01 1.134567935347699397e+00
3.899999999999680611e+00 5.781647172110214727e-01 1.187776103199629230e+00
3.999999999999669598e+00 5.166977655685568438e-01 1.239307082655461301e+00
4.099999999999658584e+00 4.575488137020993218e-01 1.288916335662754875e+00
4.199999999999647571e+00 4.009970863778344885e-01 1.336368692469188879e+00
4.299999999999636557e+00 3.473088294875620874e-01 1.381439470569764794e+00
4.399999999999625544e+00 2.967360355021151919e-01 1.423915541472786872e+00
4.499999999999614531e+00 2.495152411555424943e-01 1.463596340183851652e+00
4.599999999999603517e+00 2.058664030686207791e-01 1.500294812598032879e+00
4.699999999999592504e+00 1.659918566158104514e-01 1.533838296304010473e+00
4.799999999999581490e+00 1.300753629112740839e-01 1.564069330639130895e+00
4.899999999999570477e+00 9.828124834020124378e-02 1.590846392187897029e+00
4.999999999999559464e+00 7.075364059224416302e-02 1.614044552288447676e+00
5.099999999999548450e+00 4.761580466745035656e-02 1.633556053499359173e+00
5.199999999999537437e+00 2.896958182329522485e-02 1.649290802379771881e+00
5.299999999999526423e+00 1.489493391741206901e-02 1.661176776348943562e+00
5.399999999999515410e+00 5.449595077084774114e-03 1.669160342814529630e+00
5.499999999999504396e+00 6.688320968695384960e-04 1.673206489188209911e+00
5.599999999999493383e+00 5.653144330869561921e-04 1.673298962842758808e+00
5.699999999999482370e+00 5.129094131534447237e-03 1.669440320503481123e+00
5.799999999999471356e+00 1.432769549543815892e-02 1.661651887006455608e+00
5.899999999999460343e+00 2.810631377676207562e-02 1.649973623793482114e+00
5.999999999999449329e+00 4.638812165743472909e-02 1.634463907949851968e+00
6.099999999999438316e+00 6.907468177935471854e-02 1.615199223020777675e+00
6.199999999999427303e+00 9.604646308445678737e-02 1.592273763264708819e+00
6.299999999999416289e+00 1.271634582398869506e-01 1.565798953416929651e+00
6.399999999999405276e+00 1.622658989496855997e-01 1.535902886439039827e+00
6.499999999999394262e+00 2.011750654949593653e-01 1.502729682121140886e+00
6.599999999999383249e+00 2.436941864009860015e-01 1.466438769780113116e+00
6.699999999999372235e+00 2.896094237045208075e-01 1.427204098656252196e+00
6.799999999999361222e+00 3.386909388895759099e-01 1.385213279954816468e+00
6.899999999999350209e+00 3.906940341781250936e-01 1.340666664799684327e+00
6.999999999999339195e+00 4.453603635053102749e-01 1.293776362669501134e+00
7.099999999999328182e+00 5.024192071791708791e-01 1.244765205165489164e+00
7.199999999999317168e+00 5.615888039244073537e-01 1.193865660214663782e+00
7.299999999999306155e+00 6.225777337397326860e-01 1.141318702043697009e+00
7.399999999999295142e+00 6.850863447602235645e-01 1.087372642461049477e+00
7.499999999999284128e+00 7.488082171111933860e-01 1.032281929163035405e+00
7.599999999999273115e+00 8.134316565689154732e-01 9.763059169274800331e-01
7.699999999999262101e+00 8.786412107077083977e-01 9.197076176786149748e-01
7.799999999999251088e+00 9.441192001129427025e-01 8.627524354981273014e-01
7.899999999999240075e+00 1.009547257175956947e+00 8.057068927174656503e-01
7.999999999999229061e+00 1.074607864960478665e+00 7.488373532583224579e-01
8.099999999999218048e+00 1.138985888640603461e+00 6.924087493883939182e-01
8.199999999999207034e+00 1.202370092057966966e+00 6.366833180307573947e-01
8.299999999999196021e+00 1.264454632029055725e+00 5.819193527059930426e-01
8.399999999999185007e+00 1.324940523153670391e+00 5.283699770972205556e-01
8.499999999999173994e+00 1.383537066030652296e+00 4.762819461107463126e-01
8.599999999999162981e+00 1.439963231978080405e+00 4.258944801583585127e-01
8.699999999999151967e+00 1.493948997581549420e+00 3.774381382130718721e-01
8.799999999999140954e+00 1.545236622656411818e+00 3.311337349893578308e-01
8.899999999999129940e+00 1.593581865506115580e+00 2.871913073713929232e-01
8.999999999999118927e+00 1.638755129689802637e+00 2.458091349612875343e-01
9.099999999999107914e+00 1.680542536874615633e+00 2.071728193439596188e-01
9.199999999999096900e+00 1.718746920739665729e+00 1.714544263680827796e-01
9.299999999999085887e+00 1.753188737317215917e+00 1.388116954249316026e-01
9.399999999999074873e+00 1.783706887596211210e+00 1.093873193708310571e-01
9.499999999999063860e+00 1.810159448674090399e+00 8.330829838598360904e-02
9.599999999999052847e+00 1.832424310216041796e+00 6.068537069466934525e-02
9.699999999999041833e+00 1.850399713466681639e+00 4.161252269133428050e-02
9.799999999999030820e+00 1.864004690551856358e+00 2.616658062564495082e-02
9.899999999999019806e+00 1.873179402304347541e+00 1.440688559957601506e-02
9.999999999999008793e+00 1.877885373344473585e+00 6.375053222718668477e-03
1.009999999999899778e+01 1.878105623641556976e+00 2.094818860532466059e-03
1.019999999999898677e+01 1.873844696273110566e+00 1.571968996002602419e-03
1.029999999999897575e+01 1.865128581584807099e+00 4.794358810134157975e-03
1.039999999999896474e+01 1.852004538433264624e+00 1.173201567276321161e-02
1.049999999999895373e+01 1.834540813667107084e+00 2.233732782413051440e-02
1.059999999999894271e+01 1.812826261467681999e+00 3.654531712135366400e-02
1.069999999999893170e+01 1.786969864630018057e+00 5.427399432413444053e-02
1.079999999999892069e+01 1.757100160315380410e+00 7.542479500248193414e-02
1.089999999999890967e+01 1.723364573247346154e+00 9.988309376770379555e-02
1.099999999999889866e+01 1.685928659754434511e+00 1.275187941580851192e-01
1.109999999999888765e+01 1.644975266476579323e+00 1.581869911543114793e-01
1.119999999999887663e+01 1.600703607953899210e+00 1.917287029583238933e-01
1.129999999999886562e+01 1.553328267695020415e+00 2.279716683447000625e-01
1.139999999999885461e+01 1.503078127683820542e+00 2.667312055871426391e-01
1.149999999999884359e+01 1.450195231617080971e+00 3.078111286758301035e-01
1.159999999999883258e+01 1.394933587480055914e+00 3.510047162755210448e-01
1.169999999999882156e+01 1.337557915350582771e+00 3.960957286306531211e-01
1.179999999999881055e+01 1.278342346583041023e+00 4.428594674033017875e-01
1.189999999999879954e+01 1.217569080755238620e+00 4.910638732341939816e-01
1.199999999999878852e+01 1.155527006963555925e+00 5.404706556463586553e-01
1.209999999999877751e+01 1.092510296225576827e+00 5.908364497669279514e-01
1.219999999999876650e+01 1.028816971890299303e+00 6.419139942255407405e-01
1.229999999999875548e+01 9.647474650625489367e-01 6.934533244982757916e-01
1.239999999999874447e+01 9.006031621214399818e-01 7.452029759050450286e-01
1.249999999999873346e+01 8.366849514462055826e-01 7.969111904353977094e-01
1.259999999999872244e+01 7.732917764611759726e-01 8.483271215741603477e-01
1.269999999999871143e+01 7.107192020701401658e-01 8.992020313225828065e-01
1.279999999999870042e+01 6.492580014722200143e-01 9.492904736647318487e-01
1.289999999999868940e+01 5.891927702359704977e-01 9.983514588096610298e-01
1.299999999999867839e+01 5.308005743559289780e-01 1.046149592650081006e+00
1.309999999999866738e+01 4.743496388299402455e-01 1.092456186014146624e+00
1.319999999999865636e+01 4.200980830739962091e-01 1.137050328450559311e+00
1.329999999999864535e+01 3.682927092386170109e-01 1.179719921475097522e+00
1.339999999999863434e+01 3.191678492067039352e-01 1.220262666419935416e+00
1.349999999999862332e+01 2.729442757397295138e-01 1.258487002263244392e+00
1.359999999999861231e+01 2.298281828983969877e-01 1.294212989074799980e+00
1.369999999999860130e+01 1.900102404985566928e-01 1.327273132992265570e+00
1.379999999999859028e+01 1.536647269736499677e-01 1.357513148940492798e+00
1.389999999999857927e+01 1.209487446056187049e-01 1.384792657622519574e+00
1.399999999999856826e+01 9.200152065783885613e-02 1.408985813641154161e+00
1.409999999999855724e+01 6.694379749998055629e-02 1.429981861956937994e+00
1.419999999999854623e+01 4.587731435802473029e-02 1.447685620244822946e+00
1.429999999999853522e+01 2.888438285565115421e-02 1.462017885081028146e+00
1.439999999999852420e+01 1.602755803854602826e-02 1.472915760268020069e+00
1.449999999999851319e+01 7.349406093174928011e-03 1.480332905989012016e+00
1.459999999999850218e+01 2.872369488657850346e-03 1.484239707871811920e+00
1.469999999999849116e+01 2.598729786808083239e-03 1.484623365432937714e+00
1.479999999999848015e+01 6.510667883446908007e-03 1.481487899764322158e+00
1.489999999999846914e+01 1.457042096611905167e-02 1.474854080716968108e+00
1.499999999999845812e+01 2.672053500163470985e-02 1.464759274222499075e+00
1.509999999999844711e+01 4.288421110388072194e-02 1.451257210777728179e+00
1.519999999999843610e+01 6.296574368054212723e-02 1.434417676493306537e+00
1.529999999999842508e+01 8.685104781926954176e-02 1.414326128474649558e+00
1.539999999999841407e+01 1.144082729519855235e-01 1.391083236661701417e+00
1.549999999999840306e+01 1.454884994329477543e-01 1.364804354598315728e+00
1.559999999999839204e+01 1.799265142840648646e-01 1.335618921933964032e+00
1.569999999999838103e+01 2.175416620018688352e-01 1.303669801775981574e+00
1.579999999999837001e+01 2.581387659856796413e-01 1.269112556310357576e+00
1.589999999999835900e+01 3.015091158367065316e-01 1.232114664389895031e+00
1.599999999999834799e+01 3.474315154936067351e-01 1.192854685050575902e+00
1.609999999999833875e+01 3.956733869109070323e-01 1.151521371158946261e+00
1.619999999999832596e+01 4.459919237529818559e-01 1.108312737613647680e+00
1.629999999999831317e+01 4.981352893674105276e-01 1.063435088723072353e+00
1.639999999999830393e+01 5.518438531182319196e-01 1.017102009556832165e+00
1.649999999999829470e+01 6.068514590013864840e-01 9.695333262214489434e-01
1.659999999999828191e+01 6.628867203334494196e-01 9.209540401388970343e-01
1.669999999999826912e+01 7.196743342003980581e-01 8.715932415108624820e-01
1.679999999999825988e+01 7.769364092783062059e-01 8.216830072303520360e-01
1.689999999999825064e+01 8.343938005925840562e-01 7.714572885559730642e-01
1.699999999999823785e+01 8.917674447697385709e-01 7.211507938919702321e-01
1.709999999999822506e+01 9.487796893549845789e-01 6.709978720195111102e-01
1.719999999999821583e+01 1.005155609823235929e+00 6.212314011006029313e-01
1.729999999999820659e+01 1.060624307997284355e+00 5.720816887269718487e-01
1.739999999999819380e+01 1.114920185707760414e+00 5.237753882112455850e-01
1.749999999999818101e+01 1.167784187679608010e+00 4.765344362182745708e-01
1.759999999999817177e+01 1.218965007811501078e+00 4.305750167103046810e-01
1.769999999999816254e+01 1.268220253221485905e+00 3.861065560323377888e-01
1.779999999999814975e+01 1.315317560666626306e+00 3.433307537940007981e-01
1.789999999999813696e+01 1.360035660201204921e+00 3.024406540122574483e-01
1.799999999999812772e+01 1.402165381219388607e+00 2.636197607670983101e-01
1.809999999999811848e+01 1.441510596330264127e+00 2.270412023904347654e-01
1.819999999999810569e+01 1.477889098838854665e+00 1.928669479583693669e-01
1.829999999999809290e+01 1.511133409951968654e+00 1.612470795898022502e-01
1.839999999999808367e+01 1.541091512195806423e+00 1.323191237717659396e-01
1.849999999999807443e+01 1.567627505917224218e+00 1.062074446349655366e-01
1.859999999999806164e+01 1.590622186143480610e+00 8.302270179360447810e-02
1.869999999999804885e+01 1.609973537491904860e+00 6.286137504326645697e-02
1.879999999999803961e+01 1.625597145245802233e+00 4.580535788108887341e-02
1.889999999999803038e+01 1.637426521142712366e+00 3.192162147564234914e-02
1.899999999999801759e+01 1.645413342852475092e+00 2.126195037143919359e-02
1.909999999999800480e+01 1.649527606547891656e+00 1.386275086684923830e-02
1.919999999999799556e+01 1.649757692390900088e+00 9.744932656008471056e-03
1.929999999999798632e+01 1.646110343167250134e+00 8.913863976856646956e-03
1.939999999999797353e+01 1.638610556702790433e+00 1.135940016036695970e-02
1.949999999999796074e+01 1.627301393084234604e+00 1.705598513185711124e-02
1.959999999999795151e+01 1.612243698086911925e+00 2.596282507555749616e-02
1.969999999999794227e+01 1.593515744580605631e+00 3.802413313976468062e-02
1.979999999999792948e+01 1.571212794044281713e+00 5.316944373336578156e-02
1.989999999999791669e+01 1.545446580668102143e+00 7.131399464664330001e-02
1.999999999999790745e+01 1.516344720857366379e+00 9.235917492144402052e-02
2.009999999999789821e+01 1.484050051275530802e+00 1.161930360992768640e-01
2.019999999999788542e+01 1.448719898870023837e+00 1.426908641920233145e-01
2.029999999999787264e+01 1.410525286614266349e+00 1.717158094498975607e-01
2.039999999999786340e+01 1.369650078968466689e+00 2.031195707462113975e-01
2.049999999999785416e+01 1.326290071311999164e+00 2.367431311594142551e-01
2.059999999999784137e+01 1.280652027825133432e+00 2.724175411108805123e-01
2.069999999999782858e+01 1.232952672504513236e+00 3.099647452126863545e-01
2.079999999999781934e+01 1.183417638177523212e+00 3.491984487940628656e-01
2.089999999999781011e+01 1.132280378540610588e+00 3.899250199090172342e-01
2.099999999999779732e+01 1.079781048385366482e+00 4.319444224813500655e-01
2.109999999999778453e+01 1.026165357290491409e+00 4.750511761172763747e-01
2.119999999999777529e+01 9.716834021525625475e-01 5.190353380112355808e-01
2.129999999999776605e+01 9.165884839984579369e-01 5.636835022865122058e-01
2.139999999999775326e+01 8.611359145699064577e-01 6.087798120503774557e-01
2.149999999999774047e+01 8.055818181936680311e-01 6.541069794030969220e-01
2.159999999999773124e+01 7.501819344503257714e-01 6.994473086214969548e-01
2.169999999999772200e+01 6.951904271295120674e-01 7.445837177412296670e-01
2.179999999999770921e+01 6.408587049116228895e-01 7.893007537866968404e-01
2.189999999999769642e+01 5.874342591452129669e-01 8.333855969440046030e-01
2.199999999999768718e+01 5.351595239972488649e-01 8.766290490402040003e-01
2.209999999999767795e+01 4.842707641396302165e-01 9.188265017803337598e-01
2.219999999999766516e+01 4.349969950010810771e-01 9.597788803029849714e-01
2.229999999999765237e+01 3.875589404581585851e-01 9.992935577443226025e-01
2.239999999999764313e+01 3.421680326616102774e-01 1.037185236648944686e+00
2.249999999999763389e+01 2.990254584954146200e-01 1.073276793233782112e+00
2.259999999999762110e+01 2.583212569434403250e-01 1.107400080696917533e+00
2.269999999999760831e+01 2.202334713936641708e-01 1.139396687967033639e+00
2.279999999999759908e+01 1.849273606418822824e-01 1.169118650508216950e+00
2.289999999999758984e+01 1.525546720672313061e-01 1.196429110031061782e+00
2.299999999999757705e+01 1.232529801423486310e-01 1.221202920209539355e+00
2.309999999999756426e+01 9.714509311462443675e-02 1.243327195765938420e+00
2.319999999999755502e+01 7.433853035504768558e-02 1.262701802559347719e+00
2.329999999999754579e+01 5.492507252144922941e-02 1.279239786596644501e+00
2.339999999999753300e+01 3.898038632734934089e-02 1.292867740176476321e+00
2.349999999999752021e+01 2.656372534908351887e-02 1.303526103675134884e+00
2.359999999999751097e+01 1.771770794517014275e-02 1.311169401786766109e+00
2.369999999999750173e+01 1.246817300437194458e-02 1.315766413338103291e+00
2.379999999999748894e+01 1.082411388354755609e-02 1.317300274107809477e+00
2.389999999999747615e+01 1.277769054331719112e-02 1.315768512391717326e+00
2.399999999999746692e+01 1.830431953888635513e-02 1.311183017367119952e+00
2.409999999999745768e+01 2.736284117511533082e-02 1.303569940618338530e+00
2.419999999999744489e+01 3.989576278964575978e-02 1.292969531493998625e+00
2.429999999999743210e+01 5.582957678651799538e-02 1.279435907269108830e+00
2.439999999999742286e+01 7.507515170681421102e-02 1.263036759383476371e+00
2.449999999999741362e+01 9.752819429427198039e-02 1.243852997319106146e+00
2.459999999999740083e+01 1.230697801947305964e-01 1.221978331962555897e+00
2.469999999999738804e+01 1.515669506209438300e-01 1.197518800571790054e+00
2.479999999999737881e+01 1.828733720207871838e-01 1.170592235730643527e+00
2.489999999999736957e+01 2.168300555091614568e-01 1.141327680924533183e+00
2.499999999999735678e+01 2.532661325637655114e-01 1.109864755609637266e+00
2.509999999999734399e+01 2.919996832435297063e-01 1.076352972871436275e+00
2.519999999999733475e+01 3.328386129670612426e-01 1.040951012977464618e+00
2.529999999999732552e+01 3.755815736877023969e-01 1.003825956321842572e+00
2.539999999999731273e+01 4.200189251218658382e-01 9.651524794353860681e-01
2.549999999999729994e+01 4.659337315283719749e-01 9.251120178941371064e-01
2.559999999999729070e+01 5.131027893980295573e-01 8.838919000993261665e-01
2.569999999999728146e+01 5.612976812942843674e-01 8.416844560248577523e-01
2.579999999999726867e+01 6.102858509863036129e-01 7.986861051315364834e-01
2.589999999999725588e+01 6.598316949349185556e-01 7.550964277319545115e-01
2.599999999999724665e+01 7.096976651287825177e-01 7.111172241547644157e-01
2.609999999999723741e+01 7.596453782222800655e-01 6.669515661027884956e-01
2.619999999999722462e+01 8.094367258988061087e-01 6.228028446250613026e-01
2.629999999999721183e+01 8.588349813738691552e-01 5.788738191285751622e-01
2.639999999999720259e+01 9.076058969620970363e-01 5.353656718417902916e-01
2.649999999999719336e+01 9.555187876644358758e-01 4.924770721074742119e-01
2.659999999999718057e+01 1.002347595786503343e+00 4.504032548286814319e-01
2.669999999999716778e+01 1.047871931679219326e+00 4.093351173175665547e-01
2.679999999999715854e+01 1.091878085798876574e+00 3.694583387031252220e-01
2.689999999999714930e+01 1.134160007418286487e+00 3.309525259408799269e-01
2.699999999999713651e+01 1.174520245480648706e+00 2.939903903357616866e-01
2.709999999999712372e+01 1.212770847275448372e+00 2.587369583388419159e-01
2.719999999999711449e+01 1.248734210827491253e+00 2.253488202110431327e-01
2.729999999999710525e+01 1.282243887124971060e+00 1.939734199621067634e-01
2.739999999999709246e+01 1.313145328567029368e+00 1.647483897728971858e-01
2.749999999999707967e+01 1.341296580283938500e+00 1.378009318941700312e-01
2.759999999999707043e+01 1.366568911269553599e+00 1.132472507864090011e-01
2.769999999999706120e+01 1.388847382564112998e+00 9.119203802482907240e-02
2.779999999999704841e+01 1.408031350033002838e+00 7.172801224188683766e-02
2.789999999999703562e+01 1.424034899601973825e+00 5.493551611847987542e-02
2.799999999999702638e+01 1.436787213128304375e+00 4.088217216536929599e-02
2.809999999999701714e+01 1.446232863411153868e+00 2.962259875966710351e-02
2.819999999999700435e+01 1.452332037170019241e+00 2.119818761888058248e-02
2.829999999999699156e+01 1.455060685146834398e+00 1.563694360809555345e-02
2.839999999999698233e+01 1.454410598815474298e+00 1.295338748587833086e-02
2.849999999999697309e+01 1.450389413507161551e+00 1.314852190252626708e-02
2.859999999999696030e+01 1.443020538085568072e+00 1.620986067172307254e-02
2.869999999999694751e+01 1.432343011624602536e+00 2.211152104465494497e-02
2.879999999999693827e+01 1.418411287859141501e+00 3.081437842544698311e-02
2.889999999999692903e+01 1.401294948489686165e+00 4.226628267956467067e-02
2.899999999999691624e+01 1.381078346729161188e+00 5.640233490373486314e-02
2.909999999999690345e+01 1.357860182783025671e+00 7.314522324814283494e-02
2.919999999999689422e+01 1.331753013252013229e+00 9.240561611026386346e-02
2.929999999999688498e+01 1.302882696743071111e+00 1.140826107558488151e-01
2.939999999999687219e+01 1.271387778263777246e+00 1.380642351674523094e-01
2.949999999999685940e+01 1.237418815263001237e+00 1.642280006756217381e-01
2.959999999999685016e+01 1.201137648458118212e+00 1.924415026937405515e-01
2.969999999999684093e+01 1.162716620858394556e+00 2.225630666555018788e-01
2.979999999999682814e+01 1.122337748651299316e+00 2.544424360456016276e-01
2.989999999999681535e+01 1.080191847858570586e+00 2.879214992201625245e-01
2.999999999999680611e+01 1.036477620892022333e+00 3.228350515351149363e-01
3.009999999999679687e+01 9.914007073406154724e-01 3.590115891389605296e-01
3.019999999999678408e+01 9.451727034982305709e-01 3.962741306419215181e-01
3.029999999999677129e+01 8.980101552954855570e-01 4.344410627473828113e-01
3.039999999999676206e+01 8.501335294260662367e-01 4.733270058242659006e-01
3.049999999999675282e+01 8.017661675585440184e-01 5.127436953107600281e-01
3.059999999999674003e+01 7.531332285985424813e-01 5.525008747718025415e-01
3.069999999999672724e+01 7.044606240134619890e-01 5.924071963841303079e-01
3.079999999999671800e+01 6.559739512528753869e-01 6.322711245946387448e-01
3.089999999999670877e+01 6.078974302948462194e-01 6.719018386895697637e-01
3.099999999999669598e+01 5.604528483205736267e-01 7.111101300239810463e-01
3.109999999999668319e+01 5.138585174700253111e-01 7.497092896926406125e-01
3.119999999999667395e+01 4.683282505601247814e-01 7.875159824750888049e-01
3.129999999999666471e+01 4.240703595545594617e-01 8.243511029581007676e-01
3.139999999999665192e+01 3.812866814631789003e-01 8.600406098286350609e-01
3.149999999999663913e+01 3.401716362182783393e-01 8.944163344384395975e-01
3.159999999999662990e+01 3.009113209262243571e-01 9.273167598674985079e-01
3.169999999999662066e+01 2.636826447262021755e-01 9.585877668574673827e-01
3.179999999999660787e+01 2.286525083037853345e-01 9.880833431461927274e-01
3.189999999999659508e+01 1.959770319051194754e-01 1.015666252911477274e+00
3.199999999999658584e+01 1.658008354786052185e-01 1.041208663223889719e+00
3.209999999999657661e+01 1.382563743343040163e-01 1.064592724615475827e+00
3.219999999999656382e+01 1.134633334569920549e-01 1.085711103091588914e+00
3.229999999999655103e+01 9.152808333731944634e-02 1.104467461146363849e+00
3.239999999999653824e+01 7.254319989722356199e-02 1.120776885587808636e+00
3.249999999999653255e+01 5.658705078188663862e-02 1.134566260233818680e+00
3.259999999999651976e+01 4.372344997258355986e-02 1.145774581806310755e+00
3.269999999999650697e+01 3.400138234472668136e-02 1.154353217623358185e+00
3.279999999999650129e+01 2.745479945526019608e-02 1.160266103969844531e+00
3.289999999999648850e+01 2.410248749540816124e-02 1.163489884312542744e+00
3.299999999999647571e+01 2.394800799065005537e-02 1.164013986814708135e+00
3.309999999999646292e+01 2.697971147168531231e-02 1.161840640897899180e+00
3.319999999999645013e+01 3.317082397995686077e-02 1.156984832891055248e+00
3.329999999999644444e+01 4.247960591112590056e-02 1.149474201100307180e+00
3.339999999999643165e+01 5.484958234172163799e-02 1.139348870923252877e+00
3.349999999999641886e+01 7.020984363026776254e-02 1.126661230918970524e+00
3.359999999999641318e+01 8.847541473658443456e-02 1.111475651028277500e+00
3.369999999999640039e+01 1.095476913638908922e-01 1.093868144413838728e+00
3.379999999999638760e+01 1.333149406998148101e-01 1.073925974660137950e+00
3.389999999999637481e+01 1.596528642163911882e-01 1.051747210331536619e+00
3.399999999999636202e+01 1.884252196875249863e-01 1.027440229137059902e+00
3.409999999999635634e+01 2.194844992969295638e-01 1.001123174188419007e+00
3.419999999999634355e+01 2.526726604415600597e-01 9.729233650622202134e-01
3.429999999999633076e+01 2.878219055867087817e-01 9.429766665900395362e-01
3.439999999999632507e+01 3.247555072996256564e-01 9.114268184958110863e-01
3.449999999999631228e+01 3.632886743801531648e-01 8.784247291815718839e-01
3.459999999999629949e+01 4.032294548189089833e-01 8.441277371272583041e-01
3.469999999999628670e+01 4.443796711469242267e-01 8.086988435178167345e-01
3.479999999999627391e+01 4.865358835950196470e-01 7.723059198406108106e-01
3.489999999999626823e+01 5.294903763568870048e-01 7.351208943079693414e-01
3.499999999999625544e+01 5.730321621469489646e-01 6.973189210523879078e-01
3.509999999999624265e+01 6.169480001641464151e-01 6.590775361155830625e-01
3.519999999999623697e+01 6.610234225151795373e-01 6.205758043069490304e-01
3.529999999999622418e+01 7.050437641183716631e-01 5.819934610414163600e-01
3.539999999999621139e+01 7.487951911012646899e-01 5.435100532812159324e-01
3.549999999999619860e+01 7.920657227238510067e-01 5.053040837006128605e-01
3.559999999999618581e+01 8.346462419036347891e-01 4.675521621671756001e-01
3.569999999999618012e+01 8.763314894896749863e-01 4.304281685875034902e-01
3.579999999999616733e+01 9.169210375290007820e-01 3.941024311007728653e-01
3.589999999999615454e+01 9.562202368888629289e-01 3.587409235186546086e-01
3.599999999999614886e+01 9.940411347415188947e-01 3.245044858075618044e-01
3.609999999999613607e+01 1.030203357582522017e+00 2.915480712878991132e-01
3.619999999999612328e+01 1.064534955636694313e+00 2.600200240866692991e-01
3.629999999999611049e+01 1.096873204708207261e+00 2.300613902246591291e-01
3.639999999999609770e+01 1.127065361749105543e+00 2.018052655486987090e-01
3.649999999999609201e+01 1.154969370654153726e+00 1.753761835340639230e-01
3.659999999999607923e+01 1.180454515038270369e+00 1.508895457825231157e-01
3.669999999999606644e+01 1.203402015013810056e+00 1.284510978294236550e-01
3.679999999999606075e+01 1.223705565258358385e+00 1.081564526491838735e-01
3.689999999999604796e+01 1.241271811948815529e+00 9.009066401372740895e-02
3.699999999999603517e+01 1.256020766432812685e+00 7.432785161411878394e-02
3.709999999999602238e+01 1.267886153812995298e+00 6.093087960274270326e-02
3.719999999999600959e+01 1.276815694932430079e+00 4.995108995337275287e-02
3.729999999999600391e+01 1.282771320569957130e+00 4.142809177027376860e-02
3.739999999999599112e+01 1.285729316979674408e+00 3.538960740664793408e-02
3.749999999999597833e+01 1.285680402238386311e+00 3.185137597835979717e-02
3.759999999999597264e+01 1.282629733197918620e+00 3.081711458238294010e-02
3.769999999999595985e+01 1.276596843171154294e+00 3.227853725207174840e-02
3.779999999999594706e+01 1.267615510812950097e+00 3.621543140457334636e-02
3.789999999999593427e+01 1.255733560984679364e+00 4.259579126071482563e-02
3.799999999999592148e+01 1.241012598714924309e+00 5.137600744586259816e-02
3.809999999999591580e+01 1.223527677686218285e+00 6.250111171288132150e-02
3.819999999999590301e+01 1.203366904987791974e+00 7.590507546652573712e-02
3.829999999999589022e+01 1.180630984176138876e+00 9.151116051382320038e-02
3.839999999999588454e+01 1.155432698977780781e+00 1.092323202182127057e-01
3.849999999999587175e+01 1.127896340250378326e+00 1.289716489977278668e-01
3.859999999999585896e+01 1.098157079087634713e+00 1.506228778804282464e-01
3.869999999999584617e+01 1.066360289208574175e+00 1.740709136146449121e-01
3.879999999999583338e+01 1.032660822010132540e+00 1.991924186285613796e-01
3.889999999999582769e+01 9.972222378830847278e-01 2.258564289440567197e-01
3.899999999999581490e+01 9.602159975918177492e-01 2.539250069745791483e-01
3.909999999999580211e+01 9.218206176999975687e-01 2.832539259767629103e-01
3.919999999999579643e+01 8.822207941844001367e-01 3.136933827815259201e-01
3.929999999999578364e+01 8.416064985198722370e-01 3.450887353026599880e-01
3.939999999999577085e+01 8.001720506387665077e-01 3.772812612105586050e-01
3.949999999999575806e+01 7.581151732693391931e-01 4.101089340656415283e-01
3.959999999999574527e+01 7.156360322386486894e-01 4.434072131309616527e-01
3.969999999999573959e+01 6.729362673868338751e-01 4.770098430268346901e-01
3.979999999999572680e+01 6.302180187800672240e-01 5.107496593519000871e-01
3.989999999999571401e+01 5.876829529280259701e-01 5.444593963755732791e-01
3.999999999999570832e+01 5.455312937086427283e-01 5.779724929061839100e-01
4.009999999999569553e+01 5.039608626761743482e-01 6.111238924572082176e-01
4.019999999999568274e+01 4.631661333783830270e-01 6.437508338709435618e-01
4.029999999999566995e+01 4.233373042351475934e-01 6.756936286146956183e-01
4.039999999999565716e+01 3.846593944328812187e-01 7.067964210383620438e-01
4.049999999999565148e+01 3.473113671681224424e-01 7.369079279743280253e-01
4.059999999999563869e+01 3.114652844293548384e-01 7.658821541702707236e-01
4.069999999999562590e+01 2.772854973396171596e-01 7.935790801713439313e-01
4.079999999999562021e+01 2.449278758945962475e-01 8.198653194118702414e-01
4.089999999999560742e+01 2.145390817234798797e-01 8.446147414336693249e-01
4.099999999999559464e+01 1.862558872742100524e-01 8.677090583218245445e-01
4.109999999999558185e+01 1.602045445832087356e-01 8.890383716342520337e-01
4.119999999999556906e+01 1.365002065347129812e-01 9.085016773006089341e-01
4.129999999999556337e+01 1.152464032479706413e-01 9.260073261760040086e-01
4.139999999999555058e+01 9.653457595481111653e-02 9.414734381558464982e-01
4.149999999999553779e+01 8.044367044618702667e-02 9.548282679874011691e-01
4.159999999999553211e+01 6.703979187629330316e-02 9.660105211519919299e-01
4.169999999999551932e+01 5.637592241705364354e-02 9.749696184362267593e-01
4.179999999999550653e+01 4.849170295517257756e-02 9.816659080614383859e-01
4.189999999999549374e+01 4.341327971864546859e-02 9.860708244959556223e-01
4.199999999999548095e+01 4.115321641026825628e-02 9.881669933337901002e-01
4.209999999999547526e+01 4.171047211279604178e-02 9.879482818848233094e-01
4.219999999999546247e+01 4.507044491502659733e-02 9.854197953841777879e-01
4.229999999999544968e+01 5.120508089146075942e-02 9.805978189912200049e-01
4.239999999999544400e+01 6.007304775216878306e-02 9.735097060100504907e-01
4.249999999999543121e+01 7.161997216575967384e-02 9.641937130219884189e-01
4.259999999999541842e+01 8.577873944915724580e-02 9.526987828756754428e-01
4.269999999999540563e+01 1.024698540148791109e-01 9.390842767305461747e-01
4.279999999999539284e+01 1.216018586717470679e-01 9.234196565922936362e-01
4.289999999999538716e+01 1.430718105900121995e-01 9.057841200157574768e-01
4.299999999999537437e+01 1.667658114683066850e-01 8.862661888769457486e-01
4.309999999999536158e+01 1.925595891795596482e-01 8.649632543340420865e-01
4.319999999999535589e+01 2.203191279271149439e-01 8.419810803032591329e-01
4.329999999999534310e+01 2.499013437127047543e-01 8.174332679696220127e-01
4.339999999999533031e+01 2.811548017056075266e-01 7.914406840349933470e-01
4.349999999999531752e+01 3.139204719083202866e-01 7.641308555726691321e-01
4.359999999999530473e+01 3.480325193391746175e-01 7.356373345118238927e-01
4.369999999999529905e+01 3.833191247969110482e-01 7.060990349128321020e-01
4.379999999999528626e+01 4.196033321362525048e-01 6.756595463169321469e-01
4.389999999999527347e+01 4.567039178678030109e-01 6.444664265598388786e-01
4.399999999999526779e+01 4.944362787994418529e-01 6.126704775282111326e-01
4.409999999999525500e+01 5.326133333606608566e-01 5.804250074101084955e-01
4.419999999999524221e+01 5.710464321958306222e-01 5.478850830455134213e-01
4.429999999999522942e+01 6.095462735779071384e-01 5.152067760202816427e-01
4.439999999999521663e+01 6.479238191796690138e-01 4.825464061663016224e-01
4.449999999999521094e+01 6.859912057475943126e-01 4.500597861325602023e-01
4.459999999999519815e+01 7.235626482512764746e-01 4.179014706752900432e-01
4.469999999999518536e+01 7.604553301320626790e-01 3.862240142819296507e-01
4.479999999999517968e+01 7.964902763461702007e-01 3.551772406918033420e-01
4.489999999999516689e+01 8.314932049910290779e-01 3.249075278079900930e-01
4.499999999999515410e+01 8.652953534200782393e-01 2.955571114089751150e-01
4.509999999999514131e+01 8.977342748877049639e-01 2.672634109666310320e-01
4.519999999999512852e+01 9.286546019256259887e-01 2.401583807589399988e-01
4.529999999999512283e+01 9.579087728303355975e-01 2.143678893324101886e-01
4.539999999999511004e+01 9.853577178411621063e-01 1.900111302210387154e-01
4.549999999999509726e+01 1.010871501803766170e+00 1.672000666668912450e-01
4.559999999999509157e+01 1.034329920348521670e+00 1.460389129124482765e-01
4.569999999999507878e+01 1.055623046860259873e+00 1.266236544481105786e-01
4.579999999999506599e+01 1.074651727777126142e+00 1.090416094004694053e-01
4.589999999999505320e+01 1.091328024027801380e+00 9.337103303922678066e-02
4.599999999999504041e+01 1.105575596696615204e+00 7.968076716426022998e-02
4.609999999999503473e+01 1.117330035294010981e+00 6.802993591020786712e-02
4.619999999999502194e+01 1.126539127301346088e+00 5.846768927553636780e-02
4.629999999999500915e+01 1.133163067955005321e+00 5.103299544736026455e-02
4.639999999999500346e+01 1.137174609530625213e+00 4.575448275370752604e-02
4.649999999999499067e+01 1.138559149685055782e+00 4.265033183251439736e-02
4.659999999999497788e+01 1.137314758707200113e+00 4.172821836274785701e-02
4.669999999999496509e+01 1.133452145820601498e+00 4.298530645874831801e-02
4.679999999999495230e+01 1.126994564967554124e+00 4.640829258537639695e-02
4.689999999999494662e+01 1.117977660786465544e+00 5.197349960990187839e-02
4.699999999999493383e+01 1.106449255771748685e+00 5.964702036794723022e-02
4.709999999999492104e+01 1.092469079875383997e+00 6.938490988611817345e-02
4.719999999999491536e+01 1.076108444074499237e+00 8.113342517439653401e-02
4.729999999999490257e+01 1.057449859686359295e+00 9.482931127788529757e-02
4.739999999999488978e+01 1.036586605461907507e+00 1.104001320610239201e-01
4.749999999999487699e+01 1.013622244730139066e+00 1.277646439891060859e-01
4.759999999999486420e+01 9.886700950965464640e-01 1.468332109725976886e-01
4.769999999999485851e+01 9.618526534189335564e-01 1.675082581504491186e-01
4.779999999999484572e+01 9.333009789898892850e-01 1.896847623102441427e-01
4.789999999999483293e+01 9.031540380468671136e-01 2.132507764764144387e-01
4.799999999999482725e+01 8.715580129050011227e-01 2.380879860437095374e-01
4.809999999999481446e+01 8.386655791628920831e-01 2.640722936924126962e-01
4.819999999999480167e+01 8.046351545666926564e-01 2.910744301949954593e-01
4.829999999999478888e+01 7.696301232321928198e-01 3.189605881115877839e-01
4.839999999999477609e+01 7.338180390171477052e-01 3.475930752741475671e-01
4.849999999999477041e+01 6.973698119088337366e-01 3.768309848769981762e-01
4.859999999999475762e+01 6.604588813441336637e-01 4.065308789246523391e-01
4.869999999999474483e+01 6.232603804132441638e-01 4.365474817365747051e-01
4.879999999999473914e+01 5.859502949139254735e-01 4.667343801732599107e-01
4.889999999999472635e+01 5.487046212212005614e-01 4.969447272280142491e-01
4.899999999999471356e+01 5.116985269195576391e-01 5.270319456249903389e-01
4.909999999999470077e+01 4.751055181102560865e-01 5.568504280754487112e-01
4.919999999999468798e+01 4.390966172568027126e-01 5.862562308708973990e-01
4.929999999999468230e+01 4.038395553675607208e-01 6.151077575340618830e-01
4.939999999999466951e+01 3.694979822367611133e-01 6.432664293050213145e-01
4.949999999999465672e+01 3.362306983740369626e-01 6.705973393116638759e-01
4.959999999999465103e+01 3.041909121487858525e-01 6.969698873586244181e-01
4.969999999999463824e+01 2.735255255590550716e-01 7.222583923685329532e-01
4.979999999999462545e+01 2.443744519047644226e-01 7.463426796220823389e-01
4.989999999999461266e+01 2.168699685020296364e-01 7.691086400688446068e-01
