1.000000000000000000e+00 2.000000000000000000e+00 0.000000000000000000e+00
1.099999999999988987e+00 1.997600966599193173e+00 1.999200209300522682e-03
1.199999999999977973e+00 1.990415460100144918e+00 7.987208596232742847e-03
1.299999999999966960e+00 1.978478211704437273e+00 1.793529496766627096e-02
1.399999999999955946e+00 1.961846930786372623e+00 3.179573058060093660e-02
1.499999999999944933e+00 1.940602030589589466e+00 4.950201980663181817e-02
1.599999999999933920e+00 1.914846239833309038e+00 7.096922298337138280e-02
1.699999999999922906e+00 1.884704102034098661e+00 9.609436891230668798e-02
1.799999999999911893e+00 1.850321365011218022e+00 1.247569550045645737e-01
1.899999999999900879e+00 1.811864263684779042e+00 1.568195326283298163e-01
1.999999999999889866e+00 1.769518699887784097e+00 1.921283747770441974e-01
2.099999999999878852e+00 1.723489323489370673e+00 2.305142227584955072e-01
2.199999999999867839e+00 1.673998519667431628e+00 2.717931082039988233e-01
2.299999999999856826e+00 1.621285307671975096e+00 3.157672463161844689e-01
2.399999999999845812e+00 1.565604156885898712e+00 3.622259959154391362e-01
2.499999999999834799e+00 1.507223726417737719e+00 4.109468815107941708e-01
2.599999999999823785e+00 1.446425534849448358e+00 4.616966723124939498e-01
2.699999999999812772e+00 1.383502567111911663e+00 5.142325128224418673e-01
2.799999999999801759e+00 1.318757825766408986e+00 5.683030993861797331e-01
2.899999999999790745e+00 1.252502834232156470e+00 6.236498968679360377e-01
2.999999999999779732e+00 1.185056099716126132e+00 6.800083894183878153e-01
3.099999999999768718e+00 1.116741543768845046e+00 7.371093591452893001e-01
3.199999999999757705e+00 1.047886908512813520e+00 7.946801863694399337e-01
3.299999999999746692e+00 9.788221466665391057e-01 8.524461650532531021e-01
3.399999999999735678e+00 9.098778035214523108e-01 9.101318269273853678e-01
3.499999999999724665e+00 8.413833990222994164e-01 9.674622678107217544e-01
3.599999999999713651e+00 7.736658180557253184e-01 1.024164469622836471e+00
3.699999999999702638e+00 7.070477169686378849e-01 1.079968611622912356e+00
3.799999999999691624e+00 6.418459542184959954e-01 1.134609364477274784e+00
3.899999999999680611e+00 5.783700529016393421e-01 1.187827160856215647e+00
3.999999999999669598e+00 5.169207027151054845e-01 1.239369436391721591e+00
4.099999999999658584e+00 4.577883086815588420e-01 1.288991834987118335e+00
4.199999999999647571e+00 4.012515937057037352e-01 1.336459372660575795e+00
4.299999999999636557e+00 3.475762617352967654e-01 1.381547554321848281e+00
4.399999999999625544e+00 2.970137279697955823e-01 1.424043438127966077e+00
4.499999999999614531e+00 2.497999221955352900e-01 1.463746642334718961e+00
4.599999999999603517e+00 2.061541709305944325e-01 1.500470289857464445e+00
4.699999999999592504e+00 1.662781636367512417e-01 1.534041886073171046e+00
4.799999999999581490e+00 1.303550078042294003e-01 1.564304125736204920e+00
4.899999999999570477e+00 9.854837724180277869e-02 1.591115625238803677e+00
4.999999999999559464e+00 7.100175741435620080e-02 1.614351576822925738e+00
5.099999999999548450e+00 4.783779116723613917e-02 1.633904321740990762e+00
5.199999999999537437e+00 2.915772766515672618e-02 1.649683839766035831e+00
5.299999999999526423e+00 1.504097685669590276e-02 1.661618152866024323e+00
5.399999999999515410e+00 5.544771255853801241e-03 1.669653641278419087e+00
5.499999999999504396e+00 7.039363118372756779e-04 1.673755270651654969e+00
5.599999999999493383e+00 5.307701183069826615e-04 1.673906729351994915e+00
5.699999999999482370e+00 5.015032694612529818e-03 1.670110475471759504e+00
5.799999999999471356e+00 1.412404455439303375e-02 1.662387693511100162e+00
5.899999999999460343e+00 2.780289376156391129e-02 1.650778161141637446e+00
5.999999999999449329e+00 4.597475016052690600e-02 1.635340026893560950e+00
6.099999999999438316e+00 6.854128495731336146e-02 1.616149500035384934e+00
6.199999999999427303e+00 9.538319332303357712e-02 1.593300454337480465e+00
6.299999999999416289e+00 1.263608171932193713e-01 1.566903947822152476e+00
6.399999999999405276e+00 1.613148649503863552e-01 1.537087661005752004e+00
6.499999999999394262e+00 2.000672242069330420e-01 1.503995256525418878e+00
6.599999999999383249e+00 2.424218634565811215e-01 1.467785663417679132e+00
6.699999999999372235e+00 2.881658179393415953e-01 1.428632289671397659e+00
6.799999999999361222e+00 3.370702546714381964e-01 1.386722167014743157e+00
6.899999999999350209e+00 3.888916112299443117e-01 1.342255032212751109e+00
6.999999999999339195e+00 4.433728025530292438e-01 1.295442349445373731e+00
7.099999999999328182e+00 5.002444897208015995e-01 1.246506278607261375e+00
7.199999999999317168e+00 5.592264044167295500e-01 1.195678594616170765e+00
7.299999999999306155e+00 6.200287225350664677e-01 1.143199563038204802e+00
7.399999999999295142e+00 6.823534801941407713e-01 1.089316777532901126e+00
7.499999999999284128e+00 7.458960252376781730e-01 1.034283964788751398e+00
7.599999999999273115e+00 8.103464971583854703e-01 9.783597627611388958e-01
7.699999999999262101e+00 8.753913282591221368e-01 9.218064781373491723e-01
7.799999999999251088e+00 9.407147587802120459e-01 8.648888290375299492e-01
7.899999999999240075e+00 1.006000358667049843e+00 8.078726790167686245e-01
7.999999999999229061e+00 1.070932548631803538e+00 7.510237684597542707e-01
8.099999999999218048e+00 1.135198113178693013e+00 6.946064494571475567e-01
8.199999999999207034e+00 1.198487698313133176e+00 6.388824302207959382e-01
8.299999999999196021e+00 1.260497286743843315e+00 5.841095350344233106e-01
8.399999999999185007e+00 1.320929643513111484e+00 5.305404856459787766e-01
8.499999999999173994e+00 1.379495725155280850e+00 4.784217098900771514e-01
8.599999999999162981e+00 1.435916045685845743e+00 4.279921831825695966e-01
8.699999999999151967e+00 1.489921992963288311e+00 3.794823083560982524e-01
8.799999999999140954e+00 1.541257089239822742e+00 3.331128391062730953e-01
8.899999999999129940e+00 1.589678190022023818e+00 2.890938520937924028e-01
8.999999999999118927e+00 1.634956615693867077e+00 2.476237725000512424e-01
9.099999999999107914e+00 1.676879210706910373e+00 2.088884575638166319e-01
9.199999999999096900e+00 1.715249325514196288e+00 1.730603423357757464e-01
9.299999999999085887e+00 1.749887716809048532e+00 1.402976515783798672e-01
9.399999999999074873e+00 1.780633362030465516e+00 1.107436814110694667e-01
9.499999999999063860e+00 1.807344184509310336e+00 8.452615395823372124e-02
9.599999999999052847e+00 1.829897686058408635e+00 6.175664789994758652e-02
9.699999999999041833e+00 1.848191484250517824e+00 4.253010745594554276e-02
9.799999999999030820e+00 1.862143752083169845e+00 2.692443195253868896e-02
9.899999999999019806e+00 1.871693558193365359e+00 1.500014773262051820e-02
9.999999999999008793e+00 1.876801106257059537e+00 6.800163771860791122e-03
1.009999999999899778e+01 1.877447872678411178e+00 2.349611961870286259e-03
1.019999999999898677e+01 1.873636642149193676e+00 1.655772615208263038e-03
1.029999999999897575e+01 1.865391441126309280e+00 4.708085339498260975e-03
1.039999999999896474e+01 1.852757369745364757e+00 1.147824502042815546e-02
1.049999999999895373e+01 1.835800333155303887e+00 2.192038224780035877e-02
1.059999999999894271e+01 1.814606673725937425e+00 3.597132711688873219e-02
1.069999999999893170e+01 1.789282706047760740e+00 5.355095494095245268e-02
1.079999999999892069e+01 1.759954157105487749e+00 7.456261202171703129e-02
1.089999999999890967e+01 1.726765514463704632e+00 9.889361924481838984e-02
1.099999999999889866e+01 1.689879285746346715e+00 1.264158508984834783e-01
1.109999999999888765e+01 1.649475173119566040e+00 1.569863857579207600e-01
1.119999999999887663e+01 1.605749166895607205e+00 1.904482271366416124e-01
1.129999999999886562e+01 1.558912562760738973e+00 2.266310882810647909e-01
1.139999999999885461e+01 1.509190907494670553e+00 2.653522391775196554e-01
1.149999999999884359e+01 1.456822878389411491e+00 3.064174105528204572e-01
1.159999999999883258e+01 1.402059101894602700e+00 3.496217505822153404e-01
1.169999999999882156e+01 1.345160917311108317e+00 3.947508295728797134e-01
1.179999999999881055e+01 1.286399091625978652e+00 4.415816876687440051e-01
1.189999999999879954e+01 1.226052491825186719e+00 4.898839204240327261e-01
1.199999999999878852e+01 1.164406721236703968e+00 5.394207969200237596e-01
1.209999999999877751e+01 1.101752726640330637e+00 5.899504049526572702e-01
1.219999999999876650e+01 1.038385383032077947e+00 6.412268176988645818e-01
1.229999999999875548e+01 9.746020630476838198e-01 6.930012761776153107e-01
1.239999999999874447e+01 9.107011981295285441e-01 7.450233817580306228e-01
1.249999999999873346e+01 8.469808385647183968e-01 7.970422929320434280e-01
1.259999999999872244e+01 7.837372195247113149e-01 8.488079205633393132e-01
1.269999999999871143e+01 7.212633402017882833e-01 9.000721158479236816e-01
1.279999999999870042e+01 6.598475630597030461e-01 9.505898452738561488e-01
1.289999999999868940e+01 5.997722400963042544e-01 1.000120346949405103e+00
1.299999999999867839e+01 5.413123728547820646e-01 1.048428262778906772e+00
1.309999999999866738e+01 4.847343127164402410e-01 1.095284741102155790e+00
1.319999999999865636e+01 4.302945077654319328e-01 1.140468504578474374e+00
1.329999999999864535e+01 3.782383022372877157e-01 1.183766878285326785e+00
1.339999999999863434e+01 3.287987942520130269e-01 1.224976773215709747e+00
1.349999999999862332e+01 2.821957571952860566e-01 1.263905620594832468e+00
1.359999999999861231e+01 2.386346297506986014e-01 1.300372252694722564e+00
1.369999999999860130e+01 1.983055792064297995e-01 1.334207726102862202e+00
1.379999999999859028e+01 1.613826422641236047e-01 1.365256083696372968e+00
1.389999999999857927e+01 1.280229471676435915e-01 1.393375051886083904e+00
1.399999999999856826e+01 9.836602054693752151e-02 1.418436670021306911e+00
1.409999999999855724e+01 7.253318193975502592e-02 1.440327849186498144e+00
1.419999999999854623e+01 5.062702851304470841e-02 1.458950857973049686e+00
1.429999999999853522e+01 3.273101205956778503e-02 1.474223733169719219e+00
1.439999999999852420e+01 1.890910989547982951e-02 1.486080613685086371e+00
1.449999999999851319e+01 9.205590833348587659e-03 1.494471996389952206e+00
1.459999999999850218e+01 3.644876953530847615e-03 1.499364912947447337e+00
1.469999999999849116e+01 2.231501445814755655e-03 1.500743027080427616e+00
1.479999999999848015e+01 4.950162343189401515e-03 1.498606652109209181e+00
1.489999999999846914e+01 1.176587152093368921e-02 1.492972688975651829e+00
1.499999999999845812e+01 2.262419788760603595e-02 1.483874485349335082e+00
1.509999999999844711e+01 3.745160325107576432e-02 1.471361616788997129e+00
1.519999999999843610e+01 5.615586890411265047e-02 1.455499591302486850e+00
1.529999999999842508e+01 7.862661054238483105e-02 1.436369479012815198e+00
1.539999999999841407e+01 1.047358787054011309e-01 1.414067468991230925e+00
1.549999999999840306e+01 1.343388415206307196e-01 1.388704355662629064e+00
1.559999999999839204e+01 1.672745461352422858e-01 1.360404957519135039e+00
1.569999999999838103e+01 2.033667548410865999e-01 1.329307471193913015e+00
1.579999999999837001e+01 2.424248515391413117e-01 1.295562764249067467e+00
1.589999999999835900e+01 2.842448138514685474e-01 1.259333610313901897e+00
1.599999999999834799e+01 3.286102458741725907e-01 1.220793870475627152e+00
1.609999999999833875e+01 3.752934662759888074e-01 1.180127625068689845e+00
1.619999999999832596e+01 4.240566461856257741e-01 1.137528260232684163e+00
1.629999999999831317e+01 4.746529910802258501e-01 1.093197513809957888e+00
1.639999999999830393e+01 5.268279606885588606e-01 1.047344485331340946e+00
1.649999999999829470e+01 5.803205207585457881e-01 1.000184614991787679e+00
1.659999999999828191e+01 6.348644204108813138e-01 9.519386366455874215e-01
1.669999999999826912e+01 6.901894887094442987e-01 9.028315099536081689e-01
1.679999999999825988e+01 7.460229440254041444e-01 8.530913368903133565e-01
1.689999999999825064e+01 8.020907097534236696e-01 8.029482678693885545e-01
1.699999999999823785e+01 8.581187299556093384e-01 7.526334027694078221e-01
1.709999999999822506e+01 9.138342785570423565e-01 7.023776921394954131e-01
1.719999999999821583e+01 9.689672557970273603e-01 6.524108438360233242e-01
1.729999999999820659e+01 1.023251465747545996e+00 6.029602402886009571e-01
1.739999999999819380e+01 1.076425868845173550e+00 5.542498715149332122e-01
1.749999999999818101e+01 1.128235803543828686e+00 5.064992889022079670e-01
1.759999999999817177e+01 1.178434171382217066e+00 4.599225846467185352e-01
1.769999999999816254e+01 1.226782579972391929e+00 4.147274015950119241e-01
1.779999999999814975e+01 1.273052438655721597e+00 3.711139780596205417e-01
1.789999999999813696e+01 1.317026001836558269e+00 3.292742319910380577e-01
1.799999999999812772e+01 1.358497355294582931e+00 2.893908886764889332e-01
1.809999999999811848e+01 1.397273341088499876e+00 2.516366559060956298e-01
1.819999999999810569e+01 1.433174416996458644e+00 2.161734502996369156e-01
1.829999999999809290e+01 1.466035446787123941e+00 1.831516782235070029e-01
1.839999999999808367e+01 1.495706417978477587e+00 1.527095744495116092e-01
1.849999999999807443e+01 1.522053084114901145e+00 1.249726014156467557e-01
1.859999999999806164e+01 1.544957528976055094e+00 1.000529116461723739e-01
1.869999999999804885e+01 1.564318650521343779e+00 7.804887557525728992e-02
1.879999999999803961e+01 1.580052562769497460e+00 5.904467669694181409e-02
1.889999999999803038e+01 1.592092914213039334e+00 4.310997563563429003e-02
1.899999999999801759e+01 1.600391121770735392e+00 3.029964439767082393e-02
1.909999999999800480e+01 1.604916519683722287e+00 2.065357172682929024e-02
1.919999999999799556e+01 1.605656423163048574e+00 1.419654014710565113e-02
1.929999999999798632e+01 1.602616106992388545e+00 1.093817493596003533e-02
1.939999999999797353e+01 1.595818699679267594e+00 1.087296493217733938e-02
1.949999999999796074e+01 1.585304994127633371e+00 1.398035474613756185e-02
1.959999999999795151e+01 1.571133176173995505e+00 2.022490760801665816e-02
1.969999999999794227e+01 1.553378472686661294e+00 2.955653776273350214e-02
1.979999999999792948e+01 1.532132721273526066e+00 4.191081100064118770e-02
1.989999999999791669e+01 1.507503863979342995e+00 5.720931160134450771e-02
1.999999999999790745e+01 1.479615367676009319e+00 7.536007366583478972e-02
2.009999999999789821e+01 1.448605574162231679e+00 9.625807452061695135e-02
2.019999999999788542e+01 1.414626983288356010e+00 1.197857875977999670e-01
2.029999999999787264e+01 1.377845472710102159e+00 1.458137919283479522e-01
2.039999999999786340e+01 1.338439458148167116e+00 1.742014351330926913e-01
2.049999999999785416e+01 1.296598998291298210e+00 2.047975465585525900e-01
2.059999999999784137e+01 1.252524848723857165e+00 2.374411969833583325e-01
2.069999999999782858e+01 1.206427469487398429e+00 2.719625011170905271e-01
2.079999999999781934e+01 1.158525991094668584e+00 3.081834589274497493e-01
2.089999999999781011e+01 1.109047144003148633e+00 3.459188316651536366e-01
2.099999999999779732e+01 1.058224156719530518e+00 3.849770483091474738e-01
2.109999999999778453e+01 1.006295627845202212e+00 4.251611380290183373e-01
2.119999999999777529e+01 9.535043774830274099e-01 4.662696841566196237e-01
2.129999999999776605e+01 9.000962835067020107e-01 5.080977950764916651e-01
2.139999999999775326e+01 8.463191082456095193e-01 5.504380873837709798e-01
2.149999999999774047e+01 7.924213211609291152e-01 5.930816766200751600e-01
2.159999999999773124e+01 7.386509230816711291e-01 6.358191708821145927e-01
2.169999999999772200e+01 6.852542775345101811e-01 6.784416626039757592e-01
2.179999999999770921e+01 6.324749546368699793e-01 7.207417138430236569e-01
2.189999999999769642e+01 5.805525929315311640e-01 7.625143304493460228e-01
2.199999999999768718e+01 5.297217844230154293e-01 8.035579205707533701e-01
2.209999999999767795e+01 4.802109879360328959e-01 8.436752330374662767e-01
2.219999999999766516e+01 4.322414757564770893e-01 8.826742712830486504e-01
2.229999999999765237e+01 3.860263183394728737e-01 9.203691785899671407e-01
2.239999999999764313e+01 3.417694116794078862e-01 9.565810905983126444e-01
2.249999999999763389e+01 2.996645517339400766e-01 9.911389511850448031e-01
2.259999999999762110e+01 2.598945600770068420e-01 1.023880288006278727e+00
2.269999999999760831e+01 2.226304647230168965e-01 1.054651944198502722e+00
2.279999999999759908e+01 1.880307398137508190e-01 1.083310762952612194e+00
2.289999999999758984e+01 1.562406075889624379e-01 1.109724221908837682e+00
2.299999999999757705e+01 1.273914057712559333e-01 1.133771014568233371e+00
2.309999999999756426e+01 1.016000231856316743e-01 1.155341576178071650e+00
2.319999999999755502e+01 7.896840610568522933e-02 1.174338551820416576e+00
2.329999999999754579e+01 5.958313747418104295e-02 1.190677204717228932e+00
2.339999999999753300e+01 4.351509078768097533e-02 1.204285763056841541e+00
2.349999999999752021e+01 3.081916006596273350e-02 1.215105703947029214e+00
2.359999999999751097e+01 2.153406694921851036e-02 1.223091973405034061e+00
2.369999999999750173e+01 1.568224558202732655e-02 1.228213141605091430e+00
2.379999999999748894e+01 1.326980555485028981e-02 1.230451492917536305e+00
2.389999999999747615e+01 1.428657278363772848e-02 1.229803050586738111e+00
2.399999999999746692e+01 1.870620781820523520e-02 1.226277536209847030e+00
2.409999999999745768e+01 2.648640068283206195e-02 1.219898264490048456e+00
2.419999999999744489e+01 3.756914097072813069e-02 1.210701974046090923e+00
2.429999999999743210e+01 5.188106154066007142e-02 1.198738595363306958e+00
2.439999999999742286e+01 6.933385380229287187e-02 1.184070957267761903e+00
2.449999999999741362e+01 8.982475222996307018e-02 1.166774433593137816e+00
2.459999999999740083e+01 1.132370854154628875e-01 1.146936531988044905e+00
2.469999999999738804e+01 1.394408906613715804e-01 1.124656427078382093e+00
2.479999999999737881e+01 1.682935888290816029e-01 1.100044440454173156e+00
2.489999999999736957e+01 1.996407158908397594e-01 1.073221470190071747e+00
2.499999999999735678e+01 2.333167073930291768e-01 1.044318372835929543e+00
2.509999999999734399e+01 2.691457318182951530e-01 1.013475301023267772e+00
2.519999999999733475e+01 3.069425686363196348e-01 9.808410000283801500e-01
2.529999999999732552e+01 3.465135266563540428e-01 9.465720668097082902e-01
2.539999999999731273e+01 3.876573981379719536e-01 9.108321751968320168e-01
2.549999999999729994e+01 4.301664439803501438e-01 8.737912710503280556e-01
2.559999999999729070e+01 4.738274051934647235e-01 8.356247413345069264e-01
2.569999999999728146e+01 5.184225357587808336e-01 7.965125611495377234e-01
2.579999999999726867e+01 5.637306519122957660e-01 7.566384228541661594e-01
2.589999999999725588e+01 6.095281928305779084e-01 7.161888514755545554e-01
2.599999999999724665e+01 6.555902876726908968e-01 6.753523106476014837e-01
2.609999999999723741e+01 7.016918239266694002e-01 6.343183033449261155e-01
2.619999999999722462e+01 7.476085120310432819e-01 5.932764716837755081e-01
2.629999999999721183e+01 7.931179412873259338e-01 5.524157000465220735e-01
2.639999999999720259e+01 8.380006221484279649e-01 5.119232257509686024e-01
2.649999999999719336e+01 8.820410100581733692e-01 4.719837614308214913e-01
2.659999999999718057e+01 9.250285061274607923e-01 4.327786332196423835e-01
2.669999999999716778e+01 9.667584300608236259e-01 3.944849387379932848e-01
2.679999999999715854e+01 1.007032960892666917e+00 3.572747287721904086e-01
2.689999999999714930e+01 1.045662041253831998e+00 3.213142164050405980e-01
2.699999999999713651e+01 1.082464241067350841e+00 2.867630172131909738e-01
2.709999999999712372e+01 1.117267576765220927e+00 2.537734239844035011e-01
2.719999999999711449e+01 1.149910282328903133e+00 2.224897192310910932e-01
2.729999999999710525e+01 1.180241528681970076e+00 1.930475285844704958e-01
2.739999999999709246e+01 1.208122088207570721e+00 1.655732179483515032e-01
2.749999999999707967e+01 1.233424941424514421e+00 1.401833370727645911e-01
2.759999999999707043e+01 1.256035823133645479e+00 1.169841119769705062e-01
2.769999999999706120e+01 1.275853705642916447e+00 9.607098840966016295e-02
2.779999999999704841e+01 1.292791216990352154e+00 7.752822828249814058e-02
2.789999999999703562e+01 1.306774992412520486e+00 6.142856075288056356e-02
2.799999999999702638e+01 1.317745957644302024e+00 4.783288936404682390e-02
2.809999999999701714e+01 1.325659542986686645e+00 3.679005637709848592e-02
2.819999999999700435e+01 1.330485827436133750e+00 2.833666515133587485e-02
2.829999999999699156e+01 1.332209612528693965e+00 2.249696114816859480e-02
2.839999999999698233e+01 1.330830425913030801e+00 1.928277185137761141e-02
2.849999999999697309e+01 1.326362455020795306e+00 1.869350561405646108e-02
2.859999999999696030e+01 1.318834411550601438e+00 2.071620916184926248e-02
2.869999999999694751e+01 1.308289327817550918e+00 2.532568320452826399e-02
2.879999999999693827e+01 1.294784286342858026e+00 3.248465533496856794e-02
2.889999999999692903e+01 1.278390084366392898e+00 4.214400912749453887e-02
2.899999999999691624e+01 1.259190835258097829e+00 5.424306808763725007e-02
2.909999999999690345e+01 1.237283509081094302e+00 6.870993285369537962e-02
2.919999999999689422e+01 1.212777414820736643e+00 8.546186980815613510e-02
2.929999999999688498e+01 1.185793627037379450e+00 1.044057490250063780e-01
2.939999999999687219e+01 1.156464359926819618e+00 1.254385292580305900e-01
2.949999999999685940e+01 1.124932291982518207e+00 1.484477874662603336e-01
2.959999999999685016e+01 1.091349844646532175e+00 1.733122901763105572e-01
2.969999999999684093e+01 1.055878418516966954e+00 1.999026037982685744e-01
2.979999999999682814e+01 1.018687590847571878e+00 2.280817408425800386e-01
2.989999999999681535e+01 9.799542782335862734e-01 2.577058388306245340e-01
2.999999999999680611e+01 9.398618685258172123e-01 2.886248685522692647e-01
3.009999999999679687e+01 8.985993261510382135e-01 3.206833681998398355e-01
3.019999999999678408e+01 8.563602751401547808e-01 3.537211998009235914e-01
3.029999999999677129e+01 8.133420642690426527e-01 3.875743242822798917e-01
3.039999999999676206e+01 7.697448188007356418e-01 4.220755914247923957e-01
3.049999999999675282e+01 7.257704833746202455e-01 4.570555409151296766e-01
3.059999999999674003e+01 6.816218606190062035e-01 4.923432106639443195e-01
3.069999999999672724e+01 6.375016500652695983e-01 5.277669485428292395e-01
3.079999999999671800e+01 5.936114919177944982e-01 5.631552236933814459e-01
3.089999999999670877e+01 5.501510201846969705e-01 5.983374335807315481e-01
3.099999999999669598e+01 5.073169296044122145e-01 6.331447030011443378e-01
3.109999999999668319e+01 4.653020607150923915e-01 6.674106713076839448e-01
3.119999999999667395e+01 4.242945073083845831e-01 7.009722641902925711e-01
3.129999999999666471e+01 3.844767503896044381e-01 7.336704464352474808e-01
3.139999999999665192e+01 3.460248226298718310e-01 7.653509521943426819e-01
3.149999999999663913e+01 3.091075071430561261e-01 7.958649894159105509e-01
3.159999999999662990e+01 2.738855742493827572e-01 8.250699152267879644e-01
3.169999999999662066e+01 2.405110596970509718e-01 8.528298792065346356e-01
3.179999999999660787e+01 2.091265876030622695e-01 8.790164316617408158e-01
3.189999999999659508e+01 1.798647411453703771e-01 9.035090941881236404e-01
3.199999999999658584e+01 1.528474837915562712e-01 9.261958900002810191e-01
3.209999999999657661e+01 1.281856335875712349e-01 9.469738317128107985e-01
3.219999999999656382e+01 1.059783927558692884e-01 9.657493644697975332e-01
3.229999999999655103e+01 8.631293456852548451e-02 9.824387625428572246e-01
3.239999999999653824e+01 6.926404917021659891e-02 9.969684777476693904e-01
3.249999999999653255e+01 5.489384973034027587e-02 1.009275438266149738e+00
3.259999999999651976e+01 4.325154000492043710e-02 1.019307296703094057e+00
3.269999999999650697e+01 3.437324408909180756e-02 1.027022626452218867e+00
3.279999999999650129e+01 2.828189884108434082e-02 1.032391065695215993e+00
3.289999999999648850e+01 2.498720915995445227e-02 1.035393408607967469e+00
3.299999999999647571e+01 2.448566600259888607e-02 1.036021643598850517e+00
3.309999999999646292e+01 2.676062673119418076e-02 1.034278938654957125e+00
3.319999999999645013e+01 3.178245709049140610e-02 1.030179574120360542e+00
3.329999999999644444e+01 3.950873382579614401e-02 1.023748823477752090e+00
3.339999999999643165e+01 4.988450666783390136e-02 1.015022782946502389e+00
3.349999999999641886e+01 6.284261813159129628e-02 1.004048150948910978e+00
3.359999999999641318e+01 7.830407930469147904e-02 9.908819587278168139e-01
3.369999999999640039e+01 9.617849953944825059e-02 9.755912536234021548e-01
3.379999999999638760e+01 1.163645677141052631e-01 9.582527367339684909e-01
3.389999999999637481e+01 1.387505824953217948e-01 9.389523568914448504e-01
3.399999999999636202e+01 1.632150288177182662e-01 9.177848630795701901e-01
3.409999999999635634e+01 1.896271975985768243e-01 8.948533176069999318e-01
3.419999999999634355e+01 2.178478455269677871e-01 8.702685725203502809e-01
3.429999999999633076e+01 2.477298916065229228e-01 8.441487119016466423e-01
3.439999999999632507e+01 2.791191469886493137e-01 8.166184628409032253e-01
3.449999999999631228e+01 3.118550745073387365e-01 7.878085780062660248e-01
3.459999999999629949e+01 3.457715742164896300e-01 7.578551928524829284e-01
3.469999999999628670e+01 3.806977911353706667e-01 7.268991606108851089e-01
3.479999999999627391e+01 4.164589413274747964e-01 6.950853682929398758e-01
3.489999999999626823e+01 4.528771523724189341e-01 6.625620370117865088e-01
3.499999999999625544e+01 4.897723142412549469e-01 6.294800099839983343e-01
3.509999999999624265e+01 5.269629365520330788e-01 5.959920316151093855e-01
3.519999999999623697e+01 5.642670081671659066e-01 5.622520210985197942e-01
3.529999999999622418e+01 6.015028550964454102e-01 5.284143439666747488e-01
3.539999999999621139e+01 6.384899926912355195e-01 4.946330850270861945e-01
3.549999999999619860e+01 6.750499681564965382e-01 4.610613260929593005e-01
3.559999999999618581e+01 7.110071894676959214e-01 4.278504318797013428e-01
3.569999999999618012e+01 7.461897368590443280e-01 3.951493473839385318e-01
3.579999999999616733e+01 7.804301531462571884e-01 3.631039099920461144e-01
3.589999999999615454e+01 8.135662092607828244e-01 3.318561794801002662e-01
3.599999999999614886e+01 8.454416415017721453e-01 3.015437889679494776e-01
3.609999999999613607e+01 8.759068571567252270e-01 2.722993197766688245e-01
3.619999999999612328e+01 9.048196053030793662e-01 2.442497030117154466e-01
3.629999999999611049e+01 9.320456097802138906e-01 2.175156505547423957e-01
3.639999999999609770e+01 9.574591615160382707e-01 1.922111179950213300e-01
3.649999999999609201e+01 9.809436676034984925e-01 1.684428018684135664e-01
3.659999999999607923e+01 1.002392154748759978e+00 1.463096733979638575e-01
3.669999999999606644e+01 1.021707724952602314e+00 1.259025507469314076e-01
3.679999999999606075e+01 1.038803961536640674e+00 1.073037116029364052e-01
3.689999999999604796e+01 1.053605283883464860e+00 9.058654771233852487e-02
3.699999999999603517e+01 1.066047249521265394e+00 7.581526277796693525e-02
3.709999999999602238e+01 1.076076802447889280e+00 6.304461492187489469e-02
3.719999999999600959e+01 1.083652466851142693e+00 5.231970469923644812e-02
3.729999999999600391e+01 1.088744485644022264e+00 4.367580943075406730e-02
3.739999999999599112e+01 1.091334903491474995e+00 3.713826440008479585e-02
3.749999999999597833e+01 1.091417594258545787e+00 3.272239124088325429e-02
3.759999999999597264e+01 1.088998233062033805e+00 3.043347361598509535e-02
3.769999999999595985e+01 1.084094213354271252e+00 3.026678007000975154e-02
3.779999999999594706e+01 1.076734509712736321e+00 3.220763371720994361e-02
3.789999999999593427e+01 1.066959487251134764e+00 3.623152820956782733e-02
3.799999999999592148e+01 1.054820658806020273e+00 4.230428921700734451e-02
3.809999999999591580e+01 1.040380391287106354e+00 5.038228044295537528e-02
3.819999999999590301e+01 1.023711562807959385e+00 6.041265299541569850e-02
3.829999999999589022e+01 1.004897172435678998e+00 7.233363673700644869e-02
3.839999999999588454e+01 9.840299046099918456e-01 8.607487204809742554e-02
3.849999999999587175e+01 9.612116504868271072e-01 1.015577802559982923e-01
3.859999999999585896e+01 9.365529886524937009e-01 1.186959708110522371e-01
3.869999999999584617e+01 9.101726278365342981e-01 1.373956831281979984e-01
3.879999999999583338e+01 8.821968144188688798e-01 1.575562608607882220e-01
3.889999999999582769e+01 8.527587076821234735e-01 1.790706562330225127e-01
3.899999999999581490e+01 8.219977258996954417e-01 2.018259619287318396e-01
3.909999999999580211e+01 7.900588664736787337e-01 2.257039679181460090e-01
3.919999999999579643e+01 7.570920034434523993e-01 2.505817405011954713e-01
3.929999999999578364e+01 7.232511657731912624e-01 2.763322207560686694e-01
3.939999999999577085e+01 6.886937998952826767e-01 3.028248395058089071e-01
3.949999999999575806e+01 6.535800200370176505e-01 3.299261458537464109e-01
3.959999999999574527e+01 6.180718498891760726e-01 3.575004462905294056e-01
3.969999999999573959e+01 5.823324591901819502e-01 3.854104513419888134e-01
3.979999999999572680e+01 5.465253987976153027e-01 4.135179267075124177e-01
3.989999999999571401e+01 5.108138378024303927e-01 4.416843458335718564e-01
3.999999999999570832e+01 4.753598062095726329e-01 4.697715408758642575e-01
4.009999999999569553e+01 4.403234466629955546e-01 4.976423490265847183e-01
4.019999999999568274e+01 4.058622786321993137e-01 5.251612512204067995e-01
4.029999999999566995e+01 3.721304784022873013e-01 5.521950002831734761e-01
4.039999999999565716e+01 3.392781781182913070e-01 5.786132356514197550e-01
4.049999999999565148e+01 3.074507870286022904e-01 6.042890818678896547e-01
4.059999999999563869e+01 2.767883379504613162e-01 6.290997281478220016e-01
4.069999999999562590e+01 2.474248618443052328e-01 6.529269864127479339e-01
4.079999999999562021e+01 2.194877932334555748e-01 6.756578253016909397e-01
4.089999999999560742e+01 1.930974090429452006e-01 6.971848777941940245e-01
4.099999999999559464e+01 1.683663032567731255e-01 7.174069202139196078e-01
4.109999999999558185e+01 1.453988996085688878e-01 7.362293205258546580e-01
4.119999999999556906e+01 1.242910043269044723e-01 7.535644539927947028e-01
4.129999999999556337e+01 1.051294007556834303e-01 7.693320844174951212e-01
4.139999999999555058e+01 8.799148746313993630e-02 7.834597093645800925e-01
4.149999999999553779e+01 7.294496124244256863e-02 7.958828679300622433e-01
4.159999999999553211e+01 6.004754619453551295e-02 8.065454098051658693e-01
4.169999999999551932e+01 4.934676987145022314e-02 8.153997245644586389e-01
4.179999999999550653e+01 4.087978724715637946e-02 8.224069302947979443e-01
4.189999999999549374e+01 3.467325307367614962e-02 8.275370208710781661e-01
4.199999999999548095e+01 3.074324297250149995e-02 8.307689713754923266e-01
4.209999999999547526e+01 2.909522340484349545e-02 8.320908013501095990e-01
4.219999999999546247e+01 2.972407045796237116e-02 8.314995957647712821e-01
4.229999999999544968e+01 3.261413717817470553e-02 8.290014837759162036e-01
4.239999999999544400e+01 3.773936897353166037e-02 8.246115755432483763e-01
4.249999999999543121e+01 4.506346640081477367e-02 8.183538575624873523e-01
4.259999999999541842e+01 5.454009444299866283e-02 8.102610471598853392e-01
4.269999999999540563e+01 6.611313717588129801e-02 8.003744069799366700e-01
4.279999999999539284e+01 7.971699651768360262e-02 7.887435204783486142e-01
4.289999999999538716e+01 9.527693355468973280e-02 7.754260296084584114e-01
4.299999999999537437e+01 1.127094507407652713e-01 7.604873360597957932e-01
4.309999999999536158e+01 1.319227130800825765e-01 7.440002675714191271e-01
4.319999999999535589e+01 1.528170062212415303e-01 7.260447109984703440e-01
4.329999999999534310e+01 1.752852292180857030e-01 7.067072139593745250e-01
4.339999999999533031e+01 1.992134195484131232e-01 6.860805570301298228e-01
4.349999999999531752e+01 2.244813078277967111e-01 6.642632985824395986e-01
4.359999999999530473e+01 2.509628995132320295e-01 6.413592944822076314e-01
4.369999999999529905e+01 2.785270807622529099e-01 6.174771949742160482e-01
4.379999999999528626e+01 3.070382454995534416e-01 5.927299211765134634e-01
4.389999999999527347e+01 3.363569406468140954e-01 5.672341236938687192e-01
4.399999999999526779e+01 3.663405263940493484e-01 5.411096259331648062e-01
4.409999999999525500e+01 3.968438483332061839e-01 5.144788547642181742e-01
4.419999999999524221e+01 4.277199182376428821e-01 4.874662612168719211e-01
4.429999999999522942e+01 4.588206002539444439e-01 4.601977339395655897e-01
4.439999999999521663e+01 4.899972992747865241e-01 4.328000081652287889e-01
4.449999999999521094e+01 5.211016482815394868e-01 4.054000729381594947e-01
4.459999999999519815e+01 5.519861914817939530e-01 3.781245793497087226e-01
4.469999999999518536e+01 5.825050601181146481e-01 3.510992525123752817e-01
4.479999999999517968e+01 6.125146378884585019e-01 3.244483099708999618e-01
4.489999999999516689e+01 6.418742129951084952e-01 2.982938892056955504e-01
4.499999999999515410e+01 6.704466139261829882e-01 2.727554868291450219e-01
4.509999999999514131e+01 6.980988261712447462e-01 2.479494120088473197e-01
4.519999999999512852e+01 7.247025871792914797e-01 2.239882565745620058e-01
4.529999999999512283e+01 7.501349569840812803e-01 2.009803841777959010e-01
4.539999999999511004e+01 7.742788620454827964e-01 1.790294407750474825e-01
4.549999999999509726e+01 7.970236099889900228e-01 1.582338885983444465e-01
4.559999999999509157e+01 8.182653730652063029e-01 1.386865656600806962e-01
4.569999999999507878e+01 8.379076382987310501e-01 1.204742727143052194e-01
4.579999999999506599e+01 8.558616224490791513e-01 1.036773894636922877e-01
4.589999999999505320e+01 8.720466500663264231e-01 8.836952166108273665e-02
4.599999999999504041e+01 8.863904930895731837e-01 7.461718060761350635e-02
4.609999999999503473e+01 8.988296706071315922e-01 6.247949639623585905e-02
4.619999999999502194e+01 9.093097075755757208e-01 5.200796609086309752e-02
4.629999999999500915e+01 9.177853514776392885e-01 4.324623786795420144e-02
4.639999999999500346e+01 9.242207460881176617e-01 3.622993197974972573e-02
4.649999999999499067e+01 9.285895617118963274e-01 3.098649922741505622e-02
4.659999999999497788e+01 9.308750814561820297e-01 2.753511745871874139e-02
4.669999999999496509e+01 9.310702432998525513e-01 2.588662642935802768e-02
4.679999999999495230e+01 9.291776379260892060e-01 2.604350119046736425e-02
4.689999999999494662e+01 9.252094624864637407e-01 2.799986398799686124e-02
4.699999999999493383e+01 9.191874306681838691e-01 3.174153448333626171e-02
4.709999999999492104e+01 9.111426396386819171e-01 3.724611792960958595e-02
4.719999999999491536e+01 9.011153946429887318e-01 4.448313076534195221e-02
4.729999999999490257e+01 8.891549922308060738e-01 5.341416291747003164e-02
4.739999999999488978e+01 8.753194632879813808e-01 6.399307593987305087e-02
4.749999999999487699e+01 8.596752772412035171e-01 7.616623595256070967e-02
4.759999999999486420e+01 8.422970089934663784e-01 8.987278019123590145e-02
4.769999999999485851e+01 8.232669703261535910e-01 1.050449158279986306e-01
4.779999999999484572e+01 8.026748076712492130e-01 1.216082495823072457e-01
4.789999999999483293e+01 7.806170683097523044e-01 1.394821465075864464e-01
4.799999999999482725e+01 7.571967371877615927e-01 1.585801162140079434e-01
4.809999999999481446e+01 7.325227466588749570e-01 1.788102246720222055e-01
4.819999999999480167e+01 7.067094615582333317e-01 2.000755296352186852e-01
4.829999999999478888e+01 6.798761420909893438e-01 2.222745376249344040e-01
4.839999999999477609e+01 6.521463870768207105e-01 2.453016803328613438e-01
4.849999999999477041e+01 6.236475601345702335e-01 2.690478082222673151e-01
4.859999999999475762e+01 5.945102014205764229e-01 2.934006990426973882e-01
4.869999999999474483e+01 5.648674275539962153e-01 3.182455789176591998e-01
4.879999999999473914e+01 5.348543223754689269e-01 3.434656536193962384e-01
4.889999999999472635e+01 5.046073211953139293e-01 3.689426476097517060e-01
4.899999999999471356e+01 4.742635911940195070e-01 3.945573484006746345e-01
4.909999999999470077e+01 4.439604106431391251e-01 4.201901537733963576e-01
4.919999999999468798e+01 4.138345496155003689e-01 4.457216193902687196e-01
4.929999999999468230e+01 3.840216548484159942e-01 4.710330043392545463e-01
4.939999999999466951e+01 3.546556414090445419e-01 4.960068121675955122e-01
4.949999999999465672e+01 3.258680937833653424e-01 5.205273249878962227e-01
4.959999999999465103e+01 2.977876789685546810e-01 5.444811282777777262e-01
4.969999999999463824e+01 2.705395740907666768e-01 5.677576240419052178e-01
4.979999999999462545e+01 2.442449109982546551e-01 5.902495300636629860e-01
4.989999999999461266e+01 2.190202401944733868e-01 6.118533630408548030e-01
