1e-05 8.436420667421414e-06 0.00016907184642854018 
0.10001 -0.0002559454913130574 0.00015793179997695652 
0.20001 0.0004250084747442714 1.5279004164347185e-05 
0.70001 0.00010132545555228763 4.893315569313327e-05 
0.60001 -2.507784768421108e-05 6.78408699239915e-05 
0.90001 -0.00015424773098678872 3.850749677701004e-05 
0.30001 0.0001138466987372237 0.00016673316829893833 
0.80001 -2.0033006034784735e-05 0.00016763957709345137 
0.40001 3.362995448859338e-05 0.00012138577979219022 
1.00001 -0.00016708332430583203 4.829088519548525e-05 
1.30001 -3.698206977608471e-05 1.2625563108308562e-05 
1.50001 9.375169050334014e-05 2.830877247020755e-05 
1.20001 -1.6125445396434346e-05 0.00010922415538756787 
1.40001 -0.00019846916381923322 0.0002623910574235331 
0.50001 0.00012936335451708373 0.00013552151705385768 
1.10001 -0.00015744749206507766 6.495034265411414e-05 
1.70001 4.979325830845399e-06 9.085440392215879e-05 
1.60001 -0.00012010513784207414 0.0002737360993831509 
1.80001 -0.00012967093658836722 7.335380669350002e-06 
1.90001 0.00035724886948158 0.00013796262239756306 
2.00001 -0.00017452626155744288 4.480546376555358e-05 
2.10001 -0.00014341630970063146 6.558814090658814e-05 
2.30001 -2.876273437542471e-05 8.15390273658483e-07 
2.40001 -8.363695120443175e-05 6.222865217211389e-07 
2.60001 -9.10442571746605e-05 4.623373382577502e-05 
3.00001 -8.933595569874658e-05 8.560961442756441e-05 
3.10001 8.375203723642429e-05 4.91539882930995e-05 
2.20001 -3.382039854594225e-05 5.8354387969007124e-05 
2.50001 -0.0001639104528914719 0.00010657293400820446 
2.90001 -0.00016876341535176397 4.18201915019843e-05 
2.70001 -5.129204409663084e-05 0.00013987194722984473 
3.30001 0.00016838146628290936 0.00013153113043024354 
2.80001 8.42011640724462e-06 0.000184321763607116 
3.20001 -5.799891121734916e-05 3.139522104605809e-05 
3.40001 -0.00017212319275071875 0.0001546229675392393 
3.50001 -0.00023508665299081628 1.972426902652254e-06 
3.70001 1.800045922599789e-05 0.0002893060940704315 
3.60001 -0.0002391108333400024 1.389484622207619e-05 
3.80001 2.4827769896732065e-05 0.00012652421602707734 
4.20001 -0.0001222437886795169 5.731251152265531e-05 
4.00001 -0.00010388465862311674 0.00017360376282238893 
3.90001 8.98027261438125e-05 0.0001450129446783681 
4.10001 0.00011200898276576493 7.5438216583083e-05 
4.30001 -0.00012036766790464561 0.0001631212887364503 
4.40001 -1.0073961924698217e-06 0.00014185876314694052 
4.50001 -0.0002511302888114196 0.00010284597117515941 
4.60001 -0.00028387050666820043 0.0002733881612294215 
4.70001 -7.951872939484653e-05 5.8121966604528536e-05 
4.90001 -0.00011664618850892633 4.48940358579186e-05 
5.00001 0.00023708966471142024 8.012967531365117e-05 
4.80001 -7.0126265637152e-05 1.0875914246911344e-05 
5.10001 -0.00018682772171282333 0.00024345128886985712 
5.40001 -0.0002873186207810706 8.119953140725127e-05 
5.50001 -0.0006387552164239735 0.00015562876277627747 
5.20001 -0.0002887335095241907 0.00013849485667349627 
5.30001 -0.0004939574128864674 4.251850428858259e-05 
5.60001 -0.0003103631552262863 0.00013783134271896954 
5.90001 -0.0007092240401229426 0.0006025744515408429 
5.80001 -0.001041711712396148 4.287111443137463e-05 
5.70001 -0.0006274256369895058 4.400858104549872e-05 
6.10001 -0.0018946750928565755 0.000375273258419113 
6.20001 -0.0015436631989207293 0.0006419333405430648 
6.00001 -0.0015075568075960178 0.0005876524708607288 
6.60001 -0.0005842669303069753 0.00011139731785599405 
6.30001 -0.002687151302565781 0.0002114867338306951 
6.50001 -0.0016808565830731797 0.0003350884425270096 
6.40001 -0.002009371706939529 7.88914823698603e-05 
6.80001 -0.0010262217417283514 1.8146035477494015e-05 
6.90001 0.0002492408892498131 0.00045105321399991716 
6.70001 -0.0010674993026702525 0.00040837385972656995 
7.10001 -0.00018863193929361078 0.00014944969395886489 
7.00001 -0.0004122257168072034 0.0005177164667830306 
7.20001 -0.00019678655850602909 0.0004189264749564673 
7.40001 -0.00026499792157468614 0.0002641752598144542 
7.30001 -0.00019453381150651104 8.102448642886735e-05 
7.60001 -0.00046936165812448217 0.00044536587922029377 
7.70001 1.3578602753075792e-05 5.7283558535394245e-05 
7.80001 -0.0003935192756631045 0.00040572547349217825 
7.90001 -0.0002483864163539381 0.00011749812652642265 
8.10001 -0.000145614345661905 4.266296490473636e-05 
8.20001 0.00017708732678697208 1.6374250101915038e-05 
7.50001 1.0489570240775065e-05 6.647496801807871e-05 
8.00001 -3.492972956407164e-05 2.4919812506346e-06 
8.40001 -0.00031195375433310164 0.00026908576003848307 
8.60001 -0.00010246726508054074 0.0003237909831194061 
8.90001 -2.8502891595507723e-05 6.537347715125655e-05 
8.70001 -0.00012882498449727457 8.469112480306818e-05 
8.30001 -4.431159446201418e-05 0.0003744096439583143 
8.80001 -0.0001155332474974069 0.00011576050528478044 
8.50001 -0.0003619949471542405 7.210861254520115e-05 
9.10001 1.7654192881193646e-05 0.00016257821642498625 
9.00001 5.268242374549622e-05 0.00023013609307191902 
9.40001 -6.467209119095167e-05 6.469937810855064e-05 
9.30001 0.00016614981060561717 0.0002532839901637868 
10.00001 -8.873418560820592e-05 1.2273803191598967e-05 
9.90001 -0.00022727381479877847 6.277436942260247e-05 
10.10001 -8.44670652209083e-05 0.00011949375254818951 
9.60001 -0.00012690145032467245 1.1976129991642493e-05 
9.70001 0.0001347066409568101 7.512949783821814e-07 
9.20001 -0.00016731544129744845 0.00013624665783026248 
9.80001 -0.00010858867014808377 0.0001897467412740145 
9.50001 -0.00026978184541689304 6.864670126243937e-05 
10.20001 -0.00029415137382065535 0.00025378187474167267 
10.40001 -0.00010605198625150702 0.00031538069115531905 
10.60001 -7.838335070491996e-05 0.00019617092737195702 
10.50001 -0.00015504924992853554 1.313209098754612e-05 
10.70001 -9.245312366969607e-05 8.207275338266857e-05 
10.30001 4.230741060858408e-06 0.00029813499059152344 
10.80001 -0.00024633249807685687 2.5080471923694063e-05 
11.10001 -0.0002895897803397095 8.136658395841596e-05 
11.00001 4.1746836924046745e-05 9.338233597617048e-05 
11.30001 -0.00021275246451394307 5.343604111480306e-05 
11.40001 -0.00014176650004511966 2.3817051418807653e-05 
11.60001 7.237428415176296e-05 0.00013075490117013755 
11.50001 -4.342798398020125e-05 4.081848005508922e-05 
11.70001 -5.340460799108959e-05 0.00011898082527740639 
11.20001 7.000410332775063e-05 2.3694826389322723e-05 
10.90001 0.00011088362837899185 0.00015103635041103825 
12.40001 -0.00011225512834135123 8.011129160491446e-05 
11.80001 8.084647694964969e-05 0.00025729540436610293 
12.10001 7.92728016294714e-05 0.0001106676576827647 
12.00001 1.2762224889415112e-05 0.00011426913920463282 
12.30001 0.00014823518967572741 0.00037309633181429084 
12.20001 1.5768525230258607e-06 0.00022353688213988304 
11.90001 -7.153283926535764e-05 3.527339502442839e-05 
12.50001 0.00013209591487658054 0.0002366555909486916 
12.60001 -0.0001908894652587958 6.123359612922118e-06 
12.70001 1.2796639898820844e-05 6.508845917519766e-06 
12.80001 -0.00018835299642406357 0.00017421234689794795 
13.30001 -1.786818320110904e-05 0.00016539185443208658 
13.20001 -0.00014735580111425748 0.00011914910336738612 
12.90001 -0.00017553319054855666 8.494397788550947e-05 
13.00001 -6.589469223703693e-05 6.414982165549245e-06 
13.60001 4.137370852977665e-06 0.00010908732155562258 
13.10001 -0.0002565774480714221 0.00016827102864606922 
13.40001 -0.00028407352023307973 4.380451588884219e-05 
13.90001 -3.207754623134821e-05 3.6638621867324654e-05 
13.80001 -5.2430032388005836e-05 0.00032811565034268305 
14.10001 4.915929152671654e-05 2.7847204366076196e-05 
13.50001 -5.6847052410667975e-05 3.658247219562873e-05 
14.00001 2.9740265780297774e-05 3.8206979340503394e-05 
14.30001 -2.141929065139017e-05 1.6597685546752528e-06 
13.70001 9.75708776043947e-05 6.528622056384843e-05 
14.20001 -0.0005371104558888803 0.00012276889221369064 
14.40001 -8.98467276861588e-05 6.273987403674692e-05 
14.50001 0.00012835047132378046 0.0004362652719951216 
14.80001 -0.00011233306264534175 9.076669773304153e-06 
15.00001 -7.157184833170971e-06 3.224235247755342e-05 
14.90001 -0.00046162524478761 0.00013572306753850154 
15.40001 -0.00018936920837503687 0.00034350321783853247 
14.60001 -0.00022647510301041315 0.00021808376784801157 
15.10001 -0.00012640587830799955 0.00022481794070704022 
14.70001 -9.744091358445441e-05 0.00026060103253385474 
15.20001 -0.0007423501513327078 0.00015027390656885398 
15.30001 -0.0001321536646442516 0.00011476906774689062 
15.50001 -0.0011184483008004364 0.0001711847270048828 
15.60001 -0.0007193762967200295 6.634972005413231e-05 
15.90001 -0.0023451631220997257 0.00010718361075582163 
15.80001 -0.0014953141643196028 0.00045991732583285994 
15.70001 -0.0013303104518111839 0.00011353604554553405 
16.10001 -0.010928289756503048 0.0009055490010159593 
16.00001 -0.004939788276545384 0.00038197059690788784 
16.30001 -0.008113730661353036 0.0006399978310572345 
16.20001 -0.011357554198269861 0.002426838513453243 
16.70001 -0.0014312664988235348 0.00020247240474967646 
16.50001 -0.001598383448730385 0.0010778380605201547 
16.80001 -0.0005825631539831859 0.00018573834398157374 
16.40001 -0.0018268327261910398 0.00042438081521133943 
16.60001 -0.0011928284594603118 0.00018022666890087232 
17.20001 -0.00020993485221479198 0.0003441940293620717 
16.90001 -0.0006748797883146726 0.00012384010599326723 
17.40001 -0.00019317084139863896 0.00015577419022017519 
17.00001 -0.00030467691752614554 0.00020132833623314603 
17.10001 -0.00038602225507670116 9.009788804242229e-06 
17.30001 -0.0002567461732089209 2.2912083562396193e-06 
17.50001 -0.00015933048489841705 2.0468480846769284e-05 
17.60001 -0.00017464753674886112 0.0002438140288842188 
17.80001 -0.0004391170940159437 0.00023800933733239738 
17.70001 0.000144600041301334 2.985080638323925e-05 
18.30001 -0.0004102634324743676 0.0002779932269825058 
18.00001 -2.3699257530522994e-05 0.00022806605295340874 
17.90001 -8.445497008903005e-05 0.00035951513710296627 
18.10001 -0.0001131738986664522 2.925345763956789e-05 
18.20001 3.340698091169787e-05 0.00025668614478147663 
18.40001 -0.0003258821978338705 0.00010257172928871798 
18.70001 -5.863602770323837e-05 8.438971935570367e-05 
18.80001 -0.00012533616757642697 0.0001125828503196828 
18.50001 9.087563287101464e-05 0.0001501649166939568 
18.90001 0.00011589781481913421 5.175341182345554e-05 
19.20001 -8.700358605510646e-05 0.00019996157096866207 
18.60001 -0.00013409010911509577 6.158228560486577e-05 
19.10001 -2.6546932075051865e-05 9.002624022836587e-05 
19.00001 7.957081660344029e-05 0.0002478499783572206 
19.40001 0.00018733594819098066 0.0002817116736253671 
19.50001 -6.153933398456556e-05 6.400950874513026e-05 
19.30001 -8.395645636015205e-05 5.15715886264191e-05 
19.70001 -7.984617730496172e-05 8.993134441503854e-05 
19.80001 8.602263882960878e-05 4.781736919120107e-05 
20.10001 -0.00027838059319989253 1.806594676898748e-05 
19.60001 -3.910755367868232e-05 7.413684013686871e-05 
20.00001 -8.421971818916545e-05 4.116370449541418e-05 
20.30001 -0.00011984270790161232 6.171078781701086e-05 
19.90001 -9.26146448834646e-05 0.00011927171645525387 
20.20001 0.00014942873590831758 5.32728316846383e-05 
20.60001 -5.1839205261931715e-05 0.00013913587939062337 
20.40001 -0.00011276525083787596 7.279886173778216e-05 
20.70001 -3.821663091420067e-05 0.0001390798098977211 
20.50001 -0.00010615662075256554 0.00016312463316025996 
20.90001 -0.0002617276464683437 0.00018242731404024848 
20.80001 1.395526311428214e-05 3.332019019056874e-05 
21.00001 0.00022859274490805387 0.00036928186005967816 
21.10001 -6.305298817241227e-05 0.00018430816474856039 
21.30001 7.082215269036543e-05 0.00030177005902115583 
21.20001 -1.2899767385460494e-05 8.202678679821725e-05 
21.40001 -4.536856850911376e-05 0.00011303913968813316 
21.60001 4.1918738940183755e-07 6.060257301929096e-05 
21.50001 -0.0002384988242819408 4.6459273363778266e-05 
21.90001 4.974158098772146e-05 2.351903606130589e-06 
21.80001 0.0002193018590406841 1.289110971814556e-05 
22.30001 -0.000185695097703813 2.004287188470214e-05 
22.40001 3.827027722478851e-05 0.0001370337241075866 
22.50001 -7.00537704093218e-05 1.1879002968662574e-05 
21.70001 0.00017834809258655848 3.8969302417731644e-05 
22.20001 4.377983048526842e-05 3.7733466657278384e-05 
22.10001 -0.0003264049164158962 0.00032145049775906404 
22.00001 -4.403416670569383e-05 5.65338153881909e-05 
22.60001 0.0001016888469314665 0.0001548737844833104 
22.80001 -0.00010706716948148974 4.139899765996997e-05 
22.70001 -7.772991582564057e-05 0.00017298707243617264 
22.90001 -0.000349679499137616 7.187081466795931e-05 
23.00001 3.0435845614759593e-05 1.1066785984847753e-05 
23.10001 2.470173522136893e-05 8.127093616088961e-05 
23.20001 -3.555401085086817e-05 0.00020640293183676883 
23.30001 -6.103062532280503e-05 3.518503246775353e-06 
23.40001 6.525759058030555e-06 4.4100024484663525e-05 
23.50001 0.00013829152752160295 4.452492368666017e-05 
23.60001 0.00015540723848804502 7.132484111924282e-05 
23.90001 0.00010138884430981907 0.0001225871097828187 
23.70001 -0.00018238548862395051 7.09398562351672e-05 
23.80001 -0.00019243882000075934 3.6384483447525755e-05 
24.10001 -4.088260257973449e-05 9.386343977851088e-05 
24.20001 -4.815864560112772e-05 0.00011035926632748001 
24.40001 -3.3793590899724645e-05 4.455381376156726e-05 
24.50001 9.744551564903481e-05 3.0277812973294595e-05 
24.30001 9.628788399012159e-05 0.00013400774935777226 
24.90001 7.417242624411763e-05 1.3748736107510824e-05 
24.00001 0.00015880919766150196 0.0002510907721146269 
24.60001 -4.396293629119213e-05 0.00032295710503221846 
25.10001 -7.463658030453868e-05 3.6025247614714555e-05 
25.00001 -8.056636755320451e-05 0.0001056936761162433 
24.80001 -0.0001851304739141952 9.331307102998645e-05 
24.70001 -0.0002811629603871334 0.00012829849892394412 
25.20001 -1.547056485391887e-05 7.719143478270008e-06 
25.40001 8.199294650364125e-05 0.00021779909751086293 
25.50001 -0.00020110098585698438 0.0003331928835093952 
25.60001 0.00015932081898199424 8.633690029086007e-05 
25.80001 -9.889871415051389e-05 3.193468560350907e-05 
25.30001 -9.372302645300709e-05 0.00013454212341130372 
25.70001 0.0002224175909453418 3.1530573582852796e-05 
25.90001 1.2703466613202751e-06 3.200407113270934e-05 
26.00001 6.937146766595816e-06 9.767311019661328e-05 
26.10001 9.358821285709833e-05 3.4786305710025615e-05 
26.30001 7.611164914963017e-05 0.0001539684655470052 
26.60001 -0.00011741015238126872 0.00032769792733679156 
26.70001 3.556776973884957e-05 4.867462307148447e-05 
26.50001 0.00013467453373989304 0.0003474782371927908 
26.80001 -0.00025497839955252957 0.0003498679115001932 
26.40001 -8.766365613759107e-06 0.00032757120145251133 
26.20001 -0.00011458387585705 4.744351596515427e-05 
27.00001 -4.753887349893929e-05 0.00011890761502728595 
26.90001 0.0001187094099157085 6.334776680564097e-05 
27.10001 -0.00013991857836660133 0.00010302840858067995 
27.20001 -0.0001230490791014333 2.8962072395282773e-05 
27.50001 0.00020328700909558986 0.0001626667877353964 
27.30001 -0.0002551572617138277 0.000107979740294987 
27.60001 5.36651094094647e-05 0.00013080528005014234 
27.70001 2.8725250743994117e-05 2.3598271386328368e-05 
27.40001 -2.3732653229592267e-06 2.4243450395296625e-05 
28.00001 0.00026922553785655817 0.0003265921869577086 
27.90001 0.00017943479522331964 0.00013395236594259573 
28.10001 8.848654475903952e-05 5.0738727728529456e-05 
27.80001 6.221795789328156e-05 4.999183507673977e-05 
28.20001 5.116148082163573e-05 0.0002395824339469293 
28.40001 0.00018821211024790254 8.998352033155124e-05 
28.30001 -1.9813690265690023e-05 3.611347792888852e-05 
28.50001 0.0001762859786483208 0.00010226963917802368 
28.70001 8.437928980519738e-05 1.1427960633775235e-05 
28.60001 -6.719086417115461e-06 1.544584395064775e-07 
28.90001 -1.148599231260908e-05 0.00017115677830523322 
29.60001 -0.00015630321389180848 0.0001366925923090517 
29.50001 0.00013201765012165576 7.651577366475065e-05 
28.80001 -0.00014762785308026122 1.946856402845915e-05 
29.20001 -0.0001306900021283063 5.270213020229851e-05 
29.00001 -0.00019929060074027688 6.634095747345324e-05 
29.10001 -0.00034148485331000634 0.0002272992877893881 
29.70001 -8.049513438993823e-05 2.1417889435720287e-05 
29.40001 -9.275900978389412e-05 8.141235394514046e-05 
29.30001 7.969643607685054e-05 0.00016489210443810506 
29.80001 -0.00015721345405918843 0.00018418911478093613 
29.90001 -0.00028852527571611745 0.00011023659033017113 
30.10001 0.00013161209337220434 0.00023039202630221884 
30.20001 9.236459913159394e-05 0.0001530767600958453 
30.00001 -6.051622019259681e-06 0.00017545647833762856 
30.40001 -4.8838063625980524e-05 4.3475202827692324e-05 
30.60001 5.047810076619656e-05 0.00022891609527316811 
30.70001 -0.0002242585778006468 0.00030349710239111394 
30.30001 -2.460020162523323e-05 4.208511569788495e-05 
30.50001 3.65963242277066e-08 0.00032226144287526246 
30.80001 -2.0763939982836763e-05 4.835042085723343e-05 
31.00001 5.679928458393317e-05 3.345882934096097e-05 
30.90001 0.00015387967348090973 0.0003027812979117491 
31.20001 3.570507780648782e-05 3.634751682846444e-05 
31.30001 -6.993607453525258e-06 0.00033366447762008596 
31.60001 -7.804793991107058e-05 0.00013534651967504828 
31.40001 -0.00016988875655477562 2.801466790776701e-05 
31.50001 -4.709000371826786e-05 2.7849105578296557e-05 
31.10001 -0.00021349830796058762 4.1556469230015676e-06 
32.00001 0.00021358365011295717 0.0003897681647845489 
31.90001 0.00030323825152956643 5.7951051561915695e-06 
31.70001 -0.0001882938747310256 6.464592582185489e-05 
31.80001 0.0003266553928937281 0.00018463720018631718 
32.20001 4.0535571994821825e-05 3.842623367590868e-05 
32.30001 0.00020631375823414758 0.00010311242250359312 
32.10001 3.2149246175853255e-05 6.862084258709317e-06 
32.40001 -0.0001454289564854699 7.26624257820215e-05 
32.60001 9.897374625047548e-06 2.6774555492393374e-05 
32.50001 0.0002499256206259065 7.073287025666807e-05 
32.70001 7.332084992062937e-05 0.00020838138626942318 
33.20001 6.916885650880064e-05 0.0001243034194063266 
32.90001 0.00013312290541889676 0.00029480533727362394 
33.10001 0.0002289834537704203 0.00023441827167266612 
32.80001 -0.0001893311033781892 6.985411213304552e-05 
33.00001 0.0002574757772613068 2.8908642875166596e-05 
34.00001 -8.205385793231793e-05 5.760513787700972e-05 
33.30001 4.130821020868765e-05 9.815357934718517e-05 
33.50001 -0.00017773891399664032 8.144187526050971e-07 
33.40001 4.035004166497882e-05 7.810620459635822e-05 
33.90001 -6.358246923259366e-05 0.00024827766549873195 
34.10001 9.673689134042526e-05 0.00022084356573453924 
33.70001 -0.00011645121674715362 8.656072017584581e-05 
33.60001 -5.1103382279639396e-05 7.882664540216489e-05 
33.80001 -6.767724121934438e-05 6.798505402158016e-05 
34.50001 -0.0002912101255294773 3.0165264899801198e-05 
34.80001 3.5710734650363284e-05 1.2220148845420166e-05 
34.30001 -0.0002475932412287213 6.840229518346206e-05 
34.70001 -0.000239249782661998 0.00016296435711343074 
34.90001 -0.00019946471464526487 0.00016188595875094562 
34.60001 -1.652417129261252e-05 0.00011519908163606728 
34.40001 -4.85467244792538e-05 0.00021072941567651287 
35.10001 -0.00012784336439804008 0.00011958646507840387 
34.20001 0.0001560611599096686 0.00013702499380157843 
35.00001 3.907927507344709e-05 4.436850734891419e-05 
35.20001 -2.5693205101086803e-05 0.000178519169451811 
35.40001 -0.00017397063135511485 3.1946370549072866e-05 
35.50001 -9.271201014830429e-05 9.097400653786934e-05 
35.30001 0.00015933825426970696 0.00010393632509126642 
35.60001 7.856077044859517e-05 3.0874019388798234e-05 
35.80001 0.0001670118487858103 0.00014898957468748362 
35.70001 -6.0832286182141654e-05 1.5366433745521594e-05 
35.90001 0.00021095225149996984 0.00014626721134257492 
36.00001 -4.6563960668097624e-05 4.678426600497134e-06 
36.30001 -0.0001072950295929227 0.00016438087543269438 
36.20001 8.219711337289283e-05 0.00011475518028733364 
36.10001 0.000188264610644599 3.5111422843991304e-05 
36.70001 0.0001315038201237882 0.00020937993870368118 
36.40001 -0.00015325884669554313 2.3862733737470206e-06 
36.50001 3.677611495971906e-05 2.3390100734762323e-05 
36.90001 -5.847715292255637e-05 1.3125323071916781e-05 
37.10001 0.00010518734301807314 0.000200181364645563 
37.20001 0.00032063992460522914 0.00042948148957858536 
37.00001 -7.933922646160805e-05 2.1569088636898883e-05 
37.30001 3.992516670205546e-05 0.00017038134226632975 
36.60001 -2.0792880035931453e-05 1.5579268125465946e-05 
37.40001 -0.00040060476920108064 0.00028761638863142785 
36.80001 7.268800857590947e-05 3.3425046473076905e-05 
37.50001 -0.00013872724300722933 9.648394833729569e-05 
37.60001 -5.662296908936732e-05 1.747963391928967e-05 
37.70001 -0.0002130629891795463 2.9112383130636905e-05 
37.80001 -0.00016468687157364132 0.00020674757229479697 
38.00001 0.0002110968576019456 8.22222951372006e-05 
38.10001 -0.0001574406636095046 8.492451102960716e-05 
37.90001 -1.996613052994702e-05 5.70859980954058e-05 
38.20001 6.058051290346047e-05 3.233842947376208e-05 
38.60001 -0.0002792544287073308 9.463045292314523e-06 
38.50001 5.324748444698043e-05 0.00019976497813691896 
38.30001 0.00020373584063934866 0.000254839903108915 
38.40001 -9.236279206193426e-05 6.0508294913035044e-05 
38.70001 -3.9615755776128766e-05 0.00017131504505341842 
38.80001 0.00010662122022663648 2.97474083437694e-06 
38.90001 0.00018400747472790388 0.0002489559566002501 
39.10001 -0.00010246832113173084 6.939853507641308e-05 
39.30001 -0.0001688088824275195 0.00018704157941591153 
39.40001 -0.0001784171773957853 0.00014271949721490686 
39.00001 8.426973224881279e-05 7.474600475823227e-05 
39.20001 0.00029342591265837817 7.625423103545793e-05 
39.50001 0.0001651034359383765 0.00016227594324409324 
39.70001 2.866887183534636e-05 4.272771934873773e-05 
39.60001 0.0001327696560993195 0.0002187470857499549 
39.80001 1.7523072817693744e-05 9.888076846158224e-05 
39.90001 -0.00021602542192237015 1.615473809763803e-05 
