1e-05 -0.0011916934544869459 0.0006346963160988661 
0.10001 0.00027193428173581354 0.00022099603025340045 
0.20001 -0.0009826168528190833 6.159586302213928e-05 
0.70001 0.0020395714206801275 0.001775611695923759 
0.60001 0.0001994157769030181 0.001040095701700898 
0.90001 0.0004480892186149622 0.0017941911710024462 
0.30001 -0.0006499165320446891 0.0011460011520411828 
0.80001 -0.0011943739968555177 0.0008728750490127912 
0.40001 0.0009490160356776306 0.0008514126374238537 
1.00001 -0.0001154670647491283 0.0005687468663287202 
1.30001 0.00018890122122476892 0.00027067956157672573 
1.50001 -5.7427995065795554e-05 0.00020970979529592233 
1.20001 0.0009242922881494921 0.000194286723640386 
1.40001 -0.0003641271291633582 0.0015545916732721586 
0.50001 0.0012026023688728482 0.0011407964838218896 
1.10001 0.0004051558905646533 0.0014049577296280772 
1.70001 -0.002178037843799494 0.0006847671661033124 
1.60001 -0.00024101819792290914 0.002367215919980476 
1.80001 3.939614540805565e-05 0.0001602273865184235 
1.90001 0.0006405245371043898 0.0002882159111077755 
2.00001 -0.0012668773809219184 0.0006243424450482489 
2.10001 -0.0010668774750564442 0.0023538501480889484 
2.30001 -0.00020749685399541572 0.0004890778638807442 
2.40001 -0.0002403902020824487 0.002440020466677399 
2.60001 -0.0011237733558121462 0.0011303488145561686 
3.00001 -0.0013679065559658039 0.0012314125558792984 
3.10001 -0.0002904572880535059 0.0001525562979689746 
2.20001 5.855480524772619e-05 0.0015845174003976722 
2.50001 -0.0019709831287403547 0.001188920624266481 
2.90001 -0.0003898923595059355 0.0015273696783965544 
2.70001 -0.0017306360157117464 0.000718171700604391 
3.30001 0.0016059952800256548 0.0011256465741571729 
2.80001 0.00215174551807578 0.0015497465737434619 
3.20001 -0.0037719342939489765 0.0011150486130700977 
3.40001 -0.00034189281835259717 0.0007757629165098712 
3.50001 -0.0017375131146190835 0.001434243259237414 
3.70001 0.00030944275242492195 0.0003677594270525938 
3.60001 0.0022411460716077365 0.0002830357714064826 
3.80001 0.0004535038570374334 0.0008000010948446623 
4.20001 0.0007465003552038609 0.0003144488200181184 
4.00001 -0.00120624004650149 0.0018689931982880164 
3.90001 0.0014215628345209336 8.458976774579211e-05 
4.10001 -0.001188716688179899 0.0004953373672164805 
4.30001 0.001715396064151497 0.001692923946920619 
4.40001 -0.0017556443246753341 0.00029537832193459455 
4.50001 0.0005321179946008925 0.0010188919039919814 
4.60001 -0.001993480123280078 0.003933296076761737 
4.70001 0.0008551959012477607 0.0010761997723219927 
4.90001 -0.0022320367262229465 3.344422046718627e-05 
5.00001 0.0005136423203926279 0.0017073216148670107 
4.80001 0.00042131382060006114 0.0007303794791097991 
5.10001 -0.0025289421666538177 0.0016783959190848586 
5.40001 0.0010863885641388083 0.0029443879261376567 
5.50001 -0.002341639125528368 0.000599174712150565 
5.20001 -0.001085979572622136 0.0013372536265109862 
5.30001 -0.0004446639065891375 0.000547093631568625 
5.60001 -0.0016848218478178177 0.0004370125289150855 
5.90001 -0.00483384753815921 0.0010304168519766075 
5.80001 -0.0012420625084140027 0.0006942933128475418 
5.70001 -0.0008055368051439275 0.001914423784079578 
6.10001 0.001200384960594466 0.0025798389955409115 
6.20001 -0.005519476977256783 0.0012763328024502428 
6.00001 -0.0012467862254120616 0.0015990410849125608 
6.60001 -0.00036374156564841407 0.0004890391698577327 
6.30001 -0.001605891310083134 0.0006863808396771358 
6.50001 -0.001787660379509603 0.0004793118188722604 
6.40001 -0.004805892950008261 0.00042871786969227686 
6.80001 0.001678844721040962 0.0001947216245201857 
6.90001 -0.0002754944996568283 0.001819981495105627 
6.70001 -0.0017511170857181565 0.0019839444853430093 
7.10001 -0.0011217256590781593 0.0016910123207605537 
7.00001 0.0005604785047971352 0.0023991173142840095 
7.20001 0.00043744986134017065 0.0007108681647066706 
7.40001 0.002580006594526692 0.004219901452959185 
7.30001 0.0008449145880541389 0.002078550517751195 
7.60001 0.001952408341151431 8.801026958444539e-05 
7.70001 -0.0006004134452758355 0.0018543538733315898 
7.80001 -0.000769469268391775 0.0004787277749439521 
7.90001 0.0009592706248231298 5.6135017054264e-05 
8.10001 0.00012317206295869127 0.0011037247182138273 
8.20001 -0.0014989769059155075 0.0008691353757078439 
7.50001 -0.0031853076571126105 0.0036154609837224477 
8.00001 0.004372641374826104 0.00308458944295854 
8.40001 -0.0028870677423678106 0.00480427767301991 
8.60001 0.000899561926986237 0.0004953353544821314 
8.90001 -0.001635220505992106 0.003003247765428723 
8.70001 -3.38268489681436e-05 0.0008804178307619493 
8.30001 -0.002160648038247641 0.00041405003081613036 
8.80001 0.0006286944788581856 0.0006615657522919006 
8.50001 5.069951571034122e-05 0.00018523078417244658 
9.10001 0.0019926211391688375 1.3367546327808753e-05 
9.00001 0.00016681404024148304 0.002409685170164766 
9.40001 0.0001737816555961389 0.00038766311226735113 
9.30001 -0.0009364013639316343 0.0005970330365639595 
10.00001 0.0006838577890369117 0.00029004432627462206 
9.90001 -0.0011219921223837642 0.00034727289386203667 
10.10001 -0.00044538891646898345 0.00011803709416812526 
9.60001 -0.00018217820436814075 0.001128541592569267 
9.70001 -0.002474043922395321 0.0001951869535729274 
9.20001 0.0015907288333892608 0.00018698647829187918 
9.80001 -0.0005461362938829256 0.0012397105126794338 
9.50001 -0.0011481829482486918 0.0001049561587898192 
10.20001 -0.0013720850417796478 0.000672462236099345 
10.40001 -0.002522764066307195 2.1082159007225314e-05 
10.60001 0.0006006924413922533 0.0003696080657725297 
10.50001 0.003139990799890988 0.00024100324507001923 
10.70001 -0.0035827118244635913 0.0018624065679271324 
10.30001 -7.399401669658554e-06 0.0003419422472409284 
10.80001 -0.0013271046670164902 0.0012947734435732705 
11.10001 0.0005851120240137798 0.0007521667500442365 
11.00001 0.0015341245461069277 0.0005047007858280871 
11.30001 -0.0014173261751223272 0.0003061310211519496 
11.40001 0.0006065611632555599 0.000710934276850418 
11.60001 0.0012150674085435803 0.0001988338721235131 
11.50001 -0.00013974682460727114 0.00109565474718278 
11.70001 -0.0012975283687573815 0.0018667260537850968 
11.20001 -0.0009460906480802119 0.0011652550601294759 
10.90001 -0.0012284733200865058 0.00031331207189190345 
12.40001 -0.0009025101861136279 0.000987624178281042 
11.80001 -0.0005658953844224894 0.00032607868079134305 
12.10001 -0.00032354408180096644 0.0013798159337415844 
12.00001 -1.4949304697044771e-05 0.0005894448742433721 
12.30001 0.0002962802302349672 0.0003410339273429665 
12.20001 -0.00035010248394712345 0.0009408278564933183 
11.90001 -0.0027697785219355435 0.00019676025790316349 
12.50001 -0.0005019471992887691 0.0026912618723196834 
12.60001 -0.0010764712027046264 0.0012764593435824019 
12.70001 -0.0006050566092706672 0.0002536189550583517 
12.80001 -0.0018677129337873724 0.0023131582294082954 
13.30001 -0.000386110694425034 0.0004925544441082791 
13.20001 -0.0005771882209514724 0.00023968176786257317 
12.90001 -0.0031048763168363552 0.001400303824326373 
13.00001 -0.001047290770848073 3.6836232842593674e-06 
13.60001 -0.0012375607572936392 1.6334314567967062e-05 
13.10001 0.0009494372542812923 0.0011798225027245127 
13.40001 -0.0016157928311521278 0.0005933593970760093 
13.90001 0.003217164766345107 0.0029675153459931816 
13.80001 -0.00033307024862465665 0.00035382607668560406 
14.10001 -0.0010392901340140794 0.0003238709957744499 
13.50001 0.0005880307017648962 0.0007050053609485575 
14.00001 0.0001598814187540924 9.998460889891623e-05 
14.30001 -0.00039555502570315024 0.0007715610274248708 
13.70001 -0.0005011048839969173 0.002161707188423442 
14.20001 -0.0002145428593214693 0.00312192744375368 
14.40001 -0.000869980783877053 1.4585149794767854e-05 
14.50001 -0.003318874839938689 0.0033545946927261475 
14.80001 -0.002223996315455025 0.0015019076406168675 
15.00001 0.0024413452935438873 0.0015791022964933192 
14.90001 0.0031011487788675783 0.004431578979165773 
15.40001 1.678106043336361e-05 0.0016912408459573375 
14.60001 -0.001591979991714845 0.00028470602833717453 
15.10001 0.0002912018345415066 0.0006019606845486941 
14.70001 -0.0013792895333859102 0.0001711413523038021 
15.20001 -0.002671331391025532 0.00012149150336494743 
15.30001 -0.0003305370358598922 5.846823074981834e-05 
15.50001 -0.0011872477924485798 0.0007392363016330279 
15.60001 -0.0006282794001642698 0.002691698540977859 
15.90001 -0.0015117001867183907 0.0038570644483447813 
15.80001 -0.002695736871440776 0.0017171480959862174 
15.70001 -0.00487447416649399 0.0017226158189758724 
16.10001 -0.010685922634729773 0.0007690088718552302 
16.00001 -0.0027942925646564417 0.0019215072090646758 
16.30001 -0.008992940389036204 0.001108009752414263 
16.20001 -0.013139415906983887 0.0017296585035484063 
16.70001 -0.0018301314359366987 0.002383704472325986 
16.50001 -0.0016047477051453277 0.0003090773524685007 
16.80001 -0.00040378556156719795 0.0014075025766189587 
16.40001 -0.00313857793743038 0.0007440330417301511 
16.60001 -0.0027519734871233976 0.0005633568209224536 
17.20001 0.002866589025208536 0.0007249881523976201 
16.90001 -0.0018066955858858987 0.0020383030847761904 
17.40001 -0.0017514870835078967 0.0006422741523949021 
17.00001 0.0018795700951987006 0.002130692253842145 
17.10001 0.0008631068743838628 0.0005333146421953236 
17.30001 0.0024103898047056938 0.002317874481276664 
17.50001 -0.0014783471364068121 0.002054155218815434 
17.60001 0.00017372751635252008 0.0010060332627057952 
17.80001 5.112640162989847e-05 0.005064774023162506 
17.70001 -0.000943453915911771 6.175757087389916e-05 
18.30001 0.0013866890119804054 0.0028014572268888214 
18.00001 0.0026322111672503696 0.00017971013805324486 
17.90001 -0.0022364273036807212 0.0029524752835724246 
18.10001 -0.002453111893939585 0.001431293448616369 
18.20001 0.0009395264220110485 0.0007505435605545812 
18.40001 0.0004724268426246474 0.0007508552662728583 
18.70001 0.0003929489937185741 0.0010621123367408438 
18.80001 -0.00015112864323382812 0.00497202162395477 
18.50001 -0.0002598545648647949 0.0005127650709662654 
18.90001 -0.0029459769991355272 0.00043686857583329574 
19.20001 -0.0009938567288254913 0.0009234131817431228 
18.60001 -0.0011175067606478295 0.0005525991782084759 
19.10001 -0.001506655212163456 0.0038051432172691 
19.00001 0.0005419740611003979 0.00022966551540785178 
19.40001 -0.0005533200199007686 0.001996429110898986 
19.50001 0.0011143019894473032 0.0016573151192054018 
19.30001 -0.001328642876593544 0.00013077262710856595 
19.70001 -0.001074738598848521 3.685302847633706e-05 
19.80001 0.0019073081750787103 0.0005750832730377971 
20.10001 0.002091311393787745 0.00035386575628794663 
19.60001 -0.0009119427957688469 0.001295645157463035 
20.00001 0.002050062793362387 3.23481986819888e-05 
20.30001 -0.001047704116145348 0.0012404873462449509 
19.90001 -0.00029419480745518557 0.00021485660953023334 
20.20001 -0.0008077489914954671 0.0020824292868203277 
20.60001 0.0016508775267217622 0.0037233659004247462 
20.40001 0.0015730697680247324 0.00046332752595543733 
20.70001 -0.0008585995227925096 0.0014227004550453016 
20.50001 -0.0026302688469242736 0.0003538290473843232 
20.90001 -0.0009059221326974845 0.001002136198095949 
20.80001 -0.0008688534064253168 0.0018584379891401015 
21.00001 -0.000606155199852537 0.0003568390120354553 
21.10001 0.0019478117043317568 8.979568844538289e-05 
21.30001 0.0011396961930123784 0.0005724246225056878 
21.20001 0.0009010874072171902 0.0013516442838851965 
21.40001 -0.0013951917038803588 0.0010071248672409623 
21.60001 -9.45957358575324e-05 0.0007183619606836989 
21.50001 0.002922938564498706 0.0024587601933495373 
21.90001 0.00101983974029313 0.0015163465457034505 
21.80001 -0.0005810667471153627 0.00018707465651740502 
22.30001 0.0019283409770037645 0.0019335067618633202 
22.40001 0.0020195784258235775 0.0004194766854152533 
22.50001 0.001872770690368107 0.0016501484678609925 
21.70001 -0.002420079854321899 0.001601150371288034 
22.20001 8.20718501547055e-05 0.0018596372454763393 
22.10001 -0.0005095839429410771 0.0007226820275684191 
22.00001 0.00043795215975238425 0.0005941352350842747 
22.60001 -0.000555843242863404 0.0007144989210748098 
22.80001 -1.6097769372205503e-05 0.0006301411786112556 
22.70001 4.3578770060555315e-06 0.001508948360174062 
22.90001 -0.0014461886968457885 2.9063873631737444e-05 
23.00001 0.0022303593988799294 0.001653172284998923 
23.10001 -0.00030552071409470946 0.0009760252104965205 
23.20001 -0.0007814307592848232 0.001103845142383351 
23.30001 -7.311941043607246e-05 0.0008975073215524994 
23.40001 0.0014009581764099636 0.0017586183354459997 
23.50001 -0.000768891252108338 0.0033380613602797863 
23.60001 -0.0030967188686399283 0.0014728497786102737 
23.90001 0.0023122635787458557 0.00010171316912869783 
23.70001 -0.000974368683810337 0.0027378723366617915 
23.80001 0.0006146808702680182 0.0011053850767823556 
24.10001 -0.00041221367263633815 0.00014248355926908644 
24.20001 -0.001979985545771508 0.000555774524046522 
24.40001 0.002554526165748204 0.00015605081772472216 
24.50001 0.00022443756232078674 9.108229961414088e-05 
24.30001 -0.0012373959201495296 0.00218105408611723 
24.90001 0.00041948846196624784 0.00045556596447871776 
24.00001 0.0008375204421548934 0.0002946948207259861 
24.60001 0.0009451666664958835 5.903175822324463e-05 
25.10001 0.0004573132161088436 0.0010858985545654258 
25.00001 0.0008006034345082888 0.0007026727854761864 
24.80001 0.0017413980860769354 0.00036862557284919226 
24.70001 -0.00013505109377867926 0.00014404125203137724 
25.20001 -0.0010776765958689417 0.0016443074110762733 
25.40001 0.00011478793913734567 0.0003607005528825855 
25.50001 0.0007530756249093818 0.0010532062944566798 
25.60001 4.034076423723495e-05 0.002415603903730013 
25.80001 -6.68428139938982e-05 0.000372126506304282 
25.30001 -0.0006574425694890434 0.0012466660714067494 
25.70001 -0.003972044985717013 0.0006353082203627502 
25.90001 -0.000572740356045815 0.0003712215415737718 
26.00001 0.0015581319285575517 0.0008498826312081356 
26.10001 0.0015499313415432672 4.034957222257788e-05 
26.30001 -0.000992646804015499 0.0014584117105508523 
26.60001 0.00141839988367768 0.0002779596521354493 
26.70001 -8.636923874974544e-05 0.0014530813201251087 
26.50001 -0.0011717238308339574 0.001264927685004438 
26.80001 0.0009773630985315735 4.954182844727514e-05 
26.40001 -0.0008997060082932349 0.0032861104790026336 
26.20001 0.0012236884099971986 0.000354706187388477 
27.00001 -0.002218753813371334 3.963265980849772e-05 
26.90001 -0.0010190084700028603 0.002272305376123245 
27.10001 -0.001961173514711269 0.00117311829746284 
27.20001 -0.0011029522831806375 0.0004893865384172099 
27.50001 -0.0007686382753447566 0.0004695764182370479 
27.30001 0.001277420391192952 0.0013048628045128463 
27.60001 0.0005264940586280775 0.00036942475588362135 
27.70001 -0.0006153389137494056 0.00034021341452222456 
27.40001 -0.00027801090332480274 0.0015223907579733106 
28.00001 0.0005845765799570737 7.148569780730086e-05 
27.90001 0.002370595966075728 0.0003513428036352709 
28.10001 -0.000326965023983344 0.0015649957873677223 
27.80001 -0.0010522853532925526 0.0005522371838032841 
28.20001 -0.0001891849695389281 0.0008327370795330308 
28.40001 0.001056575071565051 0.0005002383188530934 
28.30001 -0.0014518804150092512 0.0012242272422271826 
28.50001 0.00011994172146770205 0.0005033252850977961 
28.70001 -0.0008395284493937547 0.0009379957406940774 
28.60001 0.0009247609676706482 0.002291986841146352 
28.90001 -0.0018926085618667342 0.0010030314978159973 
29.60001 -0.0009440533110009765 6.337753644938777e-05 
29.50001 -0.0014509576043358293 7.653604356805562e-05 
28.80001 -0.0003433214503441647 0.0021569302301313866 
29.20001 -2.7491001658680773e-05 0.0002052828417039365 
29.00001 0.0011857136942239016 0.0012177390786636017 
29.10001 0.001778425713418972 0.00034010644531458627 
29.70001 -0.0004237272651421504 0.0007948767291590271 
29.40001 0.0008942922813454594 0.00046756360990481144 
29.30001 -0.0003829712871702032 0.00030489549788695645 
29.80001 -0.0019256691407727078 0.0011873531945144292 
29.90001 -0.00044839940481393843 8.534877612321811e-05 
30.10001 -0.0028004754604045584 0.00034576602415278715 
30.20001 0.000882206649978078 0.0001466347606104014 
30.00001 -0.0011349217947580733 0.0012537561246870493 
30.40001 -0.0036153004974843234 0.001820094754753749 
30.60001 0.002232484081785764 0.0028571065306552644 
30.70001 -0.0006179023925711453 0.0014529758800448079 
30.30001 0.0017404034500657012 0.0019606414564935833 
30.50001 0.0017586202541979693 0.0031020532129570197 
30.80001 0.002711658714425764 0.0024097912556277352 
31.00001 0.0019070675322211696 0.00032391582173891533 
30.90001 0.0007019202753122036 0.0012983260184411035 
31.20001 0.00029004479064368956 0.00025979753037260725 
31.30001 0.001961011721720907 0.0016788205759478826 
31.60001 0.0009299898301499072 0.0011046466802608719 
31.40001 0.0008588596182312936 0.0004941534239385218 
31.50001 -9.321710436208691e-05 0.00043580625025543883 
31.10001 0.0008634590766660511 6.475657041241225e-05 
32.00001 0.0007215127433437868 0.0011191142550462522 
31.90001 -0.0007920126426057196 0.0002796840784359969 
31.70001 -0.00013330786839278128 0.0009291189263472765 
31.80001 -0.0008856463631230903 0.00024519713203489376 
32.20001 0.0038704621670384125 0.0033523376468085923 
32.30001 -0.0009712409555097514 0.0014341205097702994 
32.10001 0.0002888502070600234 0.000666458533629131 
32.40001 -0.00024675921161267 0.001089953774611899 
32.60001 -0.0024732311771598144 2.038480827586467e-05 
32.50001 0.0011954287052721088 0.00020024560078852325 
32.70001 -7.025700231943729e-05 0.001957358497893857 
33.20001 0.0007501177521536169 0.0008246706929479295 
32.90001 -0.0007761338398213004 0.0004859335516612533 
33.10001 -0.0015458138087252567 0.001547952677142284 
32.80001 0.0020518690263600903 0.002340810742831424 
33.00001 -0.0013202004575014672 0.00034504043931114276 
34.00001 0.002091455879265765 0.0015540444380574409 
33.30001 0.000980742857886496 0.001287201495641275 
33.50001 0.00042696768195437415 0.0017503463870818883 
33.40001 -0.000591122743647567 0.0001706587442113634 
33.90001 0.0004358055511284842 0.0004355415383840535 
34.10001 0.0014951299008004355 0.0006647106685422522 
33.70001 0.00350600993081834 0.0011156084526305103 
33.60001 0.0010328488552340054 0.0020459005535165753 
33.80001 -0.0003259756385598706 0.0018719233958673393 
34.50001 -0.0018547277360124285 0.00017283872055875223 
34.80001 -0.001514841862097882 0.0009065855997458532 
34.30001 -0.0028448323831580854 0.0006395413473852659 
34.70001 0.0036281355027615245 0.0019367229363894773 
34.90001 -0.0012518224323452604 0.0008096135628165428 
34.60001 -0.0019520534887630275 0.0023164180534484507 
34.40001 0.00048233843745866436 0.001847436284646886 
35.10001 -0.0005046680254699718 0.0007457619383792714 
34.20001 -0.0020117432066264064 0.0005293750871156207 
35.00001 0.0006133757281290266 0.0007998338446297534 
35.20001 0.00036948016935769133 0.0012704221242065454 
35.40001 0.0009892286459739661 0.001111596727852114 
35.50001 -0.00293421518027475 0.0011458597269689023 
35.30001 -0.0004138784716463382 0.0011163345829900595 
35.60001 -0.0005003785104565154 0.0007421380536465704 
35.80001 8.255795923066429e-06 7.939471190844256e-05 
35.70001 -0.001636609511595678 0.0006378925641863626 
35.90001 -0.0009839977712537379 1.633374599638006e-05 
36.00001 -0.0018159498627174867 0.001753922056267405 
36.30001 0.00016526663630959926 0.002255580211678654 
36.20001 -0.001185079444104811 7.968607147395559e-05 
36.10001 -0.0009168127412587223 0.00018151742732161962 
36.70001 -0.0002056724646263425 0.0002637735841598273 
36.40001 -7.067560281634155e-05 0.00034749294176895365 
36.50001 0.0005658489511369666 0.0006057035352436395 
36.90001 0.0006679656005547614 0.0014569049440989385 
37.10001 -0.0014148545732482645 0.0011054590425442871 
37.20001 -8.863268964759842e-05 0.0013006134631949246 
37.00001 0.00011234515957633784 0.0023034282264032466 
37.30001 0.003726283444219124 0.0020981631327315416 
36.60001 -0.0003929915206881446 0.0003710013223869276 
37.40001 -0.0007681009405511665 0.0033361841798533977 
36.80001 0.0017299071387713125 0.00043482077227154797 
37.50001 -0.0007967362914853484 0.0016568890639983675 
37.60001 -0.00012488037153291748 6.564888451180163e-05 
37.70001 0.0017507018833846197 0.0006134532134011336 
37.80001 -0.0008835948433437793 0.0011683669932894562 
38.00001 0.0004897922224329842 0.002185423263475743 
38.10001 -0.0006353636878375563 0.00025039777316385924 
37.90001 0.0002996677217018917 0.00018843051861017554 
38.20001 -0.0014863393242500135 0.0020391489114356433 
38.60001 -0.0003438399266642466 0.0004947811075829193 
38.50001 -5.62463257293907e-05 0.0005807099084587169 
38.30001 -0.0006950241169177409 0.0011317816532076662 
38.40001 0.001435350101119773 0.004090304260215332 
38.70001 0.0011951403974959833 0.0015317004953567242 
38.80001 -0.00014509700230497756 0.0013756086973185531 
38.90001 -0.0010683121815549805 0.00222678107566891 
39.10001 0.0006273983792056716 0.0011277905512142763 
39.30001 -0.0015585409324434811 0.0006345645474755829 
39.40001 0.0011620381716654343 4.714947833491347e-05 
39.00001 -0.0024832814180801997 0.0003697942972724121 
39.20001 -0.00015995424284507952 0.0003821828777243107 
39.50001 -0.0008709070587618983 0.0001796693682288466 
39.70001 -0.00021588925935604123 0.0020038048469609025 
39.60001 -0.0020097806125439033 0.0012611540023573337 
39.80001 -0.0010483714869333155 0.0012521040074859103 
39.90001 0.0005337555453949466 0.00039092780286094115 
