0.401 -0.08073844641870007 0.0 
0.101 -0.005060260885795643 0.0 
0.001 -4.637382929785227e-07 0.0 
0.201 -0.020154284938285045 0.0 
0.301 -0.04537217637923053 0.0 
0.901 -0.424738706764293 0.0 
0.801 -0.3318383331592676 0.0 
0.501 -0.12645224925788037 0.0 
1.001 -0.5302404219832193 0.0 
0.601 -0.18307182205394076 2.7755575615628914e-17 
0.701 -0.2513491209052874 0.0 
1.101 -0.6490731536687331 0.0 
1.201 -0.7826521744070959 0.0 
1.501 -1.2858902739352807 0.0 
1.401 -1.100091602640086 0.0 
1.301 -0.9325941135846345 0.0 
1.901 -2.247458927847219 0.0 
1.601 -1.491024943162132 0.0 
1.801 -1.9687101025391778 0.0 
1.701 -1.7175990872324103 0.0 
2.001 -2.55603762931483 0.0 
2.101 -2.895987061983822 0.0 
2.201 -3.269592929695365 0.0 
2.301 -3.6811234232996033 0.0 
2.401 -4.136609115057565 0.0 
2.601 -5.20357681153001 0.0 
2.501 -4.642318405700916 0.0 
2.701 -5.825445996438056 0.0 
2.901 -7.282562536825661 0.0 
3.001 -8.141757746796225 0.0 
3.101 -9.106310904457871 0.0 
3.301 -11.403587627321999 0.0 
2.801 -6.514923036964274 8.881784197001252e-16 
3.201 -10.189038936286828 0.0 
3.501 -14.310423517848678 0.0 
3.401 -12.76855157117148 0.0 
3.601 -16.062786511741674 0.0 
3.701 -18.063140781271983 0.0 
4.201 -33.61751753132181 0.0 
3.801 -20.35194856834181 0.0 
3.901 -22.977186133127358 0.0 
4.301 -38.4420935821468 0.0 
4.101 -29.513485573088413 0.0 
4.001 -26.0025421296383 0.0 
4.401 -44.139155646303145 0.0 
4.501 -50.902563097592456 0.0 
4.601 -58.995277551150174 7.105427357601002e-15 
4.701 -68.77641893468389 0.0 
4.801 -80.72350774143982 0.0 
4.901 -95.46103278982118 0.0 
5.501 -321.5109424339598 0.0 
5.701 -529.1080409030222 0.0 
5.001 -113.81966792028442 0.0 
5.101 -136.9471399154512 0.0 
5.201 -166.47280553576482 0.0 
5.301 -204.7125312480002 0.0 
5.601 -410.4647784675598 0.0 
5.401 -254.9079736007585 0.0 
5.801 -684.4187602154726 0.0 
5.901 -876.7555210218558 1.1368683772161603e-13 
6.301 -1265.6676873388803 0.0 
6.001 -1086.3393642952274 0.0 
6.401 -1110.4094764021527 0.0 
6.101 -1260.1547155068083 0.0 
6.201 -1329.126239762452 0.0 
6.501 -927.4834879638048 0.0 
7.201 -265.48739270982196 0.0 
7.501 -183.299225661323 2.842170943040401e-14 
6.601 -759.0652010619715 0.0 
6.701 -620.1005571737186 0.0 
7.101 -306.82818050189553 0.0 
7.301 -232.33658670811076 0.0 
6.801 -510.55394070538074 0.0 
7.601 -164.90806855886507 0.0 
6.901 -425.3488081072184 0.0 
7.001 -358.95959114924034 5.684341886080802e-14 
7.401 -205.42364306138222 0.0 
7.701 -149.4841279612175 0.0 
7.801 -136.45172324427386 0.0 
8.001 -115.82006121654696 0.0 
7.901 -125.35406284429085 0.0 
8.401 -88.47354511540652 0.0 
8.301 -94.02842125573859 1.4210854715202004e-14 
8.101 -107.55722526151563 1.4210854715202004e-14 
8.501 -83.56973472634124 0.0 
9.101 -63.43544525852446 0.0 
8.201 -100.34702955491537 0.0 
9.201 -61.17347076334025 0.0 
8.901 -68.73406309454263 0.0 
9.001 -65.94233158891575 0.0 
8.601 -79.21611547367206 0.0 
8.701 -75.32992382783871 0.0 
8.801 -71.85052944017382 0.0 
9.401 -57.264026141893645 7.105427357601002e-15 
10.001 -49.33011994310834 0.0 
9.501 -55.58171355583389 7.105427357601002e-15 
9.601 -54.06425545607876 0.0 
9.701 -52.69573165454516 0.0 
9.301 -59.12351695711779 7.105427357601002e-15 
9.801 -51.45855786100372 0.0 
10.101 -48.429016895456925 0.0 
9.901 -50.33900164974772 0.0 
10.601 -45.29517358073175 7.105427357601002e-15 
10.201 -47.631244280636245 7.105427357601002e-15 
10.301 -46.9279284464313 7.105427357601002e-15 
10.401 -46.308271504222716 0.0 
10.501 -45.764657083579344 7.105427357601002e-15 
10.701 -44.9011859725592 7.105427357601002e-15 
10.801 -44.58259967634953 0.0 
10.901 -44.33560342745809 0.0 
11.501 -44.258610593440636 0.0 
11.001 -44.15495890333769 7.105427357601002e-15 
11.101 -44.03823796807418 7.105427357601002e-15 
11.301 -44.00685984826481 0.0 
12.301 -48.20220106368379 0.0 
11.201 -43.98753205400727 0.0 
11.601 -44.48561476353745 0.0 
11.801 -45.14291118994478 0.0 
11.401 -44.09793399910017 0.0 
11.701 -44.77883013373103 0.0 
11.901 -45.5847275077546 7.105427357601002e-15 
12.601 -51.220218565085325 7.105427357601002e-15 
12.001 -46.10936159145249 0.0 
12.101 -46.718799379938616 0.0 
12.201 -47.414664892439475 0.0 
12.401 -49.09140732496264 0.0 
12.501 -50.09414698039552 0.0 
13.001 -57.132576133178254 0.0 
12.701 -52.476591615481304 0.0 
12.801 -53.87094263159753 0.0 
12.901 -55.416319199707516 0.0 
13.101 -59.04346901020501 0.0 
13.301 -63.54410145448545 0.0 
13.701 -76.16175982030764 0.0 
13.501 -69.13399320790505 0.0 
13.201 -61.17278687685495 0.0 
13.401 -66.18525772448949 0.0 
13.601 -72.43989770403469 0.0 
14.001 -90.52436811766377 0.0 
14.201 -103.78067238855552 0.0 
13.801 -80.36457272939062 0.0 
13.901 -85.12180716674084 0.0 
14.101 -96.69189272004213 0.0 
14.301 -111.98753083863086 0.0 
14.401 -121.55618377955521 0.0 
14.701 -162.06133862691505 0.0 
14.501 -132.7951800863797 0.0 
14.601 -146.1120029279359 0.0 
15.401 -477.0336643516808 0.0 
14.801 -181.40563492093239 0.0 
14.901 -205.19763166413784 0.0 
15.001 -234.91440843172268 0.0 
15.101 -272.6945401627792 0.0 
15.501 -605.3940062207694 0.0 
15.201 -321.7571227145285 0.0 
15.301 -387.1387967693256 0.0 
15.901 -2579.8481739528215 0.0 
15.601 -797.375896638815 0.0 
15.701 -1101.6172460172925 0.0 
16.401 -3045.78575404121 0.0 
16.101 -7679.14506834239 0.0 
16.201 -8851.161137217234 0.0 
16.001 -4473.770897850246 0.0 
15.801 -1619.829512816801 0.0 
16.301 -5644.564064728772 0.0 
16.601 -1093.026938086981 0.0 
16.501 -1747.4903499757254 0.0 
17.101 -231.10941415616523 0.0 
16.701 -734.0647812604408 0.0 
16.801 -520.6748455482864 0.0 
17.501 -105.29005971501185 1.4210854715202004e-14 
16.901 -385.1670873899131 5.684341886080802e-14 
17.201 -185.3390336954209 0.0 
17.001 -294.45394952678697 0.0 
17.301 -151.31908804214706 0.0 
17.601 -89.36719216820275 0.0 
17.701 -76.58173922105723 0.0 
17.801 -66.18330041779866 0.0 
18.201 -39.500107113770625 0.0 
17.401 -125.41916653556059 1.4210854715202004e-14 
17.901 -57.629545676645854 7.105427357601002e-15 
18.001 -50.51914037459702 7.105427357601002e-15 
18.101 -44.55140933199181 0.0 
18.601 -25.540406713716134 0.0 
18.301 -35.19358314401451 0.0 
18.401 -31.498809378498365 0.0 
18.501 -28.309741386454444 0.0 
18.701 -23.12142569627092 0.0 
19.301 -13.513318216318709 0.0 
18.801 -20.997652784842625 0.0 
18.901 -19.125335349312635 0.0 
19.901 -8.543103676143028 0.0 
19.001 -17.46883012336708 0.0 
19.101 -15.997956226927178 0.0 
19.401 -12.459766046343736 1.7763568394002505e-15 
19.201 -14.686751232882886 0.0 
19.801 -9.181402578038593 0.0 
19.701 -9.882903119202753 0.0 
19.501 -11.511538067874705 1.7763568394002505e-15 
19.601 -10.656275706668085 0.0 
