1.000000000000000000e+00 2.000000000000000000e+00 0.000000000000000000e+00
1.099999999999988987e+00 1.997600966637655073e+00 1.999200209306832739e-03
1.199999999999977973e+00 1.990415461507452299e+00 7.987208597139546992e-03
1.299999999999966960e+00 1.978478223580560469e+00 1.793529498476029854e-02
1.399999999999955946e+00 1.961846985456853210e+00 3.179573071990623306e-02
1.499999999999944933e+00 1.940602210392271543e+00 4.950202052137629705e-02
1.599999999999933920e+00 1.914846716528675996e+00 7.096922571440768268e-02
1.699999999999922906e+00 1.884705188978430312e+00 9.609437741386123166e-02
1.799999999999911893e+00 1.850323581041761534e+00 1.247569777567934385e-01
1.899999999999900879e+00 1.811868406499745898e+00 1.568195868320184927e-01
1.999999999999889866e+00 1.769525925650252240e+00 1.921284925046386483e-01
2.099999999999878852e+00 1.723501228496382653e+00 2.305144598922298504e-01
2.199999999999867839e+00 1.674017219254553490e+00 2.717935568201816365e-01
2.299999999999856826e+00 1.621313507112995600e+00 3.157680511693547465e-01
2.399999999999845812e+00 1.565645208897994412e+00 3.622273756357115571e-01
2.499999999999834799e+00 1.507281670015793384e+00 4.109491550511775171e-01
2.599999999999823785e+00 1.446505110673542704e+00 4.617002910706626273e-01
2.699999999999812772e+00 1.383609204970951856e+00 5.142380987188814867e-01
2.799999999999801759e+00 1.318897600949040294e+00 5.683114890086725657e-01
2.899999999999790745e+00 1.252682390100868570e+00 6.236621916011113598e-01
2.999999999999779732e+00 1.185282535170863127e+00 6.800260112691467462e-01
3.099999999999768718e+00 1.117022265296490957e+00 7.371341117596007519e-01
3.199999999999757705e+00 1.048229447683796334e+00 7.947143205205829952e-01
3.299999999999746692e+00 9.792339450536462486e-01 8.524924476721587041e-01
3.399999999999735678e+00 9.103659680561766443e-01 9.101936125509569875e-01
3.499999999999724665e+00 8.419544317437590575e-01 9.675435711458993948e-01
3.599999999999713651e+00 7.743253250071600036e-01 1.024270037774802855e+00
3.699999999999702638e+00 7.078001016518007393e-01 1.080103994410053447e+00
3.799999999999691624e+00 6.426941015040482652e-01 1.134780981165933955e+00
3.899999999999680611e+00 5.793150096224849444e-01 1.188042361587155149e+00
3.999999999999669598e+00 5.179613613381848225e-01 1.239636556545966606e+00
4.099999999999658584e+00 4.589211004796703852e-01 1.289320240745382984e+00
4.199999999999647571e+00 4.024701977489272831e-01 1.336859496051145291e+00
4.299999999999636557e+00 3.488713358131882991e-01 1.382030916118738739e+00
4.399999999999625544e+00 2.983726672615292230e-01 1.424622657059897213e+00
4.499999999999614531e+00 2.512066511488141862e-01 1.464435429186672577e+00
4.599999999999603517e+00 2.075889734070864856e-01 1.501283425191129339e+00
4.699999999999592504e+00 1.677175559480020561e-01 1.534995180460436259e+00
4.799999999999581490e+00 1.317716588042290582e-01 1.565414361582041058e+00
4.899999999999570477e+00 9.991107916152183743e-02 1.592400479477874109e+00
4.999999999999559464e+00 7.227545061541369720e-02 1.615829523991464400e+00
5.099999999999548450e+00 4.898364544477901844e-02 1.635594517165400941e+00
5.199999999999537437e+00 3.013328213088208030e-02 1.651605982865835820e+00
5.299999999999526423e+00 1.580033976667042858e-02 1.663792330834350963e+00
5.399999999999515410e+00 6.038880400470935002e-03 1.672100153695376790e+00
5.499999999999504396e+00 8.808797468975054258e-04 1.676494435878338018e+00
5.599999999999493383e+00 3.361660826901608640e-04 1.676958673863644611e+00
5.699999999999482370e+00 4.392466534472563681e-03 1.673494907605235005e+00
5.799999999999471356e+00 1.301555936856484651e-02 1.666123663416323231e+00
5.899999999999460343e+00 2.614953031948595921e-02 1.654883809041167941e+00
5.999999999999449329e+00 4.371713045326403729e-02 1.639832322054532110e+00
6.099999999999438316e+00 6.562023256301766083e-02 1.621043973140353867e+00
6.199999999999427303e+00 9.174038264504906504e-02 1.598610926196676330e+00
6.299999999999416289e+00 1.219394426104209173e-01 1.572642257584423442e+00
6.399999999999405276e+00 1.560603200524767753e-01 1.543263397201466436e+00
6.499999999999394262e+00 1.939277806184922792e-01 1.510615494396008174e+00
6.599999999999383249e+00 2.353493383199809774e-01 1.474854712046643312e+00
6.699999999999372235e+00 2.801162189605998498e-01 1.436151452434278220e+00
6.799999999999361222e+00 3.280043917540348408e-01 1.394689518796117911e+00
6.899999999999350209e+00 3.787756641416686887e-01 1.350665216706602001e+00
6.999999999999339195e+00 4.321788347874859215e-01 1.304286399650634198e+00
7.099999999999328182e+00 4.879508997199561993e-01 1.255771463370367380e+00
7.199999999999317168e+00 5.458183065881956342e-01 1.205348293747655175e+00
7.299999999999306155e+00 6.054982520000260493e-01 1.153253173156858713e+00
7.399999999999295142e+00 6.667000168930050652e-01 1.099729650375871781e+00
7.499999999999284128e+00 7.291263348517995624e-01 1.045027379276654456e+00
7.599999999999273115e+00 7.924747882190630310e-01 9.894009316390572906e-01
7.699999999999262101e+00 8.564392267425802174e-01 9.331085895333177671e-01
7.799999999999251088e+00 9.207112033630577841e-01 8.764111228069848547e-01
7.899999999999240075e+00 9.849814215685817054e-01 8.195705572847935549e-01
7.999999999999229061e+00 1.048941188534356694e+00 7.628489393441509892e-01
8.099999999999218048e+00 1.112283868033045797e+00 7.065071025674558580e-01
8.199999999999207034e+00 1.174706326848078852e+00 6.508034421899491218e-01
8.299999999999196021e+00 1.235910368174254925e+00 5.959927030576133156e-01
8.399999999999185007e+00 1.295604145244732219e+00 5.423247867834832814e-01
8.499999999999173994e+00 1.353503548207407592e+00 4.900435837367577707e-01
8.599999999999162981e+00 1.409333557102717460e+00 4.393858354192148319e-01
8.699999999999151967e+00 1.462829553670285110e+00 3.905800326742540074e-01
8.799999999999140954e+00 1.513738584670693221e+00 3.438453550318458785e-01
8.899999999999129940e+00 1.561820569437684325e+00 2.993906563207979210e-01
8.999999999999118927e+00 1.606849444502949975e+00 2.574135014720483894e-01
9.099999999999107914e+00 1.648614238365187168e+00 2.180992591995035423e-01
9.199999999999096900e+00 1.686920069792817944e+00 1.816202549698439916e-01
9.299999999999085887e+00 1.721589063482518611e+00 1.481349883713440618e-01
9.399999999999074873e+00 1.752461177419297966e+00 1.177874186557801017e-01
9.499999999999063860e+00 1.779394936892111145e+00 9.070632186617066939e-02
9.599999999999052847e+00 1.802268070816763768e+00 6.700472257653941610e-02
9.699999999999041833e+00 1.820978046769191394e+00 4.677940286104918799e-02
9.799999999999030820e+00 1.835442501942557758e+00 3.011049068423835365e-02
9.899999999999019806e+00 1.845599568076046637e+00 1.706112946470011646e-02
9.999999999999008793e+00 1.851408089257446266e+00 7.677230115990926231e-03
1.009999999999899778e+01 1.852847732355362043e+00 1.987306415463413554e-03
1.019999999999898677e+01 1.849918990655268880e+00 2.394098324374920009e-06
1.029999999999897575e+01 1.842643082077406014e+00 1.716053624942276900e-03
1.039999999999896474e+01 1.831061744088819943e+00 7.104456128127791675e-03
1.049999999999895373e+01 1.815236928103230118e+00 1.612655161756817654e-02
1.059999999999894271e+01 1.795250396773128143e+00 2.872431810403449845e-02
1.069999999999893170e+01 1.771203228108809480e+00 4.482308990921126529e-02
1.079999999999892069e+01 1.743215230809590732e+00 6.433196305026993300e-02
1.089999999999890967e+01 1.711424275567879461e+00 8.714427523358370120e-02
1.099999999999889866e+01 1.675985547399732711e+00 1.131381576601601380e-01
1.109999999999888765e+01 1.637070724272325473e+00 1.421771555380400842e-01
1.119999999999887663e+01 1.594867087459510335e+00 1.741109139134531247e-01
1.129999999999886562e+01 1.549576569147551375e+00 2.087759251740062827e-01
1.139999999999885461e+01 1.501414742861015172e+00 2.459963343428996640e-01
1.149999999999884359e+01 1.450609762281628079e+00 2.855847980719409263e-01
1.159999999999883258e+01 1.397401254008393767e+00 3.273433930544625281e-01
1.169999999999882156e+01 1.342039169755141037e+00 3.710645694131101124e-01
1.179999999999881055e+01 1.284782603420210112e+00 4.165321444746447055e-01
1.189999999999879954e+01 1.225898578383709525e+00 4.635223322203361751e-01
1.199999999999878852e+01 1.165660810318193352e+00 5.118048035990574451e-01
1.209999999999877751e+01 1.104348450717357100e+00 5.611437728050747697e-01
1.219999999999876650e+01 1.042244816276750585e+00 6.112991045597530038e-01
1.229999999999875548e+01 9.796361091962383361e-01 6.620274373897283571e-01
1.239999999999874447e+01 9.168101334061634633e-01 7.130833178664489624e-01
1.249999999999873346e+01 8.540550116665563962e-01 7.642203407617157440e-01
1.259999999999872244e+01 7.916579084308105196e-01 8.151922900822192730e-01
1.269999999999871143e+01 7.299037633102424261e-01 8.657542759712957281e-01
1.279999999999870042e+01 6.690740399216661416e-01 9.156638625085592453e-01
1.289999999999868940e+01 6.094454948374733450e-01 9.646821814996467959e-01
1.299999999999867839e+01 5.512889712927072638e-01 1.012575027425558272e+00
1.309999999999866738e+01 4.948682222244141782e-01 1.059113928816259209e+00
1.319999999999865636e+01 4.404387671349663247e-01 1.104077191426455329e+00
1.329999999999864535e+01 3.882467871701523743e-01 1.147250908721193730e+00
1.339999999999863434e+01 3.385280626906634338e-01 1.188429935324163411e+00
1.349999999999862332e+01 2.915069574882682146e-01 1.227418819246059778e+00
1.359999999999861231e+01 2.473954536569660800e-01 1.264032688889567213e+00
1.369999999999860130e+01 2.063922409699901206e-01 1.298098091021072653e+00
1.379999999999859028e+01 1.686818644404728396e-01 1.329453776110285368e+00
1.389999999999857927e+01 1.344339335528049739e-01 1.357951427665879951e+00
1.399999999999856826e+01 1.038023964431931401e-01 1.383456332430908375e+00
1.409999999999855724e+01 7.692488208218385692e-02 1.405847988556162775e+00
1.419999999999854623e+01 5.392211326708873376e-02 1.425020649137070494e+00
1.429999999999853522e+01 3.489739296770306282e-02 1.440883798773930691e+00
1.439999999999852420e+01 1.993616628441459426e-02 1.453362561105703055e+00
1.449999999999851319e+01 9.105659971837078148e-03 1.462398035567738841e+00
1.459999999999850218e+01 2.454601154925190563e-03 1.467947561928186540e+00
1.469999999999849116e+01 1.301651683961740613e-05 1.469984911477670186e+00
1.479999999999848015e+01 1.792112870542838772e-03 1.468500404067650589e+00
1.489999999999846914e+01 7.784239640365633872e-03 1.463500950519127208e+00
1.499999999999845812e+01 1.796293337833547790e-02 1.455010020255593783e+00
1.509999999999844711e+01 3.228304402638020043e-02 1.443067534347526548e+00
1.519999999999843610e+01 5.068094221408619288e-02 1.427729684485684825e+00
1.529999999999842508e+01 7.307480645797148622e-02 1.409068678730817981e+00
1.539999999999841407e+01 9.936498870833922192e-02 1.387172415216012311e+00
1.549999999999840306e+01 1.294344562807972221e-01 1.362144085290798889e+00
1.559999999999839204e+01 1.631493078183264833e-01 1.334101707911913737e+00
1.569999999999838103e+01 2.003593605639963915e-01 1.303177597381788066e+00
1.579999999999837001e+01 2.408988058911566144e-01 1.269517766824575844e+00
1.589999999999835900e+01 2.845869297427619515e-01 1.233281270059399137e+00
1.599999999999834799e+01 3.312288943814022946e-01 1.194639484789279615e+00
1.609999999999833875e+01 3.806165776492222430e-01 1.153775340260996263e+00
1.619999999999832596e+01 4.325294657851158076e-01 1.110882492774314390e+00
1.629999999999831317e+01 4.867355957464002403e-01 1.066164452618077130e+00
1.639999999999830393e+01 5.429925429326916131e-01 1.019833666196471089e+00
1.649999999999829470e+01 6.010484502042543475e-01 9.721105572693916619e-01
1.659999999999828191e+01 6.606430941258132350e-01 9.232225313808165579e-01
1.669999999999826912e+01 7.215089844353306248e-01 8.734029476704456840e-01
1.679999999999825988e+01 7.833724928339526050e-01 8.228900623812618331e-01
1.689999999999825064e+01 8.459550073002759518e-01 7.719259484668353766e-01
1.699999999999823785e+01 9.089741082441619158e-01 7.207553957837136149e-01
1.709999999999822506e+01 9.721447629203792129e-01 6.696247964246098139e-01
1.719999999999821583e+01 1.035180534601746860e+00 6.187810198028409481e-01
1.729999999999820659e+01 1.097794803069554570e+00 5.684702821451779187e-01
1.739999999999819380e+01 1.159701992990906039e+00 5.189370150872957277e-01
1.749999999999818101e+01 1.220618806721174954e+00 4.704227380949689841e-01
1.759999999999817177e+01 1.280265457990966249e+00 4.231649394510040296e-01
1.769999999999816254e+01 1.338366902800737002e+00 3.773959705620219540e-01
1.779999999999814975e+01 1.394654063660676790e+00 3.333419583379669815e-01
1.789999999999813696e+01 1.448865043086111193e+00 2.912217403899952650e-01
1.799999999999812772e+01 1.500746321980380493e+00 2.512458277718558342e-01
1.809999999999811848e+01 1.550053938241944929e+00 2.136153999553594418e-01
1.819999999999810569e+01 1.596554640609587628e+00 1.785213366825527670e-01
1.829999999999809290e+01 1.640027012440439913e+00 1.461432912687427310e-01
1.839999999999808367e+01 1.680262559807833345e+00 1.166488098444912469e-01
1.849999999999807443e+01 1.717066758025230122e+00 9.019250091418432036e-02
1.859999999999806164e+01 1.750260050475761053e+00 6.691525947400177310e-02
1.869999999999804885e+01 1.779678793454322339e+00 4.694354977067083379e-02
1.879999999999803961e+01 1.805176140641399307e+00 3.038875059154121788e-02
1.889999999999803038e+01 1.826622860826643047e+00 1.734656675637325299e-02
1.899999999999801759e+01 1.843908082597745635e+00 7.896510229775742518e-03
1.909999999999800480e+01 1.856939959920081318e+00 2.101453991510113684e-03
1.919999999999799556e+01 1.865646252842374508e+00 7.261489590098792407e-06
1.929999999999798632e+01 1.869974817989817018e+00 1.642494160006586958e-03
1.939999999999797353e+01 1.869894004037242485e+00 7.018199128761472110e-03
1.949999999999796074e+01 1.865392947967828174e+00 1.612777881932220270e-02
1.959999999999795151e+01 1.856481768641865981e+00 2.894694377483196177e-02
1.969999999999794227e+01 1.843191654966257254e+00 4.543374957310591933e-02
1.979999999999792948e+01 1.825574846790029904e+00 6.552871826778251807e-02
1.989999999999791669e+01 1.803704507507623678e+00 8.915504433537770057e-02
1.999999999999790745e+01 1.777674488234901817e+00 1.162188846500632339e-01
2.009999999999789821e+01 1.747598984289164825e+00 1.466097315501261045e-01
2.019999999999788542e+01 1.713612085552510544e+00 1.802008676075959326e-01
2.029999999999787264e+01 1.675867223108554738e+00 2.168499002685244093e-01
2.039999999999786340e+01 1.634536515288828706e+00 2.563993741010762162e-01
2.049999999999785416e+01 1.589810016947043048e+00 2.986774579751840242e-01
2.059999999999784137e+01 1.541894876388110625e+00 3.434987041036079991e-01
2.069999999999782858e+01 1.491014404890399270e+00 3.906648755028381825e-01
2.079999999999781934e+01 1.437407064200703299e+00 4.399658380864296947e-01
2.089999999999781011e+01 1.381325377718306324e+00 4.911805132811257746e-01
2.099999999999779732e+01 1.323034771355511952e+00 5.440778867642550587e-01
2.109999999999778453e+01 1.262812350247107585e+00 5.984180686518042469e-01
2.119999999999777529e+01 1.200945617597880988e+00 6.539534002285982695e-01
2.129999999999776605e+01 1.137731142026536135e+00 7.104296020989394611e-01
2.139999999999775326e+01 1.073473179778409170e+00 7.675869584484188435e-01
2.149999999999774047e+01 1.008482258167038736e+00 8.251615319459818521e-01
2.159999999999773124e+01 9.430737265692685778e-01 8.828864036793843129e-01
2.169999999999772200e+01 8.775662812531138668e-01 9.404929323994356549e-01
2.179999999999770921e+01 8.122804702720863856e-01 9.977120272599554474e-01
2.189999999999769642e+01 7.475371846252820696e-01 1.054275428166874695e+00
2.199999999999768718e+01 6.836561418563853465e-01 1.109916987802491706e+00
2.209999999999767795e+01 6.209543682660613184e-01 1.164373949359256200e+00
2.219999999999766516e+01 5.597446859201890002e-01 1.217388214013225722e+00
2.229999999999765237e+01 5.003342106762327379e-01 1.268707592175322141e+00
2.239999999999764313e+01 4.430228674946462553e-01 1.318087032595912644e+00
2.249999999999763389e+01 3.881019293624172195e-01 1.365289823453589069e+00
2.259999999999762110e+01 3.358525862169288168e-01 1.410088759635184319e+00
2.269999999999760831e+01 2.865445503170218067e-01 1.452267270521240272e+00
2.279999999999759908e+01 2.404347045509716008e-01 1.491620502712620588e+00
2.289999999999758984e+01 1.977658001940200971e-01 1.527956352292245912e+00
2.299999999999757705e+01 1.587652106193406243e-01 1.561096441390879663e+00
2.309999999999756426e+01 1.236437474190296426e-01 1.590877034033814974e+00
2.319999999999755502e+01 9.259454529814747925e-02 1.617149886478369103e+00
2.329999999999754579e+01 6.579202196045694229e-02 1.639783027514477576e+00
2.339999999999753300e+01 4.339091900334216684e-02 1.658661464484766368e+00
2.349999999999752021e+01 2.552542958090918065e-02 1.673687811102359868e+00
2.359999999999751097e+01 1.230841827605927419e-02 1.684782833479036457e+00
2.369999999999750173e+01 3.830738246505221815e-03 1.691885911144795029e+00
2.379999999999748894e+01 1.606502784705223321e-04 1.694955410228978332e+00
2.389999999999747615e+01 1.343347899260074552e-03 1.693968966381014907e+00
2.399999999999746692e+01 7.400592171558803729e-03 1.688923675436486693e+00
2.409999999999745768e+01 1.833045922438213474e-02 1.679836190280633357e+00
2.419999999999744489e+01 3.410720297515117821e-02 1.666742722817156075e+00
2.429999999999743210e+01 5.468123487176430181e-02 1.649698950420770860e+00
2.439999999999742286e+01 7.997922184029175596e-02 1.628779826726691082e+00
2.449999999999741362e+01 1.099043029705054630e-01 1.604079297092539047e+00
2.459999999999740083e+01 1.443364248143752526e-01 1.575709919552567673e+00
2.469999999999738804e+01 1.831327945192684215e-01 1.543802392564006531e+00
2.479999999999737881e+01 2.261284493719565025e-01 1.508504991325027689e+00
2.489999999999736957e+01 2.731369406986803305e-01 1.469982914916299066e+00
2.499999999999735678e+01 3.239511294518337969e-01 1.428417546979770192e+00
2.509999999999734399e+01 3.783440902214714185e-01 1.384005633097814325e+00
2.519999999999733475e+01 4.360701198389763111e-01 1.336958378475965548e+00
2.529999999999732552e+01 4.968658461961234507e-01 1.287500469948554604e+00
2.539999999999731273e+01 5.604514323824745237e-01 1.235869026733812381e+00
2.549999999999729994e+01 6.265318707528385600e-01 1.182312484740906999e+00
2.559999999999729070e+01 6.947983610704724367e-01 1.127089419596361219e+00
2.569999999999728146e+01 7.649297664334123725e-01 1.070467313891916739e+00
2.579999999999726867e+01 8.365941402812058225e-01 1.012721274464648324e+00
2.589999999999725588e+01 9.094503173943762064e-01 9.541327058090670610e-01
2.599999999999724665e+01 9.831495614459282439e-01 8.949879459718831365e-01
2.609999999999723741e+01 1.057337261333075151e+00 8.355768715130597046e-01
2.619999999999722462e+01 1.131654668222519033e+00 7.761914783079773006e-01
2.629999999999721183e+01 1.205740664970856635e+00 7.171244451333738112e-01
2.639999999999720259e+01 1.279233559347147553e+00 6.586676871124247379e-01
2.649999999999719336e+01 1.351772892279305527e+00 6.011109061908730400e-01
2.659999999999718057e+01 1.423001252174801223e+00 5.447401458825636977e-01
2.669999999999716778e+01 1.492566086236943868e+00 4.898363575500008782e-01
2.679999999999715854e+01 1.560121499600435113e+00 4.366739854803897147e-01
2.689999999999714930e+01 1.625330033059436685e+00 3.855195779735900441e-01
2.699999999999713651e+01 1.687864410151518557e+00 3.366304315793517965e-01
2.709999999999712372e+01 1.747409244397119199e+00 2.902532755034519241e-01
2.719999999999711449e+01 1.803662697579034857e+00 2.466230030508503868e-01
2.729999999999710525e+01 1.856338080078791863e+00 2.059614567819641473e-01
2.739999999999709246e+01 1.905165384476377177e+00 1.684762738326570641e-01
2.749999999999707967e+01 1.949892743853504307e+00 1.343597975857207250e-01
2.759999999999707043e+01 1.990287806536779724e+00 1.037880615849075122e-01
2.769999999999706120e+01 2.026139019365449379e+00 7.691985125063587059e-02
2.779999999999704841e+01 2.057256811965000765e+00 5.389584859302959385e-02
2.789999999999703562e+01 2.083474674970969165e+00 3.483786472271684087e-02
2.799999999999702638e+01 2.104650125652715698e+00 1.984816453534201525e-02
2.809999999999701714e+01 2.120665554946840281e+00 9.008887494041859650e-03
2.819999999999700435e+01 2.131428950524406396e+00 2.381567957050848960e-03
2.829999999999699156e+01 2.136874491162138678e+00 6.757998281474343892e-06
2.839999999999698233e+01 2.136963008393650387e+00 1.903755149236999091e-03
2.849999999999697309e+01 2.131682312137850310e+00 8.070436954368480353e-03
2.859999999999696030e+01 2.121047377771919429e+00 1.848320368185796259e-02
2.869999999999694751e+01 2.105100392898729300e+00 3.309702997112228678e-02
2.879999999999693827e+01 2.083910662859663976e+00 5.184562563052357020e-02
2.889999999999692903e+01 2.057574374862197963e+00 7.464170522720779688e-02
2.899999999999691624e+01 2.026214221398366711e+00 1.013773655393207379e-01
2.909999999999690345e+01 1.989978884444177254e+00 1.319245693726199820e-01
2.919999999999689422e+01 1.949042382721011935e+00 1.661357336818661823e-01
2.929999999999688498e+01 1.903603285071436613e+00 2.038444193863858944e-01
2.939999999999687219e+01 1.853883793750271014e+00 2.448661197314543903e-01
2.949999999999685940e+01 1.800128702131992942e+00 2.889991435258683072e-01
2.959999999999685016e+01 1.742604232012042065e+00 3.360255890853607874e-01
2.969999999999684093e+01 1.681596756294420958e+00 3.857124042314424850e-01
2.979999999999682814e+01 1.617411413438281986e+00 4.378125272410198776e-01
2.989999999999681535e+01 1.550370620553647161e+00 4.920661032144851288e-01
2.999999999999680611e+01 1.480812492515725109e+00 5.482017699310501868e-01
3.009999999999679687e+01 1.409089174881079209e+00 6.059380068899531402e-01
3.019999999999678408e+01 1.335565098768394909e+00 6.649845409008358077e-01
3.029999999999677129e+01 1.260615166186653147e+00 7.250438012803714916e-01
3.039999999999676206e+01 1.184622874580773644e+00 7.858124174410930918e-01
3.049999999999675282e+01 1.107978389606746550e+00 8.469827514234576915e-01
3.059999999999674003e+01 1.031076575358072622e+00 9.082444577167618771e-01
3.069999999999672724e+01 9.543149914449903237e-01 9.692860625497996541e-01
3.079999999999671800e+01 8.780918664819979957e-01 1.029796554701126077e+00
3.089999999999670877e+01 8.028040576686514829e-01 1.089466979779899036e+00
3.099999999999669598e+01 7.288450062613471836e-01 1.147992029871896857e+00
3.109999999999668319e+01 6.566026988252252616e-01 1.205071620421373169e+00
3.119999999999667395e+01 5.864576442291513647e-01 1.260412446231846895e+00
3.129999999999666471e+01 5.187808764057243449e-01 1.313729508520848244e+00
3.139999999999665192e+01 4.539319929272045417e-01 1.364747605053224788e+00
3.149999999999663913e+01 3.922572394609442070e-01 1.413202775502558906e+00
3.159999999999662990e+01 3.340876501438011514e-01 1.458843694358173959e+00
3.169999999999662066e+01 2.797372538572089895e-01 1.501433003898002605e+00
3.179999999999660787e+01 2.295013562831343390e-01 1.540748579992520240e+00
3.189999999999659508e+01 1.836549074683912763e-01 1.576584723791279785e+00
3.199999999999658584e+01 1.424509644156199961e-01 1.608753272662965861e+00
3.209999999999657661e+01 1.061192579431863986e-01 1.637084624128986254e+00
3.219999999999656382e+01 7.486487271109101838e-02 1.661428666928286946e+00
3.229999999999655103e+01 4.886704888737367775e-02 1.681655613796009918e+00
3.239999999999653824e+01 2.827811342662467711e-02 1.697656731014014042e+00
3.249999999999653255e+01 1.322254834810098791e-02 1.709344960307676020e+00
3.259999999999651976e+01 3.796202733456192305e-03 1.716655429205386607e+00
3.269999999999650697e+01 6.565441710393357785e-05 1.719545846561145508e+00
3.279999999999650129e+01 2.067726518413966035e-03 1.717996780538190604e+00
3.289999999999648850e+01 9.809163071281773102e-03 1.712011816988704416e+00
3.299999999999647571e+01 2.326646705086018660e-02 1.701617596805677701e+00
3.309999999999646292e+01 4.238590308936800860e-02 1.686863731495577445e+00
3.319999999999645013e+01 6.708366612420495201e-02 1.667822596891350262e+00
3.329999999999644444e+01 9.724621614461209651e-02 1.644589005614217170e+00
3.339999999999643165e+01 1.327307781108217344e-01 1.617279759570435571e+00
3.349999999999641886e+01 1.733660050257806728e-01 1.586033084459236964e+00
3.359999999999641318e+01 2.189528010572987238e-01 1.551007948933145864e+00
3.369999999999640039e+01 2.692653005510686759e-01 1.512383271718031663e+00
3.379999999999638760e+01 3.240519977536759355e-01 1.470357020636582135e+00
3.389999999999637481e+01 3.830370210921757446e-01 1.425145208103777206e+00
3.399999999999636202e+01 4.459215449405678489e-01 1.376980788248014953e+00
3.409999999999635634e+01 5.123853309516259724e-01 1.326112461379616692e+00
3.419999999999634355e+01 5.820883902554889744e-01 1.272803392049476567e+00
3.429999999999633076e+01 6.546727571200677831e-01 1.217329847431915635e+00
3.439999999999632507e+01 7.297643640463821191e-01 1.159979763216587578e+00
3.449999999999631228e+01 8.069750077277271227e-01 1.101051244594187351e+00
3.459999999999629949e+01 8.859043948377692823e-01 1.040851010289455925e+00
3.469999999999628670e+01 9.661422562306449802e-01 9.796927879010208784e-01
3.479999999999627391e+01 1.047270517831889958e+00 9.178956690838762089e-01
3.489999999999626823e+01 1.128865516266170710e+00 8.557824333212935564e-01
3.499999999999625544e+01 1.210500247116063077e+00 7.936778492082300351e-01
3.509999999999624265e+01 1.291746633612511630e+00 7.319069622862364177e-01
3.519999999999623697e+01 1.372177803542426577e+00 6.707933785427817597e-01
3.529999999999622418e+01 1.451370362196038766e+00 6.106575527103369483e-01
3.539999999999621139e+01 1.528906649280080909e+00 5.518150904742749052e-01
3.549999999999619860e+01 1.604376967883922811e+00 4.945750736258841540e-01
3.559999999999618581e+01 1.677381773798609199e+00 4.392384170763636297e-01
3.569999999999618012e+01 1.747533813756024346e+00 3.860962664805278610e-01
3.579999999999616733e+01 1.814460201471211231e+00 3.354284450083463986e-01
3.589999999999615454e+01 1.877804420741002067e+00 2.875019575492493429e-01
3.599999999999614886e+01 1.937228245256032544e+00 2.425695603358901942e-01
3.609999999999613607e+01 1.992413565243716267e+00 2.008684036397911377e-01
3.619999999999612328e+01 2.043064111547120643e+00 1.626187548166766472e-01
3.629999999999611049e+01 2.088907068282335189e+00 1.280228085680228389e-01
3.639999999999609770e+01 2.129694565778664117e+00 9.726359084208981154e-02
3.649999999999609201e+01 2.165205046099509811e+00 7.050396232074482294e-02
3.659999999999607923e+01 2.195244494065192509e+00 4.788572693314174095e-02
3.669999999999606644e+01 2.219647527343678650e+00 2.952885030482193043e-02
3.679999999999606075e+01 2.238278339835233499e+00 1.553079249405194852e-02
3.689999999999604796e+01 2.251031493255072125e+00 5.965958788288122649e-03
3.699999999999603517e+01 2.257832552508263202e+00 8.852717360193055902e-04
3.709999999999602238e+01 2.258638561152180646e+00 3.158669744396659890e-04
3.719999999999600959e+01 2.253438353943562511e+00 4.260914784770963686e-03
3.729999999999600391e+01 2.242252704186290746e+00 1.269956866672852097e-02
3.739999999999599112e+01 2.225134304314734024e+00 2.558704157427673168e-02
3.749999999999597833e+01 2.202167578873394316e+00 4.285480979889239733e-02
3.759999999999597264e+01 2.173468329793096121e+00 6.441094382643104688e-02
3.769999999999595985e+01 2.139183214612784045e+00 9.014056483216070781e-02
3.779999999999594706e+01 2.099489059052389361e+00 1.199064248175100711e-01
3.789999999999593427e+01 2.054592006130099513e+00 1.535496077349149668e-01
3.799999999999592148e+01 2.004726504806052301e+00 1.908903482958640985e-01
3.809999999999591580e+01 1.950154141958080345e+00 2.317289645149011312e-01
3.819999999999590301e+01 1.891162322336254809e+00 2.758468994119332995e-01
3.829999999999589022e+01 1.828062802002446086e+00 3.230078666799651166e-01
3.839999999999588454e+01 1.761190081648816186e+00 3.729590945281350267e-01
3.849999999999587175e+01 1.690899667085340674e+00 4.254326613354569298e-01
3.859999999999585896e+01 1.617566205095835041e+00 4.801469162009651681e-01
3.869999999999584617e+01 1.541581503779643869e+00 5.368079769566563852e-01
3.879999999999583338e+01 1.463352447395184219e+00 5.951112977250788694e-01
3.889999999999582769e+01 1.383298816607643200e+00 6.547432976547740147e-01
3.899999999999581490e+01 1.301851025900333303e+00 7.153830420633583431e-01
3.909999999999580211e+01 1.219447790701413625e+00 7.767039668594981627e-01
3.919999999999579643e+01 1.136533737520040388e+00 8.383756368093454592e-01
3.929999999999578364e+01 1.053556971038968060e+00 9.000655279581425416e-01
3.939999999999577085e+01 9.709666126593025082e-01 9.614408243294034762e-01
3.949999999999575806e+01 8.892103254392946798e-01 1.022170218885397386e+00
3.959999999999574527e+01 8.087318406726944353e-01 1.081925708671849673e+00
3.969999999999573959e+01 7.299685015264533172e-01 1.140384374062694661e+00
3.979999999999572680e+01 6.533488391717869881e-01 1.197230132089768695e+00
3.989999999999571401e+01 5.792901967115539064e-01 1.252155453973619270e+00
3.999999999999570832e+01 5.081964159073832921e-01 1.304863037173589646e+00
4.009999999999569553e+01 4.404556012637153573e-01 1.355067422540172650e+00
4.019999999999568274e+01 3.764379754213613705e-01 1.402496547485472034e+00
4.029999999999566995e+01 3.164938390732098816e-01 1.446893226474944560e+00
4.039999999999565716e+01 2.609516477431177983e-01 1.488016550595278042e+00
4.049999999999565148e+01 2.101162167855253338e-01 1.525643198450653104e+00
4.059999999999563869e+01 1.642670648875398653e-01 1.559568651189360944e+00
4.069999999999562590e+01 1.236569052042950229e-01 1.589608305055691728e+00
4.079999999999562021e+01 8.851029205650404186e-02 1.615598475479153251e+00
4.089999999999560742e+01 5.902242988685519470e-02 1.637397287382442057e+00
4.099999999999559464e+01 3.535814993088184227e-02 1.654885447059220693e+00
4.109999999999558185e+01 1.765105882814528224e-02 1.667966891678949404e+00
4.119999999999556906e+01 6.002862199581695223e-03 1.676569313181069276e+00
4.129999999999556337e+01 4.828650616415436142e-04 1.680644554044756100e+00
4.139999999999555058e+01 1.127649850937546437e-03 1.680168873133771390e+00
4.149999999999553779e+01 7.940931803265273772e-03 1.675143080536600326e+00
4.159999999999553211e+01 2.089359047452220633e-02 1.665592541031035712e+00
4.169999999999551932e+01 3.992387531074351181e-02 1.651567046495989732e+00
4.179999999999550653e+01 6.493778236961425532e-02 1.633140558284162269e+00
4.189999999999549374e+01 9.580959856322866786e-02 1.610410821233470235e+00
4.199999999999548095e+01 1.323826091251761594e-01 1.583498851644101757e+00
4.209999999999547526e+01 1.744699633974451658e-01 1.552548302180543738e+00
4.219999999999546247e+01 2.218556934743671494e-01 1.517724707258487182e+00
4.229999999999544968e+01 2.742958797222955769e-01 1.479214613070681805e+00
4.239999999999544400e+01 3.315199567071255848e-01 1.437224596953322608e+00
4.249999999999543121e+01 3.932321525951388286e-01 1.391980181341722522e+00
4.259999999999541842e+01 4.591130546415249092e-01 1.343724648064236638e+00
4.269999999999540563e+01 5.288212929381888028e-01 1.292717759208706685e+00
4.279999999999539284e+01 6.019953341516041112e-01 1.239234391250521039e+00
4.289999999999538716e+01 6.782553765465445528e-01 1.183563089550560887e+00
4.299999999999537437e+01 7.572053371550279133e-01 1.126004550730647535e+00
4.309999999999536158e+01 8.384349215220793239e-01 1.066870040787900820e+00
4.319999999999535589e+01 9.215217660390000454e-01 1.006479757137630493e+00
4.329999999999534310e+01 1.006033642471868106e+00 9.451611430645348033e-01
4.339999999999533031e+01 1.091530713909203421e+00 8.832471633093246233e-01
4.349999999999531752e+01 1.177567831007765742e+00 8.210745497292345485e-01
4.359999999999530473e+01 1.263696857100665705e+00 7.589820261393915857e-01
4.369999999999529905e+01 1.349469010473851149e+00 6.973085215640995038e-01
4.379999999999528626e+01 1.434437211910337462e+00 6.363913812049342145e-01
4.389999999999527347e+01 1.518158425463419725e+00 5.765645844636843043e-01
4.399999999999526779e+01 1.600195980342056457e+00 5.181569793411857638e-01
4.409999999999525500e+01 1.680121861798425265e+00 4.614905424663506284e-01
4.419999999999524221e+01 1.757518958982467350e+00 4.068786738941999048e-01
4.429999999999522942e+01 1.831983257879961968e+00 3.546245356495432710e-01
4.439999999999521663e+01 1.903125967685483699e+00 3.050194427783328721e-01
4.449999999999521094e+01 1.970575569260605953e+00 2.583413154109276966e-01
4.459999999999519815e+01 2.033979774704298915e+00 2.148532000330893310e-01
4.469999999999518536e+01 2.093007387504187022e+00 1.748018678114988400e-01
4.479999999999517968e+01 2.147350053236569245e+00 1.384164974255874259e-01
4.489999999999516689e+01 2.196723891343005164e+00 1.059074494230798080e-01
4.499999999999515410e+01 2.240870999116022499e+00 7.746513864387580273e-02
4.509999999999514131e+01 2.279560819688417173e+00 5.325901074784052114e-02
4.519999999999512852e+01 2.312591366502873669e+00 3.343662833988636507e-02
4.529999999999512283e+01 2.339790297485686565e+00 1.812287161365078517e-02
4.539999999999511004e+01 2.361015832901349754e+00 7.419257834779912145e-03
4.549999999999509726e+01 2.376157511673293588e+00 1.403383360651359055e-03
4.559999999999509157e+01 2.385136781774252590e+00 1.284912475507884349e-04
4.569999999999507878e+01 2.387907421150560427e+00 3.623166832420908392e-03
4.579999999999506599e+01 2.384455786523180354e+00 1.189116299744347530e-02
4.589999999999505320e+01 2.374800888316632275e+00 2.491135613542458035e-02
4.599999999999504041e+01 2.358994290887514111e+00 4.263783313561369387e-02
4.609999999999503473e+01 2.337119838187706300e+00 6.500010900697636429e-02
4.619999999999502194e+01 2.309293205944397798e+00 9.190347405270569980e-02
4.629999999999500915e+01 2.275661282432658084e+00 1.232294688097162333e-01
4.639999999999500346e+01 2.236401380890972401e+00 1.588364842746772532e-01
4.649999999999499067e+01 2.191720287613305729e+00 1.985604842564005768e-01
4.659999999999497788e+01 2.141853150733724842e+00 2.422158460293912241e-01
4.669999999999496509e+01 2.087062215665377529e+00 2.895963148175408897e-01
4.679999999999495230e+01 2.027635414097852529e+00 3.404760670147198298e-01
4.689999999999494662e+01 1.963884814338600071e+00 3.946108764557736404e-01
4.699999999999493383e+01 1.896144941638008952e+00 4.517393774893826430e-01
4.709999999999492104e+01 1.824770977916184700e+00 5.115844180778786887e-01
4.719999999999491536e+01 1.750136851037584318e+00 5.738544956622974036e-01
4.729999999999490257e+01 1.672633224417861664e+00 6.382452680859196370e-01
4.739999999999488978e+01 1.592665398314700997e+00 7.044411314693619364e-01
4.749999999999487699e+01 1.510651134630401904e+00 7.721168565778833148e-01
4.759999999999486420e+01 1.427018417437465603e+00 8.409392749171610282e-01
4.769999999999485851e+01 1.342203161739689454e+00 9.105690055410164963e-01
4.779999999999484572e+01 1.256646883185983388e+00 9.806622133528317686e-01
4.789999999999483293e+01 1.170794341572259922e+00 1.050872389530022932e+00
4.799999999999482725e+01 1.085091171011123068e+00 1.120852144606652168e+00
4.809999999999481446e+01 9.999815096030132411e-01 1.190255004697196473e+00
4.819999999999480167e+01 9.159056413470649805e-01 1.258737201353473445e+00
4.829999999999478888e+01 8.332976628496308047e-01 1.325959445596716080e+00
4.839999999999477609e+01 7.525831871751658131e-01 1.391588676773186650e+00
4.849999999999477041e+01 6.741770969088605181e-01 1.455299777028464581e+00
4.859999999999475762e+01 5.984813581875076949e-01 1.516777242395946690e+00
4.869999999999474483e+01 5.258829071094842655e-01 1.575716801734298622e+00
4.879999999999473914e+01 4.567516195465144979e-01 1.631826975036442251e+00
4.889999999999472635e+01 3.914383749667258994e-01 1.684830562956997291e+00
4.899999999999471356e+01 3.302732244275129458e-01 1.734466059775856328e+00
4.909999999999470077e+01 2.735636724126366270e-01 1.780488982423447553e+00
4.919999999999468798e+01 2.215930816656012936e-01 1.822673108640138873e+00
4.929999999999468230e+01 1.746192096044305586e-01 1.860811617819407848e+00
4.939999999999466951e+01 1.328728842914247976e-01 1.894718128613333885e+00
4.949999999999465672e+01 9.655682726295812535e-02 1.924227627916986538e+00
4.959999999999465103e+01 6.584462980242801466e-02 1.949197286444659838e+00
4.969999999999463824e+01 4.087988845298797663e-02 1.969507156711168161e+00
4.979999999999462545e+01 2.177550471947194491e-02 1.985060749878261310e+00
4.989999999999461266e+01 8.613152997400723432e-03 1.995785488584186362e+00
4.999999999999459988e+01 1.442919795079917892e-03 2.001633033558300578e+00
5.009999999999459419e+01 2.831162876573151002e-04 2.002579482519032172e+00
5.019999999999458140e+01 5.120265166830388626e-03 1.998625440566318856e+00
5.029999999999456861e+01 1.590926163786857139e-02 1.989795961993857665e+00
5.039999999999456293e+01 3.257370727935437332e-02 1.976140364166594443e+00
5.049999999999455014e+01 5.500641433579633172e-02 1.957731914826674746e+00
5.059999999999453735e+01 8.307007687571385524e-02 1.934667394893116787e+00
5.069999999999452456e+01 1.165981041352783382e-01 1.907066539517784376e+00
5.079999999999451177e+01 1.553956102984976884e-01 1.875071360830015355e+00
5.089999999999450608e+01 1.992405539554092109e-01 1.838845356450863999e+00
5.099999999999449329e+01 2.478850195474152085e-01 1.798572608473391954e+00
5.109999999999448050e+01 3.010566322654185667e-01 1.754456778189351862e+00
5.119999999999447482e+01 3.584600971262519864e-01 1.706720002387583701e+00
5.129999999999446203e+01 4.197788523197287791e-01 1.655601697545506124e+00
5.139999999999444924e+01 4.846768264028660789e-01 1.601357278697371100e+00
5.149999999999443645e+01 5.528002885144563949e-01 1.544256800170395572e+00
5.159999999999442366e+01 6.237797804940921065e-01 1.484583525737532828e+00
5.169999999999441798e+01 6.972321196070170313e-01 1.422632436051546323e+00
5.179999999999440519e+01 7.727624604892792126e-01 1.358708681486717529e+00
5.189999999999439240e+01 8.499664049283557343e-01 1.293125988727175990e+00
5.199999999999438671e+01 9.284321481652858532e-01 1.226205029609326536e+00
5.209999999999437392e+01 1.007742650534509954e+00 1.158271760844846288e+00
5.219999999999436113e+01 1.087477823426491463e+00 1.089655743328279414e+00
5.229999999999434834e+01 1.167216718761366234e+00 1.020688449766557149e+00
5.239999999999433555e+01 1.246539711374555770e+00 9.517015693586979852e-01
5.249999999999432987e+01 1.325030663935057307e+00 8.830253182111209576e-01
5.259999999999431708e+01 1.402279064236154005e+00 8.149867640850173567e-01
5.269999999999430429e+01 1.477882124903641126e+00 7.479081739588918643e-01
5.279999999999429861e+01 1.551446835766486343e+00 6.821053927271840678e-01
5.289999999999428582e+01 1.622591959328503863e+00 6.178862611718772824e-01
5.299999999999427303e+01 1.690949959961016713e+00 5.555490811183022570e-01
5.309999999999426024e+01 1.756168857638264136e+00 4.953811354296007718e-01
5.319999999999424745e+01 1.817913997240305779e+00 4.376572702045593566e-01
5.329999999999424176e+01 1.875869724687639462e+00 3.826385462200441179e-01
5.339999999999422897e+01 1.929740961446540615e+00 3.305709663001450971e-01
5.349999999999421618e+01 1.979254669276922396e+00 2.816842849058503462e-01
5.359999999999421050e+01 2.024161197485226271e+00 2.361909058127567018e-01
5.369999999999419771e+01 2.064235505420045413e+00 1.942848732900299413e-01
5.379999999999418492e+01 2.099278253492525614e+00 1.561409617043137410e-01
5.389999999999417213e+01 2.129116756648705699e+00 1.219138679561143357e-01
5.399999999999415934e+01 2.153605794944628560e+00 9.173751060985285699e-02
5.409999999999415365e+01 2.172628276687077253e+00 6.572443900937714745e-02
5.419999999999414086e+01 2.186095750486857003e+00 4.396535507784427033e-02
5.429999999999412807e+01 2.193948763534452340e+00 2.652874989171748882e-02
5.439999999999412239e+01 2.196157064407662673e+00 1.346065649443060723e-02
5.449999999999410960e+01 2.192719649770239254e+00 4.784519783125185458e-03
5.459999999999409681e+01 2.183664655375629149e+00 5.011836652870624081e-04
5.469999999999408402e+01 2.169049092850422245e+00 5.889950468795286144e-04
5.479999999999407123e+01 2.148958434764518532e+00 5.004023584715847593e-03
5.489999999999406555e+01 2.123506051477329404e+00 1.368039551837813006e-02
5.499999999999405276e+01 2.092832504189872989e+00 2.653073929580038182e-02
5.509999999999403997e+01 2.057104699462799058e+00 4.344674012607595975e-02
5.519999999999403428e+01 2.016514911239118302e+00 6.429980003718813175e-02
5.529999999999402149e+01 1.971279677055763457e+00 8.894179948824711135e-02
5.539999999999400870e+01 1.921638575691658080e+00 1.172059560887528801e-01
5.549999999999399591e+01 1.867852893953485083e+00 1.489077755126127778e-01
5.559999999999398312e+01 1.810204190649957079e+00 1.838460892645384925e-01
5.569999999999397744e+01 1.748992766068092397e+00 2.218041735607727549e-01
5.579999999999396465e+01 1.684536045444380736e+00 2.625509432259511278e-01
5.589999999999395186e+01 1.617166885036543267e+00 3.058422141825363205e-01
5.599999999999394618e+01 1.547231809459053586e+00 3.514220278179972512e-01
5.609999999999393339e+01 1.475089188972437348e+00 3.990240302572603537e-01
5.619999999999392060e+01 1.401107365417854966e+00 4.483728993420771913e-01
5.629999999999390781e+01 1.325662735495963140e+00 4.991858119258317239e-01
5.639999999999389502e+01 1.249137800089980210e+00 5.511739439275530339e-01
5.649999999999388933e+01 1.171919188372160470e+00 6.040439954558666225e-01
5.659999999999387654e+01 1.094395665487398084e+00 6.574997332090087854e-01
5.669999999999386375e+01 1.016956132695513215e+00 7.112435422823863984e-01
5.679999999999385807e+01 9.399876289778000826e-01 7.649779794705713343e-01
5.689999999999384528e+01 8.638733432589876804e-01 8.184073201348968096e-01
5.699999999999383249e+01 7.889906465587088746e-01 8.712390907303380061e-01
5.709999999999381970e+01 7.157091535627166934e-01 9.231855791297918223e-01
5.719999999999380691e+01 6.443888232627207335e-01 9.739653149795255427e-01
5.729999999999380123e+01 5.753781084596618633e-01 1.023304512435097458e+00
5.739999999999378844e+01 5.090121640151694660e-01 1.070938467797978300e+00
5.749999999999377565e+01 4.456111237807618974e-01 1.116612904771080439e+00
5.759999999999376996e+01 3.854784560879885857e-01 1.160085260303409971e+00
5.769999999999375717e+01 3.288994075534513173e-01 1.201125904278218970e+00
5.779999999999374438e+01 2.761395447109757373e-01 1.239519286638822271e+00
5.789999999999373159e+01 2.274434026277308007e-01 1.275065005919375327e+00
5.799999999999371880e+01 1.830332491823551677e-01 1.307578793571226417e+00
5.809999999999371312e+01 1.431079730786048165e-01 1.336893408936666860e+00
5.819999999999370033e+01 1.078421029431506917e-01 1.362859440224249541e+00
5.829999999999368754e+01 7.738496401162073268e-02 1.385346007377506794e+00
5.839999999999368185e+01 5.185997796033330748e-02 1.404241363297835221e+00
5.849999999999366906e+01 3.136411039987194865e-02 1.419453390480155175e+00
5.859999999999365627e+01 1.596746943346971301e-02 1.430909990743210791e+00
5.869999999999364348e+01 5.713057513872367085e-03 1.438559366368838743e+00
5.879999999999363069e+01 6.166776304312771061e-04 1.442370191616993980e+00
5.889999999999362501e+01 6.669936445622414193e-04 1.442331674236356109e+00
5.899999999999361222e+01 5.825743388635251999e-03 1.438453507243266039e+00
5.909999999999359943e+01 1.602810197172757634e-02 1.430765711886682556e+00
5.919999999999359375e+01 3.118319161481630103e-02 1.419318373351409424e+00
5.929999999999358096e+01 5.117473328503394092e-02 1.404181271366750083e+00
5.939999999999356817e+01 7.586183442791950837e-02 1.385443408479092531e+00
5.949999999999355538e+01 1.050799062197071143e-01 1.363212439308990165e+00
5.959999999999354259e+01 1.386417029860559091e-01 1.337614004650722999e+00
5.969999999999353690e+01 1.763384757655856450e-01 1.308790974762018555e+00
5.979999999999352411e+01 2.179412314354886859e-01 1.276902606659547912e+00
5.989999999999351132e+01 2.632020883647351317e-01 1.242123620647819449e+00
5.999999999999350564e+01 3.118557192099087882e-01 1.204643201694093113e+00
6.009999999999349285e+01 3.636208712194686221e-01 1.164663931594665414e+00
6.019999999999348006e+01 4.182019542511102306e-01 1.122400658175000343e+00
6.029999999999346727e+01 4.752906866308662104e-01 1.078079308014512794e+00
6.039999999999345448e+01 5.345677889797357807e-01 1.031935649401751309e+00
6.049999999999344880e+01 5.957047161951529723e-01 9.842140123890175119e-01
6.059999999999343601e+01 6.583654178960104408e-01 9.351659729488479567e-01
6.069999999999342322e+01 7.222081178037890181e-01 8.850490083195724500e-01
6.079999999999341753e+01 7.868871027441703969e-01 8.341251306823768141e-01
6.089999999999340474e+01 8.520545121952531886e-01 7.826595063243072525e-01
6.099999999999339195e+01 9.173621195803334238e-01 7.309190674229871787e-01
6.109999999999337916e+01 9.824630968016362376e-01 6.791711235341070241e-01
6.119999999999336637e+01 1.047013753827434668e+00 6.276819797767345666e-01
6.129999999999336069e+01 1.110675245482392492e+00 5.767155685952541910e-01
6.139999999999334790e+01 1.173115237940363986e+00 5.265321018297570710e-01
6.149999999999333511e+01 1.234009527782743865e+00 4.773867496530987409e-01
6.159999999999332942e+01 1.293043606860010408e+00 4.295283527338816243e-01
6.169999999999331664e+01 1.349914166577937280e+00 3.831981737583636249e-01
6.179999999999330385e+01 1.404330535617775988e+00 3.386286941982849519e-01
6.189999999999329106e+01 1.456016045497214639e+00 2.960424619408311697e-01
6.199999999999327827e+01 1.504709318770109938e+00 2.556509951089105392e-01
6.209999999999327258e+01 1.550165475064564147e+00 2.176537470913890993e-01
6.219999999999325979e+01 1.592157250545362057e+00 1.822371374793201049e-01
6.229999999999324700e+01 1.630476026780252052e+00 1.495736532638160532e-01
6.239999999999324132e+01 1.664932765364115941e+00 1.198210242976579520e-01
6.249999999999322853e+01 1.695358845031505135e+00 9.312147665698132515e-02
6.259999999999321574e+01 1.721606798346688727e+00 6.960106716209678301e-02
6.269999999999320295e+01 1.743550945414537701e+00 4.936910192920129087e-02
6.279999999999319016e+01 1.761087922401697314e+00 3.251764142942338565e-02
6.289999999999318447e+01 1.774137102986164338e+00 1.912109412817189144e-02
6.299999999999317168e+01 1.782640911197720168e+00 9.235900367599787428e-03
6.309999999999315889e+01 1.786565024431161719e+00 2.900307739566620590e-03
6.319999999999315321e+01 1.785898465755386244e+00 1.342387756388569190e-04
6.329999999999314042e+01 1.780653584981343629e+00 9.392513563046478919e-04
6.339999999999312763e+01 1.770865928302904901e+00 5.298591813797324732e-03
6.349999999999311484e+01 1.756593996696704574e+00 1.317734027314103676e-02
6.359999999999310205e+01 1.737918893661111408e+00 2.452264734505197122e-02
6.369999999999309637e+01 1.714943863281884751e+00 3.926406085342763058e-02
6.379999999999308358e+01 1.687793720065769554e+00 5.731394085056613907e-02
6.389999999999307079e+01 1.656614172443800381e+00 7.856796074665396701e-02
6.399999999999306510e+01 1.621571042352024872e+00 1.029056919580018659e-01
6.409999999999305942e+01 1.582849383822692024e+00 1.301912690630383784e-01
6.419999999999303952e+01 1.540652504063827255e+00 1.602741320482614362e-01
6.429999999999301963e+01 1.495200891075805449e+00 1.929898418309760333e-01
6.439999999999301394e+01 1.446731052434776954e+00 2.281609648629657761e-01
6.449999999999300826e+01 1.395494270451441032e+00 2.655980222542574931e-01
6.459999999999300258e+01 1.341755279495827624e+00 3.051004985084483367e-01
6.469999999999298268e+01 1.285790871846529626e+00 3.464579046368500559e-01
6.479999999999297700e+01 1.227888438962055018e+00 3.894508901171305770e-01
6.489999999999295710e+01 1.168344455582892571e+00 4.338523978899235800e-01
6.499999999999295142e+01 1.107462914541925691e+00 4.794288563419831228e-01
6.509999999999294573e+01 1.045553720577387269e+00 5.259414020135644297e-01
6.519999999999292584e+01 9.829310518025640153e-01 5.731471265886050048e-01
6.529999999999292015e+01 9.199116977861721001e-01 6.208003415862861640e-01
6.539999999999290026e+01 8.568133834219195943e-01 6.686538540643641726e-01
6.549999999999289457e+01 7.939530879302306721e-01 7.164602465811636955e-01
6.559999999999288889e+01 7.316453684206822849e-01 7.639731546315181587e-01
6.569999999999286899e+01 6.702006974596909084e-01 8.109485347863453208e-01
6.579999999999286331e+01 6.099238240387119259e-01 8.571459168117157024e-01
6.589999999999285762e+01 5.511121672169833063e-01 9.023296331360923794e-01
6.599999999999283773e+01 4.940542515352240316e-01 9.462700191572493980e-01
6.609999999999283204e+01 4.390281930545616995e-01 9.887445780473569368e-01
6.619999999999282636e+01 3.863002445843663479e-01 1.029539103912623377e+00
6.629999999999280647e+01 3.361234083199612366e-01 1.068448757399292015e+00
6.639999999999280078e+01 2.887361237231964584e-01 1.105279088105806773e+00
6.649999999999278089e+01 2.443610380500517432e-01 1.139846998460135152e+00
6.659999999999277520e+01 2.032038664605805289e-01 1.171981644050478444e+00
6.669999999999276952e+01 1.654523481411580565e-01 1.201525265755814864e+00
6.679999999999274962e+01 1.312753043272540665e-01 1.228333949406048564e+00
6.689999999999274394e+01 1.008218035393539519e-01 1.252278309110770316e+00
6.699999999999272404e+01 7.422043873276594483e-02 1.273244090825901065e+00
6.709999999999271836e+01 5.157872041762621290e-02 1.291132693178525415e+00
6.719999999999271267e+01 3.298258912516988106e-02 1.305861603037697050e+00
6.729999999999269278e+01 1.849604988416318069e-02 1.317364743806711980e+00
6.739999999999268709e+01 8.160930626795692006e-03 1.325592734904722070e+00
6.749999999999268141e+01 1.996765670199353217e-03 1.330513061415756537e+00
6.759999999999266151e+01 8.046215029976301744e-07 1.332110153393985197e+00
6.769999999999265583e+01 2.148146236781832506e-03 1.330385374834768264e+00
6.779999999999265015e+01 8.391995934181308014e-03 1.325356922830759565e+00
6.789999999999263025e+01 1.866404482759580902e-02 1.317059637955471763e+00
6.799999999999262457e+01 3.287496731944370559e-02 1.305544727411983796e+00
6.809999999999260467e+01 5.091503348029024351e-02 1.290879402985560587e+00
6.819999999999259899e+01 7.265483166133888948e-02 1.273146436314654739e+00
6.829999999999259330e+01 9.794609604517118262e-02 1.252443634455057797e+00
6.839999999999257341e+01 1.266226331526410787e-01 1.228883239148709228e+00
6.849999999999256772e+01 1.585013407014496667e-01 1.202591253620077349e+00
6.859999999999254783e+01 1.933833116637102001e-01 1.173706701100823091e+00
6.869999999999254214e+01 2.310550159062875752e-01 1.142380819638081801e+00
6.879999999999253646e+01 2.712895514226829063e-01 1.108776198050225537e+00
6.889999999999251656e+01 3.138479568857524549e-01 1.073065858176014631e+00
6.899999999999251088e+01 3.584805770645152490e-01 1.035432288802707435e+00
6.909999999999250520e+01 4.049284725569751719e-01 9.960664368608913577e-01
6.919999999999248530e+01 4.529248652872062686e-01 9.551666616391347731e-01
6.929999999999247962e+01 5.021966112943629934e-01 9.129376578978026791e-01
6.939999999999247393e+01 5.524656924891825360e-01 8.695893538510519605e-01
6.949999999999245404e+01 6.034507192661439090e-01 8.253357900416071757e-01
6.959999999999244835e+01 6.548684361140829635e-01 7.803939851526756621e-01
6.969999999999242846e+01 7.064352226586316785e-01 7.349827947916105497e-01
6.979999999999242277e+01 7.578685828778419786e-01 6.893217692374936645e-01
6.989999999999241709e+01 8.088886155452967852e-01 6.436300160821702976e-01
6.999999999999239719e+01 8.592194592606148262e-01 5.981250735947214459e-01
7.009999999999239151e+01 9.085907057173719936e-01 5.530218005299913919e-01
7.019999999999237161e+01 9.567387751167162335e-01 5.085312879606558312e-01
7.029999999999236593e+01 1.003408247870993142e+00 4.648597985576609082e-01
7.039999999999236024e+01 1.048353146935972147e+00 4.222077385677548977e-01
7.049999999999234035e+01 1.091338165279047701e+00 3.807686675428639256e-01
7.059999999999233466e+01 1.132139833128642747e+00 3.407283506673697837e-01
7.069999999999232898e+01 1.170547619768057990e+00 3.022638582993596446e-01
7.079999999999230909e+01 1.206364964747696611e+00 2.655427170984259733e-01
7.089999999999230340e+01 1.239410233496974989e+00 2.307221168479546280e-01
7.099999999999229772e+01 1.269517592443966780e+00 1.979481767995129593e-01
7.109999999999227782e+01 1.296537798907593020e+00 1.673552750659198229e-01
7.119999999999227214e+01 1.320338901221131511e+00 1.390654442699676696e-01
7.129999999999225224e+01 1.340806844803090980e+00 1.131878363160643830e-01
7.139999999999224656e+01 1.357845980212885939e+00 8.981825879359085774e-02
7.149999999999224087e+01 1.371379469625339409e+00 6.903878514135300404e-02
7.159999999999222098e+01 1.381349588641081594e+00 5.091744030684727113e-02
7.169999999999221529e+01 1.387717920912142411e+00 3.550796321934504562e-02
7.179999999999219540e+01 1.390465443712394222e+00 2.284964696762821490e-02
7.189999999999218971e+01 1.389592503306069204e+00 1.296725713164106376e-02
7.199999999999218403e+01 1.385118679766625727e+00 5.871028266657011066e-03
7.209999999999216413e+01 1.377082541743781752e+00 1.556738082113983583e-03
7.219999999999215845e+01 1.365541292570470189e+00 5.858398978629316675e-06
7.229999999999215277e+01 1.350570310016337983e+00 1.185781513864251615e-03
7.239999999999213287e+01 1.332262582906539761e+00 5.050120149709067148e-03
7.249999999999212719e+01 1.310728048724740580e+00 1.153907873633995378e-02
7.259999999999212150e+01 1.286092837175722536e+00 2.057989334437592896e-02
7.269999999999210161e+01 1.258498425483632666e+00 3.208733719719147198e-02
7.279999999999209592e+01 1.228100711921372934e+00 4.596428831219549760e-02
7.289999999999207603e+01 1.195069014697604626e+00 6.210235547840475823e-02
7.299999999999207034e+01 1.159585003850233331e+00 8.038255846522449066e-02
7.309999999999206466e+01 1.121841574205811209e+00 1.006760580803525984e-01
7.319999999999204476e+01 1.082041667750681890e+00 1.228449314546636167e-01
7.329999999999203908e+01 1.040397053936011673e+00 1.467429877297944663e-01
7.339999999999201918e+01 9.971270764854004431e-01 1.722166191610809138e-01
7.349999999999201350e+01 9.524573752219233080e-01 1.991056825235127115e-01
7.359999999999200782e+01 9.066185912742565911e-01 2.272444056213769603e-01
7.369999999999198792e+01 8.598450637755932213e-01 2.564623136515066792e-01
7.379999999999198224e+01 8.123735258624834588e-01 2.865851701537869278e-01
7.389999999999197655e+01 7.644418074019212472e-01 3.174359272982273383e-01
7.399999999999195666e+01 7.162875514791436915e-01 3.488356803039799336e-01
7.409999999999195097e+01 6.681469512404702993e-01 3.806046208582150592e-01
7.419999999999194529e+01 6.202535132586185496e-01 4.125629845002606322e-01
7.429999999999192539e+01 5.728368531594992819e-01 4.445319870555145547e-01
7.439999999999191971e+01 5.261215288408266355e-01 4.763347453429165879e-01
7.449999999999189981e+01 4.803259162386788739e-01 5.077971775357592588e-01
7.459999999999189413e+01 4.356611322476970916e-01 5.387488787280512170e-01
7.469999999999188844e+01 3.923300090958414810e-01 5.690239674455309649e-01
7.479999999999186855e+01 3.505261241955719975e-01 5.984618990389666271e-01
7.489999999999186286e+01 3.104328892536223905e-01 6.269082421114781090e-01
7.499999999999184297e+01 2.722227021993142149e-01 6.542154143545972911e-01
7.509999999999183729e+01 2.360561652923979237e-01 6.802433744050916387e-01
7.519999999999183160e+01 2.020813725727178822e-01 7.048602665825526303e-01
7.529999999999181171e+01 1.704332696162219052e-01 7.279430156293031917e-01
7.539999999999180602e+01 1.412330883459887443e-01 7.493778688453220926e-01
7.549999999999180034e+01 1.145878594074559720e-01 7.690608832988828913e-01
7.559999999999178044e+01 9.059000434197629625e-02 7.868983560887795603e-01
7.569999999999177476e+01 6.931700947797093948e-02 8.028071959433986660e-01
7.579999999999176907e+01 5.083118309508734278e-02 8.167152347659764056e-01
7.589999999999174918e+01 3.517949700568686472e-02 8.285614780598374862e-01
7.599999999999174349e+01 2.239351323669274904e-02 8.382962935140885197e-01
7.609999999999172360e+01 1.248939598806942351e-02 8.458815373699087869e-01
7.619999999999171791e+01 5.468008497421938605e-03 8.512906185437177919e-01
7.629999999999171223e+01 1.315093861415793982e-03 8.545085008329469378e-01
7.639999999999169233e+01 1.538264842912959956e-06 8.555316438853431960e-01
7.649999999999168665e+01 1.483714458801254276e-03 8.543678839575470363e-01
7.659999999999166675e+01 5.703902724058252001e-03 8.510362558341032502e-01
7.669999999999166107e+01 1.259078596769906862e-02 8.455667576060494905e-01
7.679999999999165539e+01 2.206001504404053737e-02 8.380000603251575031e-01
7.689999999999163549e+01 3.401483987722579705e-02 8.283871648536186294e-01
7.699999999999162981e+01 4.834680150402130561e-02 8.167890085051677795e-01
7.709999999999162412e+01 6.493647976068034344e-02 8.032760243370831166e-01
7.719999999999160423e+01 8.365429101433850823e-02 7.879276561821039193e-01
7.729999999999159854e+01 1.043613300916757386e-01 7.708318327227023925e-01
7.739999999999159286e+01 1.269102503879602217e-01 7.520844040866458968e-01
7.749999999999157296e+01 1.511461760463806703e-01 7.317885446000260696e-01
7.759999999999156728e+01 1.769076400781134373e-01 7.100541254556000936e-01
7.769999999999154738e+01 2.040275423419903589e-01 6.869970611539895078e-01
7.779999999999154170e+01 2.323341214106417751e-01 6.627386336439665682e-01
7.789999999999153601e+01 2.616519345086866233e-01 6.374047981309434174e-01
7.799999999999151612e+01 2.918028399090358271e-01 6.111254745433133406e-01
7.809999999999151044e+01 3.226069764008696605e-01 5.840338286385839961e-01
7.819999999999149054e+01 3.538837346929989969e-01 5.562655467071926374e-01
7.829999999999148486e+01 3.854527158723863867e-01 5.279581077836786873e-01
7.839999999999147917e+01 4.171346722964685005e-01 4.992500572099465850e-01
7.849999999999145928e+01 4.487524265474888696e-01 4.702802853136365258e-01
7.859999999999145359e+01 4.801317643169665805e-01 4.411873148679993917e-01
7.869999999999144791e+01 5.111022973087305799e-01 4.121086008877671292e-01
7.879999999999142801e+01 5.414982924560084454e-01 3.831798461915538190e-01
7.889999999999142233e+01 5.711594639360554337e-01 3.545343360264920918e-01
7.899999999999141664e+01 5.999317246412413374e-01 3.263022949005381368e-01
7.909999999999139675e+01 6.276678939327670070e-01 2.986102686124612049e-01
7.919999999999139106e+01 6.542283586666747253e-01 2.715805342966874925e-01
7.929999999999137117e+01 6.794816846502237384e-01 2.453305411226650856e-01
7.939999999999136548e+01 7.033051758648981577e-01 2.199723840955128129e-01
7.949999999999135980e+01 7.255853789924923136e-01 1.956123132043253998e-01
7.959999999999133991e+01 7.462185310018898399e-01 1.723502799525213902e-01
7.969999999999133422e+01 7.651109478114734852e-01 1.502795230822319139e-01
7.979999999999131433e+01 7.821793523314187757e-01 1.294861950740925638e-01
7.989999999999130864e+01 7.973511405209020575e-01 1.100490307622921382e-01
7.999999999999130296e+01 8.105645844611909512e-01 9.203905915745930200e-02
8.009999999999128306e+01 8.217689718541787425e-01 7.551935931441899896e-02
8.019999999999127738e+01 8.309246817918992667e-01 6.054486082207440750e-02
8.029999999999127169e+01 8.380031971135512014e-01 4.716218922983746870e-02
8.039999999999125180e+01 8.429870541488613256e-01 3.540955646051658495e-02
8.049999999999124611e+01 8.458697311492077153e-01 2.531669599701835693e-02
8.059999999999124043e+01 8.466554772025491893e-01 1.690484237114300153e-02
8.069999999999122053e+01 8.453590839155282755e-01 1.018675423000936150e-02
8.079999999999121485e+01 8.420056026120152914e-01 5.166780011997756245e-03
8.089999999999119495e+01 8.366300102237014258e-01 1.840965031896981330e-03
8.099999999999118927e+01 8.292768274375102999e-01 1.971985565266086155e-04
8.109999999999118359e+01 8.199996929918288435e-01 2.153992498321064886e-04
8.119999999999116369e+01 8.088608982894155419e-01 1.867737182006927281e-03
8.129999999999115801e+01 7.959308866898493484e-01 5.118890432227568045e-03
8.139999999999113811e+01 7.812877219846421362e-01 9.926334170178133937e-03
8.149999999999113243e+01 7.650165306132018506e-01 1.624065997844563111e-02
8.159999999999112674e+01 7.472089221723925423e-01 2.400592307635217651e-02
8.169999999999110685e+01 7.279623926929794653e-01 3.316001502575145060e-02
8.179999999999110116e+01 7.073797150240446197e-01 4.363505944014456350e-02
8.189999999999109548e+01 6.855683204730835811e-01 5.535782817936694272e-02
8.199999999999107558e+01 6.626396756182072467e-01 6.825017549167004816e-02
8.209999999999106990e+01 6.387086579397877051e-01 8.222948756187292707e-02
8.219999999999106421e+01 6.138929336298293293e-01 9.720914493670035350e-02
8.229999999999104432e+01 5.883123406313189863e-01 1.130989953246943069e-01
8.239999999999103864e+01 5.620882796564949935e-01 1.298058343058192399e-01
8.249999999999101874e+01 5.353431156338317454e-01 1.472338915344225674e-01
8.259999999999101306e+01 5.081995917506488825e-01 1.652853200752841811e-01
8.269999999999100737e+01 4.807802579999497783e-01 1.838606865758141973e-01
8.279999999999098748e+01 4.532069159066740571e-01 2.028594600456620767e-01
8.289999999999098179e+01 4.256000809103869797e-01 2.221804970881236796e-01
8.299999999999096190e+01 3.980784637117266711e-01 2.417225215029171204e-01
8.309999999999095621e+01 3.707584717560555299e-01 2.613845962589843586e-01
8.319999999999095053e+01 3.437537319223620824e-01 2.810665859165057401e-01
8.329999999999093063e+01 3.171746354073165519e-01 3.006696076597584200e-01
8.339999999999092495e+01 2.911279057372803125e-01 3.200964691877738466e-01
8.349999999999091926e+01 2.657161908026294816e-01 3.392520917964521043e-01
8.359999999999089937e+01 2.410376797765180767e-01 3.580439170758693002e-01
8.369999999999089368e+01 2.171857457559021876e-01 3.763822957386080970e-01
8.379999999999088800e+01 1.942486149334823053e-01 3.941808571911513126e-01
8.389999999999086810e+01 1.723090630733272732e-01 4.113568585602545569e-01
8.399999999999086242e+01 1.514441400154810380e-01 4.278315119885274243e-01
8.409999999999084253e+01 1.317249228706985908e-01 4.435302891215816001e-01
8.419999999999083684e+01 1.132162984859314964e-01 4.583832018206587255e-01
8.429999999999083116e+01 9.597677566100211444e-02 4.723250582475313486e-01
8.439999999999081126e+01 8.005832747977414954e-02 4.852956935891182821e-01
8.449999999999080558e+01 6.550626398535600026e-02 4.972401748083082884e-01
8.459999999999078568e+01 5.235913528246177728e-02 5.081089789303144810e-01
8.469999999999078000e+01 4.064866499422266355e-02 5.178581444985574933e-01
8.479999999999077431e+01 3.039971384082677461e-02 5.264493959569054304e-01
8.489999999999075442e+01 2.163027294754193627e-02 5.338502408393143162e-01
8.499999999999074873e+01 1.435148633556662667e-02 5.400340397676013371e-01
8.509999999999074305e+01 8.567701905174756813e-03 5.449800493777493537e-01
8.519999999999072315e+01 4.276550091299571692e-03 5.486734384089467786e-01
8.529999999999071747e+01 1.469049260080719814e-03 5.511052772985542969e-01
8.539999999999071179e+01 1.297368237954499390e-04 5.522725017334237929e-01
8.549999999999069189e+01 2.368249820777054346e-04 5.521778507034686978e-01
8.559999999999068621e+01 1.762379949536960026e-03 5.508297796989164441e-01
8.569999999999066631e+01 4.672523502732539233e-03 5.482423497786357292e-01
8.579999999999066063e+01 8.927655670649049802e-03 5.444350933173831564e-01
8.589999999999065494e+01 1.448269739910705220e-02 5.394328573152740169e-01
8.599999999999063505e+01 2.128735203690723318e-02 5.332656252220202564e-01
8.609999999999062936e+01 2.928638451528929251e-02 5.259683182939798307e-01
8.619999999999060947e+01 3.841991711773105195e-02 5.175805775606919790e-01
8.629999999999060378e+01 4.862374075916505584e-02 5.081465275359267064e-01
8.639999999999059810e+01 5.982964070814259655e-02 4.977145228601968507e-01
8.649999999999057820e+01 7.196573568794989439e-02 4.863368791123068857e-01
8.659999999999057252e+01 8.495682928048779725e-02 4.740695890754929587e-01
8.669999999999056683e+01 9.872477252747705045e-02 4.609720257891801731e-01
8.679999999999054694e+01 1.131888365765334886e-01 4.471066337615569597e-01
8.689999999999054126e+01 1.282660941549179923e-01 4.325386097575630862e-01
8.699999999999053557e+01 1.438718085732543783e-01 4.173355746182760284e-01
8.709999999999051568e+01 1.599198288675050539e-01 4.015672376003687760e-01
8.719999999999050999e+01 1.763229895838792360e-01 3.853050547591309050e-01
8.729999999999049010e+01 1.929935136030888343e-01 3.686218829243181894e-01
8.739999999999048441e+01 2.098434162919602664e-01 3.515916308413206681e-01
8.749999999999047873e+01 2.267849091674659645e-01 3.342889090680211672e-01
8.759999999999045883e+01 2.437308011673137154e-01 3.167886802249678113e-01
8.769999999999045315e+01 2.605948955451798388e-01 2.991659112017159838e-01
8.779999999999043325e+01 2.772923803554471767e-01 2.814952289128320739e-01
8.789999999999042757e+01 2.937402104620306931e-01 2.638505811847378091e-01
8.799999999999042188e+01 3.098574790047808891e-01 2.463049043268367710e-01
8.809999999999040199e+01 3.255657762844905156e-01 2.289297989083382834e-01
8.819999999999039630e+01 3.407895340848984822e-01 2.117952152160035018e-01
8.829999999999039062e+01 3.554563535364288485e-01 1.949691498143153734e-01
8.839999999999037072e+01 3.694973147405581915e-01 1.785173545665521000e-01
8.849999999999036504e+01 3.828472665098907046e-01 1.625030594018574970e-01
8.859999999999035936e+01 3.954450947381856207e-01 1.469867100335228716e-01
8.869999999999033946e+01 4.072339680859673461e-01 1.320257217451851484e-01
8.879999999999033378e+01 4.181615598527117506e-01 1.176742502677320806e-01
8.889999999999031388e+01 4.281802450938125282e-01 1.039829806701038639e-01
8.899999999999030820e+01 4.372472722324991512e-01 9.099893508258771746e-02
8.909999999999030251e+01 4.453249086016262681e-01 7.876529996520736931e-02
8.919999999999028262e+01 4.523805595299509874e-01 6.732127352325738279e-02
8.929999999999027693e+01 4.583868607546931484e-01 5.670193376237245980e-02
8.939999999999025704e+01 4.633217441004364723e-01 4.693812756397215680e-02
8.949999999999025135e+01 4.671684765043143672e-01 3.805638105137258004e-02
8.959999999999024567e+01 4.699156726002334250e-01 3.007883140717146006e-02
8.969999999999022577e+01 4.715572811894669369e-01 2.302318019398747959e-02
8.979999999999022009e+01 4.720925460345767877e-01 1.690266812440199481e-02
8.989999999999021441e+01 4.715259415104098850e-01 1.172607112141938607e-02
8.999999999999019451e+01 4.698670837416679680e-01 7.497717408927367759e-03
9.009999999999018883e+01 4.671306179473035947e-01 4.217525272281538208e-03
9.019999999999018314e+01 4.633360828027045519e-01 1.881061032596475710e-03
9.029999999999016325e+01 4.585077527279884380e-01 4.796166847553060973e-04
9.039999999999015756e+01 4.526744591064253975e-01 3.065589011683065027e-07
9.049999999999013767e+01 4.458693915441658828e-01 4.261822784097432778e-04
9.059999999999013198e+01 4.381298803905126493e-01 1.736365204596549468e-03
9.069999999999012630e+01 4.294971618525085244e-01 3.906195480071694096e-03
9.079999999999010640e+01 4.200161271538660479e-01 6.907396709312420106e-03
9.089999999999010072e+01 4.097350573038957000e-01 1.070825524730883820e-02
9.099999999999008082e+01 3.987053451533029702e-01 1.527381300571706811e-02
9.109999999999007514e+01 3.869812065158011460e-01 2.056607263154563645e-02
9.119999999999006945e+01 3.746193822236202342e-01 2.654421386674073874e-02
9.129999999999004956e+01 3.616788330553820652e-01 3.316481985868337951e-02
9.139999999999004388e+01 3.482204295228518709e-01 4.038211216231868406e-02
9.149999999999003819e+01 3.343066385238833149e-01 4.814819315459988036e-02
9.159999999999001830e+01 3.200012088595159954e-01 5.641329457182485407e-02
9.169999999999001261e+01 3.053688575731693389e-01 6.512603087986980344e-02
9.179999999999000693e+01 2.904749589943074195e-01 7.423365619680817595e-02
9.189999999998998703e+01 2.753852382643241503e-01 8.368232350580498413e-02
9.199999999998998135e+01 2.601654709839854029e-01 9.341734492414031921e-02
9.209999999998996145e+01 2.448811904593699851e-01 1.033834518291310012e-01
9.219999999998995577e+01 2.295974038363114422e-01 1.135250536850448827e-01
9.229999999998995008e+01 2.143783182122537823e-01 1.237864944629012837e-01
9.239999999998993019e+01 1.992870776018129952e-01 1.341123055985963541e-01
9.249999999998992450e+01 1.843855114199176581e-01 1.444474544908821434e-01
9.259999999998990461e+01 1.697338949374335992e-01 1.547375875986699012e-01
9.269999999998989892e+01 1.553907219710075616e-01 1.649292672558990702e-01
9.279999999998989324e+01 1.414124898940158082e-01 1.749702013792500677e-01
9.289999999998987334e+01 1.278534969087001816e-01 1.848094652997371024e-01
9.299999999998986766e+01 1.147656514053565086e-01 1.943977150016250599e-01
9.309999999998986198e+01 1.021982931541170619e-01 2.036873911000498250e-01
9.319999999998984208e+01 9.019802603512559747e-02 2.126329129338976054e-01
9.329999999998983640e+01 7.880856200977401360e-02 2.211908621893496352e-01
9.339999999998983071e+01 6.807057607054158022e-02 2.293201555052033214e-01
9.349999999998981082e+01 5.802157197608257683e-02 2.369822055428976726e-01
9.359999999998980513e+01 4.869575867587609685e-02 2.441410700314556870e-01
9.369999999998978524e+01 4.012393745054132488e-02 2.507635883239248686e-01
9.379999999998977955e+01 3.233339993056907197e-02 2.568195050257694456e-01
9.389999999998977387e+01 2.534783730113297079e-02 2.622815802806927610e-01
9.399999999998975397e+01 1.918726114413735889e-02 2.671256863236867729e-01
9.409999999998974829e+01 1.386793650255945844e-02 2.713308899406337016e-01
9.419999999998972839e+01 9.402327867863860891e-03 2.748795205043715328e-01
9.429999999998972271e+01 5.799058881310151757e-03 2.777572232947372322e-01
9.439999999998971703e+01 3.062886597817283865e-03 2.799529978520511331e-01
9.449999999998969713e+01 1.194691181588914807e-03 2.814592211633479835e-01
9.459999999998969145e+01 1.914818826264246031e-04 2.822716555362350666e-01
9.469999999998968576e+01 4.642008094663363884e-05 2.823894410784485998e-01
9.479999999998966587e+01 7.488600812013885590e-04 2.818150727716869364e-01
9.489999999998966018e+01 2.284408196747003163e-03 2.805543622043110696e-01
9.499999999998965450e+01 4.635000483141179205e-03 2.786163841092983984e-01
9.509999999998963460e+01 7.778999272286671492e-03 2.760134079404658047e-01
9.519999999998962892e+01 1.169130842704919557e-02 2.727608148089779583e-01
9.529999999998960902e+01 1.634350699026750758e-02 2.688770001930066988e-01
9.539999999998960334e+01 2.170400065035289761e-02 2.643832629238797582e-01
9.549999999998959765e+01 2.773819019704319710e-02 2.593036810413992810e-01
9.559999999998957776e+01 3.440865590415854297e-02 2.536649751953429788e-01
9.569999999998957207e+01 4.167535655945208556e-02 2.474963603507351340e-01
9.579999999998955218e+01 4.949584167215143049e-02 2.408293866280175055e-01
9.589999999998954650e+01 5.782547523223628694e-02 2.336977701740292901e-01
9.599999999998954081e+01 6.661766927668395788e-02 2.261372150166434947e-01
9.609999999998952092e+01 7.582412543897006085e-02 2.181852269024527891e-01
9.619999999998951523e+01 8.539508262069306355e-02 2.098809201532383095e-01
9.629999999998950955e+01 9.527956892682759582e-02 2.012648186028522801e-01
9.639999999998948965e+01 1.054256560469748610e-01 1.923786516921374423e-01
9.649999999998948397e+01 1.157807143398792704e-01 1.832651468044880216e-01
9.659999999998947828e+01 1.262916669825427940e-01 1.739678189217629400e-01
9.669999999998945839e+01 1.369052416722010834e-01 1.645307586673492861e-01
9.679999999998945270e+01 1.475682185133574964e-01 1.549984197837326882e-01
9.689999999998943281e+01 1.582276728751696726e-01 1.454154070655870601e-01
9.699999999998942712e+01 1.688312121613503303e-01 1.358262657377262983e-01
9.709999999998942144e+01 1.793272055878097071e-01 1.262752732312913961e-01
9.719999999998940154e+01 1.896650062078568399e-01 1.168062342728344305e-01
9.729999999998939586e+01 1.997951645560081257e-01 1.074622801594174587e-01
9.739999999998937597e+01 2.096696333958325553e-01 9.828567305081799266e-02
9.749999999998937028e+01 2.192419631517695255e-01 8.931761606646670959e-02
9.759999999998936460e+01 2.284674876802937071e-01 8.059806993227938698e-02
9.769999999998934470e+01 2.373035000895145075e-01 7.216557687956996758e-02
9.779999999998933902e+01 2.457094183520212582e-01 6.405709245625766657e-02
9.789999999998933333e+01 2.536469404749749357e-01 5.630782586940971668e-02
9.799999999998931344e+01 2.610801889953355825e-01 4.895108943712404154e-02
9.809999999998930775e+01 2.679758445638848463e-01 4.201815768749297270e-02
9.819999999998930207e+01 2.743032683691699058e-01 3.553813660201426278e-02
9.829999999998928217e+01 2.800346131386547976e-01 2.953784346024087085e-02
9.839999999998927649e+01 2.851449224415743555e-01 2.404169770139940113e-02
9.849999999998925659e+01 2.896122180093244070e-01 1.907162317673783899e-02
9.859999999998925091e+01 2.934175747888359553e-01 1.464696212314784037e-02
9.869999999998924523e+01 2.965451834537257136e-01 1.078440114413580821e-02
9.879999999998922533e+01 2.989824001172866619e-01 7.497909438175694163e-03
9.889999999998921965e+01 3.007197830240759262e-01 4.798689466889844574e-03
9.899999999998919975e+01 3.017511160393274161e-01 2.695140206463438309e-03
9.909999999998919407e+01 3.020734188098308515e-01 1.192833075365670433e-03
9.919999999998918838e+01 3.016869435315381320e-01 2.945005799883659305e-04
9.929999999998916849e+01 3.005951583296563867e-01 3.766769882740632687e-08
9.939999999998916280e+01 2.988047173289082314e-01 3.065157242793105602e-04
9.949999999998915712e+01 2.963254175681394043e-01 1.208209100293922708e-03
9.959999999998913722e+01 2.931701429863449726e-01 2.696633998989575454e-03
9.969999999998913154e+01 2.893547957773968671e-01 4.760599507330712070e-03
9.979999999998912585e+01 2.848982154757064844e-01 7.386270502083490570e-03
9.989999999998910596e+01 2.798220861908042867e-01 1.055724211485924505e-02
