1.000000000000000000e+00 2.000000000000000000e+00 0.000000000000000000e+00
1.099999999999988987e+00 1.997600966484612162e+00 1.999200209281593813e-03
1.199999999999977973e+00 1.990415456462252930e+00 7.987208593796722711e-03
1.299999999999966960e+00 1.978478184577029841e+00 1.793529492655657545e-02
1.399999999999955946e+00 1.961846819005493625e+00 3.179573027747891606e-02
1.499999999999944933e+00 1.940601697999229325e+00 4.950201838697027706e-02
1.599999999999933920e+00 1.914845434978490468e+00 7.096921799476661741e-02
1.699999999999922906e+00 1.884702414147794380e+00 9.609435453890609324e-02
1.799999999999911893e+00 1.850318179161050791e+00 1.247569192000192312e-01
1.899999999999900879e+00 1.811858717891884352e+00 1.568194528368812291e-01
1.999999999999889866e+00 1.769509646887520438e+00 1.921282119421208467e-01
2.099999999999878852e+00 1.723475299582815978e+00 2.305139133440110843e-01
2.199999999999867839e+00 1.673977722831272885e+00 2.717925539944864854e-01
2.299999999999856826e+00 1.621255586766916723e+00 3.157663018146507072e-01
2.399999999999845812e+00 1.565563013442087037e+00 3.622244532226675529e-01
2.499999999999834799e+00 1.507168330084011076e+00 4.109444526410543364e-01
2.599999999999823785e+00 1.446352753193877350e+00 4.616929689799126324e-01
2.699999999999812772e+00 1.383409010046656284e+00 5.142270238133466176e-01
2.799999999999801759e+00 1.318639904461150980e+00 5.682951657171599891e-01
2.899999999999790745e+00 1.252356833981169926e+00 6.236386850100059664e-01
2.999999999999779732e+00 1.184878265846691869e+00 6.799928629482099307e-01
3.099999999999768718e+00 1.116528179330378956e+00 7.370882492562528254e-01
3.199999999999757705e+00 1.047634482179405246e+00 7.946519617431025972e-01
3.299999999999746692e+00 9.785274090206297348e-01 8.524090016483142351e-01
3.399999999999735678e+00 9.095379096700714205e-01 9.100835782917476857e-01
3.499999999999724665e+00 8.409960353310588221e-01 9.674004365590824772e-01
3.599999999999713651e+00 7.732293306639678176e-01 1.024086180748176034e+00
3.699999999999702638e+00 7.065612396743816692e-01 1.079870588324399971e+00
3.799999999999691624e+00 6.413095332874797494e-01 1.134487907188981515e+00
3.899999999999680611e+00 5.777847663563764335e-01 1.187678130153432932e+00
3.999999999999669598e+00 5.162887716992549114e-01 1.239188240426765786e+00
4.099999999999658584e+00 4.571131985620371374e-01 1.288773422079545261e+00
4.199999999999647571e+00 4.005381026735520544e-01 1.336198229616774036e+00
4.299999999999636557e+00 3.468305947937132538e-01 1.381237711008566071e+00
4.399999999999625544e+00 2.962435543518792125e-01 1.423678478757665511e+00
4.499999999999614531e+00 2.490144144414891958e-01 1.463319723843140130e+00
4.599999999999603517e+00 2.053640240703349940e-01 1.499974167671521252e+00
4.699999999999592504e+00 1.654955931734926611e-01 1.533468947471190225e+00
4.799999999999581490e+00 1.295937254750818834e-01 1.563646430902287054e+00
4.899999999999570477e+00 9.782354384046837437e-02 1.590364956004153285e+00
4.999999999999559464e+00 7.032991229262453015e-02 1.613499492976189442e+00
5.099999999999548450e+00 4.723675837917410553e-02 1.632942224673660014e+00
5.199999999999537437e+00 2.864649907207532722e-02 1.648603043105622890e+00
5.299999999999526423e+00 1.463957286167979176e-02 1.660409959634191024e+00
5.399999999999515410e+00 5.274080175488904225e-03 1.668309427002446776e+00
5.499999999999504396e+00 5.855337101029010199e-04 1.672266571755791631e+00
5.599999999999493383e+00 5.867197168517938313e-04 1.672265336054359119e+00
5.699999999999482370e+00 5.267670729312556865e-03 1.668308528329251583e+00
5.799999999999471356e+00 1.459574966754665845e-02 1.660417782674446174e+00
5.899999999999460343e+00 2.851584470204745689e-02 1.648633427319170952e+00
5.999999999999449329e+00 4.695067371292874214e-02 1.633014262962688701e+00
6.099999999999438316e+00 6.980119663952114029e-02 1.613637252200557093e+00
6.199999999999427303e+00 9.694713348486065640e-02 1.590597121699012018e+00
6.299999999999416289e+00 1.282475852215213263e-01 1.564005879199163784e+00
6.399999999999405276e+00 1.635417543419031561e-01 1.533992247845617829e+00
6.499999999999394262e+00 2.026497613102982431e-01 1.500701020733108626e+00
6.599999999999383249e+00 2.453735527086442769e-01 1.464292338949128025e+00
6.699999999999372235e+00 2.914978964230365843e-01 1.424940896758898345e+00
6.799999999999361222e+00 3.407914588002273759e-01 1.382835077925713474e+00
6.899999999999350209e+00 3.930079583083165295e-01 1.338176027490588282e+00
6.999999999999339195e+00 4.478873898723454983e-01 1.291176663640152045e+00
7.099999999999328182e+00 5.051573137197863383e-01 1.242060634574353228e+00
7.199999999999317168e+00 5.645342022671898663e-01 1.191061225545621882e+00
7.299999999999306155e+00 6.257248383099018874e-01 1.138420221472058236e+00
7.399999999999295142e+00 6.884277575378083824e-01 1.084386730731515147e+00
7.499999999999284128e+00 7.523347282032614158e-01 1.029215975924483661e+00
7.599999999999273115e+00 8.171322605964502772e-01 9.731680575378175435e-01
7.699999999999262101e+00 8.825031388621276118e-01 9.165066965631730733e-01
7.799999999999251088e+00 9.481279675949021435e-01 8.594979622114898854e-01
7.899999999999240075e+00 1.013686725601283145e+00 8.024089909261115094e-01
7.999999999999229061e+00 1.078860319199509865e+00 7.455067029216667640e-01
8.099999999999218048e+00 1.143332127452180380e+00 6.890565224770768271e-01
8.199999999999207034e+00 1.206789531786267800e+00 6.333211081755663052e-01
8.299999999999196021e+00 1.268925422551083093e+00 5.785590992240262631e-01
8.399999999999185007e+00 1.329439675203192062e+00 5.250238838875933567e-01
8.499999999999173994e+00 1.388040588971447109e+00 4.729623959578724834e-01
8.599999999999162981e+00 1.444446281062910842e+00 4.226139450169290601e-01
8.699999999999151967e+00 1.498386029708405509e+00 3.742090860861258528e-01
8.799999999999140954e+00 1.549601559617713731e+00 3.279685340379870917e-01
8.899999999999129940e+00 1.597848263711391104e+00 2.841021279226678686e-01
8.999999999999118927e+00 1.642896355333028025e+00 2.428078501014097057e-01
9.099999999999107914e+00 1.684531945500658878e+00 2.042709048024112517e-01
9.199999999999096900e+00 1.722558040138776558e+00 1.686628604128806441e-01
9.299999999999085887e+00 1.756795452642913258e+00 1.361408594998866906e-01
9.399999999999074873e+00 1.787083627555628329e+00 1.068469002137870938e-01
9.499999999999063860e+00 1.813281371584714696e+00 8.090719237057675262e-02
9.599999999999052847e+00 1.835267488653206991e+00 5.843159113862905762e-02
9.699999999999041833e+00 1.852941316159141261e+00 3.951311087010391659e-02
9.799999999999030820e+00 1.866223160110996870e+00 2.422752122146746082e-02
9.899999999999019806e+00 1.875054627307373822e+00 1.263302730200899053e-02
9.999999999999008793e+00 1.879398853241680545e+00 4.770035176732631728e-03
1.009999999999899778e+01 1.879240624923689040e+00 6.610036319313751345e-04
1.019999999999898677e+01 1.874586398329485926e+00 3.103826907906425130e-04
1.029999999999897575e+01 1.865464210707204584e+00 3.704638944026266128e-03
1.039999999999896474e+01 1.851923488476726609e+00 1.081236733936569161e-02
1.049999999999895373e+01 1.834034751973864452e+00 2.158448865539238856e-02
1.059999999999894271e+01 1.811889218784519917e+00 3.595453147205773109e-02
1.069999999999893170e+01 1.785598307910625016e+00 5.383899704401342440e-02
1.079999999999892069e+01 1.755293047478185153e+00 7.513780508574478822e-02
1.089999999999890967e+01 1.721123389170294615e+00 9.973481809120553210e-02
1.099999999999889866e+01 1.683257432999653469e+00 1.274984414373021846e-01
1.109999999999888765e+01 1.641880566476145775e+00 1.582822961615258928e-01
1.119999999999887663e+01 1.597194522613365697e+00 1.919259609612298245e-01
1.129999999999886562e+01 1.549416361612325543e+00 2.282557796379072190e-01
1.139999999999885461e+01 1.498777381405139497e+00 2.670857299031120236e-01
1.149999999999884359e+01 1.445521962579859876e+00 3.082183491796969821e-01
1.159999999999883258e+01 1.389906353502170289e+00 3.514457127680458148e-01
1.169999999999882156e+01 1.332197401723078434e+00 3.965504595088362172e-01
1.179999999999881055e+01 1.272671238004325023e+00 4.433068598589268161e-01
1.189999999999879954e+01 1.211611919496623058e+00 4.914819211068996996e-01
1.199999999999878852e+01 1.149310038789407740e+00 5.408365242926705951e-01
1.209999999999877751e+01 1.086061305684316469e+00 5.911265872591491277e-01
1.219999999999876650e+01 1.022165108662493882e+00 6.421042481538137281e-01
1.229999999999875548e+01 9.579230630820753101e-01 6.935190636195287528e-01
1.239999999999874447e+01 8.936375531866252997e-01 7.451192158589614589e-01
1.249999999999873346e+01 8.296102750072704701e-01 7.966527227345220341e-01
1.259999999999872244e+01 7.661407872142859121e-01 8.478686450682771936e-01
1.269999999999871143e+01 7.035250769071713650e-01 8.985182853396199709e-01
1.279999999999870042e+01 6.420541472350590473e-01 9.483563720387362395e-01
1.289999999999868940e+01 5.820126336110746923e-01 9.971422240210389143e-01
1.299999999999867839e+01 5.236774551158247526e-01 1.044640889323368960e+00
1.309999999999866738e+01 4.673165074953998244e-01 1.090624253043645631e+00
1.319999999999865636e+01 4.131874039302612100e-01 1.134872109054250400e+00
1.329999999999864535e+01 3.615362694989446846e-01 1.177173190507345923e+00
1.339999999999863434e+01 3.125965949774355823e-01 1.217326154311072939e+00
1.349999999999862332e+01 2.665881553072148580e-01 1.255140514988252631e+00
1.359999999999861231e+01 2.237159977306614200e-01 1.290437523592535829e+00
1.369999999999860130e+01 1.841695042372046842e-01 1.323050987633768161e+00
1.379999999999859028e+01 1.481215325862682008e-01 1.352828028263820759e+00
1.389999999999857927e+01 1.157276397757092262e-01 1.379629771287008699e+00
1.399999999999856826e+01 8.712539141169570178e-02 1.403331968892864712e+00
1.409999999999855724e+01 6.243376000656036123e-02 1.423825549348285424e+00
1.419999999999854623e+01 4.175261478961656697e-02 1.441017092248439324e+00
1.429999999999853522e+01 2.516230516340559401e-02 1.454829227287038895e+00
1.439999999999852420e+01 1.272333947673920732e-02 1.465200954883129514e+00
1.449999999999851319e+01 4.476160318825374816e-03 1.472087887386807958e+00
1.459999999999850218e+01 4.410170674706889575e-04 1.475462409966466382e+00
1.469999999999849116e+01 6.179359516487324851e-04 1.475313760674914709e+00
1.479999999999848015e+01 4.986787416628621697e-03 1.471648029579254668e+00
1.489999999999846914e+01 1.350745011070824189e-02 1.464488077230395868e+00
1.499999999999845812e+01 2.612007034871593678e-02 1.453873373133311553e+00
1.509999999999844711e+01 4.274541545101207679e-02 1.439859755262306473e+00
1.519999999999843610e+01 6.328531890992898645e-02 1.422519112042343936e+00
1.529999999999842508e+01 8.762321490050338502e-02 1.401938988581177048e+00
1.539999999999841407e+01 1.156247592312165534e-01 1.378222119298724513e+00
1.549999999999840306e+01 1.471385334249359078e-01 1.351485889444004274e+00
1.559999999999839204e+01 1.819968282325736819e-01 1.321861728321434892e+00
1.569999999999838103e+01 2.200165025137197361e-01 1.289494437368802204e+00
1.579999999999837001e+01 2.609999130712689075e-01 1.254541456527024534e+00
1.589999999999835900e+01 3.047359107031273329e-01 1.217172072629303825e+00
1.599999999999834799e+01 3.510008974333248544e-01 1.177566573798354499e+00
1.609999999999833875e+01 3.995599396114128954e-01 1.135915354088094409e+00
1.619999999999832596e+01 4.501679313197099463e-01 1.092417972827348649e+00
1.629999999999831317e+01 5.025708023100781130e-01 1.047282173324222798e+00
1.639999999999830393e+01 5.565067644986152473e-01 1.000722865769341663e+00
1.649999999999829470e+01 6.117075908873480516e-01 9.529610793276455105e-01
1.659999999999828191e+01 6.678999206490058294e-01 9.042228885396197402e-01
1.669999999999826912e+01 7.248065840112792868e-01 8.547383192566855303e-01
1.679999999999825988e+01 7.821479405075151270e-01 8.047402394129101744e-01
1.689999999999825064e+01 8.396432241222527848e-01 7.544632399913583365e-01
1.699999999999823785e+01 8.970118888532742085e-01 7.041425115667111490e-01
1.709999999999822506e+01 9.539749482366641775e-01 6.540127218096790651e-01
1.719999999999821583e+01 1.010256302435846409e+00 6.043068993139175671e-01
1.729999999999820659e+01 1.065584046581537381e+00 5.552553290543481568e-01
1.739999999999819380e+01 1.119691754166361131e+00 5.070844647122303428e-01
1.749999999999818101e+01 1.172319729441205993e+00 4.600158630003292615e-01
1.759999999999817177e+01 1.223216222935958220e+00 4.142651449991475721e-01
1.769999999999816254e+01 1.272138604426347408e+00 3.700409893646982584e-01
1.779999999999814975e+01 1.318854487898044159e+00 3.275441621001096149e-01
1.789999999999813696e+01 1.363142803308931894e+00 2.869665873889346019e-01
1.799999999999812772e+01 1.404794810231472901e+00 2.484904637759287049e-01
1.809999999999811848e+01 1.443615048751197838e+00 2.122874297478469507e-01
1.819999999999810569e+01 1.479422223319488916e+00 1.785177825151972320e-01
1.829999999999809290e+01 1.512050015599438524e+00 1.473297535276855974e-01
1.839999999999808367e+01 1.541347822695209979e+00 1.188588439715042300e-01
1.849999999999807443e+01 1.567181417534910803e+00 9.322722319762226373e-02
1.859999999999806164e+01 1.589433528554765607e+00 7.054319271894012033e-02
1.869999999999804885e+01 1.608004336237968568e+00 5.090071809071337189e-02
1.879999999999803961e+01 1.622811884465160448e+00 3.437903065588029938e-02
1.889999999999803038e+01 1.633792405052554741e+00 2.104230079612048540e-02
1.899999999999801759e+01 1.640900554270979139e+00 1.093938398166915092e-02
1.909999999999800480e+01 1.644109560574062767e+00 4.103640560926546076e-03
1.919999999999799556e+01 1.643411283179735616e+00 5.528298754334490554e-04
1.929999999999798632e+01 1.638816181589729082e+00 2.890789290974242801e-04
1.939999999999797353e+01 1.630353196545031302e+00 3.298925484209281039e-03
1.949999999999796074e+01 1.618069543347134154e+00 9.553435102460164363e-03
1.959999999999795151e+01 1.602030418879530682e+00 1.900839129858648835e-02
1.969999999999794227e+01 1.582318624081841651e+00 3.160455762907479066e-02
1.979999999999792948e+01 1.559034104014151101e+00 4.726801020015709148e-02
1.989999999999791669e+01 1.532293408041243810e+00 6.591053874980103144e-02
1.999999999999790745e+01 1.502229073034996087e+00 8.743011413884169136e-02
2.009999999999789821e+01 1.468988932848324991e+00 1.117114197787509450e-01
2.019999999999788542e+01 1.432735357649099539e+00 1.386264442285727039e-01
2.029999999999787264e+01 1.393644427030373389e+00 1.680351319132138699e-01
2.039999999999786340e+01 1.351905041102434923e+00 1.997860886508003031e-01
2.049999999999785416e+01 1.307717974056695542e+00 2.337173384283941502e-01
2.059999999999784137e+01 1.261294874946085942e+00 2.696571276360485436e-01
2.069999999999782858e+01 1.212857220654738333e+00 3.074247727580841638e-01
2.079999999999781934e+01 1.162635226241459208e+00 3.468315473291739837e-01
2.089999999999781011e+01 1.110866718017892829e+00 3.876816037932320769e-01
2.099999999999779732e+01 1.057795974880762380e+00 4.297729257539226189e-01
2.109999999999778453e+01 1.003672543542768469e+00 4.728983059784787613e-01
2.119999999999777529e+01 9.487500334084741915e-01 5.168463454139343716e-01
2.129999999999776605e+01 8.932848969142866968e-01 5.614024683916395420e-01
2.139999999999775326e+01 8.375352011938164143e-01 6.063499491403993025e-01
2.149999999999774047e+01 7.817593969493237260e-01 6.514709446919517699e-01
2.159999999999773124e+01 7.262150903943784819e-01 6.965475292538354513e-01
2.169999999999772200e+01 6.711578240988093080e-01 7.413627251353287484e-01
2.179999999999770921e+01 6.168398724917097953e-01 7.857015253500622132e-01
2.189999999999769642e+01 5.635090576930955608e-01 8.293519030755905908e-01
2.199999999999768718e+01 5.114075912152684644e-01 8.721058032347304145e-01
2.209999999999767795e+01 4.607709469351203846e-01 9.137601115635840543e-01
2.219999999999766516e+01 4.118267705616455165e-01 9.541175966608798076e-01
2.229999999999765237e+01 3.647938306303061262e-01 9.929878206554906273e-01
2.239999999999764313e+01 3.198810158356687472e-01 1.030188014298335286e+00
2.249999999999763389e+01 2.772863832722535227e-01 1.065543912468920107e+00
2.259999999999762110e+01 2.371962618934245759e-01 1.098890546291386938e+00
2.269999999999760831e+01 1.997844152159594100e-01 1.130072988275058199e+00
2.279999999999759908e+01 1.652112670001498751e-01 1.158947047133717101e+00
2.289999999999758984e+01 1.336231933194472199e-01 1.185379909188060354e+00
2.299999999999757705e+01 1.051518841039538327e-01 1.209250723521229087e+00
2.309999999999756426e+01 7.991377689915943328e-02 1.230451128338690303e+00
2.319999999999755502e+01 5.800956522597305876e-02 1.248885716267561952e+00
2.329999999999754579e+01 3.952378356459479436e-02 1.264472436635029506e+00
2.339999999999753300e+01 2.452447061151065075e-02 1.277142933064934205e+00
2.349999999999752021e+01 1.306291208098288303e-02 1.286842815053662603e+00
2.359999999999751097e+01 5.173463939140567937e-03 1.293531862496217766e+00
2.369999999999750173e+01 8.734565734785219339e-04 1.297184162459425139e+00
2.379999999999748894e+01 1.631800144486106221e-04 1.297788177825133449e+00
2.389999999999747615e+01 3.025949940916145778e-03 1.295346747743111093e+00
2.399999999999746692e+01 9.428253819291692803e-03 1.289877020166356081e+00
2.409999999999745768e+01 1.931997614900407903e-02 1.281410317052175563e+00
2.419999999999744489e+01 3.263470141635040761e-02 1.269991933137132545e+00
2.429999999999743210e+01 4.929009299645463471e-02 1.255680869498374319e+00
2.439999999999742286e+01 6.918834589064624951e-02 1.238549503421963793e+00
2.449999999999741362e+01 9.221671084583868416e-02 1.218683196391923351e+00
2.459999999999740083e+01 1.182480870747375651e-01 1.196179842298857432e+00
2.469999999999738804e+01 1.471416804828271918e-01 1.171149358242936200e+00
2.479999999999737881e+01 1.787437240108883107e-01 1.143713120567261043e+00
2.489999999999736957e+01 2.128882564227188023e-01 1.114003349004179411e+00
2.499999999999735678e+01 2.493979556057872027e-01 1.082162442053697493e+00
2.509999999999734399e+01 2.880850222128428229e-01 1.048342266929466193e+00
2.519999999999733475e+01 3.287521092505676368e-01 1.012703407607814743e+00
2.529999999999732552e+01 3.711932930240454676e-01 9.754143747022678834e-01
2.539999999999731273e+01 4.151950806691269147e-01 9.366507810471615958e-01
2.549999999999729994e+01 4.605374493525350998e-01 8.965944870236133291e-01
2.559999999999729070e+01 5.069949120910210993e-01 8.554327197850998266e-01
2.569999999999728146e+01 5.543376050356981777e-01 8.133571706478505137e-01
2.579999999999726867e+01 6.023323909903407491e-01 7.705630749958195524e-01
2.589999999999725588e+01 6.507439738759287495e-01 7.272482791152005133e-01
2.599999999999724665e+01 6.993360188263909594e-01 6.836122984175254658e-01
2.609999999999723741e+01 7.478722725961657325e-01 6.398553715310024703e-01
2.619999999999722462e+01 7.961176789813673160e-01 5.961775147434322797e-01
2.629999999999721183e+01 8.438394840036946842e-01 5.527775812570281389e-01
2.639999999999720259e+01 8.908083256758849711e-01 5.098523296769539304e-01
2.649999999999719336e+01 9.367993032640039575e-01 4.675955060916681671e-01
2.659999999999718057e+01 9.815930210804312273e-01 4.261969440218539851e-01
2.669999999999716778e+01 1.024976601981961499e+00 3.858416864123832557e-01
2.679999999999715854e+01 1.066744665913299084e+00 3.467091337206528179e-01
2.689999999999714930e+01 1.106700269020130634e+00 3.089722220148567455e-01
2.699999999999713651e+01 1.144655799061186308e+00 2.727966348367782956e-01
2.709999999999712372e+01 1.180433823076204369e+00 2.383400524106394358e-01
2.719999999999711449e+01 1.213867883504789580e+00 2.057514415867109092e-01
2.729999999999710525e+01 1.244803239216379698e+00 1.751703897031678669e-01
2.739999999999709246e+01 1.273097548183604877e+00 1.467264853286604498e-01
2.749999999999707967e+01 1.298621488820238978e+00 1.205387486152729726e-01
2.759999999999707043e+01 1.321259317312186932e+00 9.671511374509171588e-02
2.769999999999706120e+01 1.340909358576165333e+00 7.535196569876582984e-02
2.779999999999704841e+01 1.357484428812001154e+00 5.653373330783204725e-02
2.789999999999703562e+01 1.370912187940092508e+00 4.033254027977666717e-02
2.799999999999702638e+01 1.381135420556382609e+00 2.680791560379702093e-02
2.809999999999701714e+01 1.388112244382675442e+00 1.600656445966145910e-02
2.819999999999700435e+01 1.391816245528956886e+00 7.962200461825550898e-03
2.829999999999699156e+01 1.392236540244408571e+00 2.695439778446047634e-03
2.839999999999698233e+01 1.389377763168786917e+00 2.137573708314530218e-04
2.849999999999697309e+01 1.383259982454659198e+00 5.115053049562320224e-04
2.859999999999696030e+01 1.373918542465170756e+00 3.569992794244819349e-03
2.869999999999694751e+01 1.361403835095197579e+00 9.357627343191166763e-03
2.879999999999693827e+01 1.345781001095611940e+00 1.783011607598190135e-02
2.889999999999692903e+01 1.327129563102852794e+00 2.893072605439775402e-02
2.899999999999691624e+01 1.305542992391140356e+00 4.259060211619320607e-02
2.909999999999690345e+01 1.281128211671365591e+00 5.872914050018816084e-02
2.919999999999689422e+01 1.254005036546006702e+00 7.725441626851708987e-02
2.929999999999688498e+01 1.224305558514525494e+00 9.806366229143090307e-02
2.939999999999687219e+01 1.192173472682196200e+00 1.210437973260868466e-01
2.949999999999685940e+01 1.157763353573054044e+00 1.460720004999942478e-01
2.959999999999685016e+01 1.121239882679672117e+00 1.730163293020856863e-01
2.969999999999684093e+01 1.082777031591555250e+00 2.017363779917936417e-01
2.979999999999682814e+01 1.042557204739925636e+00 2.320839731584597165e-01
2.989999999999681535e+01 1.000770345965704911e+00 2.639039030024156185e-01
2.999999999999680611e+01 9.576130132747195933e-01 2.970346767646105390e-01
3.009999999999679687e+01 9.132874262706413004e-01 3.313093106038146884e-01
3.019999999999678408e+01 8.680004908696374866e-01 3.665561361121924544e-01
3.029999999999677129e+01 8.219628059848085311e-01 4.025996275685485015e-01
3.039999999999676206e+01 7.753876569358917337e-01 4.392612439571625393e-01
3.049999999999675282e+01 7.284900003806513702e-01 4.763602817262030387e-01
3.059999999999674003e+01 6.814854455833617708e-01 5.137147342273492567e-01
3.069999999999672724e+01 6.345892368340901868e-01 5.511421537620164735e-01
3.079999999999671800e+01 5.880152418052726482e-01 5.884605121659031157e-01
3.089999999999670877e+01 5.419749505835228520e-01 6.254890558856747163e-01
3.099999999999669598e+01 4.966764900457352749e-01 6.620491515462300081e-01
3.109999999999668319e+01 4.523236581543148560e-01 6.979651180670838340e-01
3.119999999999667395e+01 4.091149826344690488e-01 7.330650414660877523e-01
3.129999999999666471e+01 3.672428083628947459e-01 7.671815685878775604e-01
3.139999999999665192e+01 3.268924176423961825e-01 8.001526761068021854e-01
3.149999999999663913e+01 2.882411873656560153e-01 8.318224112883380039e-01
3.159999999999662990e+01 2.514577868799847127e-01 8.620416011378860821e-01
3.169999999999662066e+01 2.167014201575641619e-01 8.906685267315913590e-01
3.179999999999660787e+01 1.841211156518468284e-01 9.175695596977807567e-01
3.189999999999659508e+01 1.538550669815159921e-01 9.426197580112546381e-01
3.199999999999658584e+01 1.260300273319409636e-01 9.657034184637770524e-01
3.209999999999657661e+01 1.007607601980069906e-01 9.867145833909481967e-01
3.219999999999656382e+01 7.814954881669682052e-02 1.005557499458782811e+00
3.229999999999655103e+01 5.828576635150290591e-02 1.022147026549345750e+00
3.239999999999653824e+01 4.124550859634271149e-02 1.036408995028115454e+00
3.249999999999653255e+01 2.709129066491125851e-02 1.048280509924411019e+00
3.259999999999651976e+01 1.587180882447764702e-02 1.057710200812520096e+00
3.269999999999650697e+01 7.621768321662687924e-03 1.064658416443296618e+00
3.279999999999650129e+01 2.361777733892587126e-03 1.069097363436591897e+00
3.289999999999648850e+01 9.831006508381932786e-05 1.071011188614613419e+00
3.299999999999647571e+01 8.237304893487929890e-04 1.070396004818994218e+00
3.309999999999646292e+01 4.516390333504947084e-03 1.067259860325938892e+00
3.319999999999645013e+01 1.114078657947559052e-02 1.061622652233392694e+00
3.329999999999644444e+01 2.064778586263342833e-02 1.053515984460283272e+00
3.339999999999643165e+01 3.297491164323108209e-02 1.042982971252200963e+00
3.349999999999641886e+01 4.804669293668064473e-02 1.030077987344889978e+00
3.359999999999641318e+01 6.577507270581375853e-02 1.014866366177702872e+00
3.369999999999640039e+01 8.605987374580328919e-02 9.974240477920801595e-01
3.379999999999638760e+01 1.087893196313709371e-01 9.778371782778824128e-01
3.389999999999637481e+01 1.338406080471995219e-01 9.562016628505785043e-01
3.399999999999636202e+01 1.610805335877207312e-01 9.326226748523231969e-01
3.409999999999635634e+01 1.903661568918702529e-01 9.072141231675440176e-01
3.419999999999634355e+01 2.215455167744268816e-01 8.800980807284234375e-01
3.429999999999633076e+01 2.544583818265662711e-01 8.514041769576570218e-01
3.439999999999632507e+01 2.889370377887017227e-01 8.212689571547023837e-01
3.449999999999631228e+01 3.248071068451567345e-01 7.898352119732290344e-01
3.459999999999629949e+01 3.618883948570345566e-01 7.572512802648214691e-01
3.469999999999628670e+01 3.999957624345146789e-01 7.236703286787232736e-01
3.479999999999627391e+01 4.389400156555840482e-01 6.892496114981159216e-01
3.489999999999626823e+01 4.785288121629286406e-01 6.541497142758713190e-01
3.499999999999625544e+01 5.185675783166953101e-01 6.185337848910418268e-01
3.509999999999624265e+01 5.588604330469187920e-01 5.825667556953239012e-01
3.519999999999623697e+01 5.992111140357441190e-01 5.464145604403923828e-01
3.529999999999622418e+01 6.394239018675484942e-01 5.102433496911995547e-01
3.539999999999621139e+01 6.793045378130944112e-01 4.742187084191044621e-01
3.549999999999619860e+01 7.186611309596310226e-01 4.385048794439303510e-01
3.559999999999618581e+01 7.573050504709084585e-01 4.032639963525356808e-01
3.569999999999618012e+01 7.950517988438112749e-01 3.686553294600368180e-01
3.579999999999616733e+01 8.317218621385230604e-01 3.348345483052611593e-01
3.589999999999615454e+01 8.671415332828471545e-01 3.019530040798748538e-01
3.599999999999614886e+01 9.011437046920038885e-01 2.701570352818430387e-01
3.609999999999613607e+01 9.335686266094960217e-01 2.395872997626129208e-01
3.619999999999612328e+01 9.642646277458694071e-01 2.103781361989716658e-01
3.629999999999611049e+01 9.930887949862599040e-01 1.826569578709640873e-01
3.639999999999609770e+01 1.019907609142892468e+00 1.565436814628174134e-01
3.649999999999609201e+01 1.044597533947311696e+00 1.321501934281348600e-01
3.659999999999607923e+01 1.067045555708000526e+00 1.095798562742502924e-01
3.669999999999606644e+01 1.087149671301918863e+00 8.892705692250091332e-02
3.679999999999606075e+01 1.104819322421920491e+00 7.027679909538232794e-02
3.689999999999604796e+01 1.119975774260186130e+00 5.370434146611638426e-02
3.699999999999603517e+01 1.132552437078913288e+00 3.927488308437546149e-02
3.709999999999602238e+01 1.142495129392542497e+00 2.704329736335598852e-02
3.719999999999600959e+01 1.149762281767388261e+00 1.705391568000957578e-02
3.729999999999600391e+01 1.154325080522676350e+00 9.340361402879606562e-03
3.739999999999599112e+01 1.156167550909239505e+00 3.925434921610307382e-03
3.749999999999597833e+01 1.155286579621423115e+00 8.210500103543191082e-04
3.759999999999597264e+01 1.151691876786868463e+00 2.822161464816094379e-05
3.769999999999595985e+01 1.145405877862231803e+00 1.537104909442907775e-03
3.779999999999594706e+01 1.136463586141246651e+00 5.327085235691808585e-03
3.789999999999593427e+01 1.124912356859242957e+00 1.136691828548125512e-02
3.799999999999592148e+01 1.110811624148980048e+00 1.961491967220522006e-02
3.809999999999591580e+01 1.094232572362983769e+00 3.001920279381553244e-02
3.819999999999590301e+01 1.075257753534925254e+00 4.251796367476854549e-02
3.829999999999589022e+01 1.053980652998280254e+00 5.703981125695475191e-02
3.839999999999588454e+01 1.030505205414412151e+00 7.350414140266939289e-02
3.849999999999587175e+01 1.004945263684285717e+00 9.182155267439084945e-02
3.859999999999585896e+01 9.774240234344622191e-01 1.118943017678691310e-01
3.869999999999584617e+01 9.480734059591825469e-01 1.336167962972080736e-01
3.879999999999583338e+01 9.170334026873471212e-01 1.568761224649458663e-01
3.889999999999582769e+01 8.844513844105545974e-01 1.815526049957590371e-01
3.899999999999581490e+01 8.504813786596522318e-01 2.075203965722036969e-01
3.909999999999580211e+01 8.152833187543855331e-01 2.346480938829964280e-01
3.919999999999579643e+01 7.790222681671938876e-01 2.627993772813489448e-01
3.929999999999578364e+01 7.418676239456081234e-01 2.918336709524256833e-01
3.939999999999577085e+01 7.039923030187661412e-01 3.216068204045635648e-01
3.949999999999575806e+01 6.655719152794836724e-01 3.519717840316939350e-01
3.959999999999574527e+01 6.267839273787731980e-01 3.827793354397499015e-01
3.969999999999573959e+01 5.878068211978507707e-01 4.138787731947962123e-01
3.979999999999572680e+01 5.488192509706261157e-01 4.451186346275552430e-01
3.989999999999571401e+01 5.099992030213607030e-01 4.763474103250162628e-01
3.999999999999570832e+01 4.715231620517366107e-01 5.074142559486560788e-01
4.009999999999569553e+01 4.335652878669408739e-01 5.381696980471991631e-01
4.019999999999568274e+01 3.962966063635579572e-01 5.684663305711906700e-01
4.029999999999566995e+01 3.598842185213037004e-01 5.981594988555271053e-01
4.039999999999565716e+01 3.244905310398649712e-01 6.271079679070371560e-01
4.049999999999565148e+01 2.902725121461711688e-01 6.551745719211944374e-01
4.059999999999563869e+01 2.573809759648041373e-01 6.822268420523732724e-01
4.069999999999562590e+01 2.259598986968417988e-01 7.081376095763286527e-01
4.079999999999562021e+01 1.961457696892237312e-01 7.327855817113034798e-01
4.089999999999560742e+01 1.680669803013576935e-01 7.560558875025463754e-01
4.099999999999559464e+01 1.418432532860276207e-01 7.778405913271083660e-01
4.109999999999558185e+01 1.175851152006302108e-01 7.980391717371265736e-01
4.119999999999556906e+01 9.539341415250912615e-02 8.165589635320410489e-01
4.129999999999556337e+01 7.535888496049800156e-02 8.333155611321816369e-01
4.139999999999555058e+01 5.756176358340764354e-02 8.482331815141490594e-01
4.149999999999553779e+01 4.207145242763826037e-02 8.612449851657432154e-01
4.159999999999553211e+01 2.894623790089138199e-02 8.722933537242698598e-01
4.169999999999551932e+01 1.823306132814455499e-02 8.813301231659708135e-01
4.179999999999550653e+01 9.967344091140745502e-03 8.883167716319539942e-01
4.189999999999549374e+01 4.172867594672179797e-03 8.932245611915089478e-01
4.199999999999548095e+01 8.617084032054711648e-04 8.960346330609225696e-01
4.209999999999547526e+01 3.422863105438781378e-05 8.967380560201885231e-01
4.219999999999546247e+01 1.679121409666419493e-03 8.953358279868524061e-01
4.229999999999544968e+01 5.773510997772186848e-03 8.918388309300346872e-01
4.239999999999544400e+01 1.228310684543815375e-02 8.862677395231494115e-01
4.249999999999543121e+01 2.116241067257363870e-02 8.786528841517263766e-01
4.259999999999541842e+01 3.235497537740136820e-02 8.690340691036487764e-01
4.269999999999540563e+01 4.579371435184400457e-02 8.574603469758250718e-01
4.279999999999539284e+01 6.140125954991285107e-02 8.439897505347772055e-01
4.289999999999538716e+01 7.909036643295112856e-02 8.286889834607240601e-01
4.299999999999537437e+01 9.876436370300514800e-02 8.116330715947817076e-01
4.309999999999536158e+01 1.203176455338402506e-01 7.929049764870645944e-01
4.319999999999535589e+01 1.436362038185692025e-01 7.725951732111924208e-01
4.329999999999534310e+01 1.685981977752069594e-01 7.508011945760658667e-01
4.339999999999533031e+01 1.950745580863480211e-01 7.276271440075686714e-01
4.349999999999531752e+01 2.229296225987542346e-01 7.031831795193963508e-01
4.359999999999530473e+01 2.520218004715503723e-01 6.775849713105226435e-01
4.369999999999529905e+01 2.822042615419245171e-01 6.509531356459949958e-01
4.379999999999528626e+01 3.133256475697389631e-01 6.234126477770393082e-01
4.389999999999527347e+01 3.452308019351101875e-01 5.950922367415134584e-01
4.399999999999526779e+01 3.777615142881873833e-01 5.661237649647669068e-01
4.409999999999525500e+01 4.107572765954028426e-01 5.366415956342782678e-01
4.419999999999524221e+01 4.440560469856807413e-01 5.067819508731956635e-01
4.429999999999522942e+01 4.774950177794969886e-01 4.766822637648098770e-01
4.439999999999521663e+01 5.109113840762035119e-01 4.464805272984034290e-01
4.449999999999521094e+01 5.441431092885800069e-01 4.163146433096415744e-01
4.459999999999519815e+01 5.770296840410081840e-01 3.863217744749378735e-01
4.469999999999518536e+01 6.094128748935303541e-01 3.566377023947795988e-01
4.479999999999517968e+01 6.411374594152522421e-01 3.273961947581083831e-01
4.489999999999516689e+01 6.720519442087029560e-01 2.987283845273270844e-01
4.499999999999515410e+01 7.020092625798669550e-01 2.707621640140610020e-01
4.509999999999514131e+01 7.308674486582193985e-01 2.436215966349788153e-01
4.519999999999512852e+01 7.584902848910158868e-01 2.174263490429555190e-01
4.529999999999512283e+01 7.847479199785405424e-01 1.922911462219345224e-01
4.539999999999511004e+01 8.095174544607715017e-01 1.683252520167145827e-01
4.549999999999509726e+01 8.326834913349885348e-01 1.456319774381231724e-01
4.559999999999509157e+01 8.541386492527180962e-01 1.243082189458788872e-01
4.569999999999507878e+01 8.737840360345662249e-01 1.044440287607029255e-01
4.579999999999506599e+01 8.915296804321372059e-01 8.612221909924498708e-02
4.589999999999505320e+01 9.072949202738845864e-01 6.941800205812455327e-02
4.599999999999504041e+01 9.210087453416270220e-01 5.439866669962541146e-02
4.609999999999503473e+01 9.326100935445147400e-01 4.112329470988987379e-02
4.619999999999502194e+01 9.420480991807390625e-01 2.964251581448676745e-02
4.629999999999500915e+01 9.492822923091608356e-01 1.999830394426339517e-02
4.639999999999500346e+01 9.542827484832000495e-01 1.222381494920577426e-02
4.649999999999499067e+01 9.570301883386387320e-01 6.343266459536450741e-03
4.659999999999497788e+01 9.575160267613294085e-01 2.371860292892470200e-03
4.669999999999496509e+01 9.557423716009787462e-01 3.157476048461298440e-04
4.679999999999495230e+01 9.517219721321665826e-01 1.720367783931151320e-04
4.689999999999494662e+01 9.454781177005822101e-01 1.928843847157275066e-03
4.699999999999493383e+01 9.370444872230857536e-01 5.565385047938706774e-03
4.709999999999492104e+01 9.264649504391974100e-01 1.105211090179030950e-02
4.719999999999491536e+01 9.137933220354045316e-01 1.835088102995224499e-02
4.729999999999490257e+01 8.990930699777175406e-01 2.741517872257230592e-02
4.739999999999488978e+01 8.824369796018841638e-01 3.819036409515651209e-02
4.749999999999487699e+01 8.639067752076726725e-01 5.061396449072522868e-02
4.759999999999486420e+01 8.435927011012118726e-01 6.461600061598739286e-02
4.769999999999485851e+01 8.215930642077037271e-01 8.011934673746212709e-02
4.779999999999484572e+01 7.980137405529118544e-01 9.704012311013347769e-02
4.789999999999483293e+01 7.729676480696369145e-01 1.152881186666276092e-01
4.799999999999482725e+01 7.465741883356095121e-01 1.347672418603406697e-01
4.809999999999481446e+01 7.189586599849907556e-01 1.553759974316718806e-01
4.819999999999480167e+01 6.902516466573302978e-01 1.770079867534986862e-01
4.829999999999478888e+01 6.605883824570527585e-01 1.995524293099613933e-01
4.839999999999477609e+01 6.301080979903103119e-01 2.228947027727945229e-01
4.849999999999477041e+01 5.989533501255963621e-01 2.469168990619926285e-01
4.859999999999475762e+01 5.672693386895040213e-01 2.714983937123991442e-01
4.869999999999474483e+01 5.352032133561536176e-01 2.965164258151945509e-01
4.879999999999473914e+01 5.029033740247492723e-01 3.218466857649596724e-01
4.889999999999472635e+01 4.705187679959518254e-01 3.473639080156895598e-01
4.899999999999471356e+01 4.381981872611280249e-01 3.729424660378093392e-01
4.909999999999470077e+01 4.060895692043928196e-01 3.984569666672542754e-01
4.919999999999468798e+01 3.743393039900719810e-01 4.237828410520027567e-01
4.929999999999468230e+01 3.430915518625919924e-01 4.487969294285413802e-01
4.939999999999466951e+01 3.124875735287632739e-01 4.733780569992890874e-01
4.949999999999465672e+01 2.826650767176483448e-01 4.974075982353107772e-01
4.959999999999465103e+01 2.537575819258792165e-01 5.207700269927729719e-01
4.969999999999463824e+01 2.258938102550016314e-01 5.433534499080978630e-01
4.979999999999462545e+01 1.991970961321423428e-01 5.650501206255446052e-01
4.989999999999461266e+01 1.737848275784542318e-01 5.857569325105475011e-01
4.999999999999459988e+01 1.497679165495974241e-01 6.053758876107822040e-01
5.009999999999459419e+01 1.272503017228301669e-01 6.238145397496749345e-01
5.019999999999458140e+01 1.063284859424715595e-01 6.409864097636127633e-01
5.029999999999456861e+01 8.709111036591832278e-02 6.568113710357021962e-01
5.039999999999456293e+01 6.961856717120645799e-02 6.712160036236299865e-01
5.049999999999455014e+01 5.398265249965826518e-02 6.841339154334533657e-01
5.059999999999453735e+01 4.024626111159528702e-02 6.955060290529253564e-01
5.069999999999452456e+01 2.846312403186517653e-02 7.052808330240619705e-01
5.079999999999451177e+01 1.867759025512378407e-02 7.134145965060915140e-01
5.089999999999450608e+01 1.092445337003413071e-02 7.198715464571739941e-01
5.099999999999449329e+01 5.228823747271924526e-03 7.246240066410788438e-01
5.109999999999448050e+01 1.606046720005887456e-03 7.276524979492269285e-01
5.119999999999447482e+01 6.166696787307519953e-05 7.289457997103582221e-01
5.129999999999446203e+01 5.914390977845108760e-04 7.285009718465886852e-01
5.139999999999444924e+01 3.181384198026779644e-03 7.263233379164997228e-01
5.149999999999443645e+01 7.807891927105787069e-03 7.224264292742642590e-01
5.159999999999442366e+01 1.443786748665127836e-02 7.168318907495850878e-01
5.169999999999441798e+01 2.302892261940119034e-02 7.095693484395051431e-01
5.179999999999440519e+01 3.352960956982508484e-02 7.006762403721600307e-01
5.189999999999439240e+01 4.587969674720993735e-02 6.901976109811760463e-01
5.199999999999438671e+01 6.001048463997469412e-02 6.781858704894151435e-01
5.209999999999437392e+01 7.584516034641371196e-02 6.647005204669663714e-01
5.219999999999436113e+01 9.329918891194249886e-02 6.498078469798924672e-01
5.229999999999434834e+01 1.122807394968171890e-01 6.335805828935199280e-01
5.239999999999433555e+01 1.326911442422454290e-01 6.160975410346655190e-01
5.249999999999432987e+01 1.544253875571984791e-01 5.974432200452863828e-01
5.259999999999431708e+01 1.773726234139337832e-01 5.777073848850999838e-01
5.269999999999430429e+01 2.014167181178406762e-01 5.569846240496886258e-01
5.279999999999429861e+01 2.264368159068257946e-01 5.353738856734534535e-01
5.289999999999428582e+01 2.523079246387462393e-01 5.129779947784290917e-01
5.299999999999427303e+01 2.789015187402235640e-01 4.899031540097999460e-01
5.309999999999426024e+01 3.060861565211715485e-01 4.662584302678544623e-01
5.319999999999424745e+01 3.337281089011407964e-01 4.421552297037592005e-01
5.329999999999424176e+01 3.616919965522811808e-01 4.177067635920371225e-01
5.339999999999422897e+01 3.898414324347621585e-01 3.930275076260140721e-01
5.349999999999421618e+01 4.180396666862351562e-01 3.682326572045173108e-01
5.359999999999421050e+01 4.461502308279254314e-01 3.434375812871290901e-01
5.369999999999419771e+01 4.740375782637089030e-01 3.187572773924862157e-01
5.379999999999418492e+01 5.015677180773173705e-01 2.943058302996318654e-01
5.389999999999417213e+01 5.286088391762633343e-01 2.701958769849874265e-01
5.399999999999415934e+01 5.550319218855279679e-01 2.465380802899515278e-01
5.409999999999415365e+01 5.807113341661732653e-01 2.234406137624882216e-01
5.419999999999414086e+01 6.055254097144109338e-01 2.010086600560611891e-01
5.429999999999412807e+01 6.293570052931324321e-01 1.793439251955404323e-01
5.439999999999412239e+01 6.520940347556906103e-01 1.585441709377117259e-01
5.449999999999410960e+01 6.736299773387883771e-01 1.387027673600085276e-01
5.459999999999409681e+01 6.938643579332942624e-01 1.199082677087521392e-01
5.469999999999408402e+01 7.127031971801857102e-01 1.022440074258155474e-01
5.479999999999407123e+01 7.300594293890455555e-01 8.578772915213592198e-02
5.489999999999406555e+01 7.458532864357049208e-01 7.061123537783890736e-02
5.499999999999405276e+01 7.600126459604358287e-01 5.678007027272107682e-02
5.509999999999403997e+01 7.724733423643274088e-01 4.435323208795372701e-02
5.519999999999403428e+01 7.831794392795309312e-01 3.338291737141219767e-02
5.529999999999402149e+01 7.920834623752723846e-01 2.391429808479020661e-02
5.539999999999400870e+01 7.991465915542932397e-01 1.598533255217019292e-02
5.549999999999399591e+01 8.043388117844177954e-01 9.626611007366394149e-03
5.559999999999398312e+01 8.076390220101037354e-01 4.861236341965980388e-03
5.569999999999397744e+01 8.090351017872877692e-01 1.704740488435246837e-03
5.579999999999396465e+01 8.085239354836067927e-01 1.650367036132447047e-04
5.589999999999395186e+01 8.061113940855164639e-01 2.424078482951120639e-04
5.599999999999394618e+01 8.018122748558661472e-01 1.929530589130456272e-03
5.609999999999393339e+01 7.956501992779824173e-01 5.211535280553185497e-03
5.619999999999392060e+01 7.876574699194452966e-01 1.006610111771433745e-02
5.629999999999390781e+01 7.778748870402948379e-01 1.646358598716572696e-02
5.639999999999389502e+01 7.663515259513894451e-01 2.436719028111311233e-02
5.649999999999388933e+01 7.531444763160380917e-01 3.373315378417059140e-02
5.659999999999387654e+01 7.383185447567413018e-01 4.451098458940804664e-02
5.669999999999386375e+01 7.219459222983456437e-01 5.664371885378115257e-02
5.679999999999385807e+01 7.041058183394851566e-01 7.006821006256189199e-02
5.689999999999384528e+01 6.848840629925065926e-01 8.471544633840777383e-02
5.699999999999383249e+01 6.643726797760106662e-01 1.005108942045736531e-01
5.709999999999381970e+01 6.426694307752601754e-01 1.173748670928294741e-01
5.719999999999380691e+01 6.198773365069112362e-01 1.352229167771896723e-01
5.729999999999380123e+01 5.961041728350315871e-01 1.539662458127346312e-01
5.739999999999378844e+01 5.714619473860694798e-01 1.735121389678915549e-01
5.749999999999377565e+01 5.460663579951027247e-01 1.937644115558866398e-01
5.759999999999376996e+01 5.200362357926233692e-01 2.146238724997112102e-01
5.769999999999375717e+01 4.934929756036523507e-01 2.359887999034532835e-01
5.779999999999374438e+01 4.665599563792173221e-01 2.577554268522143088e-01
5.789999999999373159e+01 4.393619544192980952e-01 2.798184351227409605e-01
5.799999999999371880e+01 4.120245521677418088e-01 3.020714544585738071e-01
5.809999999999371312e+01 3.846735453720320774e-01 3.244075650455595650e-01
5.819999999999370033e+01 3.574343513973534114e-01 3.467198008169113388e-01
5.829999999999368754e+01 3.304314214690586282e-01 3.689016512222472732e-01
5.839999999999368185e+01 3.037876595889106301e-01 3.908475591101646662e-01
5.849999999999366906e+01 2.776238508287153239e-01 4.124534124006452585e-01
5.859999999999365627e+01 2.520581016523598672e-01 4.336170272621337474e-01
5.869999999999364348e+01 2.272052948491538882e-01 4.542386205544929334e-01
5.879999999999363069e+01 2.031765615849535078e-01 4.742212693591780770e-01
5.889999999999362501e+01 1.800787729872584120e-01 4.934713554856275386e-01
5.899999999999361222e+01 1.580140535797520951e-01 5.118989929208054290e-01
5.909999999999359943e+01 1.370793187714762773e-01 5.294184362771646724e-01
5.919999999999359375e+01 1.173658384838693058e-01 5.459484683891822066e-01
5.929999999999358096e+01 9.895882886942604373e-02 5.614127653147126251e-01
5.939999999999356817e+01 8.193707393590429766e-02 5.757402371081377090e-01
5.949999999999355538e+01 6.637257874383312162e-02 5.888653428533784373e-01
5.959999999999354259e+01 5.233025568989273929e-02 6.007283785702182133e-01
5.969999999999353690e+01 3.986764522848201125e-02 6.112757367391354890e-01
5.979999999999352411e+01 2.903467221692161357e-02 6.204601363305468631e-01
5.989999999999351132e+01 1.987343889815434625e-02 6.282408223614620590e-01
5.999999999999350564e+01 1.241805535917013363e-02 6.345837341554548816e-01
6.009999999999349285e+01 6.694508124309815969e-03 6.394616416262696168e-01
6.019999999999348006e+01 2.720567361244280707e-03 6.428542490612020321e-01
6.029999999999346727e+01 5.057329943202560707e-04 6.447482660335025484e-01
6.039999999999345448e+01 5.121983627718033650e-05 6.451374452288579642e-01
6.049999999999344880e+01 1.349981665756608360e-03 6.440225871273811409e-01
6.059999999999343601e+01 4.386773995440271939e-03 6.414115116372005598e-01
6.069999999999342322e+01 9.138255094960294478e-03 6.373189969323783677e-01
6.079999999999341753e+01 1.557312465472903903e-02 6.317666858989611223e-01
6.089999999999340474e+01 2.365229930236979403e-02 6.247829607440823496e-01
6.099999999999339195e+01 3.332912401331104835e-02 6.164027864716310479e-01
6.109999999999337916e+01 4.454961829210814933e-02 6.066675240693405469e-01
6.119999999999336637e+01 5.725275584191614336e-02 5.956247143928317112e-01
6.129999999999336069e+01 7.137077628709423416e-02 5.833278338659354523e-01
6.139999999999334790e+01 8.682952736850954589e-02 5.698360232438530737e-01
6.149999999999333511e+01 1.035488358941958897e-01 5.552137908085316154e-01
6.159999999999332942e+01 1.214429055987741451e-01 5.395306914798296827e-01
6.169999999999331664e+01 1.404207399461935291e-01 5.228609834348565411e-01
6.179999999999330385e+01 1.603865877996062395e-01 5.052832639257759384e-01
6.189999999999329106e+01 1.812404097833029692e-01 4.868800860797314334e-01
6.199999999999327827e+01 2.028783630718173081e-01 4.677375585458982687e-01
6.209999999999327258e+01 2.251933022632379433e-01 4.479449299292356801e-01
6.219999999999325979e+01 2.480752939273630775e-01 4.275941600137755927e-01
6.229999999999324700e+01 2.714121423629171637e-01 4.067794798346614504e-01
6.239999999999324132e+01 2.950899240555701630e-01 3.855969427009109940e-01
6.249999999999322853e+01 3.189935282963367036e-01 3.641439683074167433e-01
6.259999999999321574e+01 3.430072013997004787e-01 3.425188820982589810e-01
6.269999999999320295e+01 3.670150919550744795e-01 3.208204520582360608e-01
6.279999999999319016e+01 3.909017945475092848e-01 2.991474251136801432e-01
6.289999999999318447e+01 4.145528894017598276e-01 2.775980653168517720e-01
6.299999999999317168e+01 4.378554754321431486e-01 2.562696959732846946e-01
6.309999999999315889e+01 4.606986942198752488e-01 2.352582478432495849e-01
6.319999999999315321e+01 4.829742424917653487e-01 2.146578155138714195e-01
6.329999999999314042e+01 5.045768707383110341e-01 1.945602239914016318e-01
6.339999999999312763e+01 5.254048656800077710e-01 1.750546075080427200e-01
6.349999999999311484e+01 5.453605143782223053e-01 1.562270024732538010e-01
6.359999999999310205e+01 5.643505478788070073e-01 1.381599564258697288e-01
6.369999999999309637e+01 5.822865623817951031e-01 1.209321547615330589e-01
6.379999999999308358e+01 5.990854160427415698e-01 1.046180669200451469e-01
6.389999999999307079e+01 6.146695996332560696e-01 8.928761361999958124e-02
6.399999999999306510e+01 6.289675794162710165e-01 7.500585662306964718e-02
6.409999999999305942e+01 6.419141107301273852e-01 6.183271239976013967e-02
6.419999999999303952e+01 6.534505209162375650e-01 4.982269095070629428e-02
6.429999999999301963e+01 6.635249603756977477e-01 3.902466091553435934e-02
6.439999999999301394e+01 6.720926206940200931e-01 2.948164197336334072e-02
6.449999999999300826e+01 6.791159189310044253e-01 2.123062540772491236e-02
6.459999999999300258e+01 6.845646473348662164e-01 1.430242357305248208e-02
6.469999999999298268e+01 6.884160879071175021e-01 8.721548861785506646e-03
6.479999999999297700e+01 6.906550914072226988e-01 4.506122630498239114e-03
6.489999999999295710e+01 6.912741205596970584e-01 1.667814401247725035e-03
6.499999999999295142e+01 6.902732573914959202e-01 2.118115111759447621e-04
6.509999999999294573e+01 6.876601747973759560e-01 1.368192399383019666e-04
6.519999999999292584e+01 6.834500725992710413e-01 1.435091301466682664e-03
6.529999999999292015e+01 6.776655785304900315e-01 4.092490444567409638e-03
6.539999999999290026e+01 6.703366147385166895e-01 8.088578766577144558e-03
6.549999999999289457e+01 6.615002305604629207e-01 1.339673720638836878e-02
6.559999999999288889e+01 6.512004024807354075e-01 1.998431354826909687e-02
6.569999999999286899e+01 6.394878023306738157e-01 2.781279813664414707e-02
6.579999999999286331e+01 6.264195349356023179e-01 3.683802637497998050e-02
6.589999999999285762e+01 6.120588465530706346e-01 4.701040695973859179e-02
6.599999999999283773e+01 5.964748055797227666e-01 5.827517468349156099e-02
6.609999999999283204e+01 5.797419571262956151e-01 7.057266653049291960e-02
6.619999999999282636e+01 5.619399531800133296e-01 8.383861968324306246e-02
6.629999999999280647e+01 5.431531601802603859e-01 9.800448996131190527e-02
6.639999999999280078e+01 5.234702459317019940e-01 1.129977891228641368e-01
6.649999999999278089e+01 5.029837478721268518e-01 1.287424393772198250e-01
6.659999999999277520e+01 4.817896247885387062e-01 1.451591433816275811e-01
6.669999999999276952e+01 4.599867941477533417e-01 1.621657679297818788e-01
6.679999999999274962e+01 4.376766572663433608e-01 1.796777394816772566e-01
6.689999999999274394e+01 4.149626145929455334e-01 1.976084496357125297e-01
6.699999999999272404e+01 3.919495734153330413e-01 2.158696686049673130e-01
6.709999999999271836e+01 3.687434503301558752e-01 2.343719647282832830e-01
6.719999999999271267e+01 3.454506708305002949e-01 2.530251280269333880e-01
6.729999999999269278e+01 3.221776683704240529e-01 2.717385958051075079e-01
6.739999999999268709e+01 2.990303852592741674e-01 2.904218782910718000e-01
6.749999999999268141e+01 2.761137777217732570e-01 3.089849823228019154e-01
6.759999999999266151e+01 2.535313274313915066e-01 3.273388310984705063e-01
6.769999999999265583e+01 2.313845617853750036e-01 3.453956780383577452e-01
6.779999999999265015e+01 2.097725851404595443e-01 3.630695128394194615e-01
6.789999999999263025e+01 1.887916231689125146e-01 3.802764578475960056e-01
6.799999999999262457e+01 1.685345824241679114e-01 3.969351529254936950e-01
6.809999999999260467e+01 1.490906271271034700e-01 4.129671270538833872e-01
6.819999999999259899e+01 1.305447750947905938e-01 4.282971549741021455e-01
6.829999999999259330e+01 1.129775146370863986e-01 4.428535972555154854e-01
6.839999999999257341e+01 9.646444414092879283e-02 4.565687222548162616e-01
6.849999999999256772e+01 8.107593594950433802e-02 4.693790085267138812e-01
6.859999999999254783e+01 6.687682602306556368e-02 4.812254263402653831e-01
6.869999999999254214e+01 5.392613074198475409e-02 4.920536970602494287e-01
6.879999999999253646e+01 4.227679207976002551e-02 5.018145292603765073e-01
6.889999999999251656e+01 3.197545223620478633e-02 5.104638305485106331e-01
6.899999999999251088e+01 2.306225867849279881e-02 5.179628942032471484e-01
6.909999999999250520e+01 1.557070039145061480e-02 5.242785598403327807e-01
6.919999999999248530e+01 9.527475989056762365e-03 5.293833474552043228e-01
6.929999999999247962e+01 4.952394186946157927e-03 5.332555643121793532e-01
6.939999999999247393e+01 1.858306982021985972e-03 5.358793842834513876e-01
6.949999999999245404e+01 2.510757303483615588e-04 5.372448993690279728e-01
6.959999999999244835e+01 1.295701593410584086e-04 5.373481432617617237e-01
6.969999999999242846e+01 1.485700195496010394e-03 5.361910869534534108e-01
6.979999999999242277e+01 4.304480335260083869e-03 5.337816065086881112e-01
6.989999999999241709e+01 8.564126134858381437e-03 5.301334232629016929e-01
6.999999999999239719e+01 1.423618224567491618e-02 5.252660168307544675e-01
7.009999999999239151e+01 2.128568127579154659e-02 5.192045114358543323e-01
7.019999999999237161e+01 2.967133261625126694e-02 5.119795361971032355e-01
7.029999999999236593e+01 3.934574023313550800e-02 5.036270601260409707e-01
7.039999999999236024e+01 5.025564829425453739e-02 4.941882027055676252e-01
7.049999999999234035e+01 6.234221337279201997e-02 4.837090210324578310e-01
7.059999999999233466e+01 7.554130185017501886e-02 4.722402746110871408e-01
7.069999999999232898e+01 8.978381102726755436e-02 4.598371689879410251e-01
7.079999999999230909e+01 1.049960123471636725e-01 4.465590795098254850e-01
7.089999999999230340e+01 1.210999150352435050e-01 4.324692565791077303e-01
7.099999999999229772e+01 1.380136483721788321e-01 4.176345138584159900e-01
7.109999999999227782e+01 1.556518607354138439e-01 4.021249009545951880e-01
7.119999999999227214e+01 1.739261334721899643e-01 3.860133621758465305e-01
7.129999999999225224e+01 1.927454076053466414e-01 3.693753830184485776e-01
7.139999999999224656e+01 2.120164213201717607e-01 3.522886260875586761e-01
7.149999999999224087e+01 2.316441561372776792e-01 3.348325582026924763e-01
7.159999999999222098e+01 2.515322896445674195e-01 3.170880704707333408e-01
7.169999999999221529e+01 2.715836526370937754e-01 2.991370931376959863e-01
7.179999999999219540e+01 2.917006885022608298e-01 2.810622070463729139e-01
7.189999999999218971e+01 3.117859126848854801e-01 2.629462535370891141e-01
7.199999999999218403e+01 3.317423700739249859e-01 2.448719446290000823e-01
7.209999999999216413e+01 3.514740881715056053e-01 2.269214753103518944e-01
7.219999999999215845e+01 3.708865239321683660e-01 2.091761397502950315e-01
7.229999999999215277e+01 3.898870021972935529e-01 1.917159532188180138e-01
7.239999999999213287e+01 4.083851436988708561e-01 1.746192814681673533e-01
7.249999999999212719e+01 4.262932806606101188e-01 1.579624792871641425e-01
7.259999999999212150e+01 4.435268580925877946e-01 1.418195398905084392e-01
7.269999999999210161e+01 4.600048189487658257e-01 1.262617567478739877e-01
7.279999999999209592e+01 4.756499713988494027e-01 1.113573993929693751e-01
7.289999999999207603e+01 4.903893365580155317e-01 9.717140468148184607e-02
7.299999999999207034e+01 5.041544751148461234e-01 8.376508488848387335e-02
7.309999999999206466e+01 5.168817914030419125e-01 7.119585395170688336e-02
7.319999999999204476e+01 5.285128135743935029e-01 5.951697307665666098e-02
7.329999999999203908e+01 5.389944486467745932e-01 4.877731682438165434e-02
7.339999999999201918e+01 5.482792113248967647e-01 3.902116070181704810e-02
7.349999999999201350e+01 5.563254256174748891e-01 3.028799117016788348e-02
7.359999999999200782e+01 5.630973984070156702e-01 2.261233887771236378e-02
7.369999999999198792e+01 5.685655642624395378e-01 1.602363581151659139e-02
7.379999999999198224e+01 5.727066009235556310e-01 1.054609694739474732e-02
7.389999999999197655e+01 5.755035150250688014e-01 6.198626860307597346e-03
7.399999999999195666e+01 5.769456977701219458e-01 2.994751638333959399e-03
7.409999999999195097e+01 5.770289504051440144e-01 9.425763232290666500e-04
7.419999999999194529e+01 5.757554794907481233e-01 4.476797982924353236e-05
7.429999999999192539e+01 5.731338621042945114e-01 2.985643757933034541e-04
7.439999999999191971e+01 5.691789812515426483e-01 1.695808132950587643e-03
7.449999999999189981e+01 5.639119319030257982e-01 4.223006092403919221e-03
7.459999999999189413e+01 5.573598982073439956e-01 7.861413518077063275e-03
7.469999999999188844e+01 5.495560025672820981e-01 1.258714264814813841e-02
7.479999999999186855e+01 5.405391273932481644e-01 1.837129499130445154e-02
7.489999999999186286e+01 5.303537104754475484e-01 2.518011665548461342e-02
7.499999999999184297e+01 5.190495150343339414e-01 3.297517589131342824e-02
7.509999999999183729e+01 5.066813756264049173e-01 4.171356193113241045e-02
7.519999999999183160e+01 4.933089211893558201e-01 5.134810410805448755e-02
7.529999999999181171e+01 4.789962766135494321e-01 6.182761014793936027e-02
7.539999999999180602e+01 4.638117443242783522e-01 7.309712244147899274e-02
7.549999999999180034e+01 4.478274674440840819e-01 8.509819102341266428e-02
7.559999999999178044e+01 4.311190761888216705e-01 9.776916191256464217e-02
7.569999999999177476e+01 4.137653192210494213e-01 1.110454793988550903e-01
7.579999999999176907e+01 3.958476817491312638e-01 1.248600008039294357e-01
7.589999999999174918e+01 3.774499922173241151e-01 1.391433221882971139e-01
7.599999999999174349e+01 3.586580194766791352e-01 1.538241134329041693e-01
7.609999999999172360e+01 3.395590623653038098e-01 1.688294610845549049e-01
7.619999999999171791e+01 3.202415336557198344e-01 1.840852173243506251e-01
7.629999999999171223e+01 3.007945403442440213e-01 1.995163533958960456e-01
7.639999999999169233e+01 2.813074622685814985e-01 2.150473158152407804e-01
7.649999999999168665e+01 2.618695310398945764e-01 2.306023836776934510e-01
7.659999999999166675e+01 2.425694112661152257e-01 2.461060253783207419e-01
7.669999999999166107e+01 2.234947860259186292e-01 2.614832530716834080e-01
7.679999999999165539e+01 2.047319485245076842e-01 2.766599732133628309e-01
7.689999999999163549e+01 1.863654018269340074e-01 2.915633315507506484e-01
7.699999999999162981e+01 1.684774685190300325e-01 3.061220509627807784e-01
7.709999999999162412e+01 1.511479120926549902e-01 3.202667605877516088e-01
7.719999999999160423e+01 1.344535717899829896e-01 3.339303147256781901e-01
7.729999999999159854e+01 1.184680125720287275e-01 3.470481000546297157e-01
7.739999999999159286e+01 1.032611917991060752e-01 3.595583297621621210e-01
7.749999999999157296e+01 8.889914412642950514e-02 3.714023232583125167e-01
7.759999999999156728e+01 7.544368602691758907e-02 3.825247702111467807e-01
7.769999999999154738e+01 6.295214125573006525e-02 3.928739777219580342e-01
7.779999999999154170e+01 5.147708846760401524e-02 4.024020995440135140e-01
7.789999999999153601e+01 4.106613208966418405e-02 4.110653463339912772e-01
7.799999999999151612e+01 3.176169743865274453e-02 4.188241760211030562e-01
7.809999999999151044e+01 2.360085095416813994e-02 4.256434634739661993e-01
7.819999999999149054e+01 1.661514629806007393e-02 4.314926487459107562e-01
7.829999999999148486e+01 1.083049694578967943e-02 4.363458632843701390e-01
7.839999999999147917e+01 6.267075768802521200e-03 4.401820335934907846e-01
7.849999999999145928e+01 2.939241978150861946e-03 4.429849619489437673e-01
7.859999999999145359e+01 8.554956697177654645e-04 4.447433838725137756e-01
7.869999999999144791e+01 1.846008077291452009e-05 4.454510021843453571e-01
7.879999999999142801e+01 4.248915369403915036e-04 4.451064975618186370e-01
7.889999999999142233e+01 2.065716938638145501e-03 4.437135156443949291e-01
7.899999999999141664e+01 4.926098507187985469e-03 4.412806308344197626e-01
7.909999999999139675e+01 8.985525383753144996e-03 4.378212870520850064e-01
7.919999999999139106e+01 1.421793154958428396e-02 4.333537158106537390e-01
7.929999999999137117e+01 2.059183941437983320e-02 4.279008320834449819e-01
7.939999999999136548e+01 2.807052830136141583e-02 4.214901085360044375e-01
7.949999999999135980e+01 3.661222694357368218e-02 4.141534287971348482e-01
7.959999999999133991e+01 4.617032899641450999e-02 4.059269205378384093e-01
7.969999999999133422e+01 5.669363046695246461e-02 3.968507692203430137e-01
7.979999999999131433e+01 6.812658786164473013e-02 3.869690134648871571e-01
7.989999999999130864e+01 8.040959576137388098e-02 3.763293230679208290e-01
7.999999999999130296e+01 9.347928244604784831e-02 3.649827607794993711e-01
8.009999999999128306e+01 1.072688221114521390e-01 3.529835290229275113e-01
8.019999999999127738e+01 1.217082621486152288e-01 3.403887028040346041e-01
8.029999999999127169e+01 1.367248638905535774e-01 3.272579501186781425e-01
8.039999999999125180e+01 1.522434551745324438e-01 3.136532412203131281e-01
8.049999999999124611e+01 1.681867930179236914e-01 2.996385481574097565e-01
8.059999999999124043e+01 1.844759346651552445e-01 2.852795360303266858e-01
8.069999999999122053e+01 2.010306152301958305e-01 2.706432474510627184e-01
8.079999999999121485e+01 2.177696301346943586e-01 2.557977817152704558e-01
8.089999999999119495e+01 2.346112205259480721e-01 2.408119702159463860e-01
8.099999999999118927e+01 2.514734598520270703e-01 2.257550496392496109e-01
8.109999999999118359e+01 2.682746397724600773e-01 2.106963344878058919e-01
8.119999999999116369e+01 2.849336535928166381e-01 1.957048904744735640e-01
8.129999999999115801e+01 3.013703754303398985e-01 1.808492103195236678e-01
8.139999999999113811e+01 3.175060333437918492e-01 1.661968934667856779e-01
8.149999999999113243e+01 3.332635746966179924e-01 1.518143312106872422e-01
8.159999999999112674e+01 3.485680220647617289e-01 1.377663986949029529e-01
8.169999999999110685e+01 3.633468180513547696e-01 1.241161552051725375e-01
8.179999999999110116e+01 3.775301574295246709e-01 1.109245541352677777e-01
8.189999999999109548e+01 3.910513050983347449e-01 9.825016395353522447e-02
8.199999999999107558e+01 4.038468984115527460e-01 8.614890144148447393e-02
8.209999999999106990e+01 4.158572325155701077e-01 7.467377841303715624e-02
8.219999999999106421e+01 4.270265274189101179e-01 6.387466305503448905e-02
8.229999999999104432e+01 4.373031756069641340e-01 5.379805695700767137e-02
8.239999999999103864e+01 4.466399691093349000e-01 4.448688881994568994e-02
8.249999999999101874e+01 4.549943050306021752e-01 3.598032575197988164e-02
8.259999999999101306e+01 4.623283686581631247e-01 2.831360297270973589e-02
8.269999999999100737e+01 4.686092933699527729e-01 2.151787265813712158e-02
8.279999999999098748e+01 4.738092966781343174e-01 1.562007256565608494e-02
8.289999999999098179e+01 4.779057918571333330e-01 1.064281498292901466e-02
8.299999999999096190e+01 4.808814747238054355e-01 6.604296446980101321e-03
8.309999999999095621e+01 4.827243852534290891e-01 3.518228580466191153e-03
8.319999999999095053e+01 4.834279438371128501e-01 1.393790291485366662e-03
8.329999999999093063e+01 4.829909621039158441e-01 2.356014818990478975e-04
8.339999999999092495e+01 4.814176283525932742e-01 4.371830745615925011e-05
8.349999999999091926e+01 4.787174677561723546e-01 8.136499315019001932e-04
8.359999999999089937e+01 4.749052776199843562e-01 2.536396613189499400e-03
8.369999999999089368e+01 4.700010380920245923e-01 5.198508871386087540e-03
8.379999999999088800e+01 4.640297988356386627e-01 8.782167367318037543e-03
8.389999999999086810e+01 4.570215422884564282e-01 1.326528305289825793e-02
8.399999999999086242e+01 4.490110242366799342e-01 1.862161703807948751e-02
8.409999999999084253e+01 4.400375925393060772e-01 2.482091953988239258e-02
8.419999999999083684e+01 4.301449849367828260e-01 3.182908718835170819e-02
8.429999999999083116e+01 4.193811069712859996e-01 3.960833788119454135e-02
8.439999999999081126e+01 4.077977911380290532e-01 4.811740229915136002e-02
8.449999999999080558e+01 3.954505384696478942e-01 5.731173111928784814e-02
8.459999999999078568e+01 3.823982438335871703e-01 6.714371689313686220e-02
8.469999999999078000e+01 3.687029062951897029e-01 7.756292949130688674e-02
8.479999999999077431e+01 3.544293259635992732e-01 8.851636395681392044e-02
8.489999999999075442e+01 3.396447887963700563e-01 9.994869955508531301e-02
8.499999999999074873e+01 3.244187408886242685e-01 1.118025687604464191e-01
8.509999999999074305e+01 3.088224538182267054e-01 1.240188348771002758e-01
8.519999999999072315e+01 2.929286826529672871e-01 1.365368769565932783e-01
8.529999999999071747e+01 2.768113182549907236e-01 1.492948806445032195e-01
8.539999999999071179e+01 2.605450355379838601e-01 1.622301335664292909e-01
8.549999999999069189e+01 2.442049393465104967e-01 1.752793238470078674e-01
8.559999999999068621e+01 2.278662096302518092e-01 1.883788403461071903e-01
8.569999999999066631e+01 2.116037475844193827e-01 2.014650731940030859e-01
8.579999999999066063e+01 1.954918244157929641e-01 2.144747132104489196e-01
8.589999999999065494e+01 1.796037343763148275e-01 2.273450488039017725e-01
8.599999999999063505e+01 1.640114536788237487e-01 2.400142589634665646e-01
8.609999999999062936e+01 1.487853068767686915e-01 2.524217009800981404e-01
8.619999999999060947e+01 1.339936422484301615e-01 2.645081915635064118e-01
8.629999999999060378e+01 1.197025176780369543e-01 2.762162800567423693e-01
8.639999999999059810e+01 1.059753984712656361e-01 2.874905124929308387e-01
8.649999999999057820e+01 9.287286848135224704e-02 2.982776852860504202e-01
8.659999999999057252e+01 8.045235585408726242e-02 3.085270874008658182e-01
8.669999999999056683e+01 6.876787462660483019e-02 3.181907299058457372e-01
8.679999999999054694e+01 5.786978333548764564e-02 3.272235618760832576e-01
8.689999999999054126e+01 4.780456170577470493e-02 3.355836716808293096e-01
8.699999999999053557e+01 3.861460640316737025e-02 3.432324727635605588e-01
8.709999999999051568e+01 3.033804673861545051e-02 3.501348730980063939e-01
8.719999999999050999e+01 2.300858111743805598e-02 3.562594275830726631e-01
8.729999999999049010e+01 1.665533492446083161e-02 3.615784727233268825e-01
8.739999999999048441e+01 1.130274043351769259e-02 3.660682430269968091e-01
8.749999999999047873e+01 6.970439223848886624e-03 3.697089686411350051e-01
8.759999999999045883e+01 3.673207478365879842e-03 3.724849538348544709e-01
8.769999999999045315e+01 1.420904429801794593e-03 3.743846360309002752e-01
8.779999999999043325e+01 2.184441109875890307e-04 3.754006251807529559e-01
8.789999999999042757e+01 6.579045536302627632e-05 3.755297233696848758e-01
8.799999999999042188e+01 9.579756839264556324e-04 3.747729246331593100e-01
8.809999999999040199e+01 2.885141805606410061e-03 3.731353950574579081e-01
8.819999999999039630e+01 5.832604950057876901e-03 3.706264333309589598e-01
8.829999999999039062e+01 9.780942145617355782e-03 3.672594120040453269e-01
8.839999999999037072e+01 1.470610005110727959e-02 3.630516998034366560e-01
8.849999999999036504e+01 2.057952504883599903e-02 3.580245654373704345e-01
8.859999999999035936e+01 2.736831400793553540e-02 3.522030634107977121e-01
8.869999999999033946e+01 3.503538493264533177e-02 3.456159024541705649e-01
8.879999999999033378e+01 4.353966661959005058e-02 3.382952972478962539e-01
8.889999999999031388e+01 5.283630636202496511e-02 3.302768042010776894e-01
8.899999999999030820e+01 6.287689465787839327e-02 3.215991421152488705e-01
8.909999999999030251e+01 7.360970580223638593e-02 3.123039986313662641e-01
8.919999999999028262e+01 8.497995317461674858e-02 3.024358234223433750e-01
8.929999999999027693e+01 9.693005796665755958e-02 2.920416091518914237e-01
8.939999999999025704e+01 1.093999300373398320e-01 2.811706612742348455e-01
8.949999999999025135e+01 1.223272595308971950e-01 2.698743577975175612e-01
8.959999999999024567e+01 1.356478178469160689e-01 2.582059001774282825e-01
8.969999999999022577e+01 1.492957665134846956e-01 2.462200565438579236e-01
8.979999999999022009e+01 1.632039724826757354e-01 2.339728984960655622e-01
8.989999999999021441e+01 1.773043283427966632e-01 2.215215327267941736e-01
8.999999999999019451e+01 1.915280759242967978e-01 2.089238287557570461e-01
9.009999999999018883e+01 2.058061317664059142e-01 1.962381440664528187e-01
9.019999999999018314e+01 2.200694129077322703e-01 1.835230479473498044e-01
9.029999999999016325e+01 2.342491614692913116e-01 1.708370453404024769e-01
9.039999999999015756e+01 2.482772665088842368e-01 1.582383019942267821e-01
9.049999999999013767e+01 2.620865816448172403e-01 1.457843722092762861e-01
9.059999999999013198e+01 2.756112369722730215e-01 1.335319304444101962e-01
9.069999999999012630e+01 2.887869438278591883e-01 1.215365080323067282e-01
9.079999999999010640e+01 3.015512909971656552e-01 1.098522362218842530e-01
9.089999999999010072e+01 3.138440310050015225e-01 9.853159673227784854e-02
9.099999999999008082e+01 3.256073551806292210e-01 8.762518096264505785e-02
9.109999999999007514e+01 3.367861562468311143e-01 7.718145895763499353e-02
9.119999999999006945e+01 3.473282772458788359e-01 6.724655917834060359e-02
9.129999999999004956e+01 3.571847456833001089e-01 5.786406007368016108e-02
9.139999999999004388e+01 3.663099918447936809e-01 4.907479438843063285e-02
9.149999999999003819e+01 3.746620503191029905e-01 4.091666708056580087e-02
9.159999999999001830e+01 3.822027438426704449e-01 3.342448765342106998e-02
9.169999999999001261e+01 3.888978486683070668e-01 2.662981763764093318e-02
9.179999999999000693e+01 3.947172407491810753e-01 2.056083388384154914e-02
9.189999999998998703e+01 3.996350221235616673e-01 1.524220825031601459e-02
9.199999999998998135e+01 4.036296269791875835e-01 1.069500419084360929e-02
9.209999999998996145e+01 4.066839069756739700e-01 6.936590666471692361e-03
9.219999999998995577e+01 4.087851955004013216e-01 3.980573722162832409e-03
9.229999999998995008e+01 4.099253506350281628e-01 1.836745984993160691e-03
9.239999999998993019e+01 4.101007767095551371e-01 5.110542554173986467e-04
9.249999999998992450e+01 4.093124244228720232e-01 5.585277533318648124e-06
9.259999999998990461e+01 4.075657696084538650e-01 3.185696885526240890e-04
9.269999999998989892e+01 4.048707708244835279e-01 1.444404062303961079e-03
9.279999999998989324e+01 4.012418060472099923e-01 3.373690876922847207e-03
9.289999999998987334e+01 3.966975888412193063e-01 6.093296153323967887e-03
9.299999999998986766e+01 3.912610644782483216e-01 9.586424428992351698e-03
9.309999999998986198e+01 3.849592865661620733e-01 1.383271065146308813e-02
9.319999999998984208e+01 3.778232748404596331e-01 1.880832849790433151e-02
9.329999999998983640e+01 3.698878548563342972e-01 2.448611455194792466e-02
9.339999999998983071e+01 3.611914804018049319e-01 3.083570769648715654e-02
9.349999999998981082e+01 3.517760395297971909e-01 3.782370301211861185e-02
9.359999999998980513e+01 3.416866451818784123e-01 4.541381940539288009e-02
9.369999999998978524e+01 3.309714114439267774e-01 5.356708012942927588e-02
9.379999999998977955e+01 3.196812165383652315e-01 6.224200530203988224e-02
9.389999999998977387e+01 3.078694537151311361e-01 7.139481547338211165e-02
9.399999999998975397e+01 2.955917712566010769e-01 8.097964524692181920e-02
9.409999999998974829e+01 2.829058028584168216e-01 9.094876591390940734e-02
9.419999999998972839e+01 2.698708896874228436e-01 1.012528160229620167e-01
9.429999999998972271e+01 2.565477954537517258e-01 1.118410387733002193e-01
9.439999999998971703e+01 2.429984158610523637e-01 1.226615250922320904e-01
9.449999999998969713e+01 2.292854838198796485e-01 1.336614612346465336e-01
9.459999999998969145e+01 2.154722718248042179e-01 1.447873797260389450e-01
9.469999999998968576e+01 2.016222929031520894e-01 1.559854124584450497e-01
9.479999999998966587e+01 1.877990015453163131e-01 1.672015447437090740e-01
9.489999999998966018e+01 1.740654960207163593e-01 1.783818691279714097e-01
9.499999999998965450e+01 1.604842234724559724e-01 1.894728377767468941e-01
9.509999999998963460e+01 1.471166891649163533e-01 2.004215122517926939e-01
9.519999999998962892e+01 1.340231712340426984e-01 2.111758095165213456e-01
9.529999999998960902e+01 1.212624422593884255e-01 2.216847430297001764e-01
9.539999999998960334e+01 1.088914989397319483e-01 2.318986578138205468e-01
9.549999999998959765e+01 9.696530111124816720e-02 2.417694584172522254e-01
9.559999999998957776e+01 8.553652129893199452e-02 2.512508287265881046e-01
9.569999999998957207e+01 7.465530593786275093e-02 2.602984426276489516e-01
9.579999999998955218e+01 6.436904934187732963e-02 2.688701645604845702e-01
9.589999999998954650e+01 5.472218143326184475e-02 2.769262390643563165e-01
9.599999999998954081e+01 4.575597017889842383e-02 2.844294684640120141e-01
9.609999999998952092e+01 3.750833960537697936e-02 2.913453779074086092e-01
9.619999999998951523e+01 3.001370418940640591e-02 2.976423670270276767e-01
9.629999999998950955e+01 2.330282033986503035e-02 3.032918475626878441e-01
9.639999999998948965e+01 1.740265560494623845e-02 3.082683663520909279e-01
9.649999999998948397e+01 1.233627615220534053e-02 3.125497131661262307e-01
9.659999999998947828e+01 8.122752981538292061e-03 3.161170129387780303e-01
9.669999999998945839e+01 4.777087241318898198e-03 3.189548020175526633e-01
9.679999999998945270e+01 2.310154926987588713e-03 3.210510881346996248e-01
9.689999999998943281e+01 7.286711491942313677e-04 3.223973938789867488e-01
9.699999999998942712e+01 3.517406610707676833e-05 3.229887835252898132e-01
9.709999999998942144e+01 2.280284817695013469e-04 3.228238731571770326e-01
9.719999999998940154e+01 1.301449020059992174e-03 3.219048240976843389e-01
9.729999999998939586e+01 3.245542692239312011e-03 3.202373197406220839e-01
9.739999999998937597e+01 6.046370585695497873e-03 3.178305259531646887e-01
9.749999999998937028e+01 9.686028312746246607e-03 3.146970352959215789e-01
9.759999999998936460e+01 1.414274477162931129e-02 3.108527953828663093e-01
9.769999999998934470e+01 1.939099868753158679e-02 3.063170217760578518e-01
9.779999999998933902e+01 2.540165231999938142e-02 3.011120958808207182e-01
9.789999999998933333e+01 3.214210164483651683e-02 2.952634483770402718e-01
9.799999999998931344e+01 3.957644224375296560e-02 2.887994287864651954e-01
9.809999999998930775e+01 4.766565006429934748e-02 2.817511618397908757e-01
9.819999999998930207e+01 5.636777614577762052e-02 2.741523913666607526e-01
9.829999999998928217e+01 6.563815434486469647e-02 2.660393124871205939e-01
9.839999999998927649e+01 7.542962103698920562e-02 2.574503929353891274e-01
9.849999999998925659e+01 8.569274571753021652e-02 2.484261843947047910e-01
9.859999999998925091e+01 9.637607137929056489e-02 2.390091247653016726e-01
9.869999999998924523e+01 1.074263635014529039e-01 2.292433323271577672e-01
9.879999999998922533e+01 1.187888664489743229e-01 2.191743927929660773e-01
9.889999999998921965e+01 1.304075660509842749e-01 2.088491402770839278e-01
9.899999999998919975e+01 1.422254571026910774e-01 1.983154332303768141e-01
9.909999999998919407e+01 1.541848145165927164e-01 1.876219264107693852e-01
9.919999999998918838e+01 1.662274668365919250e-01 1.768178399740350792e-01
9.929999999998916849e+01 1.782950708224437519e-01 1.659527267786027882e-01
9.939999999998916280e+01 1.903293858113680459e-01 1.550762390025385851e-01
9.949999999998915712e+01 2.022725465704524328e-01 1.442378951698554956e-01
9.959999999998913722e+01 2.140673333641418818e-01 1.334868486776542851e-01
9.969999999998913154e+01 2.256574379802164243e-01 1.228716589037602558e-01
9.979999999998912585e+01 2.369877244805618510e-01 1.124400659590176349e-01
9.989999999998910596e+01 2.480044834725307068e-01 1.022387701271370436e-01
