1.000000000000000000e+00 2.000000000000000000e+00 0.000000000000000000e+00
1.099999999999988987e+00 1.997600967090257029e+00 1.999200209382068130e-03
1.199999999999977973e+00 1.990415475704140125e+00 7.987208606678489545e-03
1.299999999999966960e+00 1.978478328126490826e+00 1.793529514405617364e-02
1.399999999999955946e+00 1.961847410729800067e+00 3.179573188175736920e-02
1.499999999999944933e+00 1.940603458997824493e+00 4.950202590249831724e-02
1.599999999999933920e+00 1.914849696708493809e+00 7.096924440758262120e-02
1.699999999999922906e+00 1.884711349921103229e+00 9.609443064044105587e-02
1.799999999999911893e+00 1.850335037533628491e+00 1.247571087369594017e-01
1.899999999999900879e+00 1.811888041320745879e+00 1.568198750617997850e-01
1.999999999999889866e+00 1.769557459510572306e+00 1.921290730615930753e-01
2.099999999999878852e+00 1.723549249071653522e+00 2.305155481563912756e-01
2.199999999999867839e+00 1.674087162943469931e+00 2.717954787043460607e-01
2.299999999999856826e+00 1.621411589443937373e+00 3.157712786187308329e-01
2.399999999999845812e+00 1.565778301965659702e+00 3.622325667947415839e-01
2.499999999999834799e+00 1.507457127857402712e+00 4.109571981225359494e-01
2.599999999999823785e+00 1.446730546013927698e+00 4.617123505242745618e-01
2.699999999999812772e+00 1.383892223189797210e+00 5.142556621624216895e-01
2.799999999999801759e+00 1.319245499373327135e+00 5.683364127239484143e-01
2.899999999999790745e+00 1.253101832727641529e+00 6.236967424938474336e-01
2.999999999999779732e+00 1.185779214600034992e+00 6.800729027895783263e-01
3.099999999999768718e+00 1.117600564961915177e+00 7.371965312370352130e-01
3.199999999999757705e+00 1.048892118339600055e+00 7.947959453246734585e-01
3.299999999999746692e+00 9.799818098880078709e-01 8.525974476756317255e-01
3.399999999999735678e+00 9.111976707378625084e-01 9.103266365213532607e-01
3.499999999999724665e+00 8.428662411460572379e-01 9.677097149426872047e-01
3.599999999999713651e+00 7.753110093285762172e-01 1.024474792563568437e+00
3.699999999999702638e+00 7.088508831691374690e-01 1.080353173526553467e+00
3.799999999999691624e+00 6.437987013102919320e-01 1.135080624753299849e+00
3.899999999999680611e+00 5.804597894687039128e-01 1.188398618686857811e+00
3.999999999999669598e+00 5.191305671859676174e-01 1.240055544919446140e+00
4.099999999999658584e+00 4.600972096596641081e-01 1.289807885336236914e+00
4.199999999999647571e+00 4.036343687982024697e-01 1.337421347635737279e+00
4.299999999999636557e+00 3.500039572236611218e-01 1.382671952332310106e+00
4.399999999999625544e+00 2.994539986059008840e-01 1.425347068591229727e+00
4.499999999999614531e+00 2.522175474525286121e-01 1.465246394499477800e+00
4.599999999999603517e+00 2.085116812922247487e-01 1.502182877638811087e+00
4.699999999999592504e+00 1.685365680646058184e-01 1.535983572082410653e+00
4.799999999999581490e+00 1.324746114558661980e-01 1.566490428217448327e+00
4.899999999999570477e+00 1.004896768760030618e-01 1.593561012061065263e+00
4.999999999999559464e+00 7.272640074607358840e-02 1.617069151036933716e+00
5.099999999999548450e+00 4.930958573222051639e-02 1.636905503462801059e+00
5.199999999999537437e+00 3.034368450910414350e-02 1.652978049322421983e+00
5.299999999999526423e+00 1.591237454351381378e-02 1.665212500205960122e+00
5.399999999999515410e+00 6.078226243277021733e-03 1.673552626646598318e+00
5.499999999999504396e+00 8.824666067415687072e-04 1.677960501431696949e+00
5.599999999999493383e+00 3.448402256894798662e-04 1.678416657830445136e+00
5.699999999999482370e+00 4.463569135090362204e-03 1.674920162065408169e+00
5.799999999999471356e+00 1.321541256661622372e-02 1.667488599743159883e+00
5.899999999999460343e+00 2.655582715262560373e-02 1.656157976371565699e+00
5.999999999999449329e+00 4.441922755055876387e-02 1.640982532494945412e+00
6.099999999999438316e+00 6.671934682475239020e-02 1.622034474407525462e+00
6.199999999999427303e+00 9.334969524630475080e-02 1.599403621819868171e+00
6.299999999999416289e+00 1.241841154670401681e-01 1.573196974273835869e+00
6.399999999999405276e+00 1.590774313065128343e-01 1.543538198520207461e+00
6.499999999999394262e+00 1.978661866787632118e-01 1.510567039469121076e+00
6.599999999999383249e+00 2.403694704938741655e-01 1.474438657723567969e+00
6.699999999999372235e+00 2.863898227145709185e-01 1.435322897070818060e+00
6.799999999999361222e+00 3.357142161443396611e-01 1.393403485661907082e+00
6.899999999999350209e+00 3.881151079826542505e-01 1.348877174935295686e+00
6.999999999999339195e+00 4.433515547159527226e-01 1.301952820637808372e+00
7.099999999999328182e+00 5.011703835273967345e-01 1.252850410563505656e+00
7.199999999999317168e+00 5.613074131069704098e-01 1.201800043867804924e+00
7.299999999999306155e+00 6.234887165355572636e-01 1.149040867014272660e+00
7.399999999999295142e+00 6.874319187920853169e-01 1.094819971579166440e+00
7.499999999999284128e+00 7.528475214006150606e-01 1.039391259267782530e+00
7.599999999999273115e+00 8.194402467815822266e-01 9.830142795964784685e-01
7.699999999999262101e+00 8.869103949994564529e-01 9.259530457530278369e-01
7.799999999999251088e+00 9.549552057974707298e-01 8.684748341784035430e-01
7.899999999999240075e+00 1.023270219068576514e+00 8.108489734077580779e-01
7.999999999999229061e+00 1.091550627231887782e+00 7.533456276782847238e-01
8.099999999999218048e+00 1.159492613343309664e+00 6.962345807439072054e-01
8.199999999999207034e+00 1.226794669168484120e+00 6.397840252558767427e-01
8.299999999999196021e+00 1.293158887873232965e+00 5.842593629506569464e-01
8.399999999999185007e+00 1.358292226430910077e+00 5.299220207576584851e-01
8.499999999999173994e+00 1.421907733300479482e+00 4.770282877866570126e-01
8.599999999999162981e+00 1.483725737382784793e+00 4.258281779872059025e-01
8.699999999999151967e+00 1.543474994712112247e+00 3.765643230921094098e-01
8.799999999999140954e+00 1.600893789765905018e+00 3.294709002643593232e-01
8.899999999999129940e+00 1.655730988687535321e+00 2.847725986657765329e-01
8.999999999999118927e+00 1.707747042087696343e+00 2.426836289588460149e-01
9.099999999999107914e+00 1.756714935432574176e+00 2.034067795394767231e-01
9.199999999999096900e+00 1.802421085318120397e+00 1.671325230845079057e-01
9.299999999999085887e+00 1.844666180179151960e+00 1.340381767796363366e-01
9.399999999999074873e+00 1.883265964175235840e+00 1.042871193762398424e-01
9.499999999999063860e+00 1.918051963136431670e+00 7.802806800913229812e-02
9.599999999999052847e+00 1.948872151543284081e+00 5.539441749006432381e-02
9.699999999999041833e+00 1.975591559541498565e+00 3.650364457734724816e-02
9.799999999999030820e+00 1.998092818982519558e+00 2.145677950668056083e-02
9.899999999999019806e+00 2.016276647416810341e+00 1.033794685404635337e-02
9.999999999999008793e+00 2.030062268864567976e+00 3.213977585759600353e-03
1.009999999999899778e+01 2.039387770065693495e+00 1.340939332705384649e-04
1.019999999999898677e+01 2.044210390756836304e+00 1.129668508933854600e-03
1.029999999999897575e+01 2.044506746371914652e+00 6.214058852582835663e-03
1.039999999999896474e+01 2.040272981415602427e+00 1.538251836528848650e-02
1.049999999999895373e+01 2.031524851626578254e+00 2.861218434465988975e-02
1.059999999999894271e+01 2.018297732957454294e+00 4.586214358371869942e-02
1.069999999999893170e+01 2.000646555346435207e+00 6.707357573138804374e-02
1.079999999999892069e+01 1.978645659269818724e+00 9.216997433579712795e-02
1.089999999999890967e+01 1.952388573144086648e+00 1.210574452011836111e-01
1.099999999999889866e+01 1.921987709806085576e+00 1.536250813848027696e-01
1.109999999999888765e+01 1.887573980545836028e+00 1.897454138422714487e-01
1.119999999999887663e+01 1.849296325493948734e+00 2.292749363986097411e-01
1.129999999999886562e+01 1.807321159588835435e+00 2.720547033799137204e-01
1.139999999999885461e+01 1.761831733848896464e+00 3.179109978879141596e-01
1.149999999999884359e+01 1.713027412257930537e+00 3.666560683407976695e-01
1.159999999999883258e+01 1.661122865216413613e+00 4.180889305391467525e-01
1.169999999999882156e+01 1.606347181218527931e+00 4.719962321530798977e-01
1.179999999999881055e+01 1.548942899156732889e+00 5.281531761638732503e-01
1.189999999999879954e+01 1.489164964426405335e+00 5.863244994404998023e-01
1.199999999999878852e+01 1.427279612774219331e+00 6.462655022896083290e-01
1.209999999999877751e+01 1.363563186604409339e+00 7.077231244891883932e-01
1.219999999999876650e+01 1.298300889187579577e+00 7.704370630127101993e-01
1.229999999999875548e+01 1.231785482913311469e+00 8.341409263638888127e-01
1.239999999999874447e+01 1.164315938352078916e+00 8.985634201912976460e-01
1.249999999999873346e+01 1.096196041460963055e+00 9.634295586267472844e-01
1.259999999999872244e+01 1.027732966732099351e+00 1.028461895599007914e+00
1.269999999999871143e+01 9.592358244787755339e-01 1.093381770224823191e+00
1.279999999999870042e+01 8.910141907374640180e-01 1.157910560258768484e+00
1.289999999999868940e+01 8.233766284629262522e-01 1.221770937507995702e+00
1.299999999999867839e+01 7.566292087889877616e-01 1.284688119079383295e+00
1.309999999999866738e+01 6.910740411362895630e-01 1.346391108328697461e+00
1.319999999999865636e+01 6.270078208649658702e-01 1.406613919420715231e+00
1.329999999999864535e+01 5.647204030115117179e-01 1.465096779488829659e+00
1.339999999999863434e+01 5.044934104140786912e-01 1.521587302498471850e+00
1.349999999999862332e+01 4.465988842345957055e-01 1.575841629069261618e+00
1.359999999999861231e+01 3.912979845322292483e-01 1.627625526698129432e+00
1.369999999999860130e+01 3.388397481425335367e-01 1.676715445037160412e+00
1.379999999999859028e+01 2.894599106754192075e-01 1.722899521132688294e+00
1.389999999999857927e+01 2.433797989696031561e-01 1.765978529805551700e+00
1.399999999999856826e+01 2.008052998364897590e-01 1.805766774645817252e+00
1.409999999999855724e+01 1.619259103964057478e-01 1.842092915431848388e+00
1.419999999999854623e+01 1.269138747572731152e-01 1.874800728114581316e+00
1.429999999999853522e+01 9.592341121486926137e-02 1.903749793883460217e+00
1.439999999999852420e+01 6.909003356216271430e-02 1.928816114208435684e+00
1.449999999999851319e+01 4.652996948924328219e-02 1.949892649142304979e+00
1.459999999999850218e+01 2.833967843369420564e-02 1.966889776589670680e+00
1.469999999999849116e+01 1.459547060776987364e-02 1.979735670653417490e+00
1.479999999999848015e+01 5.353228286329884955e-03 1.988376597602856899e+00
1.489999999999846914e+01 6.482297922829044880e-04 1.992777128437931644e+00
1.499999999999845812e+01 4.950759701328567375e-04 1.992920267450238869e+00
1.509999999999844711e+01 4.887718299151655801e-03 1.988807496618762327e+00
1.519999999999843610e+01 1.379958717367132416e-02 1.980458736097696626e+00
1.529999999999842508e+01 2.718381827718715713e-02 1.967912221475665246e+00
1.539999999999841407e+01 4.497357440820317492e-02 1.951224298893881270e+00
1.549999999999840306e+01 6.708245958782069196e-02 1.930469139501330256e+00
1.559999999999839204e+01 9.340502180035822888e-02 1.905738375109050642e+00
1.569999999999838103e+01 1.238173402961334074e-01 1.877140657257665879e+00
1.579999999999837001e+01 1.581776930255546221e-01 1.844801142260540594e+00
1.589999999999835900e+01 1.963272994807278848e-01 1.808860905093423455e+00
1.599999999999834799e+01 2.380911339948218186e-01 1.769476285298774210e+00
1.609999999999833875e+01 2.832788043924318044e-01 1.726818168339039339e+00
1.619999999999832596e+01 3.316854907887639703e-01 1.681071206082718206e+00
1.629999999999831317e+01 3.830929393003786321e-01 1.632432980313749615e+00
1.639999999999830393e+01 4.372705054425677917e-01 1.581113113367768719e+00
1.649999999999829470e+01 4.939762420400640730e-01 1.527332330152046946e+00
1.659999999999828191e+01 5.529580265585319898e-01 1.471321475971306469e+00
1.669999999999826912e+01 6.139547228553807745e-01 1.413320494702936525e+00
1.679999999999825988e+01 6.766973724447914451e-01 1.353577371979234556e+00
1.689999999999825064e+01 7.409104104551554881e-01 1.292347048128247078e+00
1.699999999999823785e+01 8.063129015169892000e-01 1.229890305701691666e+00
1.709999999999822506e+01 8.726197908527379976e-01 1.166472636483244285e+00
1.719999999999821583e+01 9.395431658296871102e-01 1.102363092917585385e+00
1.729999999999820659e+01 1.006793523191245932e+00 1.037833128937563520e+00
1.739999999999819380e+01 1.074081037095754754e+00 9.731554351887913290e-01
1.749999999999818101e+01 1.141116822964997501e+00 9.086027736584075809e-01
1.759999999999817177e+01 1.207614191997891551e+00 8.444468167076054632e-01
1.769999999999816254e+01 1.273289891031671450e+00 7.809569954844803874e-01
1.779999999999814975e+01 1.337865322263076084e+00 7.183993626512615860e-01
1.789999999999813696e+01 1.401067737184461093e+00 6.570354742993765873e-01
1.799999999999812772e+01 1.462631398954239437e+00 5.971212958418364858e-01
1.809999999999811848e+01 1.522298707345725921e+00 5.389061365653968760e-01
1.819999999999810569e+01 1.579821280397598837e+00 4.826316173911353036e-01
1.829999999999809290e+01 1.634960986949380635e+00 4.285306762347725340e-01
1.839999999999808367e+01 1.687490924402937242e+00 3.768266151666926356e-01
1.849999999999807443e+01 1.737196336308805877e+00 3.277321933592173830e-01
1.859999999999806164e+01 1.783875464731869087e+00 2.814487695619532492e-01
1.869999999999804885e+01 1.827340332830907244e+00 2.381654975778270955e-01
1.879999999999803961e+01 1.867417453651200265e+00 1.980585779151625148e-01
1.889999999999803038e+01 1.903948461798892433e+00 1.612905684744374291e-01
1.899999999999801759e+01 1.936790665413053114e+00 1.280097567920783497e-01
1.909999999999800480e+01 1.965817516646968022e+00 9.834959601227723225e-02
1.919999999999799556e+01 1.990918999726981609e+00 7.242820639666755489e-02
1.929999999999798632e+01 2.012001936502567645e+00 5.034794381578060196e-02
1.939999999999797353e+01 2.028990210256688353e+00 3.219503629955651480e-02
1.949999999999796074e+01 2.041824909345984373e+00 1.803928936307173242e-02
1.959999999999795151e+01 2.050464392994470586e+00 7.933860472650784007e-03
1.969999999999794227e+01 2.054884282216334679e+00 1.915102681074122570e-03
1.979999999999792948e+01 2.055077379403332571e+00 2.477142876974851558e-06
1.989999999999791669e+01 2.051053520546613385e+00 2.198533925126572482e-03
1.999999999999790745e+01 2.042839364361474619e+00 8.488960257896156075e-03
2.009999999999789821e+01 2.030478122756616877e+00 1.884269512362395094e-02
2.019999999999788542e+01 2.014029237115735782e+00 3.321210886623760655e-02
2.029999999999787264e+01 1.993568004762580559e+00 5.153324630897772318e-02
2.039999999999786340e+01 1.969185159769949234e+00 7.372613170306802077e-02
2.049999999999785416e+01 1.940986411947960288e+00 9.969513368555067701e-02
2.059999999999784137e+01 1.909091947458370297e+00 1.293293883012218703e-01
2.069999999999782858e+01 1.873635894042329664e+00 1.625032780366775509e-01
2.079999999999781934e+01 1.834765753364588026e+00 1.990769647214883642e-01
2.089999999999781011e+01 1.792641802486203861e+00 2.388969740670743025e-01
2.099999999999779732e+01 1.747436466005631184e+00 2.817968295349835284e-01
2.109999999999778453e+01 1.699333659981226763e+00 3.275977331501280232e-01
2.119999999999777529e+01 1.648528108385452162e+00 3.761092907949437625e-01
2.129999999999776605e+01 1.595224632561439426e+00 4.271302794390978153e-01
2.139999999999775326e+01 1.539637413972747337e+00 4.804494536695061990e-01
2.149999999999774047e+01 1.481989230451390638e+00 5.358463887900202227e-01
2.159999999999773124e+01 1.422510666183689043e+00 5.930923576557405319e-01
2.169999999999772200e+01 1.361439295800656257e+00 6.519512382954670837e-01
2.179999999999770921e+01 1.299018843173717963e+00 7.121804492585361857e-01
2.189999999999769642e+01 1.235498315825648286e+00 7.735319094999756340e-01
2.199999999999768718e+01 1.171131116254698235e+00 8.357530194959847947e-01
2.209999999999767795e+01 1.106174131903530089e+00 8.985876601581762602e-01
2.219999999999766516e+01 1.040886805963813666e+00 9.617772060000290280e-01
2.229999999999765237e+01 9.755301916828312825e-01 1.025061548900195296e+00
2.239999999999764313e+01 9.103659932893499729e-01 1.088180128712027628e+00
2.249999999999763389e+01 8.456555970789839671e-01 1.150872966887154014e+00
2.259999999999762110e+01 7.816590965636059929e-01 1.212881699221595833e+00
2.269999999999760831e+01 7.186343158860064584e-01 1.273950603791151881e+00
2.279999999999759908e+01 6.568358359140943348e-01 1.333827620125557667e+00
2.289999999999758984e+01 5.965140275573058704e-01 1.392265355678292460e+00
2.299999999999757705e+01 5.379140968768740816e-01 1.449022075683396249e+00
2.309999999999756426e+01 4.812751465052920730e-01 1.503862672543261336e+00
2.319999999999755502e+01 4.268292577449770420e-01 1.556559610975878805e+00
2.329999999999754579e+01 3.748005974939910834e-01 1.606893845251669228e+00
2.339999999999753300e+01 3.254045538629860568e-01 1.654655704974081321e+00
2.349999999999752021e+01 2.788469040100713392e-01 1.699645745995780999e+00
2.359999999999751097e+01 2.353230173563483074e-01 1.741675563221978473e+00
2.369999999999750173e+01 1.950170969590616921e-01 1.780568562216512385e+00
2.379999999999748894e+01 1.581014614412053210e-01 1.816160686702119165e+00
2.389999999999747615e+01 1.247358695132675943e-01 1.848301099229083810e+00
2.399999999999746692e+01 9.506688879184808927e-02 1.876852812468290166e+00
2.409999999999745768e+01 6.922731033492160457e-02 1.901693268773690715e+00
2.419999999999744489e+01 4.733561007879982102e-02 1.922714865840443599e+00
2.429999999999743210e+01 2.949545818623155666e-02 1.939825426466105673e+00
2.439999999999742286e+01 1.579527719825154705e-02 1.952948610608548963e+00
2.449999999999741362e+01 6.307849823048880707e-03 1.962024268100638347e+00
2.459999999999740083e+01 1.089977188093481982e-03 1.967008730564514751e+00
2.469999999999738804e+01 1.821884187804790830e-04 1.967875041236741618e+00
2.479999999999737881e+01 3.608502477450475400e-03 1.964613121585978561e+00
2.489999999999736957e+01 1.137624328871664897e-02 1.957229873784779528e+00
2.499999999999735678e+01 2.347590927708674557e-02 1.945749218262784241e+00
2.509999999999734399e+01 3.988109853740790661e-02 1.930212065763042384e+00
2.519999999999733475e+01 6.054849093455542258e-02 1.910676223498212423e+00
2.529999999999732552e+01 8.541788847369970183e-02 1.887216235207312520e+00
2.539999999999731273e+01 1.144123152864510023e-01 1.859923155116114613e+00
2.549999999999729994e+01 1.474381785325776795e-01 1.828904256017348517e+00
2.559999999999729070e+01 1.843854914164355652e-01 1.794282671918653094e+00
2.569999999999728146e+01 2.251281593591311081e-01 1.756196975933999038e+00
2.579999999999726867e+01 2.695243301508187805e-01 1.714800694349472021e+00
2.589999999999725588e+01 3.174168086367594732e-01 1.670261758044856659e+00
2.599999999999724665e+01 3.686335361695435298e-01 1.622761892714634779e+00
2.609999999999723741e+01 4.229881346955369215e-01 1.572495949607402688e+00
2.619999999999722462e+01 4.802805149485356306e-01 1.519671178765262809e+00
2.629999999999721183e+01 5.402975478012624899e-01 1.464506447027467129e+00
2.639999999999720259e+01 6.028137973953751061e-01 1.407231403329214370e+00
2.649999999999719336e+01 6.675923142352033768e-01 1.348085594093079376e+00
2.659999999999718057e+01 7.343854860063777634e-01 1.287317531776685398e+00
2.669999999999716778e+01 8.029359434738155832e-01 1.225183719884781919e+00
2.679999999999715854e+01 8.729775184311155956e-01 1.161947638000295102e+00
2.689999999999714930e+01 9.442362503239432048e-01 1.097878690607238417e+00
2.699999999999713651e+01 1.016431437855328968e+00 1.033251123695804408e+00
2.709999999999712372e+01 1.089276731602872861e+00 9.683429133287853041e-01
2.719999999999711449e+01 1.162481263434983925e+00 9.034346305244872477e-01
2.729999999999710525e+01 1.235750808307787052e+00 8.388082869682911280e-01
2.739999999999709246e+01 1.308788973847185177e+00 7.747461662011109196e-01
2.749999999999707967e+01 1.381298412967788103e+00 7.115296450490243840e-01
2.759999999999707043e+01 1.452982054652699917e+00 6.494380101572296837e-01
2.769999999999706120e+01 1.523544347897343831e+00 5.887472745661487261e-01
2.779999999999704841e+01 1.592692513716434721e+00 5.297289993241807160e-01
2.789999999999703562e+01 1.660137800005515585e+00 4.726491251716070652e-01
2.799999999999702638e+01 1.725596733948783656e+00 4.177668193413816566e-01
2.809999999999701714e+01 1.788792366555652213e+00 3.653333425239616572e-01
2.819999999999700435e+01 1.849455503808718149e+00 3.155909410156614303e-01
2.829999999999699156e+01 1.907325918794813724e+00 2.687717690258659142e-01
2.839999999999698233e+01 1.962153539092840182e+00 2.250968460514279346e-01
2.849999999999697309e+01 2.013699603604441446e+00 1.847750541362405963e-01
2.859999999999696030e+01 2.061737782938419361e+00 1.480021797217268287e-01
2.869999999999694751e+01 2.106055257415303750e+00 1.149600046567242351e-01
2.879999999999693827e+01 2.146453746754216407e+00 8.581545077336674709e-02
2.889999999999692903e+01 2.182750485536077978e+00 6.071978224805951035e-02
2.899999999999691624e+01 2.214779138634168199e+00 3.980786975342718442e-02
2.909999999999690345e+01 2.242390650961191501e+00 2.319752016703751155e-02
2.919999999999689422e+01 2.265454026109182895e+00 1.098887533742940077e-02
2.929999999999688498e+01 2.283857028762850572e+00 3.263883116727987494e-03
2.939999999999687219e+01 2.297506806155390713e+00 8.584355389093322559e-05
2.949999999999685940e+01 2.306330424292356351e+00 1.499032804729867781e-03
2.959999999999685016e+01 2.310275315207673152e+00 7.528406956327356354e-03
2.969999999999684093e+01 2.309309632122741096e+00 1.817938758716310804e-02
2.979999999999682814e+01 2.303422510040962656e+00 3.343773049314756329e-02
2.989999999999681535e+01 2.292624230016389042e+00 5.326947860737345913e-02
2.999999999999680611e+01 2.276946286082485837e+00 7.762099973167203848e-02
3.009999999999679687e+01 2.256441354574805214e+00 1.064191092848929404e-01
3.019999999999678408e+01 2.231183166336167645e+00 1.395712778604381310e-01
3.029999999999677129e+01 2.201266283024513548e+00 1.769659229785805477e-01
3.039999999999676206e+01 2.166805779428899736e+00 2.184727840201080018e-01
3.049999999999675282e+01 2.127936834338110206e+00 2.639433789429404542e-01
3.059999999999674003e+01 2.084814233066931699e+00 3.132115410127196964e-01
3.069999999999672724e+01 2.037611785225017513e+00 3.660940334284549791e-01
3.079999999999671800e+01 1.986521661698746222e+00 4.223912393935337906e-01
3.089999999999670877e+01 1.931753655107949053e+00 4.818879248755367217e-01
3.099999999999669598e+01 1.873534368185179266e+00 5.443540710139176397e-01
3.109999999999668319e+01 1.812106334622618498e+00 6.095457728750003357e-01
3.119999999999667395e+01 1.747727076928730749e+00 6.772062010150547984e-01
3.129999999999666471e+01 1.680668105763765130e+00 7.470666220978541272e-01
3.139999999999665192e+01 1.611213865079775598e+00 8.188474746170313345e-01
3.149999999999663913e+01 1.539660627197366960e+00 8.922594955975002851e-01
3.159999999999662990e+01 1.466315341727880028e+00 9.670048939867981197e-01
3.169999999999662066e+01 1.391494442019848288e+00 1.042778566300697873e+00
3.179999999999660787e+01 1.315522612574596240e+00 1.119269349949729042e+00
3.189999999999659508e+01 1.238731520688026055e+00 1.196161309542407514e+00
3.199999999999658584e+01 1.161458515413287484e+00 1.273135051339941537e+00
3.209999999999657661e+01 1.084045296853040519e+00 1.349869060917036956e+00
3.219999999999656382e+01 1.006836558765188627e+00 1.426041058970449082e+00
3.229999999999655103e+01 9.301786075270291887e-01 1.501329370102771454e+00
3.239999999999653824e+01 8.544179606425952311e-01 1.575414299302345222e+00
3.249999999999653255e+01 7.798999282046636949e-01 1.647979510736493847e+00
3.259999999999651976e+01 7.069671810223298047e-01 1.718713403375293547e+00
3.269999999999650697e+01 6.359583094938264791e-01 1.787310477877324777e+00
3.279999999999650129e+01 5.672063777247531302e-01 1.853472689084215697e+00
3.289999999999648850e+01 5.010374778519431915e-01 1.916910778415507721e+00
3.299999999999647571e+01 4.377692900029888090e-01 1.977345580402858349e+00
3.309999999999646292e+01 3.777096537944849564e-01 2.034509297582279164e+00
3.319999999999645013e+01 3.211551577125337786e-01 2.088146737965263178e+00
3.329999999999644444e+01 2.683897531142092618e-01 2.138016509340270321e+00
3.339999999999643165e+01 2.196833999150124006e-01 2.183892164721400686e+00
3.349999999999641886e+01 1.752907512683753999e-01 2.225563293358390649e+00
3.359999999999641318e+01 1.354498846846257376e-01 2.262836551857359879e+00
3.369999999999640039e+01 1.003810870677473849e-01 2.295536630140562195e+00
3.379999999999638760e+01 7.028570106465044376e-02 2.323507147178154764e+00
3.389999999999637481e+01 4.534503992101692610e-02 2.346611471683072381e+00
3.399999999999636202e+01 2.571937772553710769e-02 2.364733463241443623e+00
3.409999999999635634e+01 1.154702150849732691e-02 2.377778129674570362e+00
3.419999999999634355e+01 2.943471154719823780e-03 2.385672196783747090e+00
3.429999999999633076e+01 6.725111625996156404e-07 2.388364587001299277e+00
3.439999999999632507e+01 2.786368435141524380e-03 2.385826803886025527e+00
3.449999999999631228e+01 1.134355186139151053e-02 2.378053219812749752e+00
3.459999999999629949e+01 2.569002428618461301e-02 2.365061264655129669e+00
3.469999999999628670e+01 4.581806239556525384e-02 2.346891513697945797e+00
3.479999999999627391e+01 7.169419492163343899e-02 2.323607673478380597e+00
3.489999999999626823e+01 1.032590912121860716e-01 2.295296464704479789e+00
3.499999999999625544e+01 1.404275624579228166e-01 2.262067401858658400e+00
3.509999999999624265e+01 1.830886760464523755e-01 2.224052469544320676e+00
3.519999999999623697e+01 2.311059831077856563e-01 2.181405696076918588e+00
3.529999999999622418e+01 2.843178589800212097e-01 2.134302625260694253e+00
3.539999999999621139e+01 3.425379560524195455e-01 2.082939687718308619e+00
3.549999999999619860e+01 4.055557682237353467e-01 2.027533473570560574e+00
3.559999999999618581e+01 4.731373060338543990e-01 1.968319908664871720e+00
3.569999999999618012e+01 5.450258813694711657e-01 1.905553336975546852e+00
3.579999999999616733e+01 6.209430004889625598e-01 1.839505512183184921e+00
3.589999999999615454e+01 7.005893639384340732e-01 1.770464501858468820e+00
3.599999999999614886e+01 7.836459717234942612e-01 1.698733508055281893e+00
3.609999999999613607e+01 8.697753318335335049e-01 1.624629608522809798e+00
3.619999999999612328e+01 9.586227698814678844e-01 1.548482423137197639e+00
3.629999999999611049e+01 1.049817837203764315e+00 1.470632710541526667e+00
3.639999999999609770e+01 1.142975814254758804e+00 1.391430900377915725e+00
3.649999999999609201e+01 1.237699305532258043e+00 1.311235566876768566e+00
3.659999999999607923e+01 1.333579921580276828e+00 1.230411849954506920e+00
3.669999999999606644e+01 1.430200042847016961e+00 1.149329830333962521e+00
3.679999999999606075e+01 1.527134659342664458e+00 1.068362865567769049e+00
3.689999999999604796e+01 1.623953279161038488e+00 9.878858941801779148e-01
3.699999999999603517e+01 1.720221898026947249e+00 9.082737154641933319e-01
3.709999999999602238e+01 1.815505021127645779e+00 8.298992527595631108e-01
3.719999999999600959e+01 1.909367727619088129e+00 7.531318082946616421e-01
3.729999999999600391e+01 2.001377767382110928e+00 6.783353178939396377e-01
3.739999999999599112e+01 2.091107678877659914e+00 6.058666140281767643e-01
3.749999999999597833e+01 2.178136916329366457e+00 5.360737058084220630e-01
3.759999999999597264e+01 2.262053973977006027e+00 4.692940846018696655e-01
3.769999999999595985e+01 2.342458494799773305e+00 4.058530639632561554e-01
3.779999999999594706e+01 2.418963350931331302e+00 3.460621625377200417e-01
3.789999999999593427e+01 2.491196682962870668e+00 2.902175384923487700e-01
3.799999999999592148e+01 2.558803885483944107e+00 2.385984838754237058e-01
3.809999999999591580e+01 2.621449526504652461e+00 1.914659870889180993e-01
3.819999999999590301e+01 2.678819188849939081e+00 1.490613713857921740e-01
3.829999999999589022e+01 2.730621222192255448e+00 1.116050169807181608e-01
3.839999999999588454e+01 2.776588395064152337e+00 7.929517398686894425e-02
3.849999999999587175e+01 2.816479436950168225e+00 5.230687297132806390e-02
3.859999999999585896e+01 2.850080461387801467e+00 3.079093946040738217e-02
3.869999999999584617e+01 2.877206261845475233e+00 1.487311822779720932e-02
3.879999999999583338e+01 2.897701473012586959e+00 4.653312669429285169e-03
3.889999999999582769e+01 2.911441590989648720e+00 2.049440123892971703e-04
3.899999999999581490e+01 2.918333846680054577e+00 1.574434526370977394e-03
3.909999999999580211e+01 2.918317927465281514e+00 8.780818308540990630e-03
3.919999999999579643e+01 2.911366542977698924e+00 2.181548259985544025e-02
3.929999999999578364e+01 2.897485831454812644e+00 4.064204196558305476e-02
3.939999999999577085e+01 2.876715603796329734e+00 6.519634703741490622e-02
3.949999999999575806e+01 2.849129423020074992e+00 9.538662887086907238e-02
3.959999999999574527e+01 2.814834517381041401e+00 1.310937793209051849e-01
3.969999999999573959e+01 2.773971525946745675e+00 1.721717671823452256e-01
3.979999999999572680e+01 2.726714075986138131e+00 2.184481891797531161e-01
3.989999999999571401e+01 2.673268192074556016e+00 2.697249542260352073e-01
3.999999999999570832e+01 2.613871537436354142e+00 3.257790986996550453e-01
4.009999999999569553e+01 2.548792488705672099e+00 3.863637298200125469e-01
4.019999999999568274e+01 2.478329046003036051e+00 4.512090935293148752e-01
4.029999999999566995e+01 2.402807581040177443e+00 5.200237626203478847e-01
4.039999999999565716e+01 2.322581426838956631e+00 5.924959401865885766e-01
4.049999999999565148e+01 2.238029313619265270e+00 6.682948728151367757e-01
4.059999999999563869e+01 2.149553656433523141e+00 7.470723673023328404e-01
4.069999999999562590e+01 2.057578701228145235e+00 8.284644040458585268e-01
4.079999999999562021e+01 1.962548537128901982e+00 9.120928396687314477e-01
4.089999999999560742e+01 1.864924983912378265e+00 9.975671908587203651e-01
4.099999999999559464e+01 1.765185364752038577e+00 1.084486490868273201e+00
4.109999999999558185e+01 1.663820175446377281e+00 1.172441209629888403e+00
4.119999999999556906e+01 1.561330662373521694e+00 1.261015227992023036e+00
4.129999999999556337e+01 1.458226322365615557e+00 1.349787856189188062e+00
4.139999999999555058e+01 1.355022338536963300e+00 1.438335886324660917e+00
4.149999999999553779e+01 1.252236966781156147e+00 1.526235668372917686e+00
4.159999999999553211e+01 1.150388888193862202e+00 1.613065199005634165e+00
4.169999999999551932e+01 1.049994543032471528e+00 1.698406212407120197e+00
4.179999999999550653e+01 9.515654620049671664e-01 1.781846262183453211e+00
4.189999999999549374e+01 8.556056106794932559e-01 1.862980783472658830e+00
4.199999999999548095e+01 7.626087626322227697e-01 1.941415124444574314e+00
4.209999999999547526e+01 6.730559166077646482e-01 2.016766536518242781e+00
4.219999999999546247e+01 5.874127724802581385e-01 2.088666112840113609e+00
4.229999999999544968e+01 5.061272801892804374e-01 2.156760664836927077e+00
4.239999999999544400e+01 4.296272751049863836e-01 2.220714526986810711e+00
4.249999999999543121e+01 3.583182124841978733e-01 2.280211280335674662e+00
4.259999999999541842e+01 2.925810128319569214e-01 2.334955385717279785e+00
4.269999999999540563e+01 2.327700291124309706e-01 2.384673718106833373e+00
4.279999999999539284e+01 1.792111458801870505e-01 2.429116994050989131e+00
4.289999999999538716e+01 1.322000195466271899e-01 2.468061084659895155e+00
4.299999999999537437e+01 9.200046817547802291e-02 2.501308207219829161e+00
4.309999999999536158e+01 5.884301842317787162e-02 2.528687989084649868e+00
4.319999999999535589e+01 3.292361651275255846e-02 2.550058398122867498e+00
4.329999999999534310e+01 1.440250945159958322e-02 2.565306534634387514e+00
4.339999999999533031e+01 3.403302070720926921e-03 2.574349280318770639e+00
4.349999999999531752e+01 1.219486403914333620e-05 2.577133800535479580e+00
4.359999999999530473e+01 4.277407028731933930e-03 2.573637896802436931e+00
4.369999999999529905e+01 1.620878853359418101e-02 2.563870207173689408e+00
4.379999999999528626e+01 3.577762445379588374e-02 2.547870252863523088e+00
4.389999999999527347e+01 6.291663418781712203e-02 2.525708330217625086e+00
4.399999999999526779e+01 9.752016749729323919e-02 2.497485247877130110e+00
4.409999999999525500e+01 1.394445985661194598e-01 2.463331909752848770e+00
4.419999999999524221e+01 1.885089184484660119e-01 2.423408745189890912e+00
4.429999999999522942e+01 2.444955253555463615e-01 2.377904988494510263e+00
4.439999999999521663e+01 3.071512112148860330e-01 2.327037810778415317e+00
4.449999999999521094e+01 3.761883418221456110e-01 2.271051307876422509e+00
4.459999999999519815e+01 4.512862267013067474e-01 2.210215348877950792e+00
4.469999999999518536e+01 5.320926735052166068e-01 2.144824290601357042e+00
4.479999999999517968e+01 6.182257204415398943e-01 2.075195564114439062e+00
4.489999999999516689e+01 7.092755388200006061e-01 2.001668140156111608e+00
4.499999999999515410e+01 8.048064964112227049e-01 1.924600881040527955e+00
4.509999999999514131e+01 9.043593709120643087e-01 1.844370787324311811e+00
4.519999999999512852e+01 1.007453701455878425e+00 1.761371148166378298e+00
4.529999999999512283e+01 1.113590264823731024e+00 1.676009604916910423e+00
4.539999999999511004e+01 1.222253661824197701e+00 1.588706138021186653e+00
4.549999999999509726e+01 1.332914998254043804e+00 1.499890987814493704e+00
4.559999999999509157e+01 1.445034643944356212e+00 1.410002520199084453e+00
4.569999999999507878e+01 1.558065052667196193e+00 1.319485048546201966e+00
4.579999999999506599e+01 1.671453625134202037e+00 1.228786623432674752e+00
4.589999999999505320e+01 1.784645596979310023e+00 1.138356802010412228e+00
4.599999999999504041e+01 1.897086933489869454e+00 1.048644408917915882e+00
4.609999999999503473e+01 2.008227212924816651e+00 9.600953006615757790e-01
4.619999999999502194e+01 2.117522480543788888e+00 8.731501453399332924e-01
4.629999999999500915e+01 2.224438055950830773e+00 7.882422294451439937e-01
4.639999999999500346e+01 2.328451277016917675e+00 7.057953032547307215e-01
4.649999999999499067e+01 2.429054164461073029e+00 6.262214760408814085e-01
4.659999999999497788e+01 2.525755992147362683e+00 5.499191719584183291e-01
4.669999999999496509e+01 2.618085749221864322e+00 4.772711570505136502e-01
4.679999999999495230e+01 2.705594481399217432e+00 4.086426473258815140e-01
4.689999999999494662e+01 2.787857499937460126e+00 3.443795073255837558e-01
4.699999999999493383e+01 2.864476448127582398e+00 2.848065480178148534e-01
4.709999999999492104e+01 2.935081216409546556e+00 2.302259322373068906e-01
4.719999999999491536e+01 2.999331698512772260e+00 1.809156952361219706e-01
4.729999999999490257e+01 3.056919382268652008e+00 1.371283872343783683e-01
4.739999999999488978e+01 3.107568769952904209e+00 9.908984416301065690e-02
4.749999999999487699e+01 3.151038624137797228e+00 6.699809208043702724e-02
4.759999999999486420e+01 3.187123036113902685e+00 4.102239002580203991e-02
4.769999999999485851e+01 3.215652314896999542e+00 2.130241534870035841e-02
4.779999999999484572e+01 3.236493695735532583e+00 7.947594832256021577e-03
4.789999999999483293e+01 3.249551867812442207e+00 1.036584206923044571e-03
4.799999999999482725e+01 3.254769321554931150e+00 6.168979388436033771e-04
4.809999999999481446e+01 3.252126516566980374e+00 6.704690471318748915e-03
4.819999999999480167e+01 3.241641871755971849e+00 1.928468940249192590e-02
4.829999999999478888e+01 3.223371579699278122e+00 3.831028039772754051e-02
4.839999999999477609e+01 3.197409247718311143e+00 6.370374296220154831e-02
4.849999999999477041e+01 3.163885368518943420e+00 9.535663553825161898e-02
4.859999999999475762e+01 3.122966623616965975e+00 1.331303277432141219e-01
4.869999999999474483e+01 3.074855023121029429e+00 1.768566769271168737e-01
4.879999999999473914e+01 3.019786885799525589e+00 2.263388456053061770e-01
4.889999999999472635e+01 2.958031663743683204e+00 2.813522557098514509e-01
4.899999999999471356e+01 2.889890616333118611e+00 3.416456750050308466e-01
4.909999999999470077e+01 2.815695338670648695e+00 4.069424304278740356e-01
4.919999999999468798e+01 2.735806150132636283e+00 4.769417425441181968e-01
4.929999999999468230e+01 2.650610349238435859e+00 5.513201747585131374e-01
4.939999999999466951e+01 2.560520341635609931e+00 6.297331903811219656e-01
4.949999999999465672e+01 2.465971648636440250e+00 7.118168101403496983e-01
4.959999999999465103e+01 2.367420804441608073e+00 7.971893622398550372e-01
4.969999999999463824e+01 2.265343150904039149e+00 8.854533165987784615e-01
4.979999999999462545e+01 2.160230539420810114e+00 9.761971944770122533e-01
4.989999999999461266e+01 2.052588950303195325e+00 1.068997544297881186e+00
4.999999999999459988e+01 1.942936040691541022e+00 1.163420974117024054e+00
5.009999999999459419e+01 1.831798632795063275e+00 1.259026230877557051e+00
5.019999999999458140e+01 1.719710154871346930e+00 1.355366316324309039e+00
5.029999999999456861e+01 1.607208047943430529e+00 1.451990629237545294e+00
5.039999999999456293e+01 1.494831151719146378e+00 1.548447123486341948e+00
5.049999999999455014e+01 1.383117083554540327e+00 1.644284471307430495e+00
5.059999999999453735e+01 1.272599624531259854e+00 1.739054221171054015e+00
5.069999999999452456e+01 1.163806126825124077e+00 1.832312939626230319e+00
5.079999999999451177e+01 1.057254956487939435e+00 1.923624326604088886e+00
5.089999999999450608e+01 9.534529855659553688e-01 2.012561293808484475e+00
5.099999999999449329e+01 8.528931471269090014e-01 2.098707996044066437e+00
5.109999999999448050e+01 7.560520662646503798e-01 2.181661805600657811e+00
5.119999999999447482e+01 6.633877795218825479e-01 2.261035220156115244e+00
5.129999999999446203e+01 5.753375544118852769e-01 2.336457695038603788e+00
5.139999999999444924e+01 4.923158198640592564e-01 2.407577391136630940e+00
5.149999999999443645e+01 4.147122174765631164e-01 2.474062830224205367e+00
5.159999999999442366e+01 3.428897824610413481e-01 2.535604449988870801e+00
5.169999999999441798e+01 2.771832621308039091e-01 2.591916051617843664e+00
5.179999999999440519e+01 2.178975787410306897e-01 2.642736133365068074e+00
5.189999999999439240e+01 1.653064424601199955e-01 2.687829104145532000e+00
5.199999999999438671e+01 1.196511192567304011e-01 2.726986371818385546e+00
5.209999999999437392e+01 8.113935754655406118e-02 2.760027301451106307e+00
5.219999999999436113e+01 4.994447656895295573e-02 2.786800039507466131e+00
5.229999999999434834e+01 2.620461866926293570e-02 2.807182200543346440e+00
5.239999999999433555e+01 1.002216695026094014e-02 2.821081413630946777e+00
5.249999999999432987e+01 1.463329128814757881e-03 2.828435726387616089e+00
5.259999999999431708e+01 5.578878852029174433e-04 2.829213865110419057e+00
5.269999999999430429e+01 7.299117514719073718e-03 2.823415350150495051e+00
5.279999999999429861e+01 2.164386627121204013e-02 2.811070466293971837e+00
5.289999999999428582e+01 4.351280341417060327e-02 2.792240088523630259e+00
5.299999999999427303e+01 7.279082961699083476e-02 2.767015364158396107e+00
5.309999999999426024e+01 1.093276490451201705e-01 2.735517252965123713e+00
5.319999999999424745e+01 1.529385010499409725e-01 2.697895927452863329e+00
5.329999999999424176e+01 2.034050490297575342e-01 2.654330036142985350e+00
5.339999999999422897e+01 2.604764235677148321e-01 2.605025833217708975e+00
5.349999999999421618e+01 3.238704164553231069e-01 2.550216178523138755e+00
5.359999999999421050e+01 3.932748216422246590e-01 2.490159412503163860e+00
5.369999999999419771e+01 4.683489185123220211e-01 2.425138111203587243e+00
5.379999999999418492e+01 5.487250921769415424e-01 2.355457727057310713e+00
5.389999999999417213e+01 6.340105847023099761e-01 2.281445121721585423e+00
5.399999999999415934e+01 7.237893703607576334e-01 2.203446997767898097e+00
5.409999999999415365e+01 8.176241471325634835e-01 2.121828236549867075e+00
5.419999999999414086e+01 9.150584357998416962e-01 2.036970150067721974e+00
5.429999999999412807e+01 1.015618777097008429e+00 1.949268655107536663e+00
5.439999999999412239e+01 1.118817016524926711e+00 1.859132378369965588e+00
5.449999999999410960e+01 1.224152665633639225e+00 1.766980701685827215e+00
5.459999999999409681e+01 1.331115327849940133e+00 1.673241756763124144e+00
5.469999999999408402e+01 1.439187176285494640e+00 1.578350379204825904e+00
5.479999999999407123e+01 1.547845470448039995e+00 1.482746031774801798e+00
5.489999999999406555e+01 1.656565098377080991e+00 1.386870707078149412e+00
5.499999999999405276e+01 1.764821130480884515e+00 1.291166819938432742e+00
5.509999999999403997e+01 1.872091371243290059e+00 1.196075099828241006e+00
5.519999999999403428e+01 1.977858895009400930e+00 1.102032493697920668e+00
5.529999999999402149e+01 2.081614552245442784e+00 1.009470089496101286e+00
5.539999999999400870e+01 2.182859432989063375e+00 9.188110705483918395e-01
5.549999999999399591e+01 2.281107274646848815e+00 8.304687107809087809e-01
5.559999999999398312e+01 2.375886801840091600e+00 7.448444205399491480e-01
5.569999999999397744e+01 2.466743986640795860e+00 6.623258524664414892e-01
5.579999999999396465e+01 2.553244218233204244e+00 5.832850765475382504e-01
5.589999999999395186e+01 2.634974371784889691e+00 5.080768330819673828e-01
5.599999999999394618e+01 2.711544767086070173e+00 4.370368718728058210e-01
5.609999999999393339e+01 2.782591008286771306e+00 3.704803854991479684e-01
5.619999999999392060e+01 2.847775696835287640e+00 3.087005440260118805e-01
5.629999999999390781e+01 2.906790010465622132e+00 2.519671379908939857e-01
5.639999999999389502e+01 2.959355141792002986e+00 2.005253359587262085e-01
5.649999999999388933e+01 3.005223590747604145e+00 1.545945623708883387e-01
5.659999999999387654e+01 3.044180305738082737e+00 1.143675008279389088e-01
5.669999999999386375e+01 3.076043668979103973e+00 8.000922734336546327e-02
5.679999999999385807e+01 3.100666322058040159e+00 5.165647749022346524e-02
5.689999999999384528e+01 3.117935828296385381e+00 2.941705073303038306e-02
5.699999999999383249e+01 3.127775169037751990e+00 1.336935459694645230e-02
5.709999999999381970e+01 3.130143071504785990e+00 3.562090675760545139e-03
5.719999999999380691e+01 3.125034166428358073e+00 1.408382012837280197e-05
5.729999999999380123e+01 3.112478974223687356e+00 2.714255179573645069e-03
5.739999999999378844e+01 3.092543719096990440e+00 1.162173909688750569e-02
5.749999999999377565e+01 3.065329971133846421e+00 2.666614317346460705e-02
5.759999999999376996e+01 3.030974117132194667e+00 4.774795014058933612e-02
5.769999999999375717e+01 2.989646661710143594e+00 7.473905948704792634e-02
5.779999999999374438e+01 2.941551361059022263e+00 1.074834661104430988e-01
5.789999999999373159e+01 2.886924192587739579e+00 1.457980725815571921e-01
5.799999999999371880e+01 2.826032164651858913e+00 1.894736309413238839e-01
5.809999999999371312e+01 2.759171971512837995e+00 2.382758092932133753e-01
5.819999999999370033e+01 2.686668499696733825e+00 2.919463778140112264e-01
5.829999999999368754e+01 2.608873192902361193e+00 3.502045081877160349e-01
5.839999999999368185e+01 2.526162283628103467e+00 4.127481798763014131e-01
5.849999999999366906e+01 2.438934900653312976e+00 4.792556860817460684e-01
5.859999999999365627e+01 2.347611062439352025e+00 5.493872317305468211e-01
5.869999999999364348e+01 2.252629567386067233e+00 6.227866153310475106e-01
5.879999999999363069e+01 2.154445792669394066e+00 6.990829861188269101e-01
5.889999999999362501e+01 2.053529414070287107e+00 7.778926675198236662e-01
5.899999999999361222e+01 1.950362059798782077e+00 8.588210376287330750e-01
5.909999999999359943e+01 1.845434911775456710e+00 9.414644571278980578e-01
5.919999999999359375e+01 1.739246268167753406e+00 1.025412234852372206e+00
5.929999999999358096e+01 1.632299081182641665e+00 1.110248621055267115e+00
5.939999999999356817e+01 1.525098484182661585e+00 1.195554818332278835e+00
5.949999999999355538e+01 1.418149322123234413e+00 1.280911000132497701e+00
5.959999999999354259e+01 1.311953699109498883e+00 1.365898326816015862e+00
5.969999999999353690e+01 1.207008556542073396e+00 1.450100949304216513e+00
5.979999999999352411e+01 1.103803294882081065e+00 1.533107990522591724e+00
5.989999999999351132e+01 1.002817451508426050e+00 1.614515495036926485e+00
5.999999999999350564e+01 9.045184464983003769e-01 1.693928337546934948e+00
6.009999999999349285e+01 8.093594074267026484e-01 1.770962081202506644e+00
6.019999999999348006e+01 7.177770834851427972e-01 1.845244777069612985e+00
6.029999999999346727e+01 6.301898583600917814e-01 1.916418696463469740e+00
6.039999999999345448e+01 5.469958704179422870e-01 1.984141988302642767e+00
6.049999999999344880e+01 4.685712478184150820e-01 2.048090254103665409e+00
6.059999999999343601e+01 3.952684652414535926e-01 2.107958033730640057e+00
6.069999999999342322e+01 3.274148279775697667e-01 2.163460195534757879e+00
6.079999999999341753e+01 2.653110882072699517e-01 2.214333225056197563e+00
6.089999999999340474e+01 2.092301973982668428e-01 2.260336407013127324e+00
6.099999999999339195e+01 1.594161978845827221e-01 2.301252895868839410e+00
6.109999999999337916e+01 1.160832558752531718e-01 2.336890670836780259e+00
6.119999999999336637e+01 7.941483737414513355e-02 2.367083371759937549e+00
6.129999999999336069e+01 4.956302778677373205e-02 2.391691012868326638e+00
6.139999999999334790e+01 2.664799534795781605e-02 2.410600571998008146e+00
6.149999999999333511e+01 1.075759792913892794e-02 2.423726453408487469e+00
6.159999999999332942e+01 1.947132276695738443e-03 2.431010822899879908e+00
6.169999999999331664e+01 2.392242924262394041e-04 2.432423814474468760e+00
6.179999999999330385e+01 5.623858590573196925e-03 2.427963608318669309e+00
6.189999999999329106e+01 1.805854524824681423e-02 2.417656380413656603e+00
6.199999999999327827e+01 3.746862140051607226e-02 2.401556124580823237e+00
6.209999999999327258e+01 6.374768510960322765e-02 2.379744348282734290e+00
6.219999999999325979e+01 9.675815874964510677e-02 2.352329643967420836e+00
6.229999999999324700e+01 1.363319789833257190e-01 2.319447138232386241e+00
6.239999999999324132e+01 1.822714102529517100e-01 2.281257821538590580e+00
6.249999999999322853e+01 2.343499785539092661e-01 2.237947761657693047e+00
6.259999999999321574e+01 2.923135220922469801e-01 2.189727204475274913e+00
6.269999999999320295e+01 3.558813552378707334e-01 2.136829566204232922e+00
6.279999999999319016e+01 4.247475419631159821e-01 2.079510321481107926e+00
6.289999999999318447e+01 4.985822746931654614e-01 2.018045792228802870e+00
6.299999999999317168e+01 5.770333541862091575e-01 1.952731842572668963e+00
6.309999999999315889e+01 6.597277657028869369e-01 1.883882485480272928e+00
6.319999999999315321e+01 7.462733463166963954e-01 1.811828407175781530e+00
6.329999999999314042e+01 8.362605377627102543e-01 1.736915415743658375e+00
6.339999999999312763e+01 9.292642187257798003e-01 1.659502820681609370e+00
6.349999999999311484e+01 1.024845609939356805e+00 1.579961750491863048e+00
6.359999999999310205e+01 1.122554244917539634e+00 1.498673415710097157e+00
6.369999999999309637e+01 1.221929998578320076e+00 1.416027325050864594e+00
6.379999999999308358e+01 1.322505165467198651e+00 1.332419462609012228e+00
6.389999999999307079e+01 1.423806578751282137e+00 1.248250434280025578e+00
6.399999999999306510e+01 1.525357760664416196e+00 1.163923591750527509e+00
6.409999999999305942e+01 1.626681094637324909e+00 1.079843142572792347e+00
6.419999999999303952e+01 1.727300008977525003e+00 9.964122549390694861e-01
6.429999999999301963e+01 1.826741161664869662e+00 9.140311658552456864e-01
6.439999999999301394e+01 1.924536615640438431e+00 8.330953014286123226e-01
6.449999999999300826e+01 2.020225993850923274e+00 7.539934179740679365e-01
6.459999999999300258e+01 2.113358603333840513e+00 6.771057725680520445e-01
6.469999999999298268e+01 2.203495517726316688e+00 6.028023315714060582e-01
6.479999999999297700e+01 2.290211607810565653e+00 5.314410254759648344e-01
6.489999999999295710e+01 2.373097510019741563e+00 4.633660582255942906e-01
6.499999999999295142e+01 2.451761523244387231e+00 3.989062789067931436e-01
6.509999999999294573e+01 2.525831424771006528e+00 3.383736234135245047e-01
6.519999999999292584e+01 2.594956196745668020e+00 2.820616333541061116e-01
6.529999999999292015e+01 2.658807655179772578e+00 2.302440590996796821e-01
6.539999999999290026e+01 2.717081974168635838e+00 1.831735534698250567e-01
6.549999999999289457e+01 2.769501098684469476e+00 1.410804621185863805e-01
6.559999999999288889e+01 2.815814040002595053e+00 1.041717162256132062e-01
6.569999999999286899e+01 2.855798048516370091e+00 7.262983261603102314e-02
6.579999999999286331e+01 2.889259659384165513e+00 4.661202593352703483e-02
6.589999999999285762e+01 2.916035607117669404e+00 2.624943697566241643e-02
6.599999999999283773e+01 2.935993605852921906e+00 1.164648077318014043e-02
6.609999999999283204e+01 2.949032992663028541e+00 2.880317457790109500e-03
6.619999999999282636e+01 2.955085231826409586e+00 4.484187652825677639e-07
6.629999999999280647e+01 2.954114278522009140e+00 3.028439699339578392e-03
6.639999999999280078e+01 2.946116800916357192e+00 1.195777403173279435e-02
6.649999999999278089e+01 2.931122260096608478e+00 2.675383235599193554e-02
6.659999999999277520e+01 2.909192847765539547e+00 4.735400511438651178e-02
6.669999999999276952e+01 2.880423282046585598e+00 7.366793306121623142e-02
6.679999999999274962e+01 2.844940462201519527e+00 1.055778767785894717e-01
6.689999999999274394e+01 2.802902983474047094e+00 1.429392135436630962e-01
6.699999999999272404e+01 2.754500513712632159e+00 1.855810596528653378e-01
6.709999999999271836e+01 2.699953033861454799e+00 2.333070157751955809e-01
6.719999999999271267e+01 2.639509944838500211e+00 2.858960323810686432e-01
6.729999999999269278e+01 2.573449043779194145e+00 3.431033917778378850e-01
6.739999999999268709e+01 2.502075373060486996e+00 4.046618027769073866e-01
6.749999999999268141e+01 2.425719945990745696e+00 4.702826035267340665e-01
6.759999999999266151e+01 2.344738353495809502e+00 5.396570675661847005e-01
6.769999999999265583e+01 2.259509256587079573e+00 6.124578076932384318e-01
6.779999999999265015e+01 2.170432769844478749e+00 6.883402717985683816e-01
6.789999999999263025e+01 2.077928741576214211e+00 7.669443243919275011e-01
6.799999999999262457e+01 1.982434936734534414e+00 8.478959071434845063e-01
6.809999999999260467e+01 1.884405129067994622e+00 9.308087713877549740e-01
6.819999999999259899e+01 1.784307109362590626e+00 1.015286275177960995e+00
6.829999999999259330e+01 1.682620616987057893e+00 1.100923237152073630e+00
6.839999999999257341e+01 1.579835202287446894e+00 1.187307839168129764e+00
6.849999999999256772e+01 1.476448027702515597e+00 1.274023569391859789e+00
6.859999999999254783e+01 1.372961615766607135e+00 1.360651197272966906e+00
6.869999999999254214e+01 1.269881552469087405e+00 1.446770771626127106e+00
6.879999999999253646e+01 1.167714154720181696e+00 1.531963632852215262e+00
6.889999999999251656e+01 1.066964110967080881e+00 1.615814430169729032e+00
6.899999999999251088e+01 9.681321042903643370e-01 1.697913134607548225e+00
6.909999999999250520e+01 8.717124276099089686e-01 1.777857038415858071e+00
6.919999999999248530e+01 7.781906009333862118e-01 1.855252731489500428e+00
6.929999999999247962e+01 6.880410008949986445e-01 1.929718045378744362e+00
6.939999999999247393e+01 6.017245131426384175e-01 2.000883955474825004e+00
6.949999999999245404e+01 5.196862184516193306e-01 2.068396432000927820e+00
6.959999999999244835e+01 4.423531237408477867e-01 2.131918230544147086e+00
6.969999999999242846e+01 3.701319494525397991e-01 2.191130612985657145e+00
6.979999999999242277e+01 3.034069849999161961e-01 2.245734989875647791e+00
6.989999999999241709e+01 2.425380241844074247e-01 2.295454475519617787e+00
6.999999999999239719e+01 1.878583926105615864e-01 2.340035347324373571e+00
7.009999999999239151e+01 1.396730791706826957e-01 2.379248401276788272e+00
7.019999999999237161e+01 9.825698361361777378e-02 2.412890195811739247e+00
7.029999999999236593e+01 6.385329203689872613e-02 2.440784176758218571e+00
7.039999999999236024e+01 3.667199183820562397e-02 2.462781676546894616e+00
7.049999999999234035e+01 1.688853721668697253e-02 2.478762781397489512e+00
7.059999999999233466e+01 4.642675724685095540e-03 2.488637060811940582e+00
7.069999999999232898e+01 3.744563059834862909e-05 2.492344154336276763e+00
7.079999999999230909e+01 3.138352968573576447e-03 2.489854211252660932e+00
7.089999999999230340e+01 1.397273612720863027e-02 2.481168179603862711e+00
7.099999999999229772e+01 3.252932468009371580e-02 2.466317941723050300e+00
7.109999999999227782e+01 5.875799790269886635e-02 2.445366294258811468e+00
7.119999999999227214e+01 9.256974707363758992e-02 2.418406771514047815e+00
7.129999999999225224e+01 1.338368442475871833e-01 2.385563311778550410e+00
7.139999999999224656e+01 1.823932187383983383e-01 2.346989767205740929e+00
7.149999999999224087e+01 2.380350410906459657e-01 2.302869258645012351e+00
7.159999999999222098e+01 3.005215128746078213e-01 2.253413377729314604e+00
7.169999999999221529e+01 3.695758592364216111e-01 2.198861239360385689e+00
7.179999999999219540e+01 4.448865197984193109e-01 2.139478388589577396e+00
7.189999999999218971e+01 5.261085322510313800e-01 2.075555566705514110e+00
7.199999999999218403e+01 6.128651018245777626e-01 2.007407342129317485e+00
7.209999999999216413e+01 7.047493487864359141e-01 1.935370612480179053e+00
7.219999999999215845e+01 8.013262251813103587e-01 1.859802984880253751e+00
7.229999999999215277e+01 9.021345912188339922e-01 1.781081042256202229e+00
7.239999999999213287e+01 1.006689441011341390e+00 1.699598504013458466e+00
7.249999999999212719e+01 1.114484266757288067e+00 1.615764290049840124e+00
7.259999999999212150e+01 1.224993549951742366e+00 1.530000497614430799e+00
7.269999999999210161e+01 1.337675367748453858e+00 1.442740300999075798e+00
7.279999999999209592e+01 1.451974102202123751e+00 1.354425784501019914e+00
7.289999999999207603e+01 1.567323239745628927e+00 1.265505719482158176e+00
7.299999999999207034e+01 1.683148247896475436e+00 1.176433296700443609e+00
7.309999999999206466e+01 1.798869515824689680e+00 1.087663825384923566e+00
7.319999999999204476e+01 1.913905345032032246e+00 9.996524107812888582e-01
7.329999999999203908e+01 2.027674975982245886e+00 9.128516220908365897e-01
7.339999999999201918e+01 2.139601636089515591e+00 8.277091628869570616e-01
7.349999999999201350e+01 2.249115594001243945e+00 7.446655561877670859e-01
7.359999999999200782e+01 2.355657204629178825e+00 6.641518564194212049e-01
7.369999999999198792e+01 2.458679928892770761e+00 5.865874004925896168e-01
7.379999999999198224e+01 2.557653311655481598e+00 5.123776101528775273e-01
7.389999999999197655e+01 2.652065900899218232e+00 4.419118576363468831e-01
7.399999999999195666e+01 2.741428090797588091e+00 3.755614064692659460e-01
7.409999999999195097e+01 2.825274871064944016e+00 3.136774389879905534e-01
7.419999999999194529e+01 2.903168464794416259e+00 2.565891818216985421e-01
7.429999999999192539e+01 2.974700836985703756e+00 2.046021401692996455e-01
7.439999999999191971e+01 3.039496056135245539e+00 1.579964512184235670e-01
7.449999999999189981e+01 3.097212491632298281e+00 1.170253664872628191e-01
7.459999999999189413e+01 3.147544830296471918e+00 8.191387222999189921e-02
7.469999999999188844e+01 3.190225896230917346e+00 5.285745632667996491e-02
7.479999999999186855e+01 3.225028259227610938e+00 3.002102928552274549e-02
7.489999999999186286e+01 3.251765618282649761e+00 1.353800612264335727e-02
7.499999999999184297e+01 3.270293948314964894e+00 3.509554956297125921e-03
7.509999999999183729e+01 3.280512399937645096e+00 4.017166981187673516e-06
7.519999999999183160e+01 3.282363944077823170e+00 3.056502939179188850e-03
7.529999999999181171e+01 3.275835755339168376e+00 1.266866492450086958e-02
7.539999999999180602e+01 3.260959330218563323e+00 2.880865165939545253e-02
7.549999999999180034e+01 3.237810338605221272e+00 5.141124124469641926e-02
7.559999999999178044e+01 3.206508209309319568e+00 8.037815466024500477e-02
7.569999999999177476e+01 3.167215452716661606e+00 1.155785469572996743e-01
7.579999999999176907e+01 3.120136725936403455e+00 1.568496734563338824e-01
7.589999999999174918e+01 3.065517648001126805e+00 2.039977269884736821e-01
7.599999999999174349e+01 3.003643374728444115e+00 2.567988411675047877e-01
7.609999999999172360e+01 2.934836944753438370e+00 3.150002536733898517e-01
7.619999999999171791e+01 2.859457409919675008e+00 3.783216225800999921e-01
7.629999999999171223e+01 2.777897764717898177e+00 4.464564878733455200e-01
7.639999999999169233e+01 2.690582690695634938e+00 5.190738694884888815e-01
7.649999999999168665e+01 2.597966132776786896e+00 5.958199924573405193e-01
7.659999999999166675e+01 2.500528725216115689e+00 6.763201290895637374e-01
7.669999999999166107e+01 2.398775085434200705e+00 7.601805475330822848e-01
7.679999999999165539e+01 2.293230994321674654e+00 8.469905555577842415e-01
7.689999999999163549e+01 2.184440481702325076e+00 9.363246279886101586e-01
7.699999999999162981e+01 2.072962835586617647e+00 1.027744605878941231e+00
7.709999999999162412e+01 1.959369553617149595e+00 1.120801955253681870e+00
7.719999999999160423e+01 1.844241254749145575e+00 1.215040073075223548e+00
7.729999999999159854e+01 1.728164568735339524e+00 1.309996627970585470e+00
7.739999999999159286e+01 1.611729020433017023e+00 1.405205923223685538e+00
7.749999999999157296e+01 1.495523925331756487e+00 1.500201269561459050e+00
7.759999999999156728e+01 1.380135312048414997e+00 1.594517355350582921e+00
7.769999999999154738e+01 1.266142886858349081e+00 1.687692601969523976e+00
7.779999999999154170e+01 1.154117054645803275e+00 1.779271492321993664e+00
7.789999999999153601e+01 1.044616009980203541e+00 1.868806860708801976e+00
7.799999999999151612e+01 9.381829113569176704e-01 1.955862132579266000e+00
7.809999999999151044e+01 8.353431509884194917e-01 2.040013503028002884e+00
7.819999999999149054e+01 7.366017318995421448e-01 2.120852043291057587e+00
7.829999999999148486e+01 6.424407634557800506e-01 2.197985724931911022e+00
7.839999999999147917e+01 5.533170858498792644e-01 2.271041351870816793e+00
7.849999999999145928e+01 4.696600334612204275e-01 2.339666390924636463e+00
7.859999999999145359e+01 3.918693463987137360e-01 2.403530692061396135e+00
7.869999999999144791e+01 3.203132389198425356e-01 2.462328090157569704e+00
7.879999999999142801e+01 2.553266327871598906e-01 2.515777880649446629e+00
7.889999999999142233e+01 1.972095629664645799e-01 2.563626162115653528e+00
7.899999999999141664e+01 1.462257623895768799e-01 2.605647039491715056e+00
7.909999999999139675e+01 1.026014317897661898e-01 2.641643682320080178e+00
7.919999999999139106e+01 6.652419986975813271e-02 2.671449233149592928e+00
7.929999999999137117e+01 3.814227828003432380e-02 2.694927561952969342e+00
7.939999999999136548e+01 1.756381506963524200e-02 2.711973863177195021e+00
7.949999999999135980e+01 4.856449425101283697e-03 2.722515092828032834e+00
7.959999999999133991e+01 4.706963955762666563e-05 2.726510243780236653e+00
7.969999999999133422e+01 3.121775357643356581e-03 2.723950458286938936e+00
7.979999999999131433e+01 1.402604422838729312e-02 2.714858977491463765e+00
7.989999999999130864e+01 3.266510217268485394e-02 2.699290928520256205e+00
7.999999999999130296e+01 5.890449554046424396e-02 2.677332950566490233e+00
8.009999999999128306e+01 9.257086250021774598e-02 2.649102662145265352e+00
8.019999999999127738e+01 1.334529000751163708e-01 2.614747972515029328e+00
8.029999999999127169e+01 1.813025223201486791e-01 2.574446241007592562e+00
8.039999999999125180e+01 2.358362042262536762e-01 2.528403288793029891e+00
8.049999999999124611e+01 2.967365050448027564e-01 2.476852268321694694e+00
8.059999999999124043e+01 3.636537638490957569e-01 2.420052396414515528e+00
8.069999999999122053e+01 4.362079592935122485e-01 2.358287557651232991e+00
8.079999999999121485e+01 5.139907246946400221e-01 2.291864785368568302e+00
8.089999999999119495e+01 5.965675087445548863e-01 2.221112628200252015e+00
8.099999999999118927e+01 6.834798713789485003e-01 2.146379410678576516e+00
8.109999999999118359e+01 7.742479035595637438e-01 2.068031396971403257e+00
8.119999999999116369e+01 8.683727589986889317e-01 1.986450867321672531e+00
8.129999999999115801e+01 9.653392851573674438e-01 1.902034117232610289e+00
8.139999999999113811e+01 1.064618740190053536e+00 1.815189389839683143e+00
8.149999999999113243e+01 1.165671581898708897e+00 1.726334752281225127e+00
8.159999999999112674e+01 1.267950314201126583e+00 1.635895927183921739e+00
8.169999999999110685e+01 1.370902376124716771e+00 1.544304090628435988e+00
8.179999999999110116e+01 1.473973057913685158e+00 1.451993648156524097e+00
8.189999999999109548e+01 1.576608428497267456e+00 1.359400000508656836e+00
8.199999999999107558e+01 1.678258258314238471e+00 1.266957310850227003e+00
8.209999999999106990e+01 1.778378921349592190e+00 1.175096285246746364e+00
8.219999999999106421e+01 1.876436260189207506e+00 1.084241978084088398e+00
8.229999999999104432e+01 1.971908397990754791e+00 9.948116340012379544e-01
8.239999999999103864e+01 2.064288481466418190e+00 9.072125777042888695e-01
8.249999999999101874e+01 2.153087339306762882e+00 8.218401627644298379e-01
8.259999999999101306e+01 2.237836040937247528e+00 7.390757901751062731e-01
8.269999999999100737e+01 2.318088341087468862e+00 6.592850070465646750e-01
8.279999999999098748e+01 2.393422996367913225e+00 5.828156953606684620e-01
8.289999999999098179e+01 2.463445940878346008e+00 5.099963601920528555e-01
8.299999999999096190e+01 2.527792308810852706e+00 4.411345262326190619e-01
8.309999999999095621e+01 2.586128293044267945e+00 3.765152508312014645e-01
8.319999999999095053e+01 2.638152829842290270e+00 3.163997610950013972e-01
8.329999999999093063e+01 2.683599100950924576e+00 2.610242218856881902e-01
8.339999999999092495e+01 2.722235845611972849e+00 2.105986407995170118e-01
8.349999999999091926e+01 2.753868476280959321e+00 1.653059154430147615e-01
8.359999999999089937e+01 2.778339993101540006e+00 1.253010275144628705e-01
8.369999999999089368e+01 2.795531693467415923e+00 9.071038738301034909e-02
8.379999999999088800e+01 2.805363674242683292e+00 6.163133202339758643e-02
8.389999999999086810e+01 2.807795125447452467e+00 3.813177832496828651e-02
8.399999999999086242e+01 2.802824415372859423e+00 2.025003295150676341e-02
8.409999999999084253e+01 2.790488968225240285e+00 7.994759089322431983e-03
8.419999999999083684e+01 2.770864936462207329e+00 1.345099589574071846e-03
8.429999999999083116e+01 2.744066670974478761e+00 2.509551908403967880e-04
8.439999999999081126e+01 2.710245993227545558e+00 4.633415703786649721e-03
8.449999999999080558e+01 2.669591274337945297e+00 1.438534125425096170e-02
8.459999999999078568e+01 2.622326326896362580e+00 2.937208991758150090e-02
8.469999999999078000e+01 2.568709116118274682e+00 4.943238733810038921e-02
8.479999999999077431e+01 2.509030297632980577e+00 7.437933321563403033e-02
8.489999999999075442e+01 2.443611589915235083e+00 1.040015388584261818e-01
8.499999999999074873e+01 2.372803990032496646e+00 1.380643893501604103e-01
8.509999999999074305e+01 2.296985842014116486e+00 1.763114232612076060e-01
8.519999999999072315e+01 2.216560767777081775e+00 2.184658222510019177e-01
8.529999999999071747e+01 2.131955471147216397e+00 2.642320023638044524e-01
8.539999999999071179e+01 2.043617426110072799e+00 3.132972983140326351e-01
8.549999999999069189e+01 1.952012460997218257e+00 3.653337315936364682e-01
8.559999999999068621e+01 1.857622250878296910e+00 4.199998528145259535e-01
8.569999999999066631e+01 1.760941730954074691e+00 4.769426483257208083e-01
8.579999999999066063e+01 1.662476444246659968e+00 5.357995008207357968e-01
8.589999999999065494e+01 1.562739837337151272e+00 5.962001933787022256e-01
8.599999999999063505e+01 1.462250518298207291e+00 6.577689461638017709e-01
8.609999999999062936e+01 1.361529491302889028e+00 7.201264748442286479e-01
8.619999999999060947e+01 1.261097382647219378e+00 7.828920596887701810e-01
8.629999999999060378e+01 1.161471673088684931e+00 8.456856142529541875e-01
8.639999999999059810e+01 1.063163951472679170e+00 9.081297425832951520e-01
8.649999999999057820e+01 9.666772045827012327e-01 9.698517739457231945e-01
8.659999999999057252e+01 8.725031580005988552e-01 1.030485764222712985e+00
8.669999999999056683e+01 7.811196825048237757e-01 1.089674453326551218e+00
8.679999999999054694e+01 6.929882801625634192e-01 1.147071168234242933e+00
8.689999999999054126e+01 6.085516637860971523e-01 1.202341661572811748e+00
8.699999999999053557e+01 5.282314428456907907e-01 1.255165876056290042e+00
8.709999999999051568e+01 4.524259282475418531e-01 1.305239625511262602e+00
8.719999999999050999e+01 3.815080676292018080e-01 1.352276183701287771e+00
8.729999999999049010e+01 3.158235219914620751e-01 1.396007772696631788e+00
8.739999999999048441e+01 2.556888935994958145e-01 1.436186943099553748e+00
8.749999999999047873e+01 2.013901141550753504e-01 1.472587839048953740e+00
8.759999999999045883e+01 1.531810012806431309e-01 1.505007341570496759e+00
8.769999999999045315e+01 1.112819903781534919e-01 1.533266084515521932e+00
8.779999999999043325e+01 7.587904794022687360e-02 1.557209338026527057e+00
8.789999999999042757e+01 4.712277140633225336e-02 1.576707755198524907e+00
8.799999999999042188e+01 2.512767968038123051e-02 1.591657978334780621e+00
8.809999999999040199e+01 9.971697460206450925e-03 1.601983101962110911e+00
8.819999999999039630e+01 1.695835575810075106e-03 1.607632990522717353e+00
8.829999999999039062e+01 3.040685913022448555e-04 1.608584449444582010e+00
8.839999999999037072e+01 5.763409991675644099e-03 1.604841249058148067e+00
8.849999999999036504e+01 1.800418434646181357e-02 1.596434001613155074e+00
8.859999999999035936e+01 3.692049491280611356e-02 1.583419892418416186e+00
8.869999999999033946e+01 6.237088420588824539e-02 1.565882266900094466e+00
8.879999999999033378e+01 9.417918412097293912e-02 1.543930076141807328e+00
8.889999999999031388e+01 1.321355512357055007e-01 1.517697184211554529e+00
8.899999999999030820e+01 1.759976819534644354e-01 1.487341541326153260e+00
8.909999999999030251e+01 2.254922011694696915e-01 1.453044227619905149e+00
8.919999999999028262e+01 2.803162171561958682e-01 1.415008372980856688e+00
8.929999999999027693e+01 3.401390343807322858e-01 1.373457959089724234e+00
8.939999999999025704e+01 4.046040149931968144e-01 1.328636510439962892e+00
8.949999999999025135e+01 4.733305787767421724e-01 1.280805681719320077e+00
8.959999999999024567e+01 5.459163304379429649e-01 1.230243749507885953e+00
8.969999999999022577e+01 6.219393022620400835e-01 1.177244016765599310e+00
8.979999999999022009e+01 7.009602993711648855e-01 1.122113139061347242e+00
8.989999999999021441e+01 7.825253341284098552e-01 1.065169381923171787e+00
8.999999999999019451e+01 8.661681356382050501e-01 1.006740819053902447e+00
9.009999999999018883e+01 9.514127198165431842e-01 9.471634814713486561e-01
9.019999999999018314e+01 1.037776005156816561e+00 8.867794678806243391e-01
9.029999999999016325e+01 1.124770459106000819e+00 8.259350267723682970e-01
9.039999999999015756e+01 1.211906759887497964e+00 7.649786208657445297e-01
9.049999999999013767e+01 1.298696458673512577e+00 7.042589845709709140e-01
9.059999999999013198e+01 1.384654627199917609e+00 6.441231851425331945e-01
9.069999999999012630e+01 1.469302476235921695e+00 5.849146981247288490e-01
9.079999999999010640e+01 1.552169930744155213e+00 5.269715075630702072e-01
9.089999999999010072e+01 1.632798148087293288e+00 4.706242412679402243e-01
9.099999999999008082e+01 1.710741966226690947e+00 4.161943511729527256e-01
9.109999999999007514e+01 1.785572269508168830e+00 3.639923485378714352e-01
9.119999999999006945e+01 1.856878260312029072e+00 3.143161034030305667e-01
9.129999999999004956e+01 1.924269625543785667e+00 2.674492173140386453e-01
9.139999999999004388e+01 1.987378587639184291e+00 2.236594779098017294e-01
9.149999999999003819e+01 2.045861830444356766e+00 1.831974034997343459e-01
9.159999999999001830e+01 2.099402290992635312e+00 1.462948852578006553e-01
9.169999999999001261e+01 2.147710808832355767e+00 1.131639341297092510e-01
9.179999999999000693e+01 2.190527625165415326e+00 8.399553898990129441e-02
9.189999999998998703e+01 2.227623724629578916e+00 5.895864199802169914e-02
9.199999999998998135e+01 2.258802013124365349e+00 3.819923649244944680e-02
9.209999999998996145e+01 2.283898325630679960e+00 2.183959212220532714e-02
9.219999999998995577e+01 2.302782258537520388e+00 9.977611259506897687e-03
9.229999999998995008e+01 2.315357821588226006e+00 2.686320054108906012e-03
9.239999999998993019e+01 2.321563905185620946e+00 1.349678887611200146e-05
9.249999999998992450e+01 2.321374559494556955e+00 1.981439474715681898e-03
9.259999999998990461e+01 2.314799082558306242e+00 8.586873883845064920e-03
9.269999999998989892e+01 2.301881915498328990e+00 1.980100246546548023e-02
9.279999999998989324e+01 2.282702343830610214e+00 3.556969381996673285e-02
9.289999999998987334e+01 2.257374004990475136e+00 5.581381163015582125e-02
9.299999999998986766e+01 2.226044203305788560e+00 8.042968116481560847e-02
9.309999999998986198e+01 2.188893034907152479e+00 1.092896906860479356e-01
9.319999999998984208e+01 2.146132326376577915e+00 1.422430243126769633e-01
9.329999999998983640e+01 2.098004392308839616e+00 1.791165221237232541e-01
9.339999999998983071e+01 2.044780618356901503e+00 2.197156625356909976e-01
9.349999999998981082e+01 1.986759877737387825e+00 2.638256612605883733e-01
9.359999999998980513e+01 1.924266790541902639e+00 3.112126804578640438e-01
9.369999999998978524e+01 1.857649836513303399e+00 3.616251410367934405e-01
9.379999999998977955e+01 1.787279333164835116e+00 4.147951304553028629e-01
9.389999999998977387e+01 1.713545292221169358e+00 4.704398978028378475e-01
9.399999999998975397e+01 1.636855168311835307e+00 5.282634274518878126e-01
9.409999999998974829e+01 1.557631514636825809e+00 5.879580821235108612e-01
9.419999999998972839e+01 1.476309560927901332e+00 6.492063058370440842e-01
9.429999999998972271e+01 1.393334729446478848e+00 7.116823769085672824e-01
9.439999999998971703e+01 1.309160104983100759e+00 7.750542009235278362e-01
9.449999999998969713e+01 1.224243874859767267e+00 8.389851334459272891e-01
9.459999999998969145e+01 1.139046754804397876e+00 9.031358221222937077e-01
9.469999999998968576e+01 1.054029416267430630e+00 9.671660578146155096e-01
9.479999999998966587e+01 9.696499303266338243e-01 1.030736624423610914e+00
9.489999999998966018e+01 8.863612427823506223e-01 1.093511137164435931e+00
9.499999999998965450e+01 8.046086944240750105e-01 1.155157859203593373e+00
9.509999999998963460e+01 7.248275997696328465e-01 1.215351486776883760e+00
9.519999999998962892e+01 6.474408968654001839e-01 1.273774893158588606e+00
9.529999999998960902e+01 5.728568800200304345e-01 1.330120822154606142e+00
9.539999999998960334e+01 5.014670266362656337e-01 1.384093522131796039e+00
9.549999999998959765e+01 4.336439286234057278e-01 1.435410311975822806e+00
9.559999999998957776e+01 3.697393382280683150e-01 1.483803070782519162e+00
9.569999999998957207e+01 3.100823375076199317e-01 1.529019643535655115e+00
9.579999999998955218e+01 2.549776400967396772e-01 1.570825155499826264e+00
9.589999999998954650e+01 2.047040333631000852e-01 1.609003228569205746e+00
9.599999999998954081e+01 1.595129685099256622e-01 1.643357093340462649e+00
9.609999999998952092e+01 1.196273056368684917e-01 1.673710591255285429e+00
9.619999999998951523e+01 8.524022020220366203e-02 1.699909061737791882e+00
9.629999999998950955e+01 5.651427671649441459e-02 1.721820109883081207e+00
9.639999999998948965e+01 3.358067482336942605e-02 1.739334250896148903e+00
9.649999999998948397e+01 1.653867216936730569e-02 1.752365428152099947e+00
9.659999999998947828e+01 5.455187619219367852e-03 1.760851402451076630e+00
9.669999999998945839e+01 3.645874281184326160e-04 1.764754010756902636e+00
9.679999999998945270e+01 1.268655934689692875e-03 1.764059293446713639e+00
9.689999999998943281e+01 8.136751192459707252e-03 1.758777489854874920e+00
9.699999999998942712e+01 2.090614472284842845e-02 1.748942902654901266e+00
9.709999999998942144e+01 3.948254326559570010e-02 1.734613632385508808e+00
9.719999999998940154e+01 6.374078904456399741e-02 1.715871184203507926e+00
9.729999999998939586e+01 9.352573368409101973e-02 1.692819949684322589e+00
9.739999999998937597e+01 1.286532795331642720e-01 1.665586567246348348e+00
9.749999999998937028e+01 1.689115808126614715e-01 1.634319165476888713e+00
9.759999999998936460e+01 2.140623957267251409e-01 1.599186494330303354e+00
9.769999999998934470e+01 2.638425795029558651e-01 1.560376949804292979e+00
9.779999999998933902e+01 3.179657072754194513e-01 1.518097498308969229e+00
9.789999999998933333e+01 3.761238148222540989e-01 1.472572507486217930e+00
9.799999999998931344e+01 4.379892444349872682e-01 1.424042490730271338e+00
9.809999999998930775e+01 5.032165826388917962e-01 1.372762773096698252e+00
9.819999999998930207e+01 5.714446761126217300e-01 1.319002086652318217e+00
9.829999999998928217e+01 6.422987119622111107e-01 1.263041103633897766e+00
9.839999999998927649e+01 7.153923484888597972e-01 1.205170916015041227e+00
9.849999999998925659e+01 7.903298827325704323e-01 1.145691470270362000e+00
9.859999999998925091e+01 8.667084413567065493e-01 1.084909966237310064e+00
9.869999999998924523e+01 9.441201818394775458e-01 1.023139229033821040e+00
9.879999999998922533e+01 1.022154491434019929e+00 9.606960629975718202e-01
9.889999999998921965e+01 1.100400171919307502e+00 8.978995965556144654e-01
9.899999999998919975e+01 1.178447598764664539e+00 8.350696268407781231e-01
9.909999999998919407e+01 1.255890843953701541e+00 7.725249727245091513e-01
9.919999999998918838e+01 1.332329752328542005e+00 7.105818447569838270e-01
9.929999999998916849e+01 1.407371961912870395e+00 6.495522402838280751e-01
9.939999999998916280e+01 1.480634859243733281e+00 5.897423717562848555e-01
9.949999999998915712e+01 1.551747461268889960e+00 5.314511359715637928e-01
9.959999999998913722e+01 1.620352215866659673e+00 4.749686316672527275e-01
9.969999999998913154e+01 1.686106713498159992e+00 4.205747325570424189e-01
9.979999999998912585e+01 1.748685302948197906e+00 3.685377225343433594e-01
9.989999999998910596e+01 1.807780604526567414e+00 3.191129993841383961e-01
