1.000000000000000000e+00 2.000000000000000000e+00 0.000000000000000000e+00
1.099999999999988987e+00 1.997600966561252189e+00 1.999200209294186171e-03
1.199999999999977973e+00 1.990415458894561063e+00 7.987208595425730404e-03
1.299999999999966960e+00 1.978478202729013535e+00 1.793529495405225480e-02
1.399999999999955946e+00 1.961846893971078032e+00 3.179573048050228501e-02
1.499999999999944933e+00 1.940601921875994451e+00 4.950201934017756794e-02
1.599999999999933920e+00 1.914845979508373430e+00 7.096922135606167914e-02
1.699999999999922906e+00 1.884703563420769834e+00 9.609436426753675820e-02
1.799999999999911893e+00 1.850320365009708201e+00 1.247569435675704302e-01
1.899999999999900879e+00 1.811862556526974588e+00 1.568195074889860430e-01
1.999999999999889866e+00 1.769515975237064165e+00 1.921283242849803896e-01
2.099999999999878852e+00 1.723485209706632659e+00 2.305141285386693162e-01
2.199999999999867839e+00 1.673992592696864401e+00 2.717929428398102032e-01
2.299999999999856826e+00 1.621277105606077074e+00 3.157669707901583078e-01
2.399999999999845812e+00 1.565593199859999451e+00 3.622255569386237384e-01
2.499999999999834799e+00 1.507209541098168959e+00 4.109462089107630001e-01
2.599999999999823785e+00 1.446407682416488649e+00 4.616956766819892977e-01
2.699999999999812772e+00 1.383480673336213496e+00 5.142310836542948183e-01
2.799999999999801759e+00 1.318731611534978532e+00 5.683011039317013013e-01
2.899999999999790745e+00 1.252472144722096337e+00 6.236471799563632068e-01
2.999999999999779732e+00 1.185020930352069568e+00 6.800047744593309407e-01
3.099999999999768718e+00 1.116702061133721502e+00 7.371046505083862499e-01
3.199999999999757705e+00 1.047843464520793244e+00 7.946741732914833767e-01
3.299999999999746692e+00 9.787752845491005660e-01 8.524386271685102656e-01
3.399999999999735678e+00 9.098282545021303402e-01 9.101225414487988941e-01
3.499999999999724665e+00 8.413320689637218130e-01 9.674510183183705481e-01
3.599999999999713651e+00 7.736137638178354203e-01 1.024151056333305165e+00
3.699999999999702638e+00 7.069961127089695596e-01 1.079952862936316427e+00
3.799999999999691624e+00 6.417960483584722597e-01 1.134591149518331177e+00
3.899999999999680611e+00 5.783231169612206291e-01 1.187806402658224902e+00
3.999999999999669598e+00 5.168779736471590391e-01 1.239346125308163682e+00
4.099999999999658584e+00 4.577509267023689432e-01 1.288966041870937884e+00
4.199999999999647571e+00 4.012205378957047763e-01 1.336431261319941832e+00
4.299999999999636557e+00 3.475522858614198962e-01 1.381517392746452799e+00
4.399999999999625544e+00 2.969972990487850795e-01 1.424011607988623807e+00
4.499999999999614531e+00 2.497911642731945048e-01 1.463713646282838843e+00
4.599999999999603517e+00 2.061528163987977613e-01 1.500436756197254473e+00
4.699999999999592504e+00 1.662835141523399674e-01 1.534008570440189789e+00
4.799999999999581490e+00 1.303659065276639162e-01 1.564271909495799084e+00
4.899999999999570477e+00 9.856319368849986162e-02 1.591085510405818138e+00
4.999999999999559464e+00 7.101838572825146245e-02 1.614324677409513464e+00
5.099999999999548450e+00 4.785366210062116238e-02 1.633881851541328922e+00
5.199999999999537437e+00 2.916983400296502965e-02 1.649667096700680124e+00
5.299999999999526423e+00 1.504591147779185852e-02 1.661608500114286180e+00
5.399999999999515410e+00 5.538776500971532082e-03 1.669652485531032404e+00
5.499999999999504396e+00 6.829628499532392578e-04 1.673764037906126712e+00
5.599999999999493383e+00 4.905430922640171415e-04 1.673926838756893076e+00
5.699999999999482370e+00 4.951122603479483041e-03 1.670143311782702034e+00
5.799999999999471356e+00 1.403194011312459098e-02 1.662434578766812221e+00
5.899999999999460343e+00 2.767807388391245807e-02 1.650840326188134810e+00
5.999999999999449329e+00 4.581275225100864268e-02 1.635418583376554436e+00
6.099999999999438316e+00 6.833776687958877105e-02 1.616245413457022995e+00
6.199999999999427303e+00 9.513398673656223159e-02 1.593414518716629535e+00
6.299999999999416289e+00 1.260619704113799533e-01 1.567036762423312579e+00
6.399999999999405276e+00 1.609626740576042270e-01 1.537239609506262816e+00
6.499999999999394262e+00 1.996582518574399334e-01 1.504166488880853469e+00
6.599999999999383249e+00 2.419529455328184031e-01 1.467976080560676522e+00
6.699999999999372235e+00 2.876340590380233597e-01 1.428841531055268010e+00
6.799999999999361222e+00 3.364730141681793185e-01 1.386949600887286138e+00
6.899999999999350209e+00 3.882264824073880516e-01 1.342499748388463532e+00
6.999999999999339195e+00 4.426375879216646325e-01 1.295703154244650657e+00
7.099999999999328182e+00 4.994371761785441066e-01 1.246781691547914850e+00
7.199999999999317168e+00 5.583451422525542718e-01 1.195966846388857530e+00
7.299999999999306155e+00 6.190718124595733229e-01 1.143498594272833069e+00
7.399999999999295142e+00 6.813193725627114672e-01 1.089624237869141865e+00
7.499999999999284128e+00 7.447833354128606809e-01 1.034597211805750261e+00
7.599999999999273115e+00 8.091540405382142698e-01 9.786758603942640189e-01
7.699999999999262101e+00 8.741181778920641410e-01 9.221221943143975697e-01
7.799999999999251088e+00 9.393603277062541057e-01 8.652006324011350946e-01
7.899999999999240075e+00 1.004564508198652062e+00 8.081767347527599732e-01
7.999999999999229061e+00 1.069415722743234598e+00 7.513159334266030775e-01
8.099999999999218048e+00 1.133601498047492884e+00 6.948822669939302976e-01
8.199999999999207034e+00 1.196813404887667298e+00 6.391371252000940251e-01
8.299999999999196021e+00 1.258748553042095653e+00 5.843380099091270985e-01
8.399999999999185007e+00 1.319111052228016057e+00 5.307373184103439945e-01
8.499999999999173994e+00 1.377613431095589647e+00 4.785811550282219606e-01
8.599999999999162981e+00 1.433978006650677095e+00 4.281081768014092792e-01
8.699999999999151967e+00 1.487938196878198838e+00 3.795484787916635905e-01
8.799999999999140954e+00 1.539239769791947099e+00 3.331225243437005989e-01
8.899999999999129940e+00 1.587642022654587759e+00 2.890401253498900980e-01
8.999999999999118927e+00 1.632918885681192700e+00 2.474994772774893326e-01
9.099999999999107914e+00 1.674859945134834494e+00 2.086862533968085465e-01
9.199999999999096900e+00 1.713271381361298307e+00 1.727727623086118269e-01
9.299999999999085887e+00 1.747976817949505213e+00 1.399171725097455021e-01
9.399999999999074873e+00 1.778818078859309981e+00 1.102628073628583172e-01
9.499999999999063860e+00 1.805655851003420631e+00 8.393751345092502480e-02
9.599999999999052847e+00 1.828370250398036134e+00 6.105310490420070429e-02
9.699999999999041833e+00 1.846861290603156958e+00 4.170488588808494990e-02
9.799999999999030820e+00 1.861049252752309924e+00 2.597125303933543045e-02
9.899999999999019806e+00 1.870874956999301730e+00 1.391337923669746374e-02
9.999999999999008793e+00 1.876299935714685008e+00 5.574979693417273993e-03
1.009999999999899778e+01 1.877306509209119678e+00 9.821609644285356645e-04
1.019999999999898677e+01 1.873897765172011232e+00 1.433530731373936645e-04
1.029999999999897575e+01 1.866097443376845577e+00 3.049324582150542140e-03
1.039999999999896474e+01 1.853949727523606761e+00 9.673280060746520040e-03
1.049999999999895373e+01 1.837518946380857443e+00 1.997103904012164852e-02
1.059999999999894271e+01 1.816889186633971587e+00 3.388129519616718544e-02
1.069999999999893170e+01 1.792163820077701919e+00 5.132595415933918770e-02
1.079999999999892069e+01 1.763464947991425280e+00 7.221054802229000258e-02
1.089999999999890967e+01 1.730932765725260003e+00 9.642472429887832819e-02
1.099999999999889866e+01 1.694724850702215457e+00 1.238428067828982876e-01
1.109999999999888765e+01 1.655015377218572059e+00 1.543244254619403899e-01
1.119999999999887663e+01 1.611994261594736022e+00 1.877152123609523993e-01
1.129999999999886562e+01 1.565866241415611482e+00 2.238475599223890000e-01
1.139999999999885461e+01 1.516849892773760144e+00 2.625414382752745968e-01
1.149999999999884359e+01 1.465176589634558768e+00 3.036052675039320747e-01
1.159999999999883258e+01 1.411089409631234526e+00 3.468368408015289339e-01
1.169999999999882156e+01 1.354841990819635633e+00 3.920242941813730231e-01
1.179999999999881055e+01 1.296697344123495910e+00 4.389471182240686220e-01
1.189999999999879954e+01 1.236926626427693243e+00 4.873772071607416212e-01
1.199999999999878852e+01 1.175807879479469964e+00 5.370799404317996295e-01
1.209999999999877751e+01 1.113624739973773758e+00 5.878152917217354112e-01
1.219999999999876650e+01 1.050665126383444559e+00 6.393389603482937389e-01
1.229999999999875548e+01 9.872199082751749177e-01 6.914035197877889116e-01
1.239999999999874447e+01 9.235815640063294030e-01 7.437595780420612757e-01
1.249999999999873346e+01 8.600428328183500337e-01 7.961569444996109413e-01
1.259999999999872244e+01 7.968953674389891439e-01 8.483457979157257300e-01
1.269999999999871143e+01 7.344283933610021853e-01 9.000778501363163597e-01
1.279999999999870042e+01 6.729273809811964213e-01 9.511075002078531737e-01
1.289999999999868940e+01 6.126727367621391807e-01 1.001192973568629574e+00
1.299999999999867839e+01 5.539385195142216833e-01 1.050097441088987615e+00
1.309999999999866738e+01 4.969911877860734850e-01 1.097590112825998387e+00
1.319999999999865636e+01 4.420883842075476466e-01 1.143447301485128520e+00
1.329999999999864535e+01 3.894777624412037453e-01 1.187453450727257165e+00
1.339999999999863434e+01 3.393958621769234130e-01 1.229402123633472677e+00
1.349999999999862332e+01 2.920670373505758755e-01 1.269096946832054762e+00
1.359999999999861231e+01 2.477024424845355177e-01 1.306352506007554259e+00
1.369999999999860130e+01 2.064990817394377065e-01 1.340995188749139588e+00
1.379999999999859028e+01 1.686389249404270096e-01 1.372863970942602263e+00
1.389999999999857927e+01 1.342880944954243649e-01 1.401811143186906472e+00
1.399999999999856826e+01 1.035961267670035268e-01 1.427702973993746349e+00
1.409999999999855724e+01 7.669531109325244955e-02 1.450420306834069306e+00
1.419999999999854623e+01 5.370010928048134929e-02 1.469859088398606906e+00
1.429999999999853522e+01 3.470665801484185131e-02 1.485930825766800023e+00
1.439999999999852420e+01 1.979235626074442311e-02 1.498562970503249714e+00
1.449999999999851319e+01 9.015539334519619835e-03 1.507699228041830875e+00
1.459999999999850218e+01 2.415240961397539625e-03 1.513299791059252275e+00
1.469999999999849116e+01 1.104424315888793376e-05 1.515341495889068302e+00
1.479999999999848015e+01 1.803022082721597412e-03 1.513817901377807029e+00
1.489999999999846914e+01 7.771767230016989568e-03 1.508739289941329886e+00
1.499999999999845812e+01 1.787851173041125896e-02 1.500132590932510945e+00
1.509999999999844711e+01 3.206533517245326731e-02 1.488041226784063253e+00
1.519999999999843610e+01 5.025546074581560552e-02 1.472524882745933184e+00
1.529999999999842508e+01 7.235363773322558978e-02 1.453659201383617816e+00
1.539999999999841407e+01 9.824660867295791078e-02 1.431535403346642754e+00
1.549999999999840306e+01 1.278036590418131779e-01 1.406259836258763274e+00
1.559999999999839204e+01 1.608772469251663895e-01 1.377953453903081327e+00
1.569999999999838103e+01 1.973037097619104729e-01 1.346751228206848783e+00
1.579999999999837001e+01 2.369040448817668620e-01 1.312801496828944536e+00
1.589999999999835900e+01 2.794847601926882530e-01 1.276265249459023199e+00
1.599999999999834799e+01 3.248387910316523075e-01 1.237315356214039541e+00
1.609999999999833875e+01 3.727464788649983429e-01 1.196135741788437068e+00
1.619999999999832596e+01 4.229766072205619620e-01 1.152920509261053494e+00
1.629999999999831317e+01 4.752874899532084640e-01 1.107873017695932383e+00
1.639999999999830393e+01 5.294281066955356385e-01 1.061204917883050936e+00
1.649999999999829470e+01 5.851392801240021813e-01 1.013135150755524627e+00
1.659999999999828191e+01 6.421548894847390887e-01 9.638889131890372441e-01
1.669999999999826912e+01 7.002031146694166486e-01 9.136965960331703274e-01
1.679999999999825988e+01 7.590077050140129344e-01 8.627926993461311200e-01
1.689999999999825064e+01 8.182892669092473037e-01 8.114147299029205174e-01
1.699999999999823785e+01 8.777665642628114107e-01 7.598020861189676012e-01
1.709999999999822506e+01 9.371578258330138800e-01 7.081949355833924153e-01
1.719999999999821583e+01 9.961820534702375829e-01 6.568330904162292816e-01
1.729999999999820659e+01 1.054560325336250992e+00 6.059548856705990749e-01
1.739999999999819380e+01 1.112017088238810514e+00 5.557960659745980747e-01
1.749999999999818101e+01 1.168281433304080297e+00 5.065886855625960639e-01
1.759999999999817177e+01 1.223088349308462774e+00 4.585600267791165585e-01
1.769999999999816254e+01 1.276179948116358487e+00 4.119315420457514421e-01
1.779999999999814975e+01 1.327306656798107998e+00 3.669178241717724331e-01
1.789999999999813696e+01 1.376228371149382346e+00 3.237256097561296286e-01
1.799999999999812772e+01 1.422715565487151279e+00 2.825528202751796392e-01
1.809999999999811848e+01 1.466550353765375014e+00 2.435876452800485592e-01
1.819999999999810569e+01 1.507527497226085922e+00 2.070076719344945693e-01
1.829999999999809290e+01 1.545455353995395464e+00 1.729790649168143624e-01
1.839999999999808367e+01 1.580156766232809762e+00 1.416558004804631954e-01
1.849999999999807443e+01 1.611469880661296594e+00 1.131789582253964477e-01
1.859999999999806164e+01 1.639248898543912203e+00 8.767607387003005515e-02
1.869999999999804885e+01 1.663364751427713006e+00 6.526055603818554929e-02
1.879999999999803961e+01 1.683705699256847765e+00 4.603116978310697882e-02
1.889999999999803038e+01 1.700177847766531247e+00 3.007158926536963872e-02
1.899999999999801759e+01 1.712705582395299464e+00 1.745002168204023985e-02
1.909999999999800480e+01 1.721231916323659572e+00 8.218904213973846420e-03
1.919999999999799556e+01 1.725718750626926257e+00 2.414675416100088654e-03
1.929999999999798632e+01 1.726147044951978460e+00 5.762212485891762327e-05
1.939999999999797353e+01 1.722516897570108174e+00 1.151802598414074967e-03
1.949999999999796074e+01 1.714847534115591099e+00 5.685046241074815515e-03
1.959999999999795151e+01 1.703177204808417278e+00 1.362902989537243849e-02
1.969999999999794227e+01 1.687562990449442468e+00 2.493943031555498346e-02
1.979999999999792948e+01 1.668080517986347155e+00 3.955615206712201348e-02
1.989999999999791669e+01 1.644823586943969573e+00 5.740362973066081426e-02
1.999999999999790745e+01 1.617903708524506046e+00 7.839120292686814484e-02
2.009999999999789821e+01 1.587449559663584253e+00 1.024135623258356081e-01
2.019999999999788542e+01 1.553606354805675327e+00 1.293512644591253424e-01
2.029999999999787264e+01 1.516535138609828470e+00 1.590713128206845406e-01
2.039999999999786340e+01 1.476412003216832414e+00 1.914278024233377895e-01
2.049999999999785416e+01 1.433427234099647674e+00 2.262626246746289038e-01
2.059999999999784137e+01 1.387784388869444108e+00 2.634062291485753105e-01
2.069999999999782858e+01 1.339699313725162044e+00 3.026784385632563246e-01
2.079999999999781934e+01 1.289399102510250250e+00 3.438893130250228469e-01
2.089999999999781011e+01 1.237121003577157596e+00 3.868400593732687631e-01
2.099999999999779732e+01 1.183111279859377030e+00 4.313239812539385043e-01
2.109999999999778453e+01 1.127624027713400645e+00 4.771274653662595511e-01
2.119999999999777529e+01 1.070919960226089929e+00 5.240309991650944355e-01
2.129999999999776605e+01 1.013265160781930074e+00 5.718102151635394703e-01
2.139999999999775326e+01 9.549298127620095000e-01 6.202369568634379382e-01
2.149999999999774047e+01 8.961869112983381624e-01 6.690803612498119612e-01
2.159999999999773124e+01 8.373109630444471874e-01 7.181079527122333772e-01
2.169999999999772200e+01 7.785766799393675219e-01 7.670867432118523288e-01
2.179999999999770921e+01 7.202576729498517683e-01 8.157843334835861437e-01
2.189999999999769642e+01 6.626251517674739411e-01 8.639700100641060088e-01
2.199999999999768718e+01 6.059466364235206459e-01 9.114158329539482351e-01
2.209999999999767795e+01 5.504846867512034336e-01 9.578977087650942801e-01
2.219999999999766516e+01 4.964956555871650745e-01 1.003196444269634169e+00
2.229999999999765237e+01 4.442284715462597733e-01 1.047098775355783218e+00
2.239999999999764313e+01 3.939234571308889432e-01 1.089398366503382842e+00
2.249999999999763389e+01 3.458111878416048612e-01 1.129896776028251892e+00
2.259999999999762110e+01 3.001113978368337709e-01 1.168404382498764216e+00
2.269999999999760831e+01 2.570319375430359932e-01 1.204741267906388025e+00
2.279999999999759908e+01 2.167677884370349251e-01 1.238738053375402437e+00
2.289999999999758984e+01 1.795001400087170296e-01 1.270236683415570944e+00
2.299999999999757705e+01 1.453955336601159276e-01 1.299091154973204709e+00
2.309999999999756426e+01 1.146050780054115176e-01 1.325168187792452157e+00
2.319999999999755502e+01 8.726373970506355604e-02 1.348347832894435161e+00
2.329999999999754579e+01 6.348971359418226212e-02 1.368524016275045829e+00
2.339999999999753300e+01 4.338387545591943645e-02 1.385605015252034500e+00
2.349999999999752021e+01 2.702932034284133422e-02 1.399513865221602593e+00
2.359999999999751097e+01 1.449098887111380934e-02 1.410188694939741083e+00
2.369999999999750173e+01 5.815383405481297334e-03 1.417582988799072519e+00
2.379999999999748894e+01 1.030375525131921495e-03 1.421665774946279770e+00
2.389999999999747615e+01 1.451056169459779752e-04 1.422421738458550466e+00
2.399999999999746692e+01 3.149974890651617825e-03 1.419851259179613523e+00
2.409999999999745768e+01 1.001672955708106556e-02 1.413970374194033930e+00
2.419999999999744489e+01 2.069863636317846936e-02 1.404810665303565909e+00
2.429999999999743210e+01 3.513074814265394058e-02 1.392419072238653355e+00
2.439999999999742286e+01 5.323025752577238007e-02 1.376857632713730073e+00
2.449999999999741362e+01 7.489693646158207541e-02 1.358203150792517411e+00
2.459999999999740083e+01 1.000136587461436105e-01 1.336546795377528296e+00
2.469999999999738804e+01 1.284470023256275295e-01 1.311993630977982050e+00
2.479999999999737881e+01 1.600479277560633573e-01 1.284662083228027996e+00
2.489999999999736957e+01 1.946525288556285038e-01 1.254683341933412466e+00
2.499999999999735678e+01 2.320828512811204669e-01 1.222200704709811347e+00
2.509999999999734399e+01 2.721477744979560187e-01 1.187368864544583458e+00
2.519999999999733475e+01 3.146439523939464911e-01 1.150353144860219112e+00
2.529999999999732552e+01 3.593568076074355466e-01 1.111328685882686962e+00
2.539999999999731273e+01 4.060615744992844278e-01 1.070479586324203147e+00
2.549999999999729994e+01 4.545243855959599233e-01 1.027998004572963753e+00
2.559999999999729070e+01 5.045033962572729180e-01 9.840832237443218888e-01
2.569999999999728146e+01 5.557499422829992319e-01 9.389406850862324072e-01
2.579999999999726867e+01 6.080097251562286420e-01 8.927809943531240799e-01
2.589999999999725588e+01 6.610240196287819892e-01 8.458189058575862340e-01
2.599999999999724665e+01 7.145308983792250102e-01 7.982722889881188610e-01
2.609999999999723741e+01 7.682664685125888404e-01 7.503610820363061373e-01
2.619999999999722462e+01 8.219661147244907706e-01 7.023062382141435078e-01
2.629999999999721183e+01 8.753657440058572048e-01 6.543286687617454467e-01
2.639999999999720259e+01 9.282030268295760056e-01 6.066481880411628280e-01
2.649999999999719336e+01 9.802186298206462256e-01 5.594824654976282563e-01
2.659999999999718057e+01 1.031157434973019704e+00 5.130459893277926620e-01
2.669999999999716778e+01 1.080769740533960022e+00 4.675490466446330373e-01
2.679999999999715854e+01 1.128812438727599732e+00 4.231967248548239025e-01
2.689999999999714930e+01 1.175050165537545821e+00 3.801879388775857294e-01
2.699999999999713651e+01 1.219256417808410653e+00 3.387144887293517814e-01
2.709999999999712372e+01 1.261214632962008197e+00 2.989601518772430078e-01
2.719999999999711449e+01 1.300719226658232808e+00 2.610998146267327624e-01
2.729999999999710525e+01 1.337576583763055105e+00 2.252986466549649347e-01
2.739999999999709246e+01 1.371605998021088846e+00 1.917113226289062500e-01
2.749999999999707967e+01 1.402640555878749362e+00 1.604812946599179224e-01
2.759999999999707043e+01 1.430527959955752992e+00 1.317401191402041427e-01
2.769999999999706120e+01 1.455131287745062618e+00 1.056068412824015396e-01
2.779999999999704841e+01 1.476329681217644518e+00 8.218744044299343410e-02
2.789999999999703562e+01 1.494018963151015011e+00 6.157433904960910726e-02
2.799999999999702638e+01 1.508112176162382356e+00 4.384597767516058148e-02
2.809999999999701714e+01 1.518540040658504120e+00 2.906645850556924260e-02
2.819999999999700435e+01 1.525251328169816345e+00 1.728525913471917058e-02
2.829999999999699156e+01 1.528213146872888561e+00 8.537018289840559923e-03
2.839999999999698233e+01 1.527411136475652631e+00 2.841394744340354668e-03
2.849999999999697309e+01 1.522849570093032678e+00 2.030003140283676553e-04
2.859999999999696030e+01 1.514551361231162518e+00 6.114074587568927265e-04
2.869999999999694751e+01 1.502557974568973220e+00 4.041231626481678330e-03
2.879999999999693827e+01 1.486929239824778870e+00 1.045228808321851770e-02
2.889999999999692903e+01 1.467743068661516492e+00 1.978982257301001996e-02
2.899999999999691624e+01 1.445095075273802765e+00 3.198481474994568224e-02
2.909999999999690345e+01 1.419098102016927765e+00 4.695435292282090084e-02
2.919999999999689422e+01 1.389881652172221482e+00 6.460207825581153196e-02
2.929999999999688498e+01 1.357591232672667347e+00 8.481869617909822134e-02
2.939999999999687219e+01 1.322387610327048879e+00 1.074825523856197673e-01
2.949999999999685940e+01 1.284445985766943021e+00 1.324602704276914289e-01
2.959999999999685016e+01 1.243955089977706541e+00 1.596074475832703343e-01
2.969999999999684093e+01 1.201116208861842560e+00 1.887694053403537464e-01
2.979999999999682814e+01 1.156142141786414390e+00 2.197819905508034688e-01
2.989999999999681535e+01 1.109256100507223453e+00 2.524724230359627342e-01
2.999999999999680611e+01 1.060690555198070095e+00 2.866601851867895401e-01
3.009999999999679687e+01 1.010686034574925785e+00 3.221579488921048062e-01
3.019999999999678408e+01 9.594898872613341068e-01 3.587725349514467310e-01
3.029999999999677129e+01 9.073550116149715628e-01 3.963058999856678422e-01
3.039999999999676206e+01 8.545385612212182957e-01 4.345561457429559238e-01
3.049999999999675282e+01 8.013006331728469434e-01 4.733185456198862884e-01
3.059999999999674003e+01 7.479029460976104327e-01 5.123865831618177324e-01
3.069999999999672724e+01 6.946075146897259245e-01 5.515529972872169617e-01
3.079999999999671800e+01 6.416753272583831658e-01 5.906108289811817791e-01
3.089999999999670877e+01 5.893650325347965513e-01 6.293544642330598515e-01
3.099999999999669598e+01 5.379316417065637124e-01 6.675806680427698314e-01
3.109999999999668319e+01 4.876252513759972151e-01 7.050896043908910782e-01
3.119999999999667395e+01 4.386897928891427267e-01 7.416858371577622622e-01
3.129999999999666471e+01 3.913618132579523290e-01 7.771793070812652582e-01
3.139999999999665192e+01 3.458692927121091443e-01 8.113862799671210935e-01
3.149999999999663913e+01 3.024305037716144007e-01 8.441302614995042086e-01
3.159999999999662990e+01 2.612529166240930567e-01 8.752428741515723143e-01
3.169999999999662066e+01 2.225321555254657913e-01 9.045646918606883302e-01
3.179999999999660787e+01 1.864510109066981336e-01 9.319460283118159438e-01
3.189999999999659508e+01 1.531785118561441450e-01 9.572476748680375236e-01
3.199999999999658584e+01 1.228690636441471667e-01 9.803415843960334719e-01
3.209999999999657661e+01 9.566165494973641326e-02 1.001111497467561673e+00
3.219999999999656382e+01 7.167913942158417318e-02 1.019453507659402014e+00
3.229999999999655103e+01 5.102759614321433074e-02 1.035276562946971568e+00
3.239999999999653824e+01 3.379577345770607560e-02 1.048502900471741217e+00
3.249999999999653255e+01 2.005462042767382908e-02 1.059068412276066518e+00
3.259999999999651976e+01 9.856909948450984921e-03 1.066922939928465430e+00
3.269999999999650697e+01 3.236957187781665159e-03 1.072030496321522142e+00
3.279999999999650129e+01 2.104365881441792082e-04 1.074369413296436981e+00
3.289999999999648850e+01 7.743001359607999201e-04 1.073932414147928283e+00
3.299999999999647571e+01 4.906798978174846219e-03 1.070726610475539964e+00
3.309999999999646292e+01 1.256760975738659136e-02 1.064773423276630604e+00
3.319999999999645013e+01 2.369806625255667376e-02 1.056108428618279582e+00
3.329999999999644444e+01 3.822149606743609901e-02 1.044781128672911175e+00
3.339999999999643165e+01 5.604366122056027993e-02 1.030854649354742136e+00
3.349999999999641886e+01 7.705330057828578549e-02 1.014405366245691775e+00
3.359999999999641318e+01 1.011227711569009369e-01 9.955224609422393955e-01
3.369999999999640039e+01 1.281087844226362071e-01 9.743074103881114167e-01
3.379999999999638760e+01 1.578532328601530421e-01 9.508734121756500235e-01
3.389999999999637481e+01 1.901841012807048148e-01 9.253447491901571897e-01
3.399999999999636202e+01 2.249164566168853352e-01 8.978560973473544982e-01
3.409999999999635634e+01 2.618535093174642614e-01 8.685517805072247022e-01
3.419999999999634355e+01 3.007877389222058384e-01 8.375849769631141806e-01
3.429999999999633076e+01 3.415020759708728981e-01 8.051168821712090251e-01
3.439999999999632507e+01 3.837711320852889019e-01 7.713158326257754105e-01
3.449999999999631228e+01 4.273624698573495473e-01 7.363563959788773650e-01
3.459999999999629949e+01 4.720379040726530029e-01 7.004184326647873160e-01
3.469999999999628670e+01 5.175548257962022669e-01 6.636861344067443991e-01
3.479999999999627391e+01 5.636675409236843182e-01 6.263470450646616561e-01
3.489999999999626823e+01 6.101286149571526485e-01 5.885910693292037976e-01
3.499999999999625544e+01 6.566902159763088331e-01 5.506094747730377881e-01
3.509999999999624265e+01 7.031054480331093703e-01 5.125938927483226770e-01
3.519999999999623697e+01 7.491296674918461740e-01 4.747353235617668976e-01
3.529999999999622418e+01 7.945217751444071386e-01 4.372231512733452674e-01
3.539999999999621139e+01 8.390454772561362073e-01 4.002441733504228938e-01
3.549999999999619860e+01 8.824705090198856627e-01 3.639816502711963886e-01
3.559999999999618581e+01 9.245738142216887168e-01 3.286143800073661470e-01
3.569999999999618012e+01 9.651406752364082298e-01 2.943158021307680783e-01
3.579999999999616733e+01 1.003965787791909481e+00 2.612531360818671766e-01
3.589999999999615454e+01 1.040854275248151994e+00 2.295865579115383970e-01
3.599999999999614886e+01 1.075622637462258169e+00 1.994684195614810085e-01
3.609999999999613607e+01 1.108099629632316896e+00 1.710425144848430890e-01
3.619999999999612328e+01 1.138127066864686121e+00 1.444433931267226079e-01
3.629999999999611049e+01 1.165560550573901066e+00 1.197957314863644235e-01
3.639999999999609770e+01 1.190270113231814975e+00 9.721375566871823248e-02
3.649999999999609201e+01 1.212140778414770192e+00 7.680072500423357207e-02
3.659999999999607923e+01 1.231073033580889931e+00 5.864847597404058976e-02
3.669999999999606644e+01 1.246983213527110168e+00 4.283702882337107887e-02
3.679999999999606075e+01 1.259803793035191743e+00 2.943425838276428688e-02
3.689999999999604796e+01 1.269483587814504544e+00 1.849563024475995437e-02
3.699999999999603517e+01 1.275987863474379758e+00 1.006400306737346637e-02
3.709999999999602238e+01 1.279298352907524361e+00 4.169497396468138141e-03
3.719999999999600959e+01 1.279413183121048680e+00 8.294310208190185411e-04
3.729999999999600391e+01 1.276346713210720019e+00 4.832049891514954163e-05
3.739999999999599112e+01 1.270129285810064346e+00 1.817948128978454656e-03
3.749999999999597833e+01 1.260806894957575919e+00 6.117493276150752328e-03
3.759999999999597264e+01 1.248440773893435329e+00 1.291372662661078446e-02
3.769999999999595985e+01 1.233106906810037318e+00 2.216126561025748287e-02
3.779999999999594706e+01 1.214895469032731823e+00 3.380288892411548174e-02
3.789999999999593427e+01 1.193910200482475314e+00 4.776990779997057623e-02
3.799999999999592148e+01 1.170267717577519573e+00 6.398259139351111791e-02
3.809999999999591580e+01 1.144096768952001630e+00 8.235064343003489773e-02
3.819999999999590301e+01 1.115537440517214041e+00 1.027737270237877448e-01
3.829999999999589022e+01 1.084740315463795346e+00 1.251420343950883363e-01
3.839999999999588454e+01 1.051865594810046600e+00 1.493368980412859426e-01
3.849999999999587175e+01 1.017082184049895366e+00 1.752314397730296291e-01
3.859999999999585896e+01 9.805667513551393766e-01 2.026912539070062913e-01
3.869999999999584617e+01 9.425027626539818071e-01 2.315751208071781253e-01
3.879999999999583338e+01 9.030794987476740143e-01 2.617357468889191519e-01
3.889999999999582769e+01 8.624910594581253198e-01 2.930205271425165292e-01
3.899999999999581490e+01 8.209353596280239973e-01 3.252723261918792907e-01
3.909999999999580211e+01 7.786131216260094856e-01 3.583302738824493128e-01
3.919999999999579643e+01 7.357268688647812249e-01 3.920305713847933027e-01
3.929999999999578364e+01 6.924799247001239832e-01 4.262073038089230215e-01
3.939999999999577085e+01 6.490754209731467439e-01 4.606932553484823778e-01
3.949999999999575806e+01 6.057153203618437232e-01 4.953207230106330683e-01
3.959999999999574527e+01 5.625994566324357127e-01 5.299223250400237895e-01
3.969999999999573959e+01 5.199245968195520540e-01 5.643318002121315846e-01
3.979999999999572680e+01 4.778835293000168738e-01 5.983847942527353858e-01
3.989999999999571401e+01 4.366641816653548114e-01 6.319196297369406023e-01
3.999999999999570832e+01 3.964487722190672692e-01 6.647780559348448470e-01
4.009999999999569553e+01 3.574129988294231786e-01 6.968059751984748695e-01
4.019999999999568274e+01 3.197252687402000748e-01 7.278541426317790553e-01
4.029999999999566995e+01 2.835459727819734099e-01 7.577788359455497336e-01
4.039999999999565716e+01 2.490268072205676364e-01 7.864424925785441500e-01
4.049999999999565148e+01 2.163101462354120597e-01 8.137143113599487609e-01
4.059999999999563869e+01 1.855284677281889838e-01 8.394708161950327208e-01
4.069999999999562590e+01 1.568038348301415974e-01 8.635963794799829119e-01
4.079999999999562021e+01 1.302474351074162928e-01 8.859837031844256527e-01
4.089999999999560742e+01 1.059591790623510971e-01 9.065342557845021965e-01
4.099999999999559464e+01 8.402735910750369630e-02 9.251586634789640273e-01
4.109999999999558185e+01 6.452836975473519310e-02 9.417770543798872351e-01
4.119999999999556906e+01 4.752648932649743141e-02 9.563193546262658273e-01
4.129999999999556337e+01 3.307372307180846821e-02 9.687255356297632680e-01
4.139999999999555058e+01 2.120970716448724799e-02 9.789458119175733497e-01
4.149999999999553779e+01 1.196167268714281272e-02 9.869407892910652125e-01
4.159999999999553211e+01 5.344468368252300837e-03 9.926815632632368658e-01
4.169999999999551932e+01 1.360640547638649689e-03 9.961497679762154611e-01
4.179999999999550653e+01 5.686014964776640836e-07 9.973375760266992573e-01
4.189999999999549374e+01 1.242653862767155275e-03 9.962476498433955330e-01
4.199999999999548095e+01 5.053559924743073785e-03 9.928930454673979833e-01
4.209999999999547526e+01 1.138850211135887351e-02 9.872970697765128811e-01
4.219999999999546247e+01 2.019158383065885673e-02 9.794930923788676136e-01
4.229999999999544968e+01 3.139617749057203866e-02 9.695243135720275074e-01
4.239999999999544400e+01 4.492534763939224490e-02 9.574434899202166616e-01
4.249999999999543121e+01 6.069231398744780875e-02 9.433126191593637078e-01
4.259999999999541842e+01 7.860095196171298926e-02 9.272025862751466230e-01
4.269999999999540563e+01 9.854632843240698770e-02 9.091927727374936596e-01
4.279999999999539284e+01 1.204152702218835025e-01 8.893706310013711480e-01
4.289999999999538716e+01 1.440869629553831466e-01 8.678312265028551575e-01
4.299999999999537437e+01 1.694335777361118955e-01 8.446767494958865585e-01
4.309999999999536158e+01 1.963209230221982515e-01 8.200159991816259319e-01
4.319999999999535589e+01 2.246091189510908692e-01 7.939638426849495723e-01
4.329999999999534310e+01 2.541532912015326828e-01 7.666406515274363231e-01
4.339999999999533031e+01 2.848042813102094062e-01 7.381717183309813857e-01
4.349999999999531752e+01 3.164093701770668843e-01 7.086866565661467110e-01
4.359999999999530473e+01 3.488130113105675778e-01 6.783187862211148556e-01
4.369999999999529905e+01 3.818575701914126985e-01 6.472045083267522481e-01
4.379999999999528626e+01 4.153840659818097691e-01 6.154826713070438160e-01
4.389999999999527347e+01 4.492329116897048613e-01 5.832939321540132616e-01
4.399999999999526779e+01 4.832446488200372592e-01 5.507801154309120983e-01
4.409999999999525500e+01 5.172606725207071765e-01 5.180835730962621843e-01
4.419999999999524221e+01 5.511239432630468116e-01 4.853465481154258243e-01
4.429999999999522942e+01 5.846796811904358959e-01 4.527105447743689504e-01
4.439999999999521663e+01 6.177760394265850996e-01 4.203157085437378981e-01
4.449999999999521094e+01 6.502647528523094467e-01 3.883002182552667825e-01
4.459999999999519815e+01 6.820017591369520460e-01 3.567996932463625703e-01
4.469999999999518536e+01 7.128477891355952112e-01 3.259466180089402032e-01
4.479999999999517968e+01 7.426689241302185662e-01 2.958697867412969917e-01
4.489999999999516689e+01 7.713371177896958253e-01 2.666937700547919454e-01
4.499999999999515410e+01 7.987306811350972646e-01 2.385384059260279854e-01
4.509999999999514131e+01 8.247347292149821429e-01 2.115183168207411257e-01
4.519999999999512852e+01 8.492415886005347803e-01 1.857424547420847283e-01
4.529999999999512283e+01 8.721511651929629849e-01 1.613136757822378198e-01
4.539999999999511004e+01 8.933712721886981623e-01 1.383283455814774132e-01
4.549999999999509726e+01 9.128179183478301040e-01 1.168759769260893228e-01
4.559999999999509157e+01 9.304155569698326911e-01 9.703890054728968317e-02
4.569999999999507878e+01 9.460972961759983590e-01 7.889197002007566906e-02
4.579999999999506599e+01 9.598050712363885850e-01 6.250230150355169656e-02
4.589999999999505320e+01 9.714897797659114431e-01 4.792904891390432215e-02
4.599999999999504041e+01 9.811113806359058609e-01 3.522321497845844196e-02
4.609999999999503473e+01 9.886389574360923138e-01 2.442749848292362358e-02
4.619999999999502194e+01 9.940507472572005510e-01 1.557617789469450606e-02
4.629999999999500915e+01 9.973341354834580619e-01 8.695031420744984627e-03
4.639999999999500346e+01 9.984856171737770403e-01 3.801293439274969991e-03
4.649999999999499067e+01 9.975107255043337284e-01 9.036471278091663976e-04
4.659999999999497788e+01 9.944239276346612533e-01 2.252995985444931596e-06
4.669999999999496509e+01 9.892484882738671326e-01 1.088812917496320655e-03
4.679999999999495230e+01 9.820163011574213341e-01 4.146669141338455225e-03
4.689999999999494662e+01 9.727676886173355353e-01 9.150937646871089293e-03
4.699999999999493383e+01 9.615511694384436536e-01 1.606867508944987907e-02
4.709999999999492104e+01 9.484231952483251904e-01 2.485907846329372950e-02
4.719999999999491536e+01 9.334478557904867246e-01 3.547371648568814484e-02
4.729999999999490257e+01 9.166965535712963131e-01 4.785679158210895401e-02
4.739999999999488978e+01 8.982476485600875415e-01 6.194543122582703287e-02
4.749999999999487699e+01 8.781860738383685527e-01 7.767000725938992545e-02
4.759999999999486420e+01 8.566029233463713366e-01 9.495448169992154464e-02
4.769999999999485851e+01 8.335950131402123375e-01 1.137167774074633042e-01
4.779999999999484572e+01 8.092644178523195064e-01 1.338691718764877803e-01
4.789999999999483293e+01 7.837179843265860146e-01 1.553187122983055168e-01
4.799999999999482725e+01 7.570668246685423597e-01 1.779676499361325104e-01
4.809999999999481446e+01 7.294257912021739898e-01 2.017138917593077618e-01
4.819999999999480167e+01 7.009129360487672544e-01 2.264514671972065185e-01
4.829999999999478888e+01 6.716489582360470889e-01 2.520710078014189448e-01
4.839999999999477609e+01 6.417566413964025385e-01 2.784602375441739275e-01
4.849999999999477041e+01 6.113602852258123166e-01 3.055044714371073500e-01
4.859999999999475762e+01 5.805851339390019072e-01 3.330871201229774758e-01
4.869999999999474483e+01 5.495568049825632073e-01 3.610901980784937404e-01
4.879999999999473914e+01 5.184007212436856360e-01 3.893948330662609369e-01
4.889999999999472635e+01 4.872415499346761658e-01 4.178817744896204944e-01
4.899999999999471356e+01 4.562026512375911835e-01 4.464318983327540402e-01
4.909999999999470077e+01 4.254055396631812869e-01 4.749267064128226412e-01
4.919999999999468798e+01 3.949693609292793672e-01 5.032488177280359798e-01
4.929999999999468230e+01 3.650103869847496907e-01 5.312824497524797351e-01
4.939999999999466951e+01 3.356415316181648456e-01 5.589138876109916998e-01
4.949999999999465672e+01 3.069718888876576401e-01 5.860319391555836033e-01
4.959999999999465103e+01 2.791062964009101699e-01 6.125283740642161190e-01
4.969999999999463824e+01 2.521449252625025395e-01 6.382983451916847129e-01
4.979999999999462545e+01 2.261828982941526678e-01 6.632407905136141757e-01
4.989999999999461266e+01 2.013099379227613617e-01 6.872588141284973196e-01
4.999999999999459988e+01 1.776100449225769262e-01 7.102600449053854126e-01
5.009999999999459419e+01 1.551612089928838811e-01 7.321569714967534059e-01
5.019999999999458140e+01 1.340351519510239453e-01 7.528672525709194652e-01
5.029999999999456861e+01 1.142971041213378669e-01 7.723140012521507725e-01
5.039999999999456293e+01 9.600561430542643715e-02 7.904260428993108434e-01
5.049999999999455014e+01 7.921239352564611591e-02 8.071381454926692678e-01
5.059999999999453735e+01 6.396219254433477275e-02 8.223912220394169470e-01
5.069999999999452456e+01 5.029271297428599546e-02 8.361325045522672861e-01
5.079999999999451177e+01 3.823455161412897541e-02 8.483156892918807257e-01
5.089999999999450608e+01 2.781117746559267148e-02 8.589010531074889876e-01
5.099999999999449329e+01 1.903894072096029913e-02 8.678555408412371719e-01
5.109999999999448050e+01 1.192711284972934604e-02 8.751528238985990527e-01
5.119999999999447482e+01 6.477956766461552204e-03 8.807733302120891450e-01
5.129999999999446203e+01 2.686825929399297430e-03 8.847042459512786117e-01
5.139999999999444924e+01 5.422911038848016695e-04 8.869394894481827940e-01
5.149999999999443645e+01 2.629342816225404127e-05 8.874796579164235810e-01
5.159999999999442366e+01 1.114322343277841321e-03 8.863319476493052296e-01
5.169999999999441798e+01 3.775616894463558210e-03 8.835100484736890802e-01
5.179999999999440519e+01 7.973388878761278678e-03 8.790340133291492108e-01
5.189999999999439240e+01 1.366506630197506476e-02 8.729301039183926525e-01
5.199999999999438671e+01 2.080255561569715680e-02 8.652306134490995726e-01
5.209999999999437392e+01 2.933252122963378797e-02 8.559736675536021577e-01
5.219999999999436113e+01 3.919668083240424733e-02 8.452030045271394787e-01
5.229999999999434834e+01 5.033211510145375184e-02 8.329677360812168807e-01
5.239999999999433555e+01 6.267159043513458039e-02 8.193220898501862859e-01
5.249999999999432987e+01 7.614389339284870217e-02 8.043251349322407817e-01
5.259999999999431708e+01 9.067417557736077993e-02 7.880404917796604014e-01
5.269999999999430429e+01 1.061843077329104046e-01 7.705360277871642349e-01
5.279999999999429861e+01 1.225932418595146040e-01 7.518835399537114883e-01
5.289999999999428582e+01 1.398173801546035711e-01 7.321584260211618789e-01
5.299999999999427303e+01 1.577709495859227484e-01 7.114393455167202784e-01
5.309999999999426024e+01 1.763663808740726646e-01 6.898078721461147200e-01
5.319999999999424745e+01 1.955146906180255106e-01 6.673481390068910502e-01
5.329999999999424176e+01 2.151258652358596091e-01 6.441464781051430277e-01
5.339999999999422897e+01 2.351092453180982644e-01 6.202910556771862316e-01
5.349999999999421618e+01 2.553739089050403588e-01 5.958715048255620594e-01
5.359999999999421050e+01 2.758290521107238935e-01 5.709785569880195810e-01
5.369999999999419771e+01 2.963843654273028427e-01 5.457036737595847287e-01
5.379999999999418492e+01 3.169504039617555002e-01 5.201386805842037608e-01
5.389999999999417213e+01 3.374389497911369218e-01 4.943754038225890435e-01
5.399999999999415934e+01 3.577633645736249535e-01 4.685053126836659088e-01
5.409999999999415365e+01 3.778389305327895520e-01 4.426191674817799848e-01
5.419999999999414086e+01 3.975831779412131728e-01 4.168066756443812304e-01
5.429999999999412807e+01 4.169161972724905740e-01 3.911561568510246722e-01
5.439999999999412239e+01 4.357609342721598389e-01 3.657542186267355167e-01
5.449999999999410960e+01 4.540434663138041560e-01 3.406854436496957184e-01
5.459999999999409681e+01 4.716932585615775109e-01 3.160320899555609242e-01
5.469999999999408402e+01 4.886433986476814151e-01 2.918738051379568543e-01
5.479999999999407123e+01 5.048308087900761354e-01 2.682873555512403363e-01
5.489999999999406555e+01 5.201964345189932226e-01 2.453463714216470304e-01
5.499999999999405276e+01 5.346854094392936574e-01 2.231211086681241240e-01
5.509999999999403997e+01 5.482471957267052165e-01 2.016782281226028872e-01
5.519999999999403428e+01 5.608357003279541564e-01 1.810805927283394012e-01
5.529999999999402149e+01 5.724093671019386820e-01 1.613870831800642280e-01
5.539999999999400870e+01 5.829312453931636551e-01 1.426524323572896102e-01
5.549999999999399591e+01 5.923690357592323874e-01 1.249270787913576153e-01
5.559999999999398312e+01 6.006951137814325881e-01 1.082570393004918669e-01
5.569999999999397744e+01 6.078865330577895021e-01 9.268380082522705010e-02
5.579999999999396465e+01 6.139250086152920893e-01 7.824423140255262754e-02
5.589999999999395186e+01 6.187968820737023146e-01 6.497051012929398739e-02
5.599999999999394618e+01 6.224930699513645527e-01 5.289007588598360066e-02
5.609999999999393339e+01 6.250089965208007747e-01 4.202559452195964163e-02
5.619999999999392060e+01 6.263445126050817269e-01 3.239494413956386237e-02
5.629999999999390781e+01 6.265038016543420518e-01 2.401121806170169667e-02
5.639999999999389502e+01 6.254952743636441603e-01 1.688274502058120102e-02
5.649999999999388933e+01 6.233314529925659819e-01 1.101312606659351351e-02
5.659999999999387654e+01 6.200288464325066640e-01 6.401287663699403892e-03
5.669999999999386375e+01 6.156078169410649226e-01 3.041550410683111286e-03
5.679999999999385807e+01 6.100924393378848176e-01 9.237128049826332128e-04
5.689999999999384528e+01 6.035103533323907810e-01 3.314944677596406807e-05
5.699999999999383249e+01 5.958926095424875724e-01 3.509230643964031957e-04
5.709999999999381970e+01 5.872735096638075358e-01 1.853909727211425782e-03
5.719999999999380691e+01 5.776904411709480325e-01 4.514936598029739220e-03
5.729999999999380123e+01 5.671837068730424258e-01 8.302931563285990274e-03
5.739999999999378844e+01 5.557963496094797673e-01 1.318308406526735345e-02
5.749999999999377565e+01 5.435739723589204653e-01 1.911701644623066063e-02
5.759999999999376996e+01 5.305645540412740058e-01 2.606296509939911785e-02
5.769999999999375717e+01 5.168182613192540131e-01 3.397597070649812506e-02
5.779999999999374438e+01 5.023872567490615948e-01 4.280807682620152432e-02
5.789999999999373159e+01 4.873255036830150266e-01 5.250853608272281620e-02
5.799999999999371880e+01 4.716885683900853832e-01 6.302402318957275873e-02
5.809999999999371312e+01 4.555334199242475068e-01 7.429885403061525784e-02
5.819999999999370033e+01 4.389182283349603586e-01 8.627521000945893859e-02
5.829999999999368754e+01 4.219021618704130727e-01 9.889336687012918736e-02
5.839999999999368185e+01 4.045451838726125682e-01 1.120919271862639288e-01
5.849999999999366906e+01 3.869078500973477941e-01 1.258080557143504141e-01
5.859999999999365627e+01 3.690511072115025271e-01 1.399777168087276147e-01
5.869999999999364348e+01 3.510360932218646313e-01 1.545359131014824028e-01
5.879999999999363069e+01 3.329239405742305258e-01 1.694169246613173863e-01
5.889999999999362501e+01 3.147755826291891990e-01 1.845545478588681843e-01
5.899999999999361222e+01 2.966515641717271667e-01 1.998823331844050422e-01
5.909999999999359943e+01 2.786118565490344201e-01 2.153338212848305011e-01
5.919999999999359375e+01 2.607156779578300720e-01 2.308427765119212549e-01
5.929999999999358096e+01 2.430213193193703214e-01 2.463434173001053384e-01
5.939999999999356817e+01 2.255859760941775483e-01 2.617706427207273090e-01
5.949999999999355538e+01 2.084655863011476151e-01 2.770602545905022085e-01
5.959999999999354259e+01 1.917146749196825817e-01 2.921491745411257113e-01
5.969999999999353690e+01 1.753862047749529807e-01 3.069756554887433375e-01
5.979999999999352411e+01 1.595314339358493150e-01 3.214794869705530078e-01
5.989999999999351132e+01 1.441997795951696082e-01 3.356021938457454112e-01
5.999999999999350564e+01 1.294386883562489987e-01 3.492872278845070011e-01
6.009999999999349285e+01 1.152935128168902923e-01 3.624801517943045948e-01
6.019999999999348006e+01 1.018073943247084917e-01 3.751288152568656997e-01
6.029999999999346727e+01 8.902115177386391021e-02 3.871835225706950490e-01
6.039999999999345448e+01 7.697317632359737538e-02 3.985971915130056553e-01
6.049999999999344880e+01 6.569933194084316697e-02 4.093255030547034989e-01
6.059999999999343601e+01 5.523286170173671850e-02 4.193270415769062009e-01
6.069999999999342322e+01 4.560429982692307260e-02 4.285634252542234179e-01
6.079999999999341753e+01 3.684138947195824548e-02 4.369994262852096023e-01
6.089999999999340474e+01 2.896900634316191755e-02 4.446030806630001941e-01
6.099999999999339195e+01 2.200908825992090381e-02 4.513457871965130264e-01
6.109999999999337916e+01 1.598057083312979729e-02 4.572023955063486689e-01
6.119999999999336637e+01 1.089932947560340142e-02 4.621512827352505792e-01
6.129999999999336069e+01 6.778128001125094393e-03 4.661744187324058930e-01
6.139999999999334790e+01 3.626574103933619554e-03 4.692574194878279537e-01
6.149999999999333511e+01 1.451082038548172056e-03 4.713895886158178672e-01
6.159999999999332942e+01 2.548428407352807887e-04 4.725639467072998423e-01
6.169999999999331664e+01 3.780244389496565413e-05 4.727772483984924445e-01
6.179999999999330385e+01 7.966480515007178138e-04 4.720299870271187914e-01
6.189999999999329106e+01 2.524803125891913157e-03 4.703263867798869180e-01
6.199999999999327827e+01 5.212431347340418589e-03 4.676743822628801062e-01
6.209999999999327258e+01 8.846449885609801791e-03 4.640855854625245414e-01
6.219999999999325979e+01 1.341055230987550466e-02 4.595752400979006280e-01
6.229999999999324700e+01 1.888524144257518883e-02 4.541621634018875309e-01
6.239999999999324132e+01 2.524787243888984220e-02 4.478686754089538091e-01
6.249999999999322853e+01 3.247270634659105149e-02 4.407205158638314857e-01
6.259999999999321574e+01 4.053097437073888143e-02 4.327467489093887454e-01
6.269999999999320295e+01 4.939095303442191109e-02 4.239796557535324695e-01
6.279999999999319016e+01 5.901805038961274730e-02 4.144546155564289291e-01
6.289999999999318447e+01 6.937490339101065606e-02 4.042099748277205862e-01
6.299999999999317168e+01 8.042148649990822629e-02 3.932869056650379891e-01
6.309999999999315889e+01 9.211523153339018499e-02 3.817292532140774686e-01
6.319999999999315321e+01 1.044111587167507182e-01 3.695833727758847664e-01
6.329999999999314042e+01 1.172620188324912938e-01 3.568979570355834130e-01
6.339999999999312763e+01 1.306184462874665220e-01 3.437238539336519016e-01
6.349999999999311484e+01 1.444291228415502115e-01 3.301138757496942522e-01
6.359999999999310205e+01 1.586409516548160370e-01 3.161226000149493509e-01
6.369999999999309637e+01 1.731992412183164798e-01 3.018061629184505268e-01
6.379999999999308358e+01 1.880478986364113037e-01 2.872220459158823513e-01
6.389999999999307079e+01 2.031296316264266932e-01 2.724288562956189153e-01
6.399999999999306510e+01 2.183861584989564009e-01 2.574861024986248581e-01
6.409999999999305942e+01 2.337584252783960481e-01 2.424539650276175407e-01
6.419999999999303952e+01 2.491868290226218197e-01 2.273930638180490793e-01
6.429999999999301963e+01 2.646114463060026956e-01 2.123642229751545318e-01
6.439999999999301394e+01 2.799722657422314409e-01 1.974282338097045619e-01
6.449999999999300826e+01 2.952094233479147234e-01 1.826456171272228535e-01
6.459999999999300258e+01 3.102634394836805698e-01 1.680763857431634700e-01
6.469999999999298268e+01 3.250754560639256274e-01 1.537798082071605288e-01
6.479999999999297700e+01 3.395874726951362277e-01 1.398141747248517475e-01
6.489999999999295710e+01 3.537425803928302415e-01 1.262365662631920182e-01
6.499999999999295142e+01 3.674851915361347365e-01 1.131026278168304755e-01
6.509999999999294573e+01 3.807612647474585832e-01 1.004663467980509983e-01
6.519999999999292584e+01 3.935185234344396599e-01 8.837983749009646617e-02
6.529999999999292015e+01 4.057066667967324514e-01 7.689313247592104161e-02
6.539999999999290026e+01 4.172775721850947028e-01 6.605398191982202183e-02
6.549999999999289457e+01 4.281854877979119345e-01 5.590766153975124803e-02
6.559999999999288889e+01 4.383872148088217569e-01 4.649679006332587544e-02
6.569999999999286899e+01 4.478422781390594132e-01 3.786115691195839766e-02
6.579999999999286331e+01 4.565130852083715829e-01 3.003756080517771057e-02
6.589999999999285762e+01 4.643650721262413961e-01 2.305965992217599500e-02
6.599999999999283773e+01 4.713668369043016448e-01 1.695783420091155971e-02
6.609999999999283204e+01 4.774902593915411053e-01 1.175906029689874517e-02
6.619999999999282636e+01 4.827106077409361040e-01 7.486799665361196406e-03
6.629999999999280647e+01 4.870066313161687255e-01 4.160900171989812511e-03
6.639999999999280078e+01 4.903606400335793203e-01 1.797511579896514606e-03
6.649999999999278089e+01 4.927585702046194394e-01 4.090152038358725378e-04
6.659999999999277520e+01 4.941900370040223089e-01 3.967967791717155382e-06
6.669999999999276952e+01 4.946483737280674697e-01 5.870610487856778043e-04
6.679999999999274962e+01 4.941306580377227697e-01 2.159093238443693559e-03
6.689999999999274394e+01 4.926377253922450405e-01 4.716959104445332326e-03
6.699999999999272404e+01 4.901741698831957317e-01 8.253651986422050682e-03
6.709999999999271836e+01 4.867483326690745793e-01 1.275828181501807712e-02
6.719999999999271267e+01 4.823722781944570492e-01 1.821610769844738895e-02
6.729999999999269278e+01 4.770617583576432508e-01 2.460858517771680534e-02
6.739999999999268709e+01 4.708361647638779068e-01 3.191342800946052327e-02
6.749999999999268141e+01 4.637184691795102065e-01 4.010468429364166115e-02
6.759999999999266151e+01 4.557351522778186337e-01 4.915282672210340154e-02
6.769999999999265583e+01 4.469161207507296174e-01 5.902485668261254342e-02
6.779999999999265015e+01 4.372946128480648120e-01 6.968442191161176857e-02
6.789999999999263025e+01 4.269070924025518132e-01 8.109194734689842421e-02
6.799999999999262457e+01 4.157931314023531333e-01 9.320477878932045823e-02
6.809999999999260467e+01 4.039952811885159090e-01 1.059773389394874088e-01
6.819999999999259899e+01 3.915589323768225438e-01 1.193612953323770209e-01
6.829999999999259330e+01 3.785321636369431419e-01 1.333057396486252988e-01
6.839999999999257341e+01 3.649655795038531658e-01 1.477573778377427038e-01
6.849999999999256772e+01 3.509121374438239349e-01 1.626607304439895429e-01
6.859999999999254783e+01 3.364269644552789207e-01 1.779583424826156890e-01
6.869999999999254214e+01 3.215671635433547948e-01 1.935910021701249539e-01
6.879999999999253646e+01 3.063916104725969425e-01 2.094979677708608268e-01
6.889999999999251656e+01 2.909607412680108585e-01 2.256172017811067521e-01
6.899999999999251088e+01 2.753363310013024479e-01 2.418856116318748584e-01
6.909999999999250520e+01 2.595812644659183932e-01 2.582392960558007600e-01
6.919999999999248530e+01 2.437592994079221254e-01 2.746137962268448418e-01
6.929999999999247962e+01 2.279348230407124143e-01 2.909443507508157056e-01
6.939999999999247393e+01 2.121726026293229428e-01 3.071661535544787380e-01
6.949999999999245404e+01 1.965375309821981997e-01 3.232146136949630710e-01
6.959999999999244835e+01 1.810943677370871474e-01 3.390256160887546444e-01
6.969999999999242846e+01 1.659074773702828853e-01 3.545357821405672460e-01
6.979999999999242277e+01 1.510405648977967974e-01 3.696827292355607808e-01
6.989999999999241709e+01 1.365564102703371308e-01 3.844053280493051061e-01
6.999999999999239719e+01 1.225166024943662724e-01 3.986439566197093054e-01
7.009999999999239151e+01 1.089812745371432634e-01 4.123407501227875360e-01
7.019999999999237161e+01 9.600884009641032224e-02 4.254398452951591580e-01
7.029999999999236593e+01 8.365573333477767382e-02 4.378876184490776979e-01
7.039999999999236024e+01 7.197615269538200355e-02 4.496329160365563626e-01
7.049999999999234035e+01 6.102180992985500180e-02 4.606272767305215621e-01
7.059999999999233466e+01 5.084168548070242682e-02 4.708251440094894380e-01
7.069999999999232898e+01 4.148179136950629758e-02 4.801840682531886007e-01
7.079999999999230909e+01 3.298494274857859815e-02 4.886648973833883636e-01
7.089999999999230340e+01 2.539053927670131827e-02 4.962319551134381501e-01
7.099999999999229772e+01 1.873435747955203012e-02 5.028532059066267434e-01
7.109999999999227782e+01 1.304835525094439654e-02 5.085004057824376034e-01
7.119999999999227214e+01 8.360489642349193395e-03 5.131492381528192093e-01
7.129999999999225224e+01 4.694549074027926268e-03 5.167794339219345945e-01
7.139999999999224656e+01 2.070001081266761248e-03 5.193748751338879144e-01
7.149999999999224087e+01 5.018566827868808141e-04 5.209236815126073727e-01
7.159999999999222098e+01 5.524248687946775193e-07 5.214182792997933413e-01
7.169999999999221529e+01 5.718511134250099008e-04 5.208554518651501430e-01
7.179999999999219540e+01 2.216762196717692208e-03 5.192363716337009549e-01
7.189999999999218971e+01 4.931482703115711540e-03 5.165666129513093452e-01
7.199999999999218403e+01 8.707359570861814002e-03 5.128561455908500211e-01
7.209999999999216413e+01 1.353087412994824143e-02 5.081193086829446370e-01
7.219999999999215845e+01 1.938364940965258201e-02 5.023747649452345865e-01
7.229999999999215277e+01 2.624248084891422916e-02 4.956454351743154740e-01
7.239999999999213287e+01 3.407939088049684317e-02 4.879584130576390955e-01
7.249999999999212719e+01 4.286170774382574988e-02 4.793448604606110330e-01
7.259999999999212150e+01 5.255216875565422996e-02 4.698398834423183623e-01
7.269999999999210161e+01 6.310904813259139712e-02 4.594823893531920223e-01
7.279999999999209592e+01 7.448630931550742629e-02 4.483149254706620401e-01
7.289999999999207603e+01 8.663378159324375272e-02 4.363834997302550867e-01
7.299999999999207034e+01 9.949736066323602857e-02 4.237373842115861877e-01
7.309999999999206466e+01 1.130192325995061919e-01 4.104289021411499649e-01
7.319999999999204476e+01 1.271381205268085901e-01 3.965131992724473808e-01
7.329999999999203908e+01 1.417895531230288497e-01 3.820480006026766295e-01
7.339999999999201918e+01 1.569061538936390165e-01 3.670933534803311749e-01
7.349999999999201350e+01 1.724179499828970563e-01 3.517113582481691259e-01
7.359999999999200782e+01 1.882526991091700297e-01 3.359658876530513538e-01
7.369999999999198792e+01 2.043362330386009895e-01 3.199222963357540306e-01
7.379999999999198224e+01 2.205928158448360876e-01 3.036471217878992657e-01
7.389999999999197655e+01 2.369455150449475966e-01 2.872077782309336302e-01
7.399999999999195666e+01 2.533165835570911351e-01 2.706722449320316803e-01
7.409999999999195097e+01 2.696278502941140132e-01 2.541087505236391264e-01
7.419999999999194529e+01 2.858011170943554058e-01 2.375854549335364718e-01
7.429999999999192539e+01 3.017585595976417512e-01 2.211701305662208961e-01
7.439999999999191971e+01 3.174231296021707838e-01 2.049298443961754534e-01
7.449999999999189981e+01 3.327189563893510615e-01 1.889306426453040699e-01
7.459999999999189413e+01 3.475717444810082490e-01 1.732372397158841726e-01
7.469999999999188844e+01 3.619091652946137549e-01 1.579127130381766941e-01
7.479999999999186855e+01 3.756612401893127395e-01 1.430182054698800886e-01
7.489999999999186286e+01 3.887607124494487643e-01 1.286126368486069649e-01
7.499999999999184297e+01 4.011434058287190463e-01 1.147524262550873447e-01
7.509999999999183729e+01 4.127485673776911113e-01 1.014912264875234421e-01
7.519999999999183160e+01 4.235191923991195595e-01 8.887967218260775515e-02
7.529999999999181171e+01 4.334023295120967845e-01 7.696514294317248484e-02
7.539999999999180602e+01 4.423493639625650231e-01 6.579154274826053139e-02
7.549999999999180034e+01 4.503162774821298786e-01 5.539909683006912638e-02
7.559999999999178044e+01 4.572638831731280495e-01 4.582416710265142107e-02
7.569999999999177476e+01 4.631580340796910833e-01 3.709908712272245307e-02
7.579999999999176907e+01 4.679698042887144305e-01 2.925201745198070455e-02
7.589999999999174918e+01 4.716756415898351040e-01 2.230682217584967209e-02
7.599999999999174349e+01 4.742574909062367006e-01 1.628296721489934026e-02
7.609999999999172360e+01 4.757028878891317869e-01 1.119544094408907176e-02
7.619999999999171791e+01 4.760050222409956677e-01 7.054697511813938851e-03
7.629999999999171223e+01 4.751627705053483308e-01 3.866623126269788050e-03
7.639999999999169233e+01 4.731806982207136802e-01 1.632525451579789743e-03
7.649999999999168665e+01 4.700690314972825190e-01 3.491461310708686167e-04
7.659999999999166675e+01 4.658435982273596010e-01 8.696330500594961195e-06
7.669999999999166107e+01 4.605257392899019808e-01 5.989150705164106303e-04
7.679999999999165539e+01 4.541421902592034376e-01 2.103149995607904617e-03
7.689999999999163549e+01 4.467249342718456750e-01 4.500460106764182094e-03
7.699999999999162981e+01 4.383110268554380462e-01 7.765739867446768731e-03
7.709999999999162412e+01 4.289423936695579420e-01 1.186986397780127184e-02
7.719999999999160423e+01 4.186656022599278271e-01 1.677985200080134645e-02
7.729999999999159854e+01 4.075316090788948520e-01 2.245905191672450257e-02
7.739999999999159286e+01 3.955954831791432258e-01 2.886734157974208542e-02
7.749999999999157296e+01 3.829161081421242896e-01 3.596134695290652272e-02
7.759999999999156728e+01 3.695558639554911706e-01 4.369467590629591558e-02
7.769999999999154738e+01 3.555802907044375849e-01 5.201816627828770301e-02
7.779999999999154170e+01 3.410577360847444339e-01 6.088014682231108338e-02
7.789999999999153601e+01 3.260589888806161296e-01 7.022670959225875420e-02
7.799999999999151612e+01 3.106569006708850278e-01 8.000199225930039459e-02
7.809999999999151044e+01 2.949259981334466652e-01 9.014846880193390366e-02
7.819999999999149054e+01 2.789420884010161972e-01 1.006072469707309652e-01
7.829999999999148486e+01 2.627818599838632752e-01 1.113183708995444526e-01
7.839999999999147917e+01 2.465224818098846471e-01 1.222211272160174111e-01
7.849999999999145928e+01 2.302412029389841464e-01 1.332543529978465202e-01
7.859999999999145359e+01 2.140149554847396995e-01 1.443567439254181406e-01
7.869999999999144791e+01 1.979199632227018335e-01 1.554671609977878177e-01
7.879999999999142801e+01 1.820313582795606566e-01 1.665249342066349170e-01
7.889999999999142233e+01 1.664228081838805273e-01 1.774701616013195371e-01
7.899999999999141664e+01 1.511661554184041134e-01 1.882440022267943824e-01
7.909999999999139675e+01 1.363310714500584331e-01 1.987889614750430467e-01
7.919999999999139106e+01 1.219847270297119285e-01 2.090491674571699210e-01
7.929999999999137117e+01 1.081914803548635201e-01 2.189706370786658474e-01
7.939999999999136548e+01 9.501258447948317254e-02 2.285015305813405395e-01
7.949999999999135980e+01 8.250591514092948942e-02 2.375923934018177863e-01
7.959999999999133991e+01 7.072571996087403945e-02 2.461963842880457720e-01
7.969999999999133422e+01 5.972238976807163480e-02 2.542694887081772270e-01
7.979999999999131433e+01 4.954225259345339943e-02 2.617707166826788168e-01
7.989999999999130864e+01 4.022739070285414470e-02 2.686622842663065613e-01
7.999999999999130296e+01 3.181548086617132926e-02 2.749097780038812777e-01
8.009999999999128306e+01 2.433965791343538007e-02 2.804823017781136740e-01
8.019999999999127738e+01 1.782840150191841375e-02 2.853526055631200875e-01
8.029999999999127169e+01 1.230544591234325295e-02 2.894971956878444885e-01
8.039999999999125180e+01 7.789712607539530688e-03 2.928964263041631821e-01
8.049999999999124611e+01 4.295265221098585988e-03 2.955345718407092481e-01
8.059999999999124043e+01 1.831286594954047295e-03 2.973998803080023512e-01
8.069999999999122053e+01 4.020774504333860986e-04 2.984846074020493512e-01
8.079999999999121485e+01 7.076254042023271658e-06 2.987850314329996149e-01
8.089999999999119495e+01 6.408998234702247389e-04 2.983014491819941383e-01
8.099999999999118927e+01 2.293404207647428954e-03 2.970381528643908364e-01
8.109999999999118359e+01 4.949765363674052746e-03 2.950033884511229498e-01
8.119999999999116369e+01 8.590579140111465062e-03 2.922092956706566769e-01
8.129999999999115801e+01 1.319198005780820686e-02 2.886718300854829167e-01
8.139999999999113811e+01 1.872577835419981379e-02 2.844106677047300025e-01
8.149999999999113243e+01 2.515961472345642005e-02 2.794490926637102080e-01
8.159999999999112674e+01 3.245713214242029049e-02 2.738138685664264771e-01
8.169999999999110685e+01 4.057816412086002328e-02 2.675350941541324579e-01
8.179999999999110116e+01 4.947893865508562472e-02 2.606460440247217458e-01
8.189999999999109548e+01 5.911229709744328376e-02 2.531829951912325516e-01
8.199999999999107558e+01 6.942792708265099755e-02 2.451850403266833678e-01
8.209999999999106990e+01 8.037260857702985262e-02 2.366938885993068176e-01
8.219999999999106421e+01 9.189047204120827372e-02 2.277536550568483587e-01
8.229999999999104432e+01 1.039232676223757618e-01 2.184106395680055768e-01
8.239999999999103864e+01 1.164106442215967763e-01 2.087130963765953529e-01
8.249999999999101874e+01 1.292904372166771843e-01 1.987109953646495064e-01
8.259999999999101306e+01 1.424989635625185103e-01 1.884557761590597291e-01
8.269999999999100737e+01 1.559713229419650293e-01 1.780000962472730597e-01
8.279999999999098748e+01 1.696417035990404887e-01 1.673975742945262302e-01
8.289999999999098179e+01 1.834436914558109366e-01 1.567025298758903951e-01
8.299999999999096190e+01 1.973105810923956316e-01 1.459697208510988553e-01
8.309999999999095621e+01 2.111756871568538363e-01 1.352540796196780026e-01
8.319999999999095053e+01 2.249726547674350263e-01 1.246104494967414378e-01
8.329999999999093063e+01 2.386357674724128575e-01 1.140933224472544111e-01
8.339999999999092495e+01 2.521002513415055990e-01 1.037565794081330012e-01
8.349999999999091926e+01 2.653025737776740778e-01 9.365323441306626362e-02
8.359999999999089937e+01 2.781807356568940515e-01 8.383518371532959479e-02
8.369999999999089368e+01 2.906745554259920761e-01 7.435296107828190393e-02
8.379999999999088800e+01 3.027259438155169291e-01 6.525550037229960187e-02
8.389999999999086810e+01 3.142791678546855150e-01 5.658990658095155307e-02
8.399999999999086242e+01 3.252811029093413131e-01 4.840123627767987935e-02
8.409999999999084253e+01 3.356814715036763874e-01 4.073228858766351351e-02
8.419999999999083684e+01 3.454330677309443431e-01 3.362340759809405444e-02
8.429999999999083116e+01 3.544919661106523123e-01 2.711229712328989960e-02
8.439999999999081126e+01 3.628177138100470711e-01 2.123384866997045026e-02
8.449999999999080558e+01 3.703735052184730647e-01 1.601998338158240262e-02
8.459999999999078568e+01 3.771263379420667916e-01 1.149950867026659426e-02
8.469999999999078000e+01 3.830471493811349326e-01 7.697990170027431411e-03
8.479999999999077431e+01 3.881109331536216622e-01 4.637639566023952359e-03
8.489999999999075442e+01 3.922968347466168071e-01 2.337218772615581603e-03
8.499999999999074873e+01 3.955882259031189840e-01 8.119608474670523971e-04
8.509999999999074305e+01 3.979727573891960191e-01 7.350794126950771685e-05
8.519999999999072315e+01 3.994423899312094517e-01 1.298664929549540306e-04
8.529999999999071747e+01 3.999934032652774363e-01 9.853797894838287746e-04
8.539999999999071179e+01 3.996263833937443999e-01 2.640717918031832735e-03
8.549999999999069189e+01 3.983461882999412285e-01 5.092885047498403768e-03
8.559999999999068621e+01 3.961618925233093003e-01 8.335243886469707528e-03
8.569999999999066631e+01 3.930867111422454152e-01 1.235755707684921094e-02
8.579999999999066063e+01 3.891379038503902099e-01 1.714604519707570163e-02
8.589999999999065494e+01 3.843366599345724999e-01 2.268346096682499410e-02
8.599999999999063505e+01 3.787079650747954829e-01 2.894917916689944762e-02
8.609999999999062936e+01 3.722804509815454410e-01 3.591930171424049384e-02
8.619999999999060947e+01 3.650862289640350311e-01 4.356677726297143727e-02
8.629999999999060378e+01 3.571607085845086016e-01 5.186153463830281418e-02
8.639999999999059810e+01 3.485424026004033116e-01 6.077062935133943633e-02
8.649999999999057820e+01 3.392727194253737921e-01 7.025840238943156790e-02
8.659999999999057252e+01 3.293957443593241163e-01 8.028665042808394436e-02
8.669999999999056683e+01 3.189580108433952010e-01 9.081480656767082493e-02
8.679999999999054694e+01 3.080082629952978213e-01 1.018001306597383915e-01
8.689999999999054126e+01 2.965972106744628189e-01 1.131979082543354137e-01
8.699999999999053557e+01 2.847772783163776134e-01 1.249616571712927754e-01
8.709999999999051568e+01 2.726023487691247582e-01 1.370433406735911408e-01
8.719999999999050999e+01 2.601275033559996563e-01 1.493935862015963179e-01
8.729999999999049010e+01 2.474087593877073166e-01 1.619619086103508965e-01
8.739999999999048441e+01 2.345028063466931267e-01 1.746969368417265189e-01
8.749999999999047873e+01 2.214667419739168586e-01 1.875466429551126690e-01
8.759999999999045883e+01 2.083578094960784888e-01 2.004585724383901313e-01
8.769999999999045315e+01 1.952331372425407108e-01 2.133800747231482942e-01
8.779999999999043325e+01 1.821494819113975427e-01 2.262585328351178204e-01
8.789999999999042757e+01 1.691629767506876159e-01 2.390415911239256175e-01
8.799999999999042188e+01 1.563288859196779734e-01 2.516773800346825407e-01
8.809999999999040199e+01 1.437013662851588658e-01 2.641147369084120289e-01
8.819999999999039630e+01 1.313332378821709667e-01 2.763034218297311662e-01
8.829999999999039062e+01 1.192757642271036894e-01 2.881943275771484680e-01
8.839999999999037072e+01 1.075784436099828378e-01 2.997396827759480353e-01
8.849999999999036504e+01 9.628881241024905835e-02 3.108932474036711913e-01
8.859999999999035936e+01 8.545226137613146089e-02 3.216104998548410809e-01
8.869999999999033946e+01 7.511186568183098045e-02 3.318488148340839605e-01
8.879999999999033378e+01 6.530822943076065867e-02 3.415676314137599534e-01
8.889999999999031388e+01 5.607934511012390572e-02 3.507286106626854583e-01
8.899999999999030820e+01 4.746046832532619525e-02 3.592957823286788699e-01
8.909999999999030251e+01 3.948400795776756816e-02 3.672356801312475771e-01
8.919999999999028262e+01 3.217943170134984071e-02 3.745174652991615782e-01
8.929999999999027693e+01 2.557318674828039373e-02 3.811130380626321368e-01
8.939999999999025704e+01 1.968863521968748989e-02 3.869971368839074666e-01
8.949999999999025135e+01 1.454600377758586381e-02 3.921474252791534720e-01
8.959999999999024567e+01 1.016234671790877675e-02 3.965445661511982633e-01
8.969999999999022577e+01 6.551521735051133062e-03 4.001722836116187731e-01
8.979999999999022009e+01 3.724177470749317521e-03 4.030174123232427852e-01
8.989999999999021441e+01 1.687751917592190953e-03 4.050699344408090763e-01
8.999999999999019451e+01 4.464807414049767127e-04 4.063230042652041796e-01
9.009999999999018883e+01 1.414617502382606836e-06 4.067729607564828376e-01
9.019999999999018314e+01 3.504447417508060620e-04 4.064193280759407778e-01
9.029999999999016325e+01 1.488335775558973948e-03 4.052648043417562684e-01
9.039999999999015756e+01 3.406765609727572652e-03 4.033152387945548312e-01
9.049999999999013767e+01 6.094371479725679656e-03 4.005795975746180293e-01
9.059999999999013198e+01 9.536802127518230823e-03 3.970699183142855082e-01
9.069999999999012630e+01 1.371677587489341342e-02 3.928012537487576838e-01
9.079999999999010640e+01 1.861414464221606072e-02 3.877916045485402252e-01
9.089999999999010072e+01 2.420596410659767161e-02 3.820618415761357634e-01
9.099999999999008082e+01 3.046657033662329012e-02 3.756356177723014778e-01
9.109999999999007514e+01 3.736766336009957751e-02 3.685392698838560466e-01
9.119999999999006945e+01 4.487839821025807474e-02 3.608017102551393518e-01
9.129999999999004956e+01 5.296548405006531318e-02 3.524543089222597070e-01
9.139999999999004388e+01 6.159329198986331078e-02 3.435307662732881573e-01
9.149999999999003819e+01 7.072397218935981555e-02 3.340669765655162049e-01
9.159999999999001830e+01 8.031758077081022074e-02 3.241008826292585132e-01
9.169999999999001261e+01 9.033221696810926626e-02 3.136723221290004804e-01
9.179999999999000693e+01 1.007241707999639579e-01 3.028228658023384701e-01
9.189999999998998703e+01 1.114480813897116701e-01 2.915956481490431518e-01
9.199999999998998135e+01 1.224571058659243566e-01 2.800351911006291883e-01
9.209999999998996145e+01 1.337030985739257327e-01 2.681872212582361303e-01
9.219999999998995577e+01 1.451368001175968314e-01 2.560984813472249044e-01
9.229999999998995008e+01 1.567080355405891245e-01 2.438165365941410700e-01
9.239999999998993019e+01 1.683659207556469639e-01 2.313895767879828314e-01
9.249999999998992450e+01 1.800590761466723533e-01 2.188662148390667639e-01
9.259999999998990461e+01 1.917358461086691168e-01 2.062952826946088392e-01
9.269999999998989892e+01 2.033445231599592673e-01 1.937256255092724422e-01
9.279999999998989324e+01 2.148335751641600178e-01 1.812058950001320667e-01
9.289999999998987334e+01 2.261518741391284060e-01 1.687843429384076888e-01
9.299999999998986766e+01 2.372489251066164095e-01 1.565086157436169634e-01
9.309999999998986198e+01 2.480750934489490966e-01 1.444255511510214030e-01
9.319999999998984208e+01 2.585818292865622037e-01 1.325809779180585346e-01
9.329999999998983640e+01 2.687218874675275648e-01 1.210195195227720677e-01
9.339999999998983071e+01 2.784495418619686302e-01 1.097844027861814981e-01
9.349999999998981082e+01 2.877207927768969942e-01 9.891727232204684805e-02
9.359999999998980513e+01 2.964935664408483995e-01 8.845801168311391571e-02
9.369999999998978524e+01 3.047279056487549598e-01 7.844457203322054151e-02
9.379999999998977955e+01 3.123861507977767626e-01 6.891280913115088724e-02
9.389999999998977387e+01 3.194331106771267081e-01 5.989632936497910065e-02
9.399999999998975397e+01 3.258362224984244215e-01 5.142634552749136140e-02
9.409999999998974829e+01 3.315657007557612501e-01 4.353154297314605625e-02
9.419999999998972839e+01 3.365946745918791394e-01 3.623795674713841536e-02
9.429999999998972271e+01 3.408993134092681010e-01 2.956886022724507582e-02
9.439999999998971703e+01 3.444589405073372190e-01 2.354466577012447395e-02
9.449999999998969713e+01 3.472561345463331395e-01 1.818283780524929463e-02
9.459999999998969145e+01 3.492768186392822272e-01 1.349781877262674554e-02
9.469999999998968576e+01 3.505103368571552136e-01 9.500968253580774694e-03
9.479999999998966587e+01 3.509495179027564138e-01 6.200515598082712888e-03
9.489999999998966018e+01 3.505907256718830411e-01 3.601526305973385376e-03
9.499999999998965450e+01 3.494338963786619567e-01 1.705882373284599556e-03
9.509999999998963460e+01 3.474825618806020588e-01 5.122767676511597468e-04
9.519999999998962892e+01 3.447438588053706732e-01 1.622214838538832537e-05
9.529999999998960902e+01 3.412285230554400473e-01 2.100738965009620550e-04
9.539999999998960334e+01 3.369508692544599393e-01 1.083067467497270987e-03
9.549999999998959765e+01 3.319287547044135755e-01 2.621370024742154543e-03
9.559999999998957776e+01 3.261835274448755539e-01 4.808146253623098339e-03
9.569999999998957207e+01 3.197399580478739733e-01 7.623638196216789634e-03
9.579999999998955218e+01 3.126261548419428937e-01 1.104525888315046125e-02
9.589999999998954650e+01 3.048734623411387679e-01 1.504769947376797569e-02
9.599999999998954081e+01 2.965163427505032034e-01 1.960304954806700931e-02
9.609999999998952092e+01 2.875922405330585963e-01 2.468093012453210014e-02
9.619999999998951523e+01 2.781414301495366836e-01 3.024863890754165424e-02
9.629999999998950955e+01 2.682068472170157647e-01 3.627130719711140622e-02
9.639999999998948965e+01 2.578339034759078441e-01 4.271206782301811833e-02
9.649999999998948397e+01 2.470702861014640317e-01 4.953223339552412924e-02
9.659999999998947828e+01 2.359657420436596098e-01 5.669148409681815798e-02
9.669999999998945839e+01 2.245718482262299143e-01 6.414806417155927143e-02
9.679999999998945270e+01 2.129417685780594927e-01 7.185898621222210070e-02
9.689999999998943281e+01 2.011299990070340993e-01 7.978024227619147368e-02
9.699999999998942712e+01 1.891921015563899355e-01 8.786702081706476708e-02
9.709999999998942144e+01 1.771844291045576447e-01 9.607392836334699426e-02
9.719999999998940154e+01 1.651638420804173168e-01 1.043552148337952151e-01
9.729999999998939586e+01 1.531874187677997046e-01 1.126650013410993439e-01
9.739999999998937597e+01 1.413121608622462111e-01 1.209575093041856536e-01
9.749999999998937028e+01 1.295946960220638322e-01 1.291872896655421876e-01
9.759999999998936460e+01 1.180909792213727799e-01 1.373094509926141293e-01
9.769999999998934470e+01 1.068559947667307303e-01 1.452798852332452262e-01
9.779999999998933902e+01 9.594346087772760712e-02 1.530554898938748520e-01
9.789999999998933333e+01 8.540553875740478085e-02 1.605943854157345918e-01
9.799999999998931344e+01 7.529254808662240450e-02 1.678561265395218383e-01
9.809999999998930775e+01 6.565269086925465403e-02 1.748019064728675298e-01
9.819999999998930207e+01 5.653178552813327429e-02 1.813947527066946119e-01
9.829999999998928217e+01 4.797301310688659864e-02 1.875997133676036988e-01
9.839999999998927649e+01 4.001667736693578087e-02 1.933840330424226317e-01
9.849999999998925659e+01 3.269998048278810465e-02 1.987173170683178836e-01
9.859999999998925091e+01 2.605681593181539968e-02 2.035716833473174003e-01
9.869999999998924523e+01 2.011758004713412942e-02 2.079219008163729343e-01
9.879999999998922533e+01 1.490900355529654192e-02 2.117455137844327095e-01
9.889999999998921965e+01 1.045400425584007073e-02 2.150229514326870150e-01
9.899999999998919975e+01 6.771561819432337682e-03 2.177376218666047247e-01
9.909999999998919407e+01 3.876615488685783168e-03 2.198759902029742974e-01
9.919999999998918838e+01 1.779985263797613515e-03 2.214276402753067308e-01
9.929999999998916849e+01 4.883169483872251216e-04 2.223853196421688438e-01
9.939999999998916280e+01 4.051223205947046854e-06 2.227449676860772387e-01
9.949999999998915712e+01 3.254167114064031633e-04 2.225057266944779066e-01
9.959999999998913722e+01 1.446446803093594984e-03 2.216699359162661309e-01
9.969999999998913154e+01 3.357019823084118806e-03 2.202431086881102840e-01
9.979999999998912585e+01 6.042921957883372157e-03 2.182338928232057662e-01
9.989999999998910596e+01 9.485932208915420424e-03 2.156540145483744619e-01
