1.000000000000000000e+00 2.000000000000000000e+00 0.000000000000000000e+00
1.099999999999988987e+00 1.997600966461498873e+00 1.999200209277589204e-03
1.199999999999977973e+00 1.990415455796575861e+00 7.987208593337772125e-03
1.299999999999966960e+00 1.978478180208577131e+00 1.793529491954152372e-02
1.399999999999955946e+00 1.961846803743277023e+00 3.179573023181609531e-02
1.499999999999944933e+00 1.940601661599035133e+00 4.950201820418083376e-02
1.599999999999933920e+00 1.914845370812745307e+00 7.096921747123285940e-02
1.699999999999922906e+00 1.884702334243543609e+00 9.609435340050263841e-02
1.799999999999911893e+00 1.850318140091571584e+00 1.247569173557723093e-01
1.899999999999900879e+00 1.811858859498095553e+00 1.568194510932127417e-01
1.999999999999889866e+00 1.769510245084697342e+00 1.921282135338062691e-01
2.099999999999878852e+00 1.723476833619887350e+00 2.305139267669386594e-01
2.199999999999867839e+00 1.673980956354971905e+00 2.717925977615413546e-01
2.299999999999856826e+00 1.621261660927399539e+00 3.157664118945996967e-01
2.399999999999845812e+00 1.565573549143211673e+00 3.622246940515133073e-01
2.499999999999834799e+00 1.507185535348039673e+00 4.109449327133842811e-01
2.599999999999823785e+00 1.446379530549746439e+00 4.616938621203117710e-01
2.699999999999812772e+00 1.383449057901859902e+00 5.142285972931226468e-01
2.799999999999801759e+00 1.318697805619642338e+00 5.682978164074896643e-01
2.899999999999790745e+00 1.252438123876199905e+00 6.236429847488319522e-01
2.999999999999779732e+00 1.184989472676120092e+00 6.799996142342333849e-01
3.099999999999768718e+00 1.116676828161732749e+00 7.370985522706963167e-01
3.199999999999757705e+00 1.047829055223551631e+00 7.946672935351974942e-01
3.299999999999746692e+00 9.787772546859071499e-01 8.524313081016322569e-01
3.399999999999735678e+00 9.098530936846767059e-01 9.101153792212144378e-01
3.499999999999724665e+00 8.413871281613863884e-01 9.674449439705499199e-01
3.599999999999713651e+00 7.737071266442907547e-01 1.024147429935546638e+00
3.699999999999702638e+00 7.071364046714896379e-01 1.079953581080642433e+00
3.799999999999691624e+00 6.419921793280388700e-01 1.134598765983979130e+00
3.899999999999680611e+00 5.785839534128813799e-01 1.187824261684160998e+00
3.999999999999669598e+00 5.172119387178981675e-01 1.239378506490536269e+00
4.099999999999658584e+00 4.581655277868271758e-01 1.289018315260328507e+00
4.199999999999647571e+00 4.017218233287562779e-01 1.336510050834012864e+00
4.299999999999636557e+00 3.481442341802761797e-01 1.381630745550061379e+00
4.399999999999625544e+00 2.976811463514268397e-01 1.424169167030413741e+00
4.499999999999614531e+00 2.505646772454298010e-01 1.463926822734267219e+00
4.599999999999603517e+00 2.070095206217954231e-01 1.500718898123492684e+00
4.699999999999592504e+00 1.672118892709769933e-01 1.534375123657481632e+00
4.799999999999581490e+00 1.313485616994956029e-01 1.564740566249745113e+00
4.899999999999570477e+00 9.957603838662937301e-02 1.591676341248686510e+00
4.999999999999559464e+00 7.202981237934506786e-02 1.615060241479544079e+00
5.099999999999548450e+00 4.882375814615518006e-02 1.634787280358949824e+00
5.199999999999537437e+00 3.004964172645804496e-02 1.650770146603578903e+00
5.299999999999526423e+00 1.577675429819436204e-02 1.662939568569953064e+00
5.399999999999515410e+00 6.051670357376450794e-03 1.671244586784377928e+00
5.499999999999504396e+00 8.981307708440616723e-04 1.675652733762600155e+00
5.599999999999493383e+00 3.170500421839291287e-04 1.676150120736226157e+00
5.699999999999482370e+00 4.286646234350085204e-03 1.672741431443226290e+00
5.799999999999471356e+00 1.276269113456488663e-02 1.665449823647484173e+00
5.899999999999460343e+00 2.567887744069705450e-02 1.654316739564247962e+00
5.999999999999449329e+00 4.294729900531991246e-02 1.639401626850396365e+00
6.099999999999438316e+00 6.445903950421200124e-02 1.620781572290188599e+00
6.199999999999427303e+00 9.008486430843744286e-02 1.598550850746982999e+00
6.299999999999416289e+00 1.196760098392183336e-01 1.572820392369037812e+00
6.399999999999405276e+00 1.530650642753048907e-01 1.543717171427062995e+00
6.499999999999394262e+00 1.900669331648684457e-01 1.511383520517036505e+00
6.599999999999383249e+00 2.304798832639082806e-01 1.475976374186177997e+00
6.699999999999372235e+00 2.740866577773991009e-01 1.437666446340236437e+00
6.799999999999361222e+00 3.206556561086788548e-01 1.396637346048594797e+00
6.899999999999350209e+00 3.699421712170697929e-01 1.353084636596895374e+00
6.999999999999339195e+00 4.216896777326156198e-01 1.307214842838536395e+00
7.099999999999328182e+00 4.756311640659435236e-01 1.259244412072841213e+00
7.199999999999317168e+00 5.314905018665242453e-01 1.209398633818022484e+00
7.299999999999306155e+00 5.889838463135508295e-01 1.157910523970715255e+00
7.399999999999295142e+00 6.478210608527028569e-01 1.105019678942913863e+00
7.499999999999284128e+00 7.077071601122487676e-01 1.050971105433336605e+00
7.599999999999273115e+00 7.683437648308290013e-01 9.960140315516137210e-01
7.699999999999262101e+00 8.294305627005198467e-01 9.404007050407019452e-01
7.799999999999251088e+00 8.906667690702672058e-01 8.843851843595839091e-01
7.899999999999240075e+00 9.517525814588132516e-01 8.282221283825611513e-01
7.999999999999229061e+00 1.012390621806807944e+00 7.721655904479621801e-01
8.099999999999218048e+00 1.072287360340535400e+00 7.164678224454025246e-01
8.199999999999207034e+00 1.131154514857542370e+00 6.613780945710225900e-01
8.299999999999196021e+00 1.188710419160055487e+00 6.071415362939858174e-01
8.399999999999185007e+00 1.244681354289540520e+00 5.539980039759662134e-01
8.499999999999173994e+00 1.298802836157421092e+00 5.021809804541138567e-01
8.599999999999162981e+00 1.350820853134793609e+00 4.519165117493526007e-01
8.699999999999151967e+00 1.400493047178451800e+00 4.034221858811407047e-01
8.799999999999140954e+00 1.447589832143978850e+00 3.569061585664051184e-01
8.899999999999129940e+00 1.491895443068188554e+00 3.125662303479053161e-01
8.999999999999118927e+00 1.533208910423030424e+00 2.705889794369084056e-01
9.099999999999107914e+00 1.571344953636164332e+00 2.311489542671452124e-01
9.199999999999096900e+00 1.606134788561091487e+00 1.944079294413004200e-01
9.299999999999085887e+00 1.637426844047151775e+00 1.605142284098472483e-01
9.399999999999074873e+00 1.665087383322772174e+00 1.296021158550722252e-01
9.499999999999063860e+00 1.689001026533326177e+00 1.017912623656225257e-01
9.599999999999052847e+00 1.709071171486244101e+00 7.718628357725734745e-02
9.699999999999041833e+00 1.725220310418545733e+00 5.587635553226616425e-02
9.799999999999030820e+00 1.737390241412868574e+00 3.793490757188092144e-02
9.899999999999019806e+00 1.745542173925884288e+00 2.341939363065585061e-02
9.999999999999008793e+00 1.749656728754390267e+00 1.237114235126289367e-02
1.009999999999899778e+01 1.749733833613418499e+00 4.815285987618230998e-03
1.019999999999898677e+01 1.745792516341188039e+00 7.607676181255411786e-04
1.029999999999897575e+01 1.737870598546576550e+00 2.004257529073408088e-04
1.039999999999896474e+01 1.726024293282169886e+00 3.111154993803873052e-03
1.049999999999895373e+01 1.710327711016334851e+00 9.454140997108352248e-03
1.059999999999894271e+01 1.690872278819260943e+00 1.917516760021759775e-02
1.069999999999893170e+01 1.667766078233764659e+00 3.220499360761257951e-02
1.079999999999892069e+01 1.641133107775227806e+00 4.845979639158020519e-02
1.089999999999890967e+01 1.611112476401073801e+00 6.784167915108749169e-02
1.099999999999889866e+01 1.577857534592105537e+00 9.023923838995569213e-02
1.109999999999888765e+01 1.541534949915432495e+00 1.155281879242071874e-01
1.119999999999887663e+01 1.502323734068892636e+00 1.435720355091964495e-01
1.129999999999886562e+01 1.460414228472119769e+00 1.742228079901873561e-01
1.139999999999885461e+01 1.416007055453200270e+00 2.073218207250283052e-01
1.149999999999884359e+01 1.369312041993452356e+00 2.427004869052897529e-01
1.159999999999883258e+01 1.320547122847668620e+00 2.801811623105220361e-01
1.169999999999882156e+01 1.269937229656043609e+00 3.195780209688413032e-01
1.179999999999881055e+01 1.217713172405031630e+00 3.606979571659330031e-01
1.189999999999879954e+01 1.164110519306177371e+00 4.033415092386646861e-01
1.199999999999878852e+01 1.109368480820813740e+00 4.473038006127258992e-01
1.209999999999877751e+01 1.053728803200409070e+00 4.923754935871333394e-01
1.219999999999876650e+01 9.974346765221072664e-01 5.383437514390839729e-01
1.229999999999875548e+01 9.407296617951449447e-01 5.849932045072612219e-01
1.239999999999874447e+01 8.838566412950965567e-01 6.321069160206507220e-01
1.249999999999873346e+01 8.270567958636660943e-01 6.794673435596790823e-01
1.259999999999872244e+01 7.705686124901915957e-01 7.268572921716567325e-01
1.269999999999871143e+01 7.146269250774660575e-01 7.740608553110476242e-01
1.279999999999870042e+01 6.594619908992345181e-01 8.208643399268568119e-01
1.289999999999868940e+01 6.052986048754778192e-01 8.670571721868853832e-01
1.299999999999867839e+01 5.523552534413531667e-01 9.124327804911319673e-01
1.309999999999866738e+01 5.008433094674031860e-01 9.567894526006254230e-01
1.319999999999865636e+01 4.509662694013062967e-01 9.999311638803071167e-01
1.329999999999864535e+01 4.029190335627371722e-01 1.041668373823041449e+00
1.339999999999863434e+01 3.568872303186819139e-01 1.081818788198652959e+00
1.349999999999862332e+01 3.130465847143860669e-01 1.120208084336345777e+00
1.359999999999861231e+01 2.715623320201969726e-01 1.156670597218625529e+00
1.369999999999860130e+01 2.325886765884208895e-01 1.191049964228408031e+00
1.379999999999859028e+01 1.962682963817919679e-01 1.223199726552899103e+00
1.389999999999857927e+01 1.627318935408509915e-01 1.252983885407949360e+00
1.399999999999856826e+01 1.320977913878996490e-01 1.280277411404805221e+00
1.409999999999855724e+01 1.044715783171383389e-01 1.304966705540701488e+00
1.419999999999854623e+01 7.994579908173433946e-02 1.326950010451162898e+00
1.429999999999853522e+01 5.859969405274716853e-02 1.346137770726299809e+00
1.439999999999852420e+01 4.049898707896666672e-02 1.362452941254132410e+00
1.449999999999851319e+01 2.569572261431536664e-02 1.375831242724763648e+00
1.459999999999850218e+01 1.422815278949876756e-02 1.386221363600724787e+00
1.469999999999849116e+01 6.120675080683893494e-03 1.393585108041439646e+00
1.479999999999848015e+01 1.383821163332124658e-03 1.397897489453499231e+00
1.489999999999846914e+01 1.429743021543232363e-05 1.399146769533087697e+00
1.499999999999845812e+01 1.995077496678660921e-03 1.397334442868532145e+00
1.509999999999844711e+01 7.295546814012356628e-03 1.392475167374731537e+00
1.519999999999843610e+01 1.587169926600036710e-02 1.384596641044509635e+00
1.529999999999842508e+01 2.766638533940774664e-02 1.373739425717751539e+00
1.539999999999841407e+01 4.260961114357652429e-02 1.359956718783939200e+00
1.549999999999840306e+01 6.061888721640978223e-02 1.343314073957544208e+00
1.559999999999839204e+01 8.159962570411538607e-02 1.323889072472440809e+00
1.569999999999838103e+01 1.054455841516258457e-01 1.301770946263295148e+00
1.579999999999837001e+01 1.320393538008302892e-01 1.277060154895034882e+00
1.589999999999835900e+01 1.612528899760833079e-01 1.249867918208419804e+00
1.599999999999834799e+01 1.929480818514998364e-01 1.220315706821111013e+00
1.609999999999833875e+01 2.269773586505254570e-01 1.188534692805627735e+00
1.619999999999832596e+01 2.631843291336600776e-01 1.154665163010736739e+00
1.629999999999831317e+01 3.014044510880065086e-01 1.118855897638834529e+00
1.639999999999830393e+01 3.414657274469092840e-01 1.081263516807348779e+00
1.649999999999829470e+01 3.831894256378757246e-01 1.042051797930534818e+00
1.659999999999828191e+01 4.263908167789840498e-01 1.001390966840363328e+00
1.669999999999826912e+01 4.708799314147775750e-01 9.594569656346240150e-01
1.679999999999825988e+01 5.164623285931361218e-01 9.164307002926934675e-01
1.689999999999825064e+01 5.629398752264521688e-01 8.724972711356294708e-01
1.699999999999823785e+01 6.101115328435801066e-01 8.278451892283409386e-01
1.709999999999822506e+01 6.577741490130526447e-01 7.826655818335602754e-01
1.719999999999821583e+01 7.057232508915989300e-01 7.371513900257015139e-01
1.729999999999820659e+01 7.537538385154374243e-01 6.914965615604398153e-01
1.739999999999819380e+01 8.016611755972954390e-01 6.458952420828202312e-01
1.749999999999818101e+01 8.492415757088456196e-01 6.005409677263944257e-01
1.759999999999817177e+01 8.962931818175025045e-01 5.556258621313631130e-01
1.769999999999816254e+01 9.426167371998296352e-01 5.113398408714870946e-01
1.779999999999814975e+01 9.880163457702767493e-01 4.678698262439415223e-01
1.789999999999813696e+01 1.032300219855338153e+00 4.253989753308428101e-01
1.799999999999812772e+01 1.075281413398725849e+00 3.841059241962135329e-01
1.809999999999811848e+01 1.116778538523390152e+00 3.441640510289120103e-01
1.819999999999810569e+01 1.156616463300772280e+00 3.057407609850390506e-01
1.829999999999809290e+01 1.194626988495658848e+00 2.689967954189681487e-01
1.839999999999808367e+01 1.230649500984206668e+00 2.340855681206386041e-01
1.849999999999807443e+01 1.264531601477184575e+00 2.011525310963859781e-01
1.859999999999806164e+01 1.296129704147580330e+00 1.703345723417051538e-01
1.869999999999804885e+01 1.325309605750624398e+00 1.417594479537823415e-01
1.879999999999803961e+01 1.351947021854330355e+00 1.155452508216449348e-01
1.889999999999803038e+01 1.375928087865417426e+00 9.179991801082926228e-02
1.899999999999801759e+01 1.397149822645596506e+00 7.062077882616722702e-02
1.909999999999800480e+01 1.415520552655834097e+00 5.209414539433505215e-02
1.919999999999799556e+01 1.430960294754642925e+00 3.629494745470129846e-02
1.929999999999798632e+01 1.443401095986138971e+00 2.328641288525380715e-02
1.939999999999797353e+01 1.452787328928026866e+00 1.311979532142684354e-02
1.949999999999796074e+01 1.459075941422598222e+00 5.834150049809240686e-03
1.959999999999795151e+01 1.462236659760162372e+00 1.456159178555030626e-03
1.969999999999794227e+01 1.462252144638992446e+00 6.902818896349493979e-09
1.979999999999792948e+01 1.459118099446673034e+00 1.467305498369033886e-03
1.989999999999791669e+01 1.452843330627376472e+00 5.847072491119449829e-03
1.999999999999790745e+01 1.443449760062643916e+00 1.311575926576664941e-02
2.009999999999789821e+01 1.430972389545229762e+00 2.323733119399496588e-02
2.019999999999788542e+01 1.415459217522345714e+00 3.616339918238386381e-02
2.029999999999787264e+01 1.396971108349265078e+00 5.183340236264293716e-02
2.039999999999786340e+01 1.375581614326057744e+00 7.017484147184217813e-02
2.049999999999785416e+01 1.351376750788742198e+00 9.110356229793913074e-02
2.059999999999784137e+01 1.324454724502055925e+00 1.145240883949083799e-01
2.069999999999782858e+01 1.294925615565254429e+00 1.403300021024206645e-01
2.079999999999781934e+01 1.262911013003787941e+00 1.684043727348547848e-01
2.089999999999781011e+01 1.228543604189781702e+00 1.986202306338658574e-01
2.099999999999779732e+01 1.191966718223869126e+00 2.308410856064684324e-01
2.109999999999778453e+01 1.153333823435364502e+00 2.649214880948311812e-01
2.119999999999777529e+01 1.112807979218403354e+00 3.007076312459282530e-01
2.129999999999776605e+01 1.070561242536450797e+00 3.380379918673954154e-01
2.139999999999775326e+01 1.026774029593248150e+00 3.767440080700987792e-01
2.149999999999774047e+01 9.816344333958115786e-01 4.166507912110551382e-01
2.159999999999773124e+01 9.353374982144344596e-01 4.575778695592720435e-01
2.169999999999772200e+01 8.880844522855524392e-01 4.993399609184053789e-01
2.179999999999770921e+01 8.400819004882587038e-01 5.417477712503390164e-01
2.189999999999769642e+01 7.915409791518741578e-01 5.846088161598109734e-01
2.199999999999768718e+01 7.426764756093521269e-01 6.277282619217376958e-01
2.209999999999767795e+01 6.937059155841497349e-01 6.709097825624302791e-01
2.219999999999766516e+01 6.448486219746134562e-01 7.139564293497778769e-01
2.229999999999765237e+01 5.963247490647012317e-01 7.566715089039406372e-01
2.239999999999764313e+01 5.483542966333738722e-01 7.988594660143918391e-01
2.249999999999763389e+01 5.011561088326003111e-01 8.403267671463261479e-01
2.259999999999762110e+01 4.549468630595984719e-01 8.808827805344727757e-01
2.269999999999760831e+01 4.099400543394721708e-01 9.203406487069376585e-01
2.279999999999759908e+01 3.663449809596697748e-01 9.585181492488906718e-01
2.289999999999758984e+01 3.243657372495357127e-01 9.952385396124683314e-01
2.299999999999757705e+01 2.842002194770323342e-01 1.030331381801753654e+00
2.309999999999756426e+01 2.460391508387828607e-01 1.063633342813457450e+00
2.319999999999755502e+01 2.100651314524383806e-01 1.094988966793640994e+00
2.329999999999754579e+01 1.764517191280147168e-01 1.124251414976277674e+00
2.339999999999753300e+01 1.453625465038613507e-01 1.151283169599825795e+00
2.349999999999752021e+01 1.169504798896858766e-01 1.175956698155139035e+00
2.359999999999751097e+01 9.135682487526845807e-02 1.198155074497532002e+00
2.369999999999750173e+01 6.871058344475228230e-02 1.217772553550124481e+00
2.379999999999748894e+01 4.912776699390140195e-02 1.234715096550771385e+00
2.389999999999747615e+01 3.271076928649094967e-02 1.248900844024200874e+00
2.399999999999746692e+01 1.954780301432873513e-02 1.260260533913424075e+00
2.409999999999745768e+01 9.712403246447617183e-03 1.268737862570684660e+00
2.419999999999744489e+01 3.263000670836471717e-03 1.274289786580091288e+00
2.429999999999743210e+01 2.425671476866288331e-04 1.276886763673247271e+00
2.439999999999742286e+01 6.783357067021039168e-04 1.276512931294262687e+00
2.449999999999741362e+01 4.581596731322079563e-03 1.273166221672451970e+00
2.459999999999740083e+01 1.194757167767946694e-02 1.266858412572644976e+00
2.469999999999738804e+01 2.275536527328201122e-02 1.257615113206003166e+00
2.479999999999737881e+01 3.696799672735134878e-02 1.245475685105554398e+00
2.489999999999736957e+01 5.453251005947752639e-02 1.230493098091724136e+00
2.499999999999735678e+01 7.538016321487413240e-02 1.212733721775898665e+00
2.509999999999734399e+01 9.942669518309843468e-02 1.192277053375154772e+00
2.519999999999733475e+01 1.265726698749367884e-01 1.169215382929293723e+00
2.529999999999732552e+01 1.567038950422024735e-01 1.143653397332852428e+00
2.539999999999731273e+01 1.896919140535830994e-01 1.115707724900816489e+00
2.549999999999729994e+01 2.253945678724626200e-01 1.085506422492962697e+00
2.559999999999729070e+01 2.636566241293386570e-01 1.053188407512914537e+00
2.569999999999728146e+01 3.043104697499814382e-01 1.018902837373841574e+00
2.579999999999726867e+01 3.471768632025556411e-01 9.828084392909625100e-01
2.589999999999725588e+01 3.920657420706897822e-01 9.450727935011083991e-01
2.599999999999724665e+01 4.387770813549662918e-01 9.058715732378201935e-01
2.609999999999723741e+01 4.871017976626413337e-01 8.653877449937226185e-01
2.619999999999722462e+01 5.368226942659239942e-01 8.238107327819768066e-01
2.629999999999721183e+01 5.877154419038274069e-01 7.813355502655520146e-01
2.639999999999720259e+01 6.395495901676281347e-01 7.381619047544710766e-01
2.649999999999719336e+01 6.920896043457237523e-01 6.944932771796347160e-01
2.659999999999718057e+01 7.450959227098761239e-01 6.505359822324408015e-01
2.669999999999716778e+01 7.983260293849642197e-01 6.064982129219860241e-01
2.679999999999715854e+01 8.515355381628184617e-01 5.625890738375288747e-01
2.689999999999714930e+01 9.044792828692451714e-01 5.190176074210480772e-01
2.699999999999713651e+01 9.569124101735750898e-01 4.759918175561010933e-01
2.709999999999712372e+01 1.008591471016035523e+00 4.337176947607006561e-01
2.719999999999711449e+01 1.059275507108841774e+00 3.923982472420008971e-01
2.729999999999710525e+01 1.108727129229143182e+00 3.522325420301852250e-01
2.739999999999709246e+01 1.156713584247260007e+00 3.134147603554628958e-01
2.749999999999707967e+01 1.203007808011383295e+00 2.761332713758276602e-01
2.759999999999707043e+01 1.247389461334332372e+00 2.405697282977268536e-01
2.769999999999706120e+01 1.289645946382157238e+00 2.068981908615262766e-01
2.779999999999704841e+01 1.329573400757110724e+00 1.752842780912270970e-01
2.789999999999703562e+01 1.366977666487862342e+00 1.458843551284147444e-01
2.799999999999702638e+01 1.401675230995379717e+00 1.188447578875814481e-01
2.809999999999701714e+01 1.433494136905345107e+00 9.430105918082214156e-02
2.819999999999700435e+01 1.462274857325933874e+00 7.237737986329516315e-02
2.829999999999699156e+01 1.487871132927588658e+00 5.318574844467604396e-02
2.839999999999698233e+01 1.510150766862685012e+00 3.682551249483424771e-02
2.849999999999697309e+01 1.528996373248094676e+00 2.338280504002035118e-02
2.859999999999696030e+01 1.544306074658372108e+00 1.293006899838558543e-02
2.869999999999694751e+01 1.555994143804580565e+00 5.525642536807796011e-03
2.879999999999693827e+01 1.563991584383076727e+00 1.213408043079998574e-03
2.889999999999692903e+01 1.568246645927022342e+00 2.250719662496418087e-05
2.899999999999691624e+01 1.568725267440764126e+00 1.967124385133266207e-03
2.909999999999690345e+01 1.565411444629722926e+00 7.046340453028815745e-03
2.919999999999689422e+01 1.558307515664638876e+00 1.524405847983297327e-02
2.929999999999688498e+01 1.547434360665978836e+00 2.652900297242413372e-02
2.939999999999687219e+01 1.532831510428069643e+00 4.085479351563934408e-02
2.949999999999685940e+01 1.514557160359449206e+00 5.816009356200619457e-02
2.959999999999685016e+01 1.492688086155339766e+00 7.836883465560420814e-02
2.969999999999684093e+01 1.467319458364735540e+00 1.013905159799491501e-01
2.979999999999682814e+01 1.438564553729410944e+00 1.271205786981116914e-01
2.989999999999681535e+01 1.406554361958465948e+00 1.554408541189783721e-01
2.999999999999680611e+01 1.371437087447737957e+00 1.862200842805195322e-01
3.009999999999679687e+01 1.333377546325353213e+00 2.193145130930677644e-01
3.019999999999678408e+01 1.292556460110072525e+00 2.545685457376286598e-01
3.029999999999677129e+01 1.249169648176150504e+00 2.918154735705307812e-01
3.039999999999676206e+01 1.203427122116986547e+00 3.308782613502987413e-01
3.049999999999675282e+01 1.155552085979087096e+00 3.715703931804905102e-01
3.059999999999674003e+01 1.105779847182056130e+00 4.136967731574038298e-01
3.069999999999672724e+01 1.054356643740177013e+00 4.570546763259459300e-01
3.079999999999671800e+01 1.001538394144672495e+00 5.014347451888399032e-01
3.089999999999670877e+01 9.475893769538993316e-01 5.466220266805299488e-01
3.099999999999669598e+01 8.927808477545301491e-01 5.923970442166499595e-01
3.109999999999668319e+01 8.373896017048956253e-01 6.385368991623217028e-01
3.119999999999667395e+01 7.816964903471999015e-01 6.848163958266678675e-01
3.129999999999666471e+01 7.259849017768289503e-01 7.310091838997500036e-01
3.139999999999665192e+01 6.705392135801725439e-01 7.768889120870763332e-01
3.149999999999663913e+01 6.156432282061817807e-01 8.222303865818972879e-01
3.159999999999662990e+01 5.615786006128679064e-01 8.668107279397050391e-01
3.169999999999662066e+01 5.086232681339688533e-01 9.104105198812246780e-01
3.179999999999660787e+01 4.570498925431757398e-01 9.528149435620645313e-01
3.189999999999659508e+01 4.071243242550212083e-01 9.938148908895061417e-01
3.199999999999658584e+01 3.591040984905745637e-01 1.033208050561100988e+00
3.209999999999657661e+01 3.132369730602630464e-01 1.070799960629575720e+00
3.219999999999656382e+01 2.697595171680848836e-01 1.106405021565653568e+00
3.229999999999655103e+01 2.288957603312332945e-01 1.139847464007160749e+00
3.239999999999653824e+01 1.908559101291270599e-01 1.170962265622588427e+00
3.249999999999653255e+01 1.558351470572451047e-01 1.199596011808484075e+00
3.259999999999651976e+01 1.240125042583984510e-01 1.225607695254401497e+00
3.269999999999650697e+01 9.554983934545865920e-02 1.248869449760113159e+00
3.279999999999650129e+01 7.059090491635436337e-02 1.269267214075027184e+00
3.289999999999648850e+01 4.926052369986023971e-02 1.286701321932895326e+00
3.299999999999647571e+01 3.166387356330384317e-02 1.301087014892346572e+00
3.309999999999646292e+01 1.788588686866675673e-02 1.312354875047694547e+00
3.319999999999645013e+01 7.990767886050471891e-03 1.320451175146762246e+00
3.329999999999644444e+01 2.021631171762626553e-03 1.325338144144522889e+00
3.339999999999643165e+01 2.629989446961392092e-07 1.326994146716978795e+00
3.349999999999641886e+01 1.927007099765377278e-03 1.325413775773850888e+00
3.359999999999641318e+01 7.780775147299580710e-03 1.320607857515487149e+00
3.369999999999640039e+01 1.751918158004816053e-02 1.312603369101417838e+00
3.379999999999638760e+01 3.107880155995213639e-02 1.301443269499374944e+00
3.389999999999637481e+01 4.837555006276178515e-02 1.287186244600398544e+00
3.399999999999636202e+01 6.930517933406368791e-02 1.269906368170866218e+00
3.409999999999635634e+01 9.374389121111741108e-02 1.249692680705390302e+00
3.419999999999634355e+01 1.215490601150635841e-01 1.226648688704274459e+00
3.429999999999633076e+01 1.525600618642212469e-01 1.200891787355461870e+00
3.439999999999632507e+01 1.865992028509548817e-01 1.172552610024881314e+00
3.449999999999631228e+01 2.234727435653232896e-01 1.141774308365394619e+00
3.459999999999629949e+01 2.629720099396301580e-01 1.108711767236389312e+00
3.469999999999628670e+01 3.048745855314767828e-01 1.073530758971457111e+00
3.479999999999627391e+01 3.489455771606426726e-01 1.036407041863035783e+00
3.489999999999626823e+01 3.949389462653625782e-01 9.975254080159542402e-01
3.499999999999625544e+01 4.425988979480941499e-01 9.570786859878158692e-01
3.509999999999624265e+01 4.916613194403529064e-01 9.152667038574664460e-01
3.519999999999623697e+01 5.418552595241155068e-01 8.722952185580791218e-01
3.529999999999622418e+01 5.929044403112786465e-01 8.283748174686009769e-01
3.539999999999621139e+01 6.445287926919532895e-01 7.837197983817686398e-01
3.549999999999619860e+01 6.964460067210728189e-01 7.385470340577736659e-01
3.559999999999618581e+01 7.483730882182083599e-01 6.930748276241284200e-01
3.569999999999618012e+01 8.000279129000783529e-01 6.475217651059816948e-01
3.579999999999616733e+01 8.511307694545420244e-01 6.021055713526949349e-01
3.589999999999615454e+01 9.014058830903187713e-01 5.570419755824089769e-01
3.599999999999614886e+01 9.505829112572907746e-01 5.125435926822060617e-01
3.609999999999613607e+01 9.983984034265510621e-01 4.688188262896408331e-01
3.619999999999612328e+01 1.044597217043748083e+00 4.260707995355302868e-01
3.629999999999611049e+01 1.088933882026597688e+00 3.844963191529527369e-01
3.639999999999609770e+01 1.131173906452626277e+00 3.442848784517026917e-01
3.649999999999609201e+01 1.171095016399259059e+00 3.056177044243189589e-01
3.659999999999607923e+01 1.208488323227773442e+00 2.686668539879493167e-01
3.669999999999606644e+01 1.243159411963945526e+00 2.335943640797371879e-01
3.679999999999606075e+01 1.274929344822756772e+00 2.005514600105138268e-01
3.689999999999604796e+01 1.303635574333048108e+00 1.696778261458018466e-01
3.699999999999603517e+01 1.329132760978602334e+00 1.411009426239868414e-01
3.709999999999602238e+01 1.351293490742706549e+00 1.149354914427881819e-01
3.719999999999600959e+01 1.370008888472858732e+00 9.128283484554332305e-02
3.729999999999600391e+01 1.385189123529043220e+00 7.023056852238039605e-02
3.739999999999599112e+01 1.396763804783963669e+00 5.185215170893191922e-02
3.749999999999597833e+01 1.404682262674222581e+00 3.620661581888883623e-02
3.759999999999597264e+01 1.408913716686715167e+00 2.333835278893253012e-02
3.769999999999595985e+01 1.409447327379885317e+00 1.327698384806109445e-02
3.779999999999594706e+01 1.406292132798059535e+00 6.037308950473395212e-03
3.789999999999593427e+01 1.399476869928548028e+00 1.619336635451864605e-03
3.799999999999592148e+01 1.389049682663913821e+00 8.393602257089248918e-06
3.809999999999591580e+01 1.375077718569766683e+00 1.175312816483152327e-03
3.819999999999590301e+01 1.357646617598229355e+00 5.076698500427911064e-03
3.829999999999589022e+01 1.336859896725847596e+00 1.165526590778499967e-02
3.839999999999588454e+01 1.312838235312371982e+00 2.084025334633039100e-02
3.849999999999587175e+01 1.285718666764871454e+00 3.254790349530349569e-02
3.859999999999585896e+01 1.255653682826814999e+00 4.668201067089552264e-02
3.869999999999584617e+01 1.222810257487557228e+00 6.313453032739396731e-02
3.879999999999583338e+01 1.187368798102891532e+00 8.178624674655973759e-02
3.889999999999582769e+01 1.149522031819159240e+00 1.025074945671353849e-01
3.899999999999581490e+01 1.109473835791014551e+00 1.251589295424033466e-01
3.909999999999580211e+01 1.067438019971948204e+00 1.495923436885394364e-01
3.919999999999579643e+01 1.023637071416498845e+00 1.756515198024430624e-01
3.929999999999578364e+01 9.783008690767089899e-01 2.031731201838510859e-01
3.939999999999577085e+01 9.316653779935460955e-01 2.319876042955045237e-01
3.949999999999575806e+01 8.839713315835334706e-01 2.619201700337067118e-01
3.959999999999574527e+01 8.354629104082849089e-01 2.927917132604581640e-01
3.969999999999573959e+01 7.863864254056953662e-01 3.244198002643070566e-01
3.979999999999572680e+01 7.369890130653360405e-01 3.566196478686838867e-01
3.989999999999571401e+01 6.875173494674443608e-01 3.892051059887314812e-01
3.999999999999570832e+01 6.382163894973028606e-01 4.219896375495796326e-01
4.009999999999569553e+01 5.893281369053714469e-01 4.547872908147181925e-01
4.019999999999568274e+01 5.410904502430230467e-01 4.874136593303066700e-01
4.029999999999566995e+01 4.937358890726205596e-01 5.196868248632675602e-01
4.039999999999565716e+01 4.474906042564458786e-01 5.514282788993537521e-01
4.049999999999565148e+01 4.025732755832520660e-01 5.824638184622837889e-01
4.059999999999563869e+01 3.591940995140698867e-01 6.126244122167648909e-01
4.069999999999562590e+01 3.175538294237867931e-01 6.417470330263803646e-01
4.079999999999562021e+01 2.778428703991599469e-01 6.696754533434295942e-01
4.089999999999560742e+01 2.402404304177611083e-01 6.962610000178405256e-01
4.099999999999559464e+01 2.049137295864062736e-01 7.213632653195596323e-01
4.109999999999558185e+01 1.720172690476321209e-01 7.448507711776000129e-01
4.119999999999556906e+01 1.416921611629492206e-01 7.666015838462351129e-01
4.129999999999556337e+01 1.140655226388373050e-01 7.865038764196594645e-01
4.139999999999555058e+01 8.924993235807836267e-02 8.044564368270247234e-01
4.149999999999553779e+01 6.734295579829840950e-02 8.203691191570215979e-01
4.159999999999553211e+01 4.842673804228388168e-02 8.341632363856202881e-01
4.169999999999551932e+01 3.256766749001226147e-02 8.457718928113854284e-01
4.179999999999550653e+01 1.981611245254738182e-02 8.551402547452666703e-01
4.189999999999549374e+01 1.020623282435458024e-02 8.622257582585333147e-01
4.199999999999548095e+01 3.755868978386727852e-03 8.669982530584716685e-01
4.209999999999547526e+01 4.665098951959970714e-04 8.694400818487717508e-01
4.219999999999546247e+01 3.233423140155127656e-04 8.695460948253607159e-01
4.229999999999544968e+01 3.295382376125868210e-03 8.673235992762817759e-01
4.239999999999544400e+01 9.335690817873137926e-03 8.627922445773011928e-01
4.249999999999543121e+01 1.838167226638115145e-02 8.559838432147440779e-01
4.259999999999541842e+01 3.035545860303863475e-02 8.469421288177835239e-01
4.269999999999540563e+01 4.516437569983756256e-02 8.357224525330376741e-01
4.279999999999539284e+01 6.270149211645800746e-02 8.223914194368114883e-01
4.289999999999538716e+01 8.284624758894450214e-02 8.070264670349839298e-01
4.299999999999537437e+01 1.054651583632164741e-01 7.897153882556143811e-01
4.309999999999536158e+01 1.304125956490160276e-01 7.705558016791183018e-01
4.319999999999535589e+01 1.575316327118376769e-01 7.496545720839680182e-01
4.329999999999534310e+01 1.866549554029536817e-01 7.271271846939270089e-01
4.339999999999533031e+01 2.176058302676470990e-01 7.030970768027399176e-01
4.349999999999531752e+01 2.501991237868787521e-01 6.776949307151621804e-01
4.359999999999530473e+01 2.842423658090962868e-01 6.510579321749762061e-01
4.369999999999529905e+01 3.195368498304559934e-01 6.233289986522009274e-01
4.379999999999528626e+01 3.558787624852238762e-01 5.946559820277512731e-01
4.389999999999527347e+01 3.930603344225269136e-01 5.651908503439257991e-01
4.399999999999526779e+01 4.308710046650449654e-01 5.350888533829858407e-01
4.409999999999525500e+01 4.690985905723270566e-01 5.045076768915397469e-01
4.419999999999524221e+01 5.075304556522483024e-01 4.736065902892329649e-01
4.429999999999522942e+01 5.459546676786652952e-01 4.425455926828168463e-01
4.439999999999521663e+01 5.841611398630190966e-01 4.114845619582405689e-01
4.449999999999521094e+01 6.219427481845911654e-01 3.805824116384731171e-01
4.459999999999519815e+01 6.590964183954628464e-01 3.499962600845136218e-01
4.469999999999518536e+01 6.954241766672489833e-01 3.198806164745823244e-01
4.479999999999517968e+01 7.307341583234532312e-01 2.903865878323501071e-01
4.489999999999516689e+01 7.648415695996987340e-01 2.616611111871996465e-01
4.499999999999515410e+01 7.975695978709608225e-01 2.338462147413832293e-01
4.509999999999514131e+01 8.287502662824959287e-01 2.070783116956680658e-01
4.519999999999512852e+01 8.582252292085822409e-01 1.814875301452175405e-01
4.529999999999512283e+01 8.858465054288359175e-01 1.571970822071230012e-01
4.539999999999511004e+01 9.114771463637233451e-01 1.343226752789336009e-01
4.549999999999509726e+01 9.349918371358886260e-01 1.129719680590394598e-01
4.559999999999509157e+01 9.562774286270547819e-01 9.324407368347924219e-02
4.569999999999507878e+01 9.752333990813421005e-01 7.522911205324225858e-02
4.579999999999506599e+01 9.917722441666334543e-01 5.900781314200666261e-02
4.589999999999505320e+01 1.005819794746192875e+00 4.465117278789507149e-02
4.599999999999504041e+01 1.017315461937602583e+00 3.222016218492152612e-02
4.609999999999503473e+01 1.026212409351049404e+00 2.176549200211739740e-02
4.619999999999502194e+01 1.032477652698661208e+00 1.332743177105938544e-02
4.629999999999500915e+01 1.036092087262649786e+00 6.935684896826243596e-03
4.639999999999500346e+01 1.037050443997210136e+00 2.609319364390801522e-03
4.649999999999499067e+01 1.035361175325936633e+00 3.567539325295486074e-04
4.659999999999497788e+01 1.031046271973223405e+00 1.757993317827568150e-04
4.669999999999496509e+01 1.024141012450857646e+00 2.053753712479775007e-03
4.679999999999495230e+01 1.014693647092560935e+00 5.967551324424267591e-03
4.689999999999494662e+01 1.002765018801216490e+00 1.188396315239516679e-02
4.699999999999493383e+01 9.884281229410559755e-01 1.975984798215850435e-02
4.709999999999492104e+01 9.717676090676957701e-01 2.954245213118155550e-02
4.719999999999491536e+01 9.528792274417876573e-01 4.116975584761801976e-02
4.729999999999490257e+01 9.318692235181642580e-01 5.457086416151941954e-02
4.739999999999488978e+01 9.088536838400904649e-01 6.966643976437512931e-02
4.749999999999487699e+01 8.839578369883751563e-01 8.636917529795998250e-02
4.759999999999486420e+01 8.573153134516218188e-01 1.045843022523627180e-01
4.769999999999485851e+01 8.290673684805948129e-01 1.242101335060165207e-01
4.779999999999484572e+01 7.993620721737783041e-01 1.451386363893373832e-01
4.789999999999483293e+01 7.683534712086842466e-01 1.672560330183659738e-01
4.799999999999482725e+01 7.362007267884119743e-01 1.904434245264055858e-01
4.809999999999481446e+01 7.030672335001824091e-01 2.145774357210716299e-01
4.819999999999480167e+01 6.691197239015272968e-01 2.395308766118021959e-01
4.829999999999478888e+01 6.345273637385281384e-01 2.651734171894196690e-01
4.839999999999477609e+01 5.994608427719552157e-01 2.913722717949299157e-01
4.849999999999477041e+01 5.640914662290028581e-01 3.179928893913388510e-01
4.859999999999475762e+01 5.285902519180132320e-01 3.448996460473399139e-01
4.869999999999474483e+01 4.931270380277709142e-01 3.719565359599547594e-01
4.879999999999473914e+01 4.578696065915767166e-01 3.990278573791329886e-01
4.889999999999472635e+01 4.229828275143475702e-01 4.259788898575673777e-01
4.899999999999471356e+01 3.886278279485101961e-01 4.526765593273008315e-01
4.909999999999470077e+01 3.549611916503165321e-01 4.789900876048909795e-01
4.919999999999468798e+01 3.221341927558963314e-01 5.047916230480483657e-01
4.929999999999468230e+01 2.902920681854188611e-01 5.299568492248271090e-01
4.939999999999466951e+01 2.595733326123296769e-01 5.543655686174089325e-01
4.949999999999465672e+01 2.301091396243456211e-01 5.779022585569114634e-01
4.959999999999465103e+01 2.020226923586427581e-01 6.004565967800581383e-01
4.969999999999463824e+01 1.754287065126092782e-01 6.219239542054596503e-01
4.979999999999462545e+01 1.504329282244044330e-01 6.422058527505827286e-01
4.989999999999461266e+01 1.271317088840064058e-01 6.612103862403274634e-01
4.999999999999459988e+01 1.056116384836510574e-01 6.788526027039509803e-01
5.009999999999459419e+01 8.594923865238417171e-02 6.950548466044650375e-01
5.019999999999458140e+01 6.821071604962328228e-02 7.097470598002789677e-01
5.029999999999456861e+01 5.245177632443547705e-02 7.228670402967051212e-01
5.039999999999456293e+01 3.871749838814287498e-02 7.343606581021676627e-01
5.049999999999455014e+01 2.704226830406540952e-02 7.441820277611475021e-01
5.059999999999453735e+01 1.744977167815169039e-02 7.522936373867945559e-01
5.069999999999452456e+01 9.953043042134382748e-03 7.586664342633840930e-01
5.079999999999451177e+01 4.554570363497335503e-03 7.632798673258235356e-01
5.089999999999450608e+01 1.246452497693054627e-03 7.661218870512092050e-01
5.099999999999449329e+01 1.060712113655733674e-05 7.671889035145763591e-01
5.109999999999448050e+01 8.190264508021148637e-04 7.664857035659401463e-01
5.119999999999447482e+01 3.634077868583579073e-03 7.640253282743159069e-01
5.129999999999446203e+01 8.408846425748333492e-03 7.598289119612186004e-01
5.139999999999444924e+01 1.508751610336390818e-02 7.539254843099901793e-01
5.149999999999443645e+01 2.360578664600705007e-02 7.463517371789487598e-01
5.159999999999442366e+01 3.389132276489632140e-02 7.371517578827218031e-01
5.169999999999441798e+01 4.586423251862863787e-02 7.263767308188022742e-01
5.179999999999440519e+01 5.943757171999603656e-02 7.140846094218918916e-01
5.189999999999439240e+01 7.451787128065734400e-02 7.003397605160454065e-01
5.199999999999438671e+01 9.100568448646730035e-02 6.852125832092330615e-01
5.209999999999437392e+01 1.087961512888516308e-01 6.687791045411130009e-01
5.219999999999436113e+01 1.277795767976167562e-01 6.511205541456347445e-01
5.229999999999434834e+01 1.478420212615145224e-01 6.323229202309184060e-01
5.239999999999433555e+01 1.688658989218092266e-01 6.124764892130445393e-01
5.249999999999432987e+01 1.907305832162404513e-01 5.916753713622057154e-01
5.259999999999431708e+01 2.133130158935481191e-01 5.700170148343162158e-01
5.269999999999430429e+01 2.364883176695782296e-01 5.476017104688419845e-01
5.279999999999429861e+01 2.601303981149735711e-01 5.245320897338384691e-01
5.289999999999428582e+01 2.841125625080057615e-01 5.009126181907187503e-01
5.299999999999427303e+01 3.083081134197613316e-01 4.768490868395154347e-01
5.309999999999426024e+01 3.325909448176114780e-01 4.524481036829366420e-01
5.319999999999424745e+01 3.568361264851794279e-01 4.278165878216608209e-01
5.329999999999424176e+01 3.809204765596204134e-01 4.030612683592098011e-01
5.339999999999422897e+01 4.047231199875814811e-01 3.782881903527984813e-01
5.349999999999421618e+01 4.281260307006945487e-01 3.536022299991742890e-01
5.359999999999421050e+01 4.510145553139446317e-01 3.291066211875486869e-01
5.369999999999419771e+01 4.732779161609924068e-01 3.049024954881354721e-01
5.379999999999418492e+01 4.948096915003146745e-01 2.810884375713860739e-01
5.389999999999417213e+01 5.155082707625325833e-01 2.577600579733033137e-01
5.399999999999415934e+01 5.352772827609668660e-01 2.350095850304508294e-01
5.409999999999415365e+01 5.540259948607816343e-01 2.129254777111108943e-01
5.419999999999414086e+01 5.716696811969733671e-01 1.915920609598209812e-01
5.429999999999412807e+01 5.881299581503711682e-01 1.710891850567008710e-01
5.439999999999412239e+01 6.033350854331919200e-01 1.514919103675539114e-01
5.449999999999410960e+01 6.172202313034582666e-01 1.328702187275890567e-01
5.459999999999409681e+01 6.297277006163589652e-01 1.152887525606145630e-01
5.469999999999408402e+01 6.408071246355585560e-01 9.880658268843367509e-02
5.479999999999407123e+01 6.504156117543236082e-01 8.347700563144425101e-02
5.489999999999406555e+01 6.585178585279026775e-01 6.934737104330666868e-02
5.499999999999405276e+01 6.650862206767577112e-01 5.645893976037809348e-02
5.509999999999403997e+01 6.701007439880911631e-01 4.484677278217513718e-02
5.519999999999403428e+01 6.735491553204200343e-01 3.453965133289629841e-02
5.529999999999402149e+01 6.754268141851160756e-01 2.556002798859670702e-02
5.539999999999400870e+01 6.757366256515389136e-01 1.792400868974718467e-02
5.549999999999399591e+01 6.744889155820604776e-01 1.164136529749291819e-02
5.559999999999398312e+01 6.717012694509787440e-01 6.715578193965813722e-03
5.569999999999397744e+01 6.673983362343282044e-01 3.143908274650053080e-03
5.579999999999396465e+01 6.616115990699868998e-01 9.174975345783101949e-04
5.589999999999395186e+01 6.543791145781868712e-01 2.149731145976102877e-05
5.599999999999394618e+01 6.457452229001280353e-01 4.352231184080568413e-04
5.609999999999393339e+01 6.357602306541292325e-01 2.132334877617591933e-03
5.619999999999392060e+01 6.244800691258808323e-01 5.081041254735851886e-03
5.629999999999390781e+01 6.119659301002681184e-01 9.244326692307743010e-03
5.639999999999389502e+01 5.982838818095541633e-01 1.458019964985883023e-02
5.649999999999388933e+01 5.835044675151623839e-01 2.104196047819371224e-02
5.659999999999387654e+01 5.677022892615921634e-01 2.857848728639558050e-02
5.669999999999386375e+01 5.509555793428962955e-01 3.713453810177172465e-02
5.679999999999385807e+01 5.333457620049728565e-01 4.665106757565336965e-02
5.689999999999384528e+01 5.149570078751644076e-01 5.706555645106042851e-02
5.699999999999383249e+01 4.958757835646738776e-01 6.831235198186197399e-02
5.709999999999381970e+01 4.761903988329369009e-01 8.032301747676669212e-02
5.719999999999380691e+01 4.559905536350685185e-01 9.302668913463858769e-02
5.729999999999380123e+01 4.353668873000897110e-01 1.063504383407350845e-01
5.739999999999378844e+01 4.144105320040067375e-01 1.202196376049817911e-01
5.749999999999377565e+01 3.932126726161941921e-01 1.345583283442481348e-01
5.759999999999376996e+01 3.718641149014580427e-01 1.492895887388385467e-01
5.769999999999375717e+01 3.504548639634771923e-01 1.643358999308997537e-01
5.779999999999374438e+01 3.290737147111346128e-01 1.796195088758176517e-01
5.789999999999373159e+01 3.078078560202271996e-01 1.950627862098725795e-01
5.799999999999371880e+01 2.867424901496309908e-01 2.105885775546736949e-01
5.809999999999371312e+01 2.659604688515088133e-01 2.261205467438028860e-01
5.819999999999370033e+01 2.455419474923801748e-01 2.415835095272338140e-01
5.829999999999368754e+01 2.255640583724695947e-01 2.569037563835080973e-01
5.839999999999368185e+01 2.061006042988081655e-01 2.720093631509504228e-01
5.849999999999366906e+01 1.872217733331384415e-01 2.868304882724708182e-01
5.859999999999365627e+01 1.689938754977367286e-01 3.012996555361193152e-01
5.869999999999364348e+01 1.514791020867014282e-01 3.153520212844119208e-01
5.879999999999363069e+01 1.347353080947754356e-01 3.289256251573608458e-01
5.889999999999362501e+01 1.188158181451199336e-01 3.419616235282753047e-01
5.899999999999361222e+01 1.037692561728038171e-01 3.544045048858980862e-01
5.909999999999359943e+01 8.963939900388584459e-02 3.662022865114444858e-01
5.919999999999359375e+01 7.646505386370798518e-02 3.773066918925313540e-01
5.929999999999358096e+01 6.427995975340579371e-02 3.876733084099368010e-01
5.939999999999356817e+01 5.311271255153754423e-02 3.972617249233948433e-01
5.949999999999355538e+01 4.298671363026686926e-02 4.060356489742332764e-01
5.959999999999354259e+01 3.392014172080020512e-02 4.139630034075305054e-01
5.969999999999353690e+01 2.592594772198672168e-02 4.210160023040994681e-01
5.979999999999352411e+01 1.901187211644904396e-02 4.271712061933162774e-01
5.989999999999351132e+01 1.318048463927823030e-02 4.324095566007388203e-01
5.999999999999350564e+01 8.429245831689132634e-03 4.367163900602770155e-01
6.009999999999349285e+01 4.750590103716592454e-03 4.400814318006198711e-01
6.019999999999348006e+01 2.132029921760578151e-03 4.424987693879625095e-01
6.029999999999346727e+01 5.562807251931703055e-04 4.439668066844699723e-01
6.039999999999345448e+01 1.406157239788724870e-06 4.444881985526876744e-01
6.049999999999344880e+01 4.409831654081864858e-04 4.440697668119369945e-01
6.059999999999343601e+01 1.844286482553721259e-03 4.427223980243033541e-01
6.069999999999342322e+01 4.176491938619617851e-03 4.404609237618510864e-01
6.079999999999341753e+01 7.398897973354761140e-03 4.373039840801343781e-01
6.089999999999340474e+01 1.146916462100831639e-02 4.332738749961803637e-01
6.099999999999339195e+01 1.634156911937624176e-02 4.283963808422873165e-01
6.109999999999337916e+01 2.196727715895513758e-02 4.227005924403999804e-01
6.119999999999336637e+01 2.829462863588904850e-02 4.162187121111159960e-01
6.129999999999336069e+01 3.526943660853014417e-02 4.089858466021719097e-01
6.139999999999334790e+01 4.283529798628733787e-02 4.010397890863244275e-01
6.149999999999333511e+01 5.093391430655453550e-02 3.924207914399191477e-01
6.159999999999332942e+01 5.950542078684782632e-02 3.831713280712852332e-01
6.169999999999331664e+01 6.848872168127367877e-02 3.733358526164936020e-01
6.179999999999330385e+01 7.782182982941772409e-02 3.629605488639781607e-01
6.189999999999329106e+01 8.744220816780058636e-02 3.520930773020968241e-01
6.199999999999327827e+01 9.728711088527579320e-02 3.407823187079658811e-01
6.209999999999327258e+01 1.072939218479061901e-01 3.290781162093864287e-01
6.219999999999325979e+01 1.174004879007888025e-01 3.170310172523900794e-01
6.229999999999324700e+01 1.275454446755987237e-01 3.046920168983357491e-01
6.239999999999324132e+01 1.376685325944309313e-01 2.921123038505900604e-01
6.249999999999322853e+01 1.477109008625191455e-01 2.793430105781127826e-01
6.259999999999321574e+01 1.576153973824100385e-01 2.664349688558423912e-01
6.269999999999320295e+01 1.673268426965674738e-01 2.534384719856490054e-01
6.279999999999319016e+01 1.767922862700451458e-01 2.404030448932386876e-01
6.289999999999318447e+01 1.859612436530102830e-01 2.273772232199569032e-01
6.299999999999317168e+01 1.947859133090323602e-01 2.144083424435585528e-01
6.309999999999315889e+01 2.032213721518580374e-01 2.015423379695569783e-01
6.319999999999315321e+01 2.112257490922049841e-01 1.888235570395000451e-01
6.329999999999314042e+01 2.187603761526166479e-01 1.762945832002345559e-01
6.339999999999312763e+01 2.257899169528501671e-01 1.639960739771064713e-01
6.349999999999311484e+01 2.322824725972108817e-01 1.519666122900020233e-01
6.359999999999310205e+01 2.382096652024374706e-01 1.402425720488665595e-01
6.369999999999309637e+01 2.435466994860561729e-01 1.288579982646873290e-01
6.379999999999308358e+01 2.482724029901423879e-01 1.178445019145585165e-01
6.389999999999307079e+01 2.523692456403546780e-01 1.072311697056138047e-01
6.399999999999306510e+01 2.558233394372446678e-01 9.704448879377669535e-02
6.409999999999305942e+01 2.586244191459933783e-01 8.730828642905655301e-02
6.419999999999303952e+01 2.607658048967894104e-01 7.804368442070146183e-02
6.429999999999301963e+01 2.622443476306104415e-01 6.926906824179480948e-02
6.439999999999301394e+01 2.630603583330207162e-01 6.100007052532122748e-02
6.449999999999300826e+01 2.632175219922622822e-01 5.324956864048502325e-02
6.459999999999300258e+01 2.627227972043422177e-01 4.602769598013298213e-02
6.469999999999298268e+01 2.615863023301024382e-01 3.934186653624726498e-02
6.479999999999297700e+01 2.598211890930293144e-01 3.319681229116720061e-02
6.489999999999295710e+01 2.574435044935704520e-01 2.759463290596698981e-02
6.499999999999295142e+01 2.544720419098597808e-01 2.253485714494015899e-02
6.509999999999294573e+01 2.509281822569731646e-01 1.801451543570406835e-02
6.519999999999292584e+01 2.468357260889404714e-01 1.402822292778121635e-02
6.529999999999292015e+01 2.422207175485865116e-01 1.056827237880608034e-02
6.539999999999290026e+01 2.371112610985492974e-01 7.624736166628559922e-03
6.549999999999289457e+01 2.315373320025146953e-01 5.185576697654632750e-03
6.559999999999288889e+01 2.255305815635791633e-01 3.236764456994779739e-03
6.569999999999286899e+01 2.191241381654009113e-01 1.762402924628952549e-03
6.579999999999286331e+01 2.123524051981471039e-01 7.448595641621470710e-04
6.589999999999285762e+01 2.052508569804130378e-01 1.649020770962447268e-04
6.599999999999283773e+01 1.978558338092320790e-01 1.839106256118500260e-06
6.609999999999283204e+01 1.902043372780206909e-01 2.336645672842413012e-04
6.619999999999282636e+01 1.823338269967551550e-01 8.372047871987864376e-04
6.629999999999280647e+01 1.742820198270638443e-01 1.788267634001864097e-03
6.639999999999280078e+01 1.660866927066999843e-01 3.061792831251256876e-03
6.649999999999278089e+01 1.577854900845782893e-01 4.632002666290638629e-03
6.659999999999277520e+01 1.494157369185650230e-01 6.472552320258889193e-03
6.669999999999276952e+01 1.410142581065141620e-01 8.556679071783040644e-03
6.679999999999274962e+01 1.326172051295213261e-01 1.085734965397498752e-02
6.689999999999274394e+01 1.242598905864967934e-01 1.334740507551778789e-02
6.699999999999272404e+01 1.159766311973789987e-01 1.599970225070697707e-02
6.709999999999271836e+01 1.078005997485790429e-01 1.878725181967459343e-02
6.719999999999271267e+01 9.976368635594176637e-02 2.168335157813491842e-02
6.729999999999269278e+01 9.189636932782060952e-02 2.466171497512628999e-02
6.739999999999268709e+01 8.422759582955961777e-02 2.769659417704973051e-02
6.749999999999268141e+01 7.678467248040457549e-02 3.076289723606011675e-02
6.759999999999266151e+01 6.959316595869874389e-02 3.383629894044164893e-02
6.769999999999265583e+01 6.267681365032456986e-02 3.689334496334986668e-02
6.779999999999265015e+01 5.605744434939179122e-02 3.991154896449605055e-02
6.789999999999263025e+01 4.975490900831498059e-02 4.286948233624317262e-02
6.799999999999262457e+01 4.378702153475119707e-02 4.574685632202685898e-02
6.809999999999260467e+01 3.816950964305500238e-02 4.852459627026820682e-02
6.819999999999259899e+01 3.291597578552254988e-02 5.118490782184609983e-02
6.829999999999259330e+01 2.803786820950150346e-02 5.371133486387676126e-02
6.839999999999257341e+01 2.354446220802421802e-02 5.608880911686806026e-02
6.849999999999256772e+01 1.944285164948895972e-02 5.830369125739172376e-02
6.859999999999254783e+01 1.573795088331237171e-02 6.034380351389027203e-02
6.869999999999254214e+01 1.243250712014879258e-02 6.219845370958405201e-02
6.879999999999253646e+01 9.527123374746322704e-03 6.385845076415345989e-02
6.889999999999251656e+01 7.020292034979586093e-03 6.531611170469457661e-02
6.899999999999251088e+01 4.908439081014142127e-03 6.656526027657320987e-02
6.909999999999250520e+01 3.185978923559372976e-03 6.760121728632316473e-02
6.919999999999248530e+01 1.845379760309153816e-03 6.842078285132170701e-02
6.929999999999247962e+01 8.772392663694037829e-04 6.902221077419570805e-02
6.939999999999247393e+01 2.703703396631486561e-04 6.940517530378799427e-02
6.949999999999245404e+01 1.189651874550225334e-05 6.957073058827979717e-02
6.959999999999244835e+01 8.735658129365644756e-05 6.952126316900826553e-02
6.969999999999242846e+01 4.808177202267505004e-04 6.926043790565201974e-02
6.979999999999242277e+01 1.174996584630755032e-03 6.879313776315354456e-02
6.989999999999241709e+01 2.151387368028217107e-03 6.812539792866817434e-02
6.999999999999239719e+01 3.390396030496888816e-03 6.726433476073323536e-02
7.009999999999239151e+01 4.871479656825738504e-03 6.621807010390075299e-02
7.019999999999237161e+01 6.573289882943788784e-03 6.499565152806226209e-02
7.029999999999236593e+01 8.473819269381177577e-03 6.360696907352141050e-02
7.039999999999236024e+01 1.055054946494054027e-02 6.206266909924506442e-02
7.049999999999234035e+01 1.278059998691017350e-02 6.037406584295014478e-02
7.059999999999233466e+01 1.514087644613241503e-02 5.855305130736802172e-02
7.069999999999232898e+01 1.760821706556202348e-02 5.661200408700142739e-02
7.079999999999230909e+01 2.015953637848843030e-02 5.456369774466645478e-02
7.089999999999230340e+01 2.277196504595285081e-02 5.242120933615909695e-02
7.099999999999229772e+01 2.542298479980369466e-02 5.019782866611121469e-02
7.109999999999227782e+01 2.809055759658464144e-02 4.790696883757645380e-02
7.119999999999227214e+01 3.075324815505100715e-02 4.556207863349866910e-02
7.129999999999225224e+01 3.339033914484985932e-02 4.317655723985052568e-02
7.139999999999224656e+01 3.598193839278490680e-02 4.076367178852528111e-02
7.149999999999224087e+01 3.850907757440348578e-02 3.833647816372715705e-02
7.159999999999222098e+01 4.095380196014645341e-02 3.590774547879478640e-02
7.169999999999221529e+01 4.329925088532934202e-02 3.348988459184427946e-02
7.179999999999219540e+01 4.552972871037440361e-02 3.109488098883124094e-02
7.189999999999218971e+01 4.763076613079424843e-02 2.873423232192225812e-02
7.199999999999218403e+01 4.958917178460044844e-02 2.641889084997615933e-02
7.209999999999216413e+01 5.139307418739059302e-02 2.415921098680191836e-02
7.219999999999215845e+01 5.303195410218126959e-02 2.196490212207892131e-02
7.229999999999215277e+01 5.449666752139132458e-02 1.984498683977355821e-02
7.239999999999213287e+01 5.577945950282583304e-02 1.780776461962637475e-02
7.249999999999212719e+01 5.687396915929471275e-02 1.586078106946406038e-02
7.259999999999212150e+01 5.777522615319872351e-02 1.401080269954153336e-02
7.269999999999210161e+01 5.847963909263791116e-02 1.226379721532283758e-02
7.279999999999209592e+01 5.898497626466535360e-02 1.062491927213660495e-02
7.289999999999207603e+01 5.929033917391039743e-02 9.098501604106131596e-03
7.299999999999207034e+01 5.939612938097333511e-02 7.688051410916421982e-03
7.309999999999206466e+01 5.930400915481013474e-02 6.396251859316138579e-03
7.319999999999204476e+01 5.901685646651349398e-02 5.224968531882341095e-03
7.329999999999203908e+01 5.853871485868158281e-02 4.175260633633285680e-03
7.339999999999201918e+01 5.787473872466174923e-02 3.247396747435779985e-03
7.349999999999201350e+01 5.703113452616921653e-02 2.440874911954509299e-03
7.359999999999200782e+01 5.601509846545063565e-02 1.754446781024674405e-03
7.369999999999198792e+01 5.483475111087827286e-02 1.186145610734831192e-03
7.379999999999198224e+01 5.349906945215819609e-02 7.333178101296414708e-04
7.389999999999197655e+01 5.201781683470584755e-02 3.926577831102326713e-04
7.399999999999195666e+01 5.040147119298106493e-02 1.602457827150582351e-04
7.409999999999195097e+01 4.866115197022202049e-02 3.158849431751763334e-05
7.419999999999194529e+01 4.680854607913407378e-02 1.662061199360585211e-06
7.429999999999192539e+01 4.485583322491834557e-02 6.495726426139493382e-05
7.439999999999191971e+01 4.281561088054178232e-02 2.155265671159734952e-04
7.449999999999189981e+01 4.070081917489769968e-02 4.470327382824714380e-04
7.459999999999189413e+01 3.852466592903076165e-02 7.527987635011902743e-04
7.469999999999188844e+01 3.630055205437087568e-02 1.125858763135715842e-03
7.479999999999186855e+01 3.404199751079659692e-02 1.559009632121727447e-03
7.489999999999186286e+01 3.176256801176557260e-02 2.044863122843114216e-03
7.499999999999184297e+01 2.947580265877367336e-02 2.575898094609630536e-03
7.509999999999183729e+01 2.719514268776684202e-02 3.144512657063284772e-03
7.519999999999183160e+01 2.493386151568298750e-02 3.743075938839083086e-03
7.529999999999181171e+01 2.270499628493651695e-02 4.363979217238534054e-03
7.539999999999180602e+01 2.052128111675163152e-02 4.999686149584902338e-03
7.549999999999180034e+01 1.839508229924295343e-02 5.642781852436931297e-03
7.559999999999178044e+01 1.633833565216002634e-02 6.286020581093067564e-03
7.569999999999177476e+01 1.436248632535605183e-02 6.922371768899703535e-03
7.579999999999176907e+01 1.247843130131353825e-02 7.545064193986194927e-03
7.589999999999174918e+01 1.069646488182731357e-02 8.147628050248907974e-03
7.599999999999174349e+01 9.026227444144411735e-03 8.723934709866655937e-03
7.609999999999172360e+01 7.476657751412364022e-03 9.268233976391513501e-03
7.619999999999171791e+01 6.055949095459436070e-03 9.775188640548746616e-03
7.629999999999171223e+01 4.771509536267405649e-03 1.023990616541333061e-02
7.639999999999169233e+01 3.629926481899345414e-03 1.065796734341727288e-02
7.649999999999168665e+01 2.636935825284610589e-03 1.102545178473317636e-02
7.659999999999166675e+01 1.797395820800065528e-03 1.133896011479407738e-02
7.669999999999166107e+01 1.115265844789714361e-03 1.159563277787612444e-02
7.679999999999165539e+01 5.935901412625889341e-04 1.179316536362856431e-02
7.689999999999163549e+01 2.344866083633355424e-04 1.192982039388843646e-02
7.699999999999162981e+01 3.914063430220132049e-05 1.200443552792406811e-02
7.709999999999162412e+01 7.803944922622013615e-06 1.201642816502258675e-02
7.719999999999160423e+01 1.397983805351635527e-04 1.196579644393032209e-02
7.729999999999159854e+01 4.335244785975676286e-04 1.185311665872409645e-02
7.739999999999159286e+01 8.864747026313165700e-04 1.167953713012817932e-02
7.749999999999157296e+01 1.495251127578540356e-03 1.144676858973170223e-02
7.759999999999156728e+01 2.255587368482617119e-03 1.115707115204520559e-02
7.769999999999154738e+01 3.162374523452804887e-03 1.081323796557831507e-02
7.779999999999154170e+01 4.209690893552170063e-03 1.041857564911644746e-02
7.789999999999153601e+01 5.390835241330987383e-03 9.976881633182518513e-03
7.799999999999151612e+01 6.698363355725621415e-03 9.492418539122426252e-03
7.809999999999151044e+01 8.124127703065201628e-03 8.969885739673043659e-03
7.819999999999149054e+01 9.659319960884215489e-03 8.414388255124827590e-03
7.829999999999148486e+01 1.129451625168172678e-02 7.831403148609366802e-03
7.839999999999147917e+01 1.301972491626826080e-02 7.226743592668002231e-03
7.849999999999145928e+01 1.482443668907917726e-02 6.606520787338281651e-03
7.859999999999145359e+01 1.669767715939286454e-02 5.977103917658180450e-03
7.869999999999144791e+01 1.862806142083428193e-02 5.345078345952131160e-03
7.879999999999142801e+01 2.060385082573473400e-02 4.717202241616022529e-03
7.889999999999142233e+01 2.261301176928750753e-02 4.100361858537847001e-03
7.899999999999141664e+01 2.464327643008537572e-02 3.501525677825012388e-03
7.909999999999139675e+01 2.668220538785746540e-02 2.927697641179856109e-03
7.919999999999139106e+01 2.871725202550124909e-02 2.385869708115857715e-03
7.929999999999137117e+01 3.073582860106719578e-02 1.882973978109011128e-03
7.939999999999136548e+01 3.272537384626271473e-02 1.425834626647237095e-03
7.949999999999135980e+01 3.467342191223552611e-02 1.021119911833682148e-03
7.959999999999133991e+01 3.656767244190048394e-02 6.752945154562775987e-04
7.969999999999133422e+01 3.839606150211609392e-02 3.945724890634920044e-04
7.979999999999131433e+01 4.014683306040491007e-02 1.848710812795694998e-04
7.989999999999130864e+01 4.180861064126899229e-02 5.176572707965914434e-05
7.999999999999130296e+01 4.337046874853810879e-02 4.464827197836426177e-07
8.009999999999128306e+01 4.482200359448594573e-02 3.567619119589989396e-05
8.019999999999127738e+01 4.615340263555450101e-02 1.617506622133003372e-04
8.029999999999127169e+01 4.735551238046673689e-02 3.824611474425602324e-04
8.039999999999125180e+01 4.841990391041779696e-02 7.010593861185308905e-04
8.049999999999124611e+01 4.933893553506243229e-02 1.120225487652783906e-03
8.059999999999124043e+01 5.010581200228921006e-02 1.642038906783932625e-03
8.069999999999122053e+01 5.071463968579359438e-02 2.267952752853373988e-03
8.079999999999121485e+01 5.116047719196994970e-02 2.998771658106089491e-03
8.089999999999119495e+01 5.143938085683408268e-02 3.834633410571624060e-03
8.099999999999118927e+01 5.154844464392743103e-02 4.774994535274732811e-03
8.109999999999118359e+01 5.148583400442713343e-02 5.818619983443692502e-03
8.119999999999116369e+01 5.125081331998068007e-02 6.963577063388021703e-03
8.129999999999115801e+01 5.084376661517335527e-02 8.207233719052827239e-03
8.139999999999113811e+01 5.026621129854831616e-02 9.546261233371449231e-03
8.149999999999113243e+01 4.952080476617506249e-02 1.097664140379732770e-02
8.159999999999112674e+01 4.861134377858521843e-02 1.249367820717518611e-02
8.169999999999110685e+01 4.754275659733783049e-02 1.409201394089351807e-02
8.179999999999110116e+01 4.632108794051330303e-02 1.576564979735480682e-02
8.189999999999109548e+01 4.495347688406064329e-02 1.750797079962806285e-02
8.199999999999107558e+01 4.344812789755179289e-02 1.931177499801591674e-02
8.209999999999106990e+01 4.181427525622549018e-02 2.116930680043253854e-02
8.219999999999106421e+01 4.006214111556587187e-02 2.307229428427654688e-02
8.229999999999104432e+01 3.820288756962095938e-02 2.501199031384793159e-02
8.239999999999103864e+01 3.624856303892939197e-02 2.697921726566984008e-02
8.249999999999101874e+01 3.421204334911571304e-02 2.896441514421117108e-02
8.259999999999101306e+01 3.210696786701829064e-02 3.095769285232525050e-02
8.269999999999100737e+01 2.994767105884774128e-02 3.294888236455931207e-02
8.279999999999098748e+01 2.774910982537380846e-02 3.492759553673431550e-02
8.289999999999098179e+01 2.552678695432854250e-02 3.688328327195681405e-02
8.299999999999096190e+01 2.329667101140293906e-02 3.880529675133581602e-02
8.309999999999095621e+01 2.107511297096262975e-02 4.068295042685467211e-02
8.319999999999095053e+01 1.887875986692881883e-02 4.250558646363433724e-02
8.329999999999093063e+01 1.672446572601642839e-02 4.426264030982366565e-02
8.339999999999092495e+01 1.462920003073269783e-02 4.594370706306387386e-02
8.349999999999091926e+01 1.260995395014745390e-02 4.753860829439227748e-02
8.359999999999089937e+01 1.068364457382052837e-02 4.903745898177117729e-02
8.369999999999089368e+01 8.867017389204449526e-03 5.043073419764784737e-02
8.379999999999088800e+01 7.176547256193622007e-03 5.170933518694193626e-02
8.389999999999086810e+01 5.628338154446008157e-03 5.286465446416246244e-02
8.399999999999086242e+01 4.238022009530387040e-03 5.388863955139195500e-02
8.409999999999084253e+01 3.020656942368117603e-03 5.477385497195265407e-02
8.419999999999083684e+01 1.990625331877919017e-03 5.551354210902238046e-02
8.429999999999083116e+01 1.161532132009627898e-03 5.610167653368678536e-02
8.439999999999081126e+01 5.461039398679823093e-04 5.653302240363070746e-02
8.449999999999080558e+01 1.560893696295901354e-04 5.680318353229136391e-02
8.459999999999078568e+01 2.161345475580355488e-06 5.690865072897217936e-02
8.469999999999078000e+01 9.382198375080284607e-05 5.684684501367698317e-02
8.479999999999077431e+01 4.393107879412366649e-04 5.661615631635521367e-02
8.489999999999075442e+01 1.045516927814738256e-03 5.621597727982052817e-02
8.499999999999074873e+01 1.917896414296674104e-03 5.564673179803177050e-02
8.509999999999074305e+01 3.060395012638171802e-03 5.490989793834337440e-02
8.519999999999072315e+01 4.475377756711082684e-03 5.400802491642416048e-02
8.529999999999071747e+01 6.163565935640520979e-03 5.294474381728082185e-02
8.539999999999071179e+01 8.123982419579784189e-03 5.172477178437941830e-02
8.549999999999069189e+01 1.035390617369452530e-02 5.035390943148260190e-02
8.559999999999068621e+01 1.284883677813561213e-02 4.883903126872704559e-02
8.569999999999066631e+01 1.560246972699573867e-02 4.718806897481899604e-02
8.579999999999066063e+01 1.860668322140875131e-02 4.540998739166807185e-02
8.589999999999065494e+01 2.185153710159678728e-02 4.351475316507406182e-02
8.599999999999063505e+01 2.532528448078038424e-02 4.151329600581298018e-02
8.609999999999062936e+01 2.901439655136851467e-02 3.941746259846558992e-02
8.619999999999060947e+01 3.290360093188701013e-02 3.723996324071824487e-02
8.629999999999060378e+01 3.697593381307184152e-02 3.499431135262482534e-02
8.639999999999059810e+01 4.121280604456929036e-02 3.269475605371380961e-02
8.649999999999057820e+01 4.559408318105404728e-02 3.035620806427620846e-02
8.659999999999057252e+01 5.009817937991467574e-02 2.799415924631218702e-02
8.669999999999056683e+01 5.470216491265372100e-02 2.562459615777049754e-02
8.679999999999054694e+01 5.938188692068590430e-02 2.326390805126227548e-02
8.689999999999054126e+01 6.411210291404681461e-02 2.092878980415179349e-02
8.699999999999053557e+01 6.886662638006078863e-02 1.863614032065833911e-02
8.709999999999051568e+01 7.361848373942744828e-02 1.640295699755188463e-02
8.719999999999050999e+01 7.834008176056014849e-02 1.424622689284799591e-02
8.729999999999049010e+01 8.300338442078626644e-02 1.218281528093989770e-02
8.739999999999048441e+01 8.758009808603058055e-02 1.022935231737775487e-02
8.749999999999047873e+01 9.204186377087393567e-02 8.402118571606087202e-03
8.759999999999045883e+01 9.636045513868612966e-02 6.716930215775813312e-03
8.769999999999045315e+01 1.005079808093739535e-01 5.189024682041108900e-03
8.779999999999043325e+01 1.044570894606789285e-01 3.832947618934760391e-03
8.789999999999042757e+01 1.081811761393609989e-01 2.662441989302808277e-03
8.799999999999042188e+01 1.116545881432403076e-01 1.690340157470242603e-03
8.809999999999040199e+01 1.148528287934027087e-01 9.284598116095552469e-04
8.819999999999039630e+01 1.177527573907144604e-01 3.875045585028996306e-04
8.829999999999039062e+01 1.203327836421219377e-01 7.697001192432982662e-05
8.839999999999037072e+01 1.225730548506105827e-01 5.056172662909716892e-06
8.849999999999036504e+01 1.244556341890131063e-01 1.785868678314965529e-04
8.859999999999035936e+01 1.259646684221933377e-01 6.029369796554693650e-04
8.869999999999033946e+01 1.270865435037126234e-01 1.281968149624994118e-03
8.879999999999033378e+01 1.278100265521169010e-01 2.217973592994848357e-03
8.889999999999031388e+01 1.281263928074393155e-01 3.411632601488583279e-03
8.899999999999030820e+01 1.280295362792950309e-01 4.861975249127833965e-03
8.909999999999030251e+01 1.275160629224342257e-01 6.566357747862373688e-03
8.919999999999028262e+01 1.265853653134115242e-01 8.520448826660875080e-03
8.929999999999027693e+01 1.252396779500498658e-01 1.071822743056242630e-02
8.939999999999025704e+01 1.234841124531854961e-01 1.315199195546417135e-02
8.949999999999025135e+01 1.213266721150617899e-01 1.581238115089845034e-02
8.959999999999024567e+01 1.187782454100227564e-01 1.868840673734178601e-02
8.969999999999022577e+01 1.158525782578229552e-01 2.176749769747501548e-02
8.979999999999022009e+01 1.125662250076984588e-01 2.503555611294814437e-02
8.989999999999021441e+01 1.089384782898666776e-01 2.847702433041410588e-02
8.999999999999019451e+01 1.049912780590905037e-01 3.207496315351350546e-02
9.009999999999018883e+01 1.007491003320506590e-01 3.581114067188302663e-02
9.019999999999018314e+01 9.623882629284895296e-02 3.966613125493358843e-02
9.029999999999016325e+01 9.148959261114802954e-02 4.361942415756832336e-02
9.039999999999015756e+01 8.653262398010674872e-02 4.764954110825351391e-02
9.049999999999013767e+01 8.140104903868250474e-02 5.173416217723676019e-02
9.059999999999013198e+01 7.612970099056766415e-02 5.585025915508932265e-02
9.069999999999012630e+01 7.075490437027916191e-02 5.997423560983115159e-02
9.079999999999010640e+01 6.531424953323024252e-02 6.408207273510116431e-02
9.089999999999010072e+01 5.984635655891165640e-02 6.814948005288036514e-02
9.099999999999008082e+01 5.439063035320806927e-02 7.215204999271569719e-02
9.109999999999007514e+01 4.898700881463390749e-02 7.606541533558393298e-02
9.119999999999006945e+01 4.367570598845196134e-02 7.986540848485641775e-02
9.129999999999004956e+01 3.849695216986896706e-02 8.352822150985345084e-02
9.139999999999004388e+01 3.349073293155521019e-02 8.703056589902584406e-02
9.149999999999003819e+01 2.869652904021781012e-02 9.034983096012344506e-02
9.159999999999001830e+01 2.415305919095101991e-02 9.346423981416139559e-02
9.169999999999001261e+01 1.989802742690472206e-02 9.635300194725596179e-02
9.179999999999000693e+01 1.596787702560150193e-02 9.899646131082545653e-02
9.189999999998998703e+01 1.239755252391556636e-02 1.013762389941062908e-01
9.199999999998998135e+01 9.220271423160395982e-03 1.034753695339830915e-01
9.209999999998996145e+01 6.467306967310560567e-03 1.052784299743123458e-01
9.219999999998995577e+01 4.167783225050092702e-03 1.067716608400030021e-01
9.229999999998995008e+01 2.348483534477729170e-03 1.079430782485801127e-01
9.239999999998993019e+01 1.033673193394150014e-03 1.087825764431387121e-01
9.249999999998992450e+01 2.449371034709548161e-04 1.092820200946173492e-01
9.259999999998990461e+01 1.032908980126349425e-06 1.094353257864559975e-01
9.269999999998989892e+01 3.177600157074979585e-04 1.092385321611868271e-01
9.279999999998989324e+01 1.207844738247608246e-03 1.086898582742819308e-01
9.289999999998987334e+01 2.680841708568622826e-03 1.077897497654603104e-01
9.299999999998986766e+01 4.743051589027538414e-03 1.065409125213804542e-01
9.309999999998986198e+01 7.397455071236615394e-03 1.049483335646626825e-01
9.319999999998984208e+01 1.064366310932385838e-02 1.030192889641056014e-01
9.329999999998983640e+01 1.447788333163594829e-02 1.007633386175327966e-01
9.339999999998983071e+01 1.889290259679135900e-02 9.819230781431360910e-02
9.349999999998981082e+01 2.387808570455461285e-02 9.532025553795582529e-02
9.359999999998980513e+01 2.941939033423511887e-02 9.216342952217203288e-02
9.369999999998978524e+01 3.549939835694588403e-02 8.874020812572740169e-02
9.379999999998977955e+01 4.209736374577143642e-02 8.507102914472643163e-02
9.389999999998977387e+01 4.918927738164319968e-02 8.117830573492976209e-02
9.399999999998975397e+01 5.674794911417076204e-02 7.708632967332591790e-02
9.409999999998974829e+01 6.474310747791146847e-02 7.282116224739981769e-02
9.419999999998972839e+01 7.314151747736137577e-02 6.841051312358099878e-02
9.429999999998972271e+01 8.190711683223224349e-02 6.388360761310415969e-02
9.439999999998971703e+01 9.100117101265726982e-02 5.927104282470836011e-02
9.449999999998969713e+01 1.003824472884956714e-01 5.460463326853806643e-02
9.459999999998969145e+01 1.100074078661983923e-01 4.991724655455412329e-02
9.469999999998968576e+01 1.198304219918797098e-01 4.524262991044338683e-02
9.479999999998966587e+01 1.298039966628724007e-01 4.061522832770948083e-02
9.489999999998966018e+01 1.398790253182382870e-01 3.606999522910352141e-02
9.499999999998965450e+01 1.500050535784064054e-01 3.164219663385944847e-02
9.509999999998963460e+01 1.601305607851912227e-01 2.736720987808665198e-02
9.519999999998962892e+01 1.702032557675288160e-01 2.328031802378648443e-02
9.529999999998960902e+01 1.801703849357067788e-01 1.941650115958809888e-02
9.539999999998960334e+01 1.899790505032152577e-01 1.581022585746682044e-02
9.549999999998959765e+01 1.995765363596007924e-01 1.249523410042764800e-02
9.559999999998957776e+01 2.089106388850127671e-01 9.504333034978943578e-03
9.569999999998957207e+01 2.179299998152830764e-01 6.869186927566685134e-03
9.579999999998955218e+01 2.265844381456752488e-01 4.620112715129486014e-03
9.589999999998954650e+01 2.348252780062693446e-01 2.785880535759871490e-03
9.599999999998954081e+01 2.426056694576014527e-01 1.393520605956740819e-03
9.609999999998952092e+01 2.498808992401881923e-01 4.681377763340511698e-04
9.619999999998951523e+01 2.566086886632868991e-01 3.273504847745859674e-05
9.629999999998950955e+01 2.627494760329341927e-01 1.080472730750839795e-04
9.639999999998948965e+01 2.682666812848626958e-01 7.123861748359175189e-04
9.649999999998948397e+01 2.731269507968469012e-01 1.861497764822952084e-03
9.659999999998947828e+01 2.773003806931994553e-01 3.568433107618505882e-03
9.669999999998945839e+01 2.807607173064072259e-01 5.843433311300627077e-03
9.679999999998945270e+01 2.834855338168556504e-01 8.693829504690912466e-03
9.689999999998943281e+01 2.854563824326171173e-01 1.212395846079339194e-02
9.699999999998942712e+01 2.866589217880293194e-01 1.613509441975938957e-02
9.709999999998942144e+01 2.870830195198529333e-01 2.072539756071679548e-02
9.719999999998940154e+01 2.867228302133091322e-01 2.588987947081013846e-02
9.729999999998939586e+01 2.855768490937835580e-01 3.162038586289842718e-02
9.739999999998937597e+01 2.836479419663640034e-01 3.790559670099471340e-02
9.749999999998937028e+01 2.809433519799997003e-01 4.473104380519597051e-02
9.759999999998936460e+01 2.774746838133611004e-01 5.207914592510285573e-02
9.769999999998934470e+01 2.732578658571600538e-01 5.992926119230822246e-02
9.779999999998933902e+01 2.683130909074493697e-01 6.825775678730915119e-02
9.789999999998933333e+01 2.626647358000674393e-01 7.703809558352429920e-02
9.799999999998931344e+01 2.563412603172547377e-01 8.624093945934210859e-02
9.809999999998930775e+01 2.493750856004811056e-01 9.583426889748411504e-02
9.819999999998930207e+01 2.418024522173707613e-01 1.057835184180632854e-01
9.829999999998928217e+01 2.336632579706578450e-01 1.160517273162956775e-01
9.839999999998927649e+01 2.250008755122476223e-01 1.265997050982105299e-01
9.849999999998925659e+01 2.158619498447930940e-01 1.373862109254201103e-01
9.859999999998925091e+01 2.062961758626934150e-01 1.483681462959212660e-01
9.869999999998924523e+01 1.963560562051013814e-01 1.595007600989776508e-01
9.879999999998922533e+01 1.860966398673593036e-01 1.707378650926909547e-01
9.889999999998921965e+01 1.755752422384245504e-01 1.820320647610038922e-01
9.899999999998919975e+01 1.648511474925234699e-01 1.933349894162543492e-01
9.909999999998919407e+01 1.539852945567710407e-01 2.045975403256766190e-01
9.919999999998918838e+01 1.430399481861287236e-01 2.157701405558930807e-01
9.929999999998916849e+01 1.320783569928497825e-01 2.268029911532500886e-01
9.939999999998916280e+01 1.211644005818658387e-01 2.376463312103755388e-01
9.949999999998915712e+01 1.103622282233505530e-01 2.482507003129117706e-01
9.959999999998913722e+01 9.973589173346650294e-02 2.585672018179915876e-01
9.969999999998913154e+01 8.934897542196264253e-02 2.685477653879039805e-01
9.979999999998912585e+01 7.926422609111036244e-02 2.781454071912649595e-01
9.989999999998910596e+01 6.954318612542099987e-02 2.873144861893128788e-01
