1.000000000000000000e+00 2.000000000000000000e+00 0.000000000000000000e+00
1.099999999999988987e+00 1.997600966019514424e+00 1.999200209204392981e-03
1.199999999999977973e+00 1.990415441476312219e+00 7.987208583805896836e-03
1.299999999999966960e+00 1.978478071132565574e+00 1.793529475575170867e-02
1.399999999999955946e+00 1.961846344223892258e+00 3.179572900141514752e-02
1.499999999999944933e+00 1.940600262655078678e+00 4.950201232970039694e-02
1.599999999999933920e+00 1.914841904560464325e+00 7.096919641630611286e-02
1.699999999999922906e+00 1.884694887066871605e+00 9.609429149460869957e-02
1.799999999999911893e+00 1.850303732530925727e+00 1.247567599264128996e-01
1.899999999999900879e+00 1.811833142858713774e+00 1.568190928095261893e-01
1.999999999999889866e+00 1.769467186767454514e+00 1.921274666357278837e-01
2.099999999999878852e+00 1.723408404995642851e+00 2.305124766926389679e-01
2.199999999999867839e+00 1.673876838538488565e+00 2.717899436056626650e-01
2.299999999999856826e+00 1.621108984964491295e+00 3.157617891423863954e-01
2.399999999999845812e+00 1.565356687803065139e+00 3.622169771482482981e-01
2.499999999999834799e+00 1.506885963860438826e+00 4.109325152494439082e-01
2.599999999999823785e+00 1.445975773183791224e+00 4.616745127438279250e-01
2.699999999999812772e+00 1.382916736231779575e+00 5.141992899001270878e-01
2.799999999999801759e+00 1.318009802680569775e+00 5.682545337012082642e-01
2.899999999999790745e+00 1.251564876190477182e+00 6.235804948919588808e-01
2.999999999999779732e+00 1.183899399411366460e+00 6.799112210303349668e-01
3.099999999999768718e+00 1.115336903530067536e+00 7.369758200834275463e-01
3.199999999999757705e+00 1.046205526754148130e+00 7.944997489696409287e-01
3.299999999999746692e+00 9.768365063118833458e-01 8.522061213077910535e-01
3.399999999999735678e+00 9.075626488045414053e-01 9.098170285125672940e-01
3.499999999999724665e+00 8.387167840855772605e-01 9.670548682592606804e-01
3.599999999999713651e+00 7.706302082358589267e-01 1.023643674246170976e+00
3.699999999999702638e+00 7.036311216543114089e-01 1.079310441097900641e+00
3.799999999999691624e+00 6.380430687501630338e-01 1.133786438193543411e+00
3.899999999999680611e+00 5.741833862062035720e-01 1.186808506170896393e+00
3.999999999999669598e+00 5.123616672325591592e-01 1.238120329845059819e+00
4.099999999999658584e+00 4.528782496447280592e-01 1.287473681309022178e+00
4.199999999999647571e+00 3.960227359398518776e-01 1.334629627040046840e+00
4.299999999999636557e+00 3.420725537939972027e-01 1.379359692936296344e+00
4.399999999999625544e+00 2.912915655433613860e-01 1.421446981343835958e+00
4.499999999999614531e+00 2.439287352299165934e-01 1.460687234317869176e+00
4.599999999999603517e+00 2.002168616745054475e-01 1.496889837580029914e+00
4.699999999999592504e+00 1.603713857908102280e-01 1.529878759905720642e+00
4.799999999999581490e+00 1.245892799689387737e-01 1.559493422972536569e+00
4.899999999999570477e+00 9.304802685093753467e-02 1.585589497053113917e+00
4.999999999999559464e+00 6.590469420113392873e-02 1.608039618309241803e+00
5.099999999999548450e+00 4.329511186329802058e-02 1.626734023860177292e+00
5.199999999999537437e+00 2.533315601283632132e-02 1.641581101233417606e+00
5.299999999999526423e+00 1.211014507939365929e-02 1.652507849266274809e+00
5.399999999999515410e+00 3.694350856929842948e-03 1.659460248009532624e+00
5.499999999999504396e+00 1.306274578607980710e-04 1.662403535668179888e+00
5.599999999999493383e+00 1.440159926085717327e-03 1.661322391114907093e+00
5.699999999999482370e+00 7.620333519609765772e-03 1.656221021012725503e+00
5.799999999999471356e+00 1.864472392106364743e-02 1.647123151081814507e+00
5.899999999999460343e+00 3.446320794395801856e-02 1.634071921533973848e+00
5.999999999999449329e+00 5.500219367903274453e-02 1.617129687193141985e+00
6.099999999999438316e+00 8.016496846874289484e-02 1.596377723289150063e+00
6.199999999999427303e+00 1.098321626043846505e-01 1.571915838374959629e+00
6.299999999999416289e+00 1.438623262010478854e-01 1.543861896277090251e+00
6.399999999999405276e+00 1.820926163087639438e-01 1.512351249414349619e+00
6.499999999999394262e+00 2.243395909496855301e-01 1.477536086257284387e+00
6.599999999999383249e+00 2.704001064164353041e-01 1.439584696097746752e+00
6.699999999999372235e+00 3.200523138102345233e-01 1.398680654706959237e+00
6.799999999999361222e+00 3.730567504262260470e-01 1.355021934837480124e+00
6.899999999999350209e+00 4.291575211958330582e-01 1.308819945890727254e+00
6.999999999999339195e+00 4.880835649655435038e-01 1.260298507438311510e+00
7.099999999999328182e+00 5.495499999230173405e-01 1.209692761609370892e+00
7.199999999999317168e+00 6.132595419775627166e-01 1.157248029690850721e+00
7.299999999999306155e+00 6.789039893673598502e-01 1.103218618583934552e+00
7.399999999999295142e+00 7.461657662116222278e-01 1.047866583041514144e+00
7.499999999999284128e+00 8.147195171652463763e-01 9.914604498676850008e-01
7.599999999999273115e+00 8.842337447840726838e-01 9.342739104895382285e-01
7.699999999999262101e+00 9.543724806944864358e-01 8.765844885051072843e-01
7.799999999999251088e+00 1.024796981192319656e+00 8.186721889734925872e-01
7.899999999999240075e+00 1.095167437508746122e+00 7.608181363357292559e-01
7.999999999999229061e+00 1.165144690680798956e+00 7.033032079352908861e-01
8.099999999999218048e+00 1.234391940774764773e+00 6.464066701441694152e-01
8.199999999999207034e+00 1.302576440147163561e+00 5.904048240920487522e-01
8.299999999999196021e+00 1.369371160493303652e+00 5.355696679404452487e-01
8.399999999999185007e+00 1.434456423634433042e+00 4.821675825383001102e-01
8.499999999999173994e+00 1.497521486331608642e+00 4.304580471498199445e-01
8.599999999999162981e+00 1.558266069875239523e+00 3.806923917460375839e-01
8.699999999999151967e+00 1.616401825777749490e+00 3.331125921176948390e-01
8.799999999999140954e+00 1.671653729567422753e+00 2.879501137871331440e-01
8.899999999999129940e+00 1.723761395440282840e+00 2.454248103848240825e-01
8.999999999999118927e+00 1.772480305325744521e+00 2.057438818114411816e-01
9.099999999999107914e+00 1.817582946768685481e+00 1.691008971335466460e-01
9.199999999999096900e+00 1.858859854868236905e+00 1.356748867675424963e-01
9.299999999999085887e+00 1.896120554351507170e+00 1.056295080942972892e-01
9.399999999999074873e+00 1.929194398647876341e+00 7.911228822202721889e-02
9.499999999999063860e+00 1.957931303578433146e+00 5.625394718117877890e-02
9.599999999999052847e+00 1.982202373947369090e+00 3.716780439649017970e-02
9.699999999999041833e+00 2.001900421929640128e+00 2.194927084018120575e-02
9.799999999999030820e+00 2.016940376680413483e+00 1.067542883054171943e-02
9.899999999999019806e+00 2.027259585041955248e+00 3.404701002462021467e-03
9.999999999999008793e+00 2.032818003615830538e+00 1.766095431276881852e-04
1.009999999999899778e+01 2.033598282801809098e+00 1.011626357669243893e-03
1.019999999999898677e+01 2.029605743684081975e+00 5.911114406440961914e-03
1.029999999999897575e+01 2.020868248915574927e+00 1.485736003808325705e-02
1.039999999999896474e+01 2.007435968984806696e+00 2.781369573050052751e-02
1.049999999999895373e+01 1.989381045509245771e+00 4.472471224526618910e-02
1.059999999999894271e+01 1.966797153457803926e+00 6.551655879986816033e-02
1.069999999999893170e+01 1.939798964502211565e+00 9.009732946671544784e-02
1.079999999999892069e+01 1.908521514028913568e+00 1.183575336185968691e-01
1.089999999999890967e+01 1.873119474716077537e+00 1.501706478583214599e-01
1.099999999999889866e+01 1.833766339998045503e+00 1.853937464966333992e-01
1.109999999999888765e+01 1.790653521194572440e+00 2.238682072793921063e-01
1.119999999999887663e+01 1.743989362568413970e+00 2.654204887142672109e-01
1.129999999999886562e+01 1.693998079086755926e+00 3.098629750117286585e-01
1.139999999999885461e+01 1.640918622170491226e+00 3.569948843373737524e-01
1.149999999999884359e+01 1.585003479227786949e+00 4.066032357752409343e-01
1.159999999999883258e+01 1.526517413241539112e+00 4.584638701298895946e-01
1.169999999999882156e+01 1.465736149125990595e+00 5.123425194468371746e-01
1.179999999999881055e+01 1.402945013936907515e+00 5.679959199150514948e-01
1.189999999999879954e+01 1.338437538338757893e+00 6.251729626284656671e-01
1.199999999999878852e+01 1.272514026952685562e+00 6.836158765311919350e-01
1.209999999999877751e+01 1.205480105347798148e+00 7.430614377528239611e-01
1.219999999999876650e+01 1.137645251484138864e+00 8.032421994549193700e-01
1.229999999999875548e+01 1.069321319371693058e+00 8.638877362652754854e-01
1.239999999999874447e+01 1.000821062576088050e+00 9.247258973559839834e-01
1.249999999999873346e+01 9.324566649922263473e-01 9.854840622453644450e-01
1.259999999999872244e+01 8.645382860301515926e-01 1.045890393449590672e+00
1.269999999999871143e+01 7.973726270310489417e-01 1.105675080189937098e+00
1.279999999999870042e+01 7.312615253606512544e-01 1.164571567465788604e+00
1.289999999999868940e+01 6.665005822406044889e-01 1.222317764934480744e+00
1.299999999999867839e+01 6.033778299813506996e-01 1.278657230187954852e+00
1.309999999999866738e+01 5.421724438908769317e-01 1.333340321186826660e+00
1.319999999999865636e+01 4.831535037627511797e-01 1.386125312800266407e+00
1.329999999999864535e+01 4.265788095007380099e-01 1.436779472601327434e+00
1.339999999999863434e+01 3.726937551274696059e-01 1.485080091281691272e+00
1.349999999999862332e+01 3.217302651457579210e-01 1.530815463279497024e+00
1.359999999999861231e+01 2.739057969774093548e-01 1.573785813453438154e+00
1.369999999999860130e+01 2.294224129893760178e-01 1.613804165881787656e+00
1.379999999999859028e+01 1.884659254221066060e-01 1.650697151136658825e+00
1.389999999999857927e+01 1.512051173549476824e-01 1.684305748646238721e+00
1.399999999999856826e+01 1.177910426621145007e-01 1.714485961050762564e+00
1.409999999999855724e+01 8.835640772397779230e-02 1.741109417750962285e+00
1.419999999999854623e+01 6.301503744812242402e-02 1.764063905158763657e+00
1.429999999999853522e+01 4.186142791483866976e-02 1.783253821482984502e+00
1.439999999999852420e+01 2.497038768312619811e-02 1.798600554214881519e+00
1.449999999999851319e+01 1.239676947231392427e-02 1.810042778827337662e+00
1.459999999999850218e+01 4.175293566683182210e-03 1.817536677557736402e+00
1.469999999999849116e+01 3.204638779417141718e-04 1.821056077510892601e+00
1.479999999999848015e+01 8.265771460523321183e-04 1.820592507693704620e+00
1.489999999999846914e+01 5.667825269629879655e-03 1.816155174973675068e+00
1.499999999999845812e+01 1.479849024189466844e-02 1.807770859332750168e+00
1.509999999999844711e+01 2.815323063811639090e-02 1.795483729174607079e+00
1.519999999999843610e+01 4.564745806787174481e-02 1.779355077822750264e+00
1.529999999999842508e+01 6.717780148306927435e-02 1.759462982712648671e+00
1.539999999999841407e+01 9.262265673304784230e-02 1.735901889157614786e+00
1.549999999999840306e+01 1.218428182922744185e-01 1.708782120907017532e+00
1.559999999999839204e+01 1.546821896644131888e-01 1.678229320059023255e+00
1.569999999999838103e+01 1.909685685947732636e-01 1.644383819210024189e+00
1.579999999999837001e+01 2.305145029076174079e-01 1.607399949018168073e+00
1.589999999999835900e+01 2.731182125243897807e-01 1.567445284642865921e+00
1.599999999999834799e+01 3.185645730150950539e-01 1.524699834780228302e+00
1.609999999999833875e+01 3.666261558794383091e-01 1.479355177250478937e+00
1.619999999999832596e+01 4.170643206443004902e-01 1.431613545307748092e+00
1.629999999999831317e+01 4.696303537862356325e-01 1.381686869039526311e+00
1.639999999999830393e+01 5.240666494358562355e-01 1.329795776393886575e+00
1.649999999999829470e+01 5.801079267812213613e-01 1.276168558525692109e+00
1.659999999999828191e+01 6.374824790509009409e-01 1.221040104287984152e+00
1.669999999999826912e+01 6.959134489151821423e-01 1.164650808808211258e+00
1.679999999999825988e+01 7.551201250855560376e-01 1.107245461190647262e+00
1.689999999999825064e+01 8.148192548171216965e-01 1.049072116460627813e+00
1.699999999999823785e+01 8.747263669187685942e-01 9.903809569356897269e-01
1.709999999999822506e+01 9.345570997545860070e-01 9.314231482499085724e-01
1.719999999999821583e+01 9.940285285817131999e-01 8.724496952892857315e-01
1.729999999999820659e+01 1.052860486414840535e+00 8.137103033027527355e-01
1.739999999999819380e+01 1.110776872455799813e+00 7.554522494458564275e-01
1.749999999999818101e+01 1.167506941972543677e+00 6.979192699801172184e-01
1.759999999999817177e+01 1.222786571388488674e+00 6.413504683005146756e-01
1.769999999999816254e+01 1.276359492237436832e+00 5.859792488831975232e-01
1.779999999999814975e+01 1.327978487593100221e+00 5.320322821457906803e-01
1.789999999999813696e+01 1.377406544578206882e+00 4.797285050797200912e-01
1.799999999999812772e+01 1.424417956626153448e+00 4.292781623620459119e-01
1.809999999999811848e+01 1.468799369309530256e+00 3.808818924657149108e-01
1.819999999999810569e+01 1.510350763762313697e+00 3.347298630778461348e-01
1.829999999999809290e+01 1.548886372018747570e+00 2.910009598946342591e-01
1.839999999999808367e+01 1.584235518958300837e+00 2.498620325960701494e-01
1.849999999999807443e+01 1.616243385990514314e+00 2.114672015111300485e-01
1.859999999999806164e+01 1.644771692110709616e+00 1.759572281718490283e-01
1.869999999999804885e+01 1.669699288513100566e+00 1.434589526178913499e-01
1.879999999999803961e+01 1.690922663540710635e+00 1.140847999614806457e-01
1.889999999999803038e+01 1.708356355369694768e+00 8.793235835407366141e-02
1.899999999999801759e+01 1.721933270451255105e+00 6.508403011725941156e-02
1.909999999999800480e+01 1.731604906365640684e+00 4.560675741132473593e-02
1.919999999999799556e+01 1.737341478354238022e+00 2.955182342213112309e-02
1.929999999999798632e+01 1.739131949384605358e+00 1.695472965029476420e-02
1.939999999999797353e+01 1.736983964156912696e+00 7.835149491356123777e-03
1.949999999999796074e+01 1.730923687983346726e+00 2.196957902469960124e-03
1.959999999999795151e+01 1.720995551949271896e+00 2.833656347960801302e-05
1.969999999999794227e+01 1.707261906200501889e+00 1.301953559016990692e-03
1.979999999999792948e+01 1.689802583613613685e+00 5.975216235648755925e-03
1.989999999999791669e+01 1.668714376473055649e+00 1.399059552486631511e-02
1.999999999999790745e+01 1.644110429131526496e+00 2.527601967014973458e-02
2.009999999999789821e+01 1.616119549967721003e+00 3.974533495511065051e-02
2.019999999999788542e+01 1.584885446284291399e+00 5.729883070073232831e-02
2.029999999999787264e+01 1.550565886115662151e+00 7.782382548357194563e-02
2.039999999999786340e+01 1.513331791259103332e+00 1.011953112245791153e-01
2.049999999999785416e+01 1.473366266190275553e+00 1.272766515105603902e-01
2.059999999999784137e+01 1.430863567888511101e+00 1.559203302391132251e-01
2.069999999999782858e+01 1.386028021976924318e+00 1.869687464234051355e-01
2.079999999999781934e+01 1.339072890975441465e+00 2.202550507589029760e-01
2.089999999999781011e+01 1.290219200851916659e+00 2.556040193401928895e-01
2.099999999999779732e+01 1.239694532450203113e+00 2.928329597257392503e-01
2.109999999999778453e+01 1.187731784742926955e+00 3.317526443839034500e-01
2.119999999999777529e+01 1.134567917202732534e+00 3.721682664164197019e-01
2.129999999999776605e+01 1.080442678880125351e+00 4.138804123494987941e-01
2.139999999999775326e+01 1.025597332022432306e+00 4.566860467087026088e-01
2.149999999999774047e+01 9.702733782391990136e-01 5.003795030532595112e-01
2.159999999999773124e+01 9.147112953059528540e-01 5.447534761427316186e-01
2.169999999999772200e+01 8.591492926991454171e-01 5.896000099417061380e-01
2.179999999999770921e+01 8.038220938519740066e-01 6.347114762383471165e-01
2.189999999999769642e+01 7.489597529169642609e-01 6.798815387612512362e-01
2.199999999999768718e+01 6.947865135187102359e-01 7.249060978234013186e-01
2.209999999999767795e+01 6.415197165763222298e-01 7.695842107018505684e-01
2.219999999999766516e+01 5.893687637811456659e-01 8.137189831742923651e-01
2.229999999999765237e+01 5.385341427471949105e-01 8.571184278785466404e-01
2.239999999999764313e+01 4.892065192073004054e-01 8.995962854310196599e-01
2.249999999999763389e+01 4.415659009445420113e-01 9.409728045348341174e-01
2.259999999999762110e+01 3.957808774211122871e-01 9.810754776253322040e-01
2.269999999999760831e+01 3.520079383282648799e-01 1.019739728929228484e+00
2.279999999999759908e+01 3.103908735413462017e-01 1.056809552160441035e+00
2.289999999999758984e+01 2.710602562382319336e-01 1.092138095421898658e+00
2.299999999999757705e+01 2.341330102464725949e-01 1.125588191244625502e+00
2.309999999999756426e+01 1.997120620305282424e-01 1.157032830044996574e+00
2.319999999999755502e+01 1.678860771282724151e-01 1.186355575642200399e+00
2.329999999999754579e+01 1.387292802987146467e-01 1.213450921818873374e+00
2.339999999999753300e+01 1.123013581554030971e-01 1.238224589258725139e+00
2.349999999999752021e+01 8.864744262987073187e-02 1.260593762519422123e+00
2.359999999999751097e+01 6.779817323583420263e-02 1.280487267026844123e+00
2.369999999999750173e+01 4.976983578082473658e-02 1.297845686386266406e+00
2.379999999999748894e+01 3.456457489164161540e-02 1.312621420605408096e+00
2.389999999999747615e+01 2.217067747489125107e-02 1.324778686112075166e+00
2.399999999999746692e+01 1.256292401577572063e-02 1.334293458725360315e+00
2.409999999999745768e+01 5.703004418505130090e-03 1.341153360999660871e+00
2.419999999999744489e+01 1.539994903196445410e-03 1.345357495617918397e+00
2.429999999999743210e+01 1.089229009390491012e-05 1.346916226742876699e+00
2.439999999999742286e+01 1.041201818124107368e-03 1.345850911467060040e+00
2.449999999999741362e+01 4.545574458331195188e-03 1.342193583715916461e+00
2.459999999999740083e+01 1.042848949298759778e-02 1.335986593159160130e+00
2.469999999999738804e+01 1.858497793952745836e-02 1.327282201873775769e+00
2.479999999999737881e+01 2.890138220810425582e-02 1.316142141677564714e+00
2.489999999999736957e+01 4.125614719738302655e-02 1.302637135206966557e+00
2.499999999999735678e+01 5.552063786113276000e-02 1.286846383957138684e+00
2.509999999999734399e+01 7.155997812511434575e-02 1.268857026622756345e+00
2.519999999999733475e+01 8.923390590673192790e-02 1.248763571184131171e+00
2.529999999999732552e+01 1.083976388959303483e-01 1.226667304263962643e+00
2.539999999999731273e+01 1.289027457009587763e-01 1.202675681342983305e+00
2.549999999999729994e+01 1.505980169523393197e-01 1.176901701462195415e+00
2.559999999999729070e+01 1.733303309966353900e-01 1.149463270051950259e+00
2.569999999999728146e+01 1.969455089001288794e-01 1.120482553523708624e+00
2.579999999999726867e+01 2.212891536229877054e-01 1.090085329225361832e+00
2.589999999999725588e+01 2.462074684149254122e-01 1.058400334308631674e+00
2.599999999999724665e+01 2.715480497220503220e-01 1.025558616975151160e+00
2.609999999999723741e+01 2.971606501762382169e-01 9.916928934717359478e-01
2.619999999999722462e+01 3.228979075601328685e-01 9.569369140810327634e-01
2.629999999999721183e+01 3.486160359941816722e-01 9.214248412172179048e-01
2.639999999999720259e+01 3.741754759728580515e-01 8.852906425746005503e-01
2.649999999999719336e+01 3.994415002775824064e-01 8.486675021081825365e-01
2.659999999999718057e+01 4.242847732081414525e-01 8.116872514331696653e-01
2.669999999999716778e+01 4.485818609968834636e-01 7.744798240366880249e-01
2.679999999999715854e+01 4.722156916932412352e-01 7.371727344814806848e-01
2.689999999999714930e+01 4.950759632318589842e-01 6.998905845685101657e-01
2.699999999999713651e+01 5.170594988110001067e-01 6.627545982000665470e-01
2.709999999999712372e+01 5.380705491206064783e-01 6.258821864608471452e-01
2.719999999999711449e+01 5.580210413550876769e-01 5.893865442056431814e-01
2.729999999999710525e+01 5.768307753325415677e-01 5.533762792110789031e-01
2.739999999999709246e+01 5.944275674146254351e-01 5.179550747242531727e-01
2.749999999999707967e+01 6.107473432788702583e-01 4.832213860130614713e-01
2.759999999999707043e+01 6.257341809357551687e-01 4.492681713030866608e-01
2.769999999999706120e+01 6.393403057079322105e-01 4.161826572699049431e-01
2.779999999999704841e+01 6.515260391924899697e-01 3.840461390465164659e-01
2.789999999999703562e+01 6.622597045116126457e-01 3.529338145054889964e-01
2.799999999999702638e+01 6.715174904139300516e-01 3.229146523831243898e-01
2.809999999999701714e+01 6.792832770208726556e-01 2.940512936333686267e-01
2.819999999999700435e+01 6.855484262124054151e-01 2.663999852298247761e-01
2.829999999999699156e+01 6.903115398120148738e-01 2.400105454784243475e-01
2.839999999999698233e+01 6.935781888562185804e-01 2.149263597617478150e-01
2.849999999999697309e+01 6.953606173222476317e-01 1.911844055083558314e-01
2.859999999999696030e+01 6.956774237280430873e-01 1.688153050697562274e-01
2.869999999999694751e+01 6.945532240131307988e-01 1.478434050903890962e-01
2.879999999999693827e+01 6.920182990631930098e-01 1.282868808785156967e-01
2.889999999999692903e+01 6.881082301413232738e-01 1.101578642206973296e-01
2.899999999999691624e+01 6.828635253532369109e-01 9.346259303671089480e-02
2.909999999999690345e+01 6.763292400948430760e-01 7.820158123874605682e-02
2.919999999999689422e+01 6.685545942176110978e-01 6.436980714225101763e-02
2.929999999999688498e+01 6.595925884075779511e-01 5.195691877117945140e-02
2.939999999999687219e+01 6.494996220112624341e-01 4.094745440961410771e-02
2.949999999999685940e+01 6.383351142708344472e-01 3.132107677037255372e-02
2.959999999999685016e+01 6.261611306520229459e-01 2.305281917989377566e-02
2.969999999999684093e+01 6.130420156782142582e-01 1.611334221449498352e-02
2.979999999999682814e+01 5.990440334271460721e-01 1.046919926473670326e-02
2.989999999999681535e+01 5.842350166115007903e-01 6.083109550448897139e-03
2.999999999999680611e+01 5.686840249578933859e-01 2.914237157343817740e-03
3.009999999999679687e+01 5.524610134263391314e-01 9.184747157853194325e-04
3.019999999999678408e+01 5.356365106782964292e-01 4.873039198287637682e-05
3.029999999999677129e+01 5.182813081044045367e-01 2.552169107901578154e-04
3.039999999999676206e+01 5.004661596682182800e-01 1.485741376796478191e-03
3.049999999999675282e+01 4.822614928014804514e-01 3.685994706190884145e-03
3.059999999999674003e+01 4.637371306006199956e-01 6.799839525956761013e-03
3.069999999999672724e+01 4.449620256152697628e-01 1.076959543956228574e-02
3.079999999999671800e+01 4.260040055800104475e-01 1.553632059997476882e-02
3.089999999999670877e+01 4.069295315147261616e-01 2.104008857219909559e-02
3.099999999999669598e+01 3.878034686974857759e-01 2.722025950949862744e-02
3.109999999999668319e+01 3.686888710861987994e-01 3.401574471089477414e-02
3.119999999999667395e+01 3.496467798285320394e-01 4.136526367328852150e-02
3.129999999999666471e+01 3.307360365401248448e-01 4.920759280069735703e-02
3.139999999999665192e+01 3.120131120489383902e-01 5.748180498594007704e-02
3.149999999999663913e+01 2.935319512898036942e-01 6.612749933786198075e-02
3.159999999999662990e+01 2.753438349881310865e-01 7.508502038933724532e-02
3.169999999999662066e+01 2.574972586926843610e-01 8.429566618877282203e-02
3.179999999999660787e+01 2.400378296062582739e-01 9.370188474991082705e-02
3.189999999999659508e+01 2.230081815233654619e-01 1.032474584109122906e-01
3.199999999999658584e+01 2.064479080188878490e-01 1.128776757338619263e-01
3.209999999999657661e+01 1.903935138485621514e-01 1.225394906581178389e-01
3.219999999999656382e+01 1.748783843270170224e-01 1.321816687050784145e-01
3.229999999999655103e+01 1.599327722500400173e-01 1.417549201160609451e-01
3.239999999999653824e+01 1.455838017326403500e-01 1.512120198879124411e-01
3.249999999999653255e+01 1.318554881503744280e-01 1.605079147516894622e-01
3.259999999999651976e+01 1.187687732058610446e-01 1.695998172159007833e-01
3.269999999999650697e+01 1.063415740013855110e-01 1.784472868679961854e-01
3.279999999999650129e+01 9.458884488625850240e-02 1.870122991923169609e-01
3.289999999999648850e+01 8.352265076788784048e-02 1.952593022220293906e-01
3.299999999999647571e+01 7.315225052977389342e-02 2.031552613927234407e-01
3.309999999999646292e+01 6.348418918787440690e-02 2.106696930087539332e-01
3.319999999999645013e+01 5.452239743730979971e-02 2.177746867681049914e-01
3.329999999999644444e+01 4.626829729159403354e-02 2.244449178186862515e-01
3.339999999999643165e+01 3.872091259126276414e-02 2.306576488392799718e-01
3.349999999999641886e+01 3.187698325392319260e-02 2.363927226508590329e-01
3.359999999999641318e+01 2.573108224653526677e-02 2.416325458714660701e-01
3.369999999999640039e+01 2.027573437728591096e-02 2.463620641306846493e-01
3.379999999999638760e+01 1.550153612293028033e-02 2.505687293568888419e-01
3.389999999999637481e+01 1.139727582161039268e-02 2.542424596468436659e-01
3.399999999999636202e+01 7.950053666448322204e-03 2.573755922201116375e-01
3.409999999999635634e+01 5.145401027057084839e-03 2.599628299526559050e-01
3.419999999999634355e+01 2.967398701681338898e-03 2.620011819761912109e-01
3.429999999999633076e+01 1.398793760202153786e-03 2.634898988211511472e-01
3.439999999999632507e+01 4.211146769707250766e-04 2.644304025738030139e-01
3.449999999999631228e+01 1.478447327122175046e-05 2.648262125109113740e-01
3.459999999999629949e+01 1.592315938791326866e-04 2.646828666686812936e-01
3.469999999999628670e+01 8.329982335209533840e-04 2.640078397973096846e-01
3.479999999999627391e+01 2.013845810671710968e-03 2.628104581459636546e-01
3.489999999999626823e+01 3.678857262144476486e-03 2.611018115174701393e-01
3.499999999999625544e+01 5.804535806727755334e-03 2.588946630244878810e-01
3.509999999999624265e+01 8.366899804073230432e-03 2.562033569704076919e-01
3.519999999999623697e+01 1.134157332020618858e-02 2.530437252680031168e-01
3.529999999999622418e+01 1.470387200702319083e-02 2.494329927949849868e-01
3.539999999999621139e+01 1.842888391275480930e-02 2.453896820702508308e-01
3.549999999999619860e+01 2.249154486567464875e-02 2.409335176144036805e-01
3.559999999999618581e+01 2.686670811525542629e-02 2.360853303360858080e-01
3.569999999999618012e+01 3.152920797359002464e-02 2.308669622581610847e-01
3.579999999999616733e+01 3.645391727425324052e-02 2.253011718697632282e-01
3.589999999999615454e+01 4.161579855389136579e-02 2.194115403564293743e-01
3.599999999999614886e+01 4.698994896122499904e-02 2.132223789268577474e-01
3.609999999999613607e+01 5.255163900533049715e-02 2.067586374178053965e-01
3.619999999999612328e+01 5.827634536650608960e-02 2.000458143218147300e-01
3.629999999999611049e+01 6.413977810450192940e-02 1.931098683453463527e-01
3.639999999999609770e+01 7.011790270689489957e-02 1.859771315677148096e-01
3.649999999999609201e+01 7.618695752042640990e-02 1.786742242379829315e-01
3.659999999999607923e+01 8.232346719740483987e-02 1.712279712139057608e-01
3.669999999999606644e+01 8.850425286445115503e-02 1.636653200192813851e-01
3.679999999999606075e+01 9.470643977964911253e-02 1.560132604719265959e-01
3.689999999999604796e+01 1.009074632852658138e-01 1.482987458142019654e-01
3.699999999999603517e+01 1.070850738849443706e-01 1.405486152648377229e-01
3.709999999999602238e+01 1.132173422775773208e-01 1.327895179011260862e-01
3.719999999999600959e+01 1.192826651644117858e-01 1.250478377774526806e-01
3.729999999999600391e+01 1.252597726130726952e-01 1.173496201887163637e-01
3.739999999999599112e+01 1.311277377134328626e-01 1.097204989942997533e-01
3.749999999999597833e+01 1.368659891980941179e-01 1.021856249310516968e-01
3.759999999999597264e+01 1.424543276256765856e-01 9.476959486119095055e-02
3.769999999999595985e+01 1.478729456428393707e-01 8.749638192175863971e-02
3.779999999999594706e+01 1.531024527497341636e-01 8.038926656746574195e-02
3.789999999999593427e+01 1.581239049003930752e-01 7.347076852628019183e-02
3.799999999999592148e+01 1.629188391708575878e-01 6.676257971668349278e-02
3.809999999999591580e+01 1.674693136303778140e-01 6.028549820727618913e-02
3.819999999999590301e+01 1.717579524525953971e-01 5.405936333143589873e-02
3.829999999999589022e+01 1.757679962067162094e-01 4.810299210257085872e-02
3.839999999999588454e+01 1.794833571738639333e-01 4.243411710767474448e-02
3.849999999999587175e+01 1.828886794410074790e-01 3.706932608873151486e-02
3.859999999999585896e+01 1.859694034342721514e-01 3.202400345162347700e-02
3.869999999999584617e+01 1.887118344657248703e-01 2.731227397082864813e-02
3.879999999999583338e+01 1.911032147819029525e-01 2.294694898460391749e-02
3.889999999999582769e+01 1.931317985191628728e-01 1.893947539899243013e-02
3.899999999999581490e+01 1.947869288908347929e-01 1.529988783988740428e-02
3.909999999999580211e+01 1.960591168539743689e-01 1.203676430969387659e-02
3.919999999999579643e+01 1.969401204304974951e-01 9.157185718791614748e-03
3.929999999999578364e+01 1.974230237902958596e-01 6.666699671523360245e-03
3.939999999999577085e+01 1.975023151433711321e-01 4.569288891461777136e-03
3.949999999999575806e+01 1.971739624361816545e-01 2.867344671005947390e-03
3.959999999999574527e+01 1.964354858066569565e-01 1.561645725485203773e-03
3.969999999999573959e+01 1.952860257247295561e-01 6.513428218045247799e-04
3.979999999999572680e+01 1.937264057325027433e-01 1.339495359763070255e-04
3.989999999999571401e+01 1.917591887028645692e-01 5.339472537344856850e-06
3.999999999999570832e+01 1.893887255593948993e-01 2.597502518943617584e-04
4.009999999999569553e+01 1.866211954433492082e-01 8.897945391010549879e-04
4.019999999999568274e+01 1.834646363787573731e-01 1.886478349705363869e-03
4.029999999999566995e+01 1.799289655703548707e-01 3.239226825438201295e-03
4.039999999999565716e+01 1.760259885738229557e-01 4.935917625121066625e-03
4.049999999999565148e+01 1.717693966992941135e-01 6.962922024843300021e-03
4.059999999999563869e+01 1.671747521454141627e-01 9.305153766898806647e-03
4.069999999999562590e+01 1.622594605087039621e-01 1.194612564001549908e-02
4.079999999999562021e+01 1.570427304686929648e-01 1.486801371485253417e-02
4.089999999999560742e+01 1.515455206065175198e-01 1.805172909960822691e-02
4.099999999999559464e+01 1.457904734702464011e-01 2.147699702169179187e-02
4.109999999999558185e+01 1.398018371498487011e-01 2.512244298375623450e-02
4.119999999999556906e+01 1.336053747613109854e-01 2.896568568672942476e-02
4.129999999999556337e+01 1.272282623625088926e-01 3.298343635967063148e-02
4.139999999999555058e+01 1.206989759266811763e-01 3.715160408677223303e-02
4.149999999999553779e+01 1.140471680822304074e-01 4.144540667640662229e-02
4.159999999999553211e+01 1.073035353888940058e-01 4.583948657570463547e-02
4.169999999999551932e+01 1.004996769588031857e-01 5.030803129726261341e-02
4.179999999999550653e+01 9.366794524939295319e-02 5.482489779205933222e-02
4.189999999999549374e+01 8.684128985514955046e-02 5.936374017427458599e-02
4.199999999999548095e+01 8.005309511015257229e-02 6.389814017922895717e-02
4.209999999999547526e+01 7.333701228837294361e-02 6.840173971482950421e-02
4.219999999999546247e+01 6.672678715759179646e-02 7.284837484887848880e-02
4.229999999999544968e+01 6.025608361223304399e-02 7.721221055934057720e-02
4.239999999999544400e+01 5.395830408427604308e-02 8.146787556131365737e-02
4.249999999999543121e+01 4.786640741571166618e-02 8.559059651258141277e-02
4.259999999999541842e+01 4.201272487445351783e-02 8.955633088959352728e-02
4.269999999999540563e+01 3.642877501175788985e-02 9.334189781589746771e-02
4.279999999999539284e+01 3.114507809510731404e-02 9.692510611711252499e-02
4.289999999999538716e+01 2.619097090677550282e-02 1.002848788693028043e-01
4.299999999999537437e+01 2.159442277449827655e-02 1.034013737020149926e-01
4.309999999999536158e+01 1.738185379389224280e-02 1.062560981137109783e-01
4.319999999999535589e+01 1.357795630951396694e-02 1.088320190562803019e-01
4.329999999999534310e+01 1.020552083678795754e-02 1.111136660480852162e-01
4.339999999999533031e+01 7.285267725021886062e-03 1.130872270818741310e-01
4.349999999999531752e+01 4.835685974887330742e-03 1.147406366059710303e-01
4.359999999999530473e+01 2.872880725046901389e-03 1.160636548760653614e-01
4.369999999999529905e+01 1.410431004449788162e-03 1.170479380003318637e-01
4.379999999999528626e+01 4.592594023608884243e-04 1.176870980343096285e-01
4.389999999999527347e+01 2.751533117839755833e-05 1.179767525242467890e-01
4.399999999999526779e+01 1.204735424961703378e-04 1.179145629487589469e-01
4.409999999999525500e+01 7.404495012053312645e-04 1.175002615686612517e-01
4.419999999999524221e+01 1.886733123835327656e-03 1.167356662643328769e-01
4.429999999999522942e+01 3.555542245900106778e-03 1.156246830175241269e-01
4.439999999999521663e+01 5.739997000703012456e-03 1.141732957801814968e-01
4.449999999999521094e+01 8.430116072720107365e-03 1.123895435654848063e-01
4.459999999999519815e+01 1.161283553782179595e-02 1.102834846941518343e-01
4.469999999999518536e+01 1.527205072723421785e-02 1.078671482318591113e-01
4.479999999999517968e+01 1.938868126026888419e-02 1.051544727582424676e-01
4.489999999999516689e+01 2.394075909127442101e-02 1.021612327143428672e-01
4.499999999999515410e+01 2.890353911794785180e-02 9.890495268021673447e-02
4.509999999999514131e+01 3.424963160985321220e-02 9.540481003751502542e-02
4.519999999999512852e+01 3.994915544590681850e-02 9.168152657041959974e-02
4.529999999999512283e+01 4.596991090476919284e-02 8.775724965153335055e-02
4.539999999999511004e+01 5.227757053823434141e-02 8.365542374576538653e-02
4.549999999999509726e+01 5.883588647906121821e-02 7.940065304345952923e-02
4.559999999999509157e+01 6.560691239329501101e-02 7.501855610433966204e-02
4.569999999999507878e+01 7.255123818399891733e-02 7.053561345362520385e-02
4.579999999999506599e+01 7.962823548678747698e-02 6.597900912336519819e-02
4.589999999999505320e+01 8.679631196531710502e-02 6.137646717275009600e-02
4.599999999999504041e+01 9.401317241255963131e-02 5.675608425341034657e-02
4.609999999999503473e+01 1.012360846866030839e-01 5.214615930797702331e-02
4.619999999999502194e+01 1.084221485520533018e-01 4.757502150439924665e-02
4.629999999999500915e+01 1.155285655543151352e-01 4.307085751406806995e-02
4.639999999999500346e+01 1.225129081180383606e-01 3.866153923992108471e-02
4.649999999999499067e+01 1.293333861288110120e-01 3.437445309184284509e-02
4.659999999999497788e+01 1.359491093234235781e-01 3.023633189139559793e-02
4.669999999999496509e+01 1.423203438764049922e-01 2.627309046635588688e-02
4.679999999999495230e+01 1.484087616276446586e-01 2.250966596877646345e-02
4.689999999999494662e+01 1.541776804463518280e-01 1.896986391780346518e-02
4.699999999999493383e+01 1.595922942722541871e-01 1.567621093117504624e-02
4.709999999999492104e+01 1.646198914172034844e-01 1.264981506663716455e-02
4.719999999999491536e+01 1.692300597533142048e-01 9.910234647054028817e-03
4.729999999999490257e+01 1.733948774592626030e-01 7.475356390177571517e-03
4.739999999999488978e+01 1.770890880514897070e-01 5.361283606288771465e-03
4.749999999999487699e+01 1.802902584923305185e-01 3.582235163845640200e-03
4.759999999999486420e+01 1.829789192503313011e-01 2.150455855180868295e-03
4.769999999999485851e+01 1.851386852886082734e-01 1.076138721087360100e-03
4.779999999999484572e+01 1.867563570799613271e-01 3.673598152640267429e-04
4.789999999999483293e+01 1.878220008928214169e-01 3.002580730326065371e-05
4.799999999999482725e+01 1.883290077582880084e-01 6.783473684619251577e-05
4.809999999999481446e+01 1.882741307168780964e-01 4.822501423793536810e-04
4.819999999999480167e+01 1.876575001467689352e-01 1.272488696783945650e-03
4.829999999999478888e+01 1.864826171936458665e-01 2.435521389177997941e-03
4.839999999999477609e+01 1.847563255461912579e-01 3.966088199932255205e-03
4.849999999999477041e+01 1.824887620267637844e-01 5.856726124166779755e-03
4.859999999999475762e+01 1.796932866871975010e-01 8.097810309776298787e-03
4.869999999999474483e+01 1.763863933069802215e-01 1.067760799026395112e-02
4.879999999999473914e+01 1.725876013793517239e-01 1.358234481155931421e-02
4.889999999999472635e+01 1.683193308347623873e-01 1.679628307648766555e-02
4.899999999999471356e+01 1.636067608842355636e-01 2.030181136168130590e-02
4.909999999999470077e+01 1.584776744657053760e-01 2.407954489991787073e-02
4.919999999999468798e+01 1.529622898393246389e-01 2.810843606688167781e-02
4.929999999999468230e+01 1.470930809051844701e-01 3.236589426517375717e-02
4.939999999999466951e+01 1.409045878077272718e-01 3.682791446017671250e-02
4.949999999999465672e+01 1.344332193479725046e-01 4.146921359189641165e-02
4.959999999999465103e+01 1.277170486522957449e-01 4.626337406359937870e-02
4.969999999999463824e+01 1.207956034486780267e-01 5.118299349145184057e-02
4.979999999999462545e+01 1.137096521850988751e-01 5.619983988865195207e-02
4.989999999999461266e+01 1.065009870956715038e-01 6.128501145168983866e-02
4.999999999999459988e+01 9.921220518634758789e-02 6.640910011471486130e-02
5.009999999999459419e+01 9.188648797941646740e-02 7.154235803939834604e-02
5.019999999999458140e+01 8.456738073161532143e-02 7.665486621110248477e-02
5.029999999999456861e+01 7.729857173066778664e-02 8.171670431729398387e-02
5.039999999999456293e+01 7.012367218356986565e-02 8.669812108940520845e-02
5.049999999999455014e+01 6.308599714197943298e-02 9.156970429532447497e-02
5.059999999999453735e+01 5.622834786710562832e-02 9.630254957454403852e-02
5.069999999999452456e+01 4.959279602044854018e-02 1.008684273131507797e-01
5.079999999999451177e+01 4.322047007738578223e-02 1.052399467598931770e-01
5.089999999999450608e+01 3.715134439624583063e-02 1.093907165882849336e-01
5.099999999999449329e+01 3.142403143390026105e-02 1.132955011140163448e-01
5.109999999999448050e+01 2.607557767598402132e-02 1.169303713807866296e-01
5.119999999999447482e+01 2.114126394165262088e-02 1.202728503336112226e-01
5.129999999999446203e+01 1.665441082375398313e-02 1.233020513059515794e-01
5.139999999999444924e+01 1.264619013045003085e-02 1.259988090568289199e-01
5.149999999999443645e+01 9.145443297841841096e-03 1.283458026078964642e-01
5.159999999999442366e+01 6.178507839902307175e-03 1.303276691479016147e-01
5.169999999999441798e+01 3.769052986862000271e-03 1.319311082944752134e-01
5.179999999999440519e+01 1.937925731631364714e-03 1.331449760317798547e-01
5.189999999999439240e+01 7.030085521253505139e-04 1.339603676761031703e-01
5.199999999999438671e+01 7.909010235914420821e-05 1.343706892628755978e-01
5.209999999999437392e+01 7.775016479994820303e-05 1.343717167953456804e-01
5.219999999999436113e+01 7.072601293051591648e-04 1.339616428497663603e-01
5.229999999999434834e+01 1.972500209642365828e-03 1.331411100922751389e-01
5.239999999999433555e+01 3.874894527419980774e-03 1.319132313302195658e-01
5.249999999999432987e+01 6.412365086388325912e-03 1.302835957936617217e-01
5.259999999999431708e+01 9.579305529297477140e-03 1.282602614215082315e-01
5.269999999999430429e+01 1.336657541719100430e-02 1.258537330101607010e-01
5.279999999999429861e+01 1.776151560000476318e-02 1.230769261698906325e-01
5.289999999999428582e+01 2.274798506086582461e-02 1.199451171247324505e-01
5.299999999999427303e+01 2.830641941805987771e-02 1.164758784843736850e-01
5.309999999999426024e+01 3.441391106188101262e-02 1.126890012100463939e-01
5.319999999999424745e+01 4.104431069238499014e-02 1.086064030906133820e-01
5.329999999999424176e+01 4.816834981230039281e-02 1.042520241374251394e-01
5.339999999999422897e+01 5.575378352075557181e-02 9.965170939793220606e-02
5.349999999999421618e+01 6.376555275190300132e-02 9.483307977504146224e-02
5.359999999999421050e+01 7.216596491170175487e-02 8.982539152352662926e-02
5.369999999999419771e+01 8.091489168922585962e-02 8.465938517298399191e-02
5.379999999999418492e+01 8.996998265968327024e-02 7.936712469981456464e-02
5.389999999999417213e+01 9.928689315685183814e-02 7.398182783681363228e-02
5.399999999999415934e+01 1.088195247766275964e-01 6.853768846792661351e-02
5.409999999999415365e+01 1.185202767817686298e-01 6.306969210660669234e-02
5.419999999999414086e+01 1.283403066127953018e-01 5.761342549937965851e-02
5.429999999999412807e+01 1.382297976723573241e-01 5.220488143029929085e-02
5.439999999999412239e+01 1.481382325401351674e-01 4.688025982808293607e-02
5.449999999999410960e+01 1.580146697921044896e-01 4.167576629488566747e-02
5.459999999999409681e+01 1.678080226404714825e-01 3.662740918475092256e-02
5.469999999999408402e+01 1.774673376767734734e-01 3.177079636076891866e-02
5.479999999999407123e+01 1.869420720869963415e-01 2.714093275344162809e-02
5.489999999999406555e+01 1.961823678119121728e-01 2.277201982952487339e-02
5.499999999999405276e+01 2.051393212419605483e-01 1.869725806082615793e-02
5.509999999999403997e+01 2.137652471611195815e-01 1.494865345753495882e-02
5.519999999999403428e+01 2.220139357820049564e-01 1.155682920083560446e-02
5.529999999999402149e+01 2.298409018399171222e-01 8.550843376035293861e-03
5.539999999999400870e+01 2.372036248324423113e-01 5.958013770731697065e-03
5.549999999999399591e+01 2.440617795980514759e-01 3.803750663529307727e-03
5.559999999999398312e+01 2.503774565176006828e-01 2.111398488005192687e-03
5.569999999999397744e+01 2.561153706943629649e-01 9.020872145609156768e-04
5.579999999999396465e+01 2.612430595181295945e-01 1.945942498442896262e-04
5.589999999999395186e+01 2.657310680459550878e-01 5.217609697595790004e-06
5.599999999999394618e+01 2.695531216362608840e-01 3.476610771868669553e-04
5.609999999999393339e+01 2.726862852574642448e-01 1.232932011963355605e-03
5.619999999999392060e+01 2.751111088554022421e-01 2.669252430727033897e-03
5.629999999999390781e+01 2.768117581166095742e-01 4.661983930428531715e-03
5.639999999999389502e+01 2.777761299042412757e-01 7.213566975489437740e-03
5.649999999999388933e+01 2.779959515822832961e-01 1.032347501712641696e-02
5.659999999999387654e+01 2.774668633853712429e-01 1.398818385609952586e-02
5.669999999999386375e+01 2.761884829428813970e-01 1.820115659931579449e-02
5.679999999999385807e+01 2.741644510347207020e-01 2.295284449498082371e-02
5.689999999999384528e+01 2.714024576479318052e-01 2.823070386008740343e-02
5.699999999999383249e+01 2.679142474244173289e-01 3.401922923747655036e-02
5.709999999999381970e+01 2.637156036425857275e-01 4.030000283764409441e-02
5.719999999999380691e+01 2.588263099664911970e-01 4.705176023262292589e-02
5.729999999999380123e+01 2.532700893227023964e-01 5.425047217653487797e-02
5.739999999999378844e+01 2.470745194279853618e-01 6.186944232996207521e-02
5.749999999999377565e+01 2.402709246904353446e-01 6.987942056422606629e-02
5.759999999999376996e+01 2.328942444341430829e-01 7.824873141827676237e-02
5.769999999999375717e+01 2.249828776502806327e-01 8.694341717599977926e-02
5.779999999999374438e+01 2.165785047483978487e-01 9.592739492762199227e-02
5.789999999999373159e+01 2.077258870604621610e-01 1.051626268763911631e-01
5.799999999999371880e+01 1.984726451289438309e-01 1.146093030528744783e-01
5.809999999999371312e+01 1.888690170812869495e-01 1.242260355058942417e-01
5.819999999999370033e+01 1.789675986438520883e-01 1.339700629521121955e-01
5.829999999999368754e+01 1.688230665740197978e-01 1.437974647882343249e-01
5.839999999999368185e+01 1.584918874802997424e-01 1.536633833003397398e-01
5.849999999999366906e+01 1.480320141522133148e-01 1.635222528467324687e-01
5.859999999999365627e+01 1.375025716289439148e-01 1.733280347428986512e-01
5.869999999999364348e+01 1.269635352988938981e-01 1.830344565415037983e-01
5.879999999999363069e+01 1.164754033382565807e-01 1.925952543754770319e-01
5.889999999999362501e+01 1.060988657702423565e-01 2.019644170199371980e-01
5.899999999999361222e+01 9.589447235998717345e-02 2.110964303248613616e-01
5.909999999999359943e+01 8.592230146044189942e-02 2.199465206796715755e-01
5.919999999999359375e+01 7.624163179793524980e-02 2.284708961854392262e-01
5.929999999999358096e+01 6.691061904108443203e-02 2.366269842364082387e-01
5.939999999999356817e+01 5.798597884188192580e-02 2.443736642418437577e-01
5.949999999999355538e+01 4.952267788198032317e-02 2.516714942562887636e-01
5.959999999999354259e+01 4.157363430770033563e-02 2.584829303261051425e-01
5.969999999999353690e+01 3.418942880262938744e-02 2.647725374041121627e-01
5.979999999999352411e+01 2.741802743138749276e-02 2.705071907293619682e-01
5.989999999999351132e+01 2.130451729779459305e-02 2.756562666169533049e-01
5.999999999999350564e+01 1.589085599635990664e-02 2.801918216511359305e-01
6.009999999999349285e+01 1.121563579929579085e-02 2.840887593248774823e-01
6.019999999999348006e+01 7.313863509775263977e-03 2.873249832197929954e-01
6.029999999999346727e+01 4.216756922653192019e-03 2.898815358731786640e-01
6.039999999999345448e+01 1.951558861373570500e-03 2.917427225332442919e-01
6.049999999999344880e+01 5.413697974859493344e-04 2.928962190610154837e-01
6.059999999999343601e+01 5.000099845392703069e-06 2.933331632991770244e-01
6.069999999999342322e+01 3.568429960516786466e-04 2.930482292928119903e-01
6.079999999999341753e+01 1.606769350969816440e-03 2.920396838182692800e-01
6.089999999999340474e+01 3.760045368618687277e-03 2.903094247543234752e-01
6.099999999999339195e+01 6.817274297546657355e-03 2.878630009114016008e-01
6.109999999999337916e+01 1.077436316054664056e-02 2.847096130270754810e-01
6.119999999999336637e+01 1.562251543328342998e-02 2.808620957326434797e-01
6.129999999999336069e+01 2.134825046113077857e-02 2.763368803998776380e-01
6.139999999999334790e+01 2.793345022912098116e-02 2.711539388885844670e-01
6.149999999999333511e+01 3.535543388839705592e-02 2.653367083305511742e-01
6.159999999999332942e+01 4.358706019784640978e-02 2.589119972074031550e-01
6.169999999999331664e+01 5.259685776721385875e-02 2.519098731025521953e-01
6.179999999999330385e+01 6.234918269517703698e-02 2.443635326329771373e-01
6.189999999999329106e+01 7.280440289053170810e-02 2.363091541910761761e-01
6.199999999999327827e+01 8.391910805608839008e-02 2.277857342497258131e-01
6.209999999999327258e+01 9.564634401164688604e-02 2.188349081023837628e-01
6.219999999999325979e+01 1.079358697436353098e-01 2.095007560223618170e-01
6.229999999999324700e+01 1.207344353032007156e-01 1.998295959314768666e-01
6.239999999999324132e+01 1.339860784382051750e-01 1.898697637633940671e-01
6.249999999999322853e+01 1.476324376440010522e-01 1.796713827934747765e-01
6.259999999999321574e+01 1.616130791575744463e-01 1.692861232804293570e-01
6.269999999999320295e+01 1.758658353015390974e-01 1.587669538263299651e-01
6.279999999999319016e+01 1.903271515099737854e-01 1.481678859107708190e-01
6.289999999999318447e+01 2.049324393360649199e-01 1.375437130895255100e-01
6.299999999999317168e+01 2.196164327503990765e-01 1.269497463701819151e-01
6.309999999999315889e+01 2.343135450832833089e-01 1.164415472864252926e-01
6.319999999999315321e+01 2.489582240425536053e-01 1.060746601887158358e-01
6.329999999999314042e+01 2.634853023425963725e-01 9.590434525390112430e-02
6.339999999999312763e+01 2.778303416062377074e-01 8.598531368964214272e-02
6.349999999999311484e+01 2.919299673440354792e-01 7.637146657285139029e-02
6.359999999999310205e+01 3.057221929686968487e-01 6.711563871516547375e-02
6.369999999999309637e+01 3.191467309624933524e-01 5.826934889421672009e-02
6.379999999999308358e+01 3.321452894788222698e-01 4.988255772732638066e-02
6.389999999999307079e+01 3.446618528232564538e-01 4.200343439586506911e-02
6.399999999999306510e+01 3.566429444204884947e-01 3.467813335417156001e-02
6.409999999999305942e+01 3.680378710347445015e-01 2.795058207730441793e-02
6.419999999999303952e+01 3.787989471682963183e-01 2.186228081815458704e-02
6.429999999999301963e+01 3.888816987192803554e-01 1.645211525656755172e-02
6.439999999999301394e+01 3.982450451362942179e-01 1.175618283223992151e-02
6.449999999999300826e+01 4.068514594633597103e-01 7.807633459262748946e-03
6.459999999999300258e+01 4.146671058288047829e-01 4.636525224420529750e-03
6.469999999999298268e+01 4.216619540942748157e-01 2.269695573759633080e-03
6.479999999999297700e+01 4.278098715457246959e-01 7.306483935092288658e-04
6.489999999999295710e+01 4.330886916786784724e-01 3.945729263502008956e-05
6.499999999999295142e+01 4.374802603041708648e-01 2.126852959405400325e-04
6.509999999999294573e+01 4.409704593744289691e-01 1.263321059472021684e-03
6.519999999999292584e+01 4.435492091016347560e-01 3.200731624874940482e-03
6.529999999999292015e+01 4.452104491111916196e-01 6.030631637161704313e-03
6.539999999999290026e+01 4.459520995323225656e-01 9.755068861978842890e-03
6.549999999999289457e+01 4.457760030761564463e-01 1.437242575475306330e-02
6.559999999999288889e+01 4.446878492848425068e-01 1.987743675591020082e-02
6.569999999999286899e+01 4.426970822478102918e-01 2.626122091439286876e-02
6.579999999999286331e+01 4.398167931680317388e-01 3.351132937660823014e-02
6.589999999999285762e+01 4.360635992260079030e-01 4.161180722010719701e-02
6.599999999999283773e+01 4.314575102198485723e-01 5.054326906126201807e-02
6.609999999999283204e+01 4.260217844671104204e-01 6.028298782364480135e-02
6.619999999999282636e+01 4.197827754263767641e-01 7.080499601920513253e-02
6.629999999999280647e+01 4.127697704472830798e-01 8.208019886675525789e-02
6.639999999999280078e+01 4.050148229767118191e-01 9.407649855194989696e-02
6.649999999999278089e+01 3.965525794548118710e-01 1.067589289184240481e-01
6.659999999999277520e+01 3.874201020145159879e-01 1.200897998709579417e-01
6.669999999999276952e+01 3.776566879762714990e-01 1.340288507673048635e-01
6.679999999999274962e+01 3.673036869950340177e-01 1.485334120743208863e-01
6.689999999999274394e+01 3.564043165858926665e-01 1.635585745661779777e-01
6.699999999999272404e+01 3.450034766296188327e-01 1.790573653456543068e-01
6.709999999999271836e+01 3.331475633455074914e-01 1.949809299744748037e-01
6.719999999999271267e+01 3.208842831191703326e-01 2.112787200025545153e-01
6.729999999999269278e+01 3.082624664959991434e-01 2.278986851904390154e-01
6.739999999999268709e+01 2.953318825922243707e-01 2.447874697225702889e-01
6.749999999999268141e+01 2.821430541410694937e-01 2.618906117110561538e-01
6.759999999999266151e+01 2.687470733801122225e-01 2.791527452908031948e-01
6.769999999999265583e+01 2.551954189936986861e-01 2.965178046074157803e-01
6.779999999999265015e+01 2.415397743519155371e-01 3.139292289994254914e-01
6.789999999999263025e+01 2.278318473288943324e-01 3.313301686760133369e-01
6.799999999999262457e+01 2.141231920344218165e-01 3.486636901929986432e-01
6.809999999999260467e+01 2.004650328495358458e-01 3.658729810309752639e-01
6.819999999999259899e+01 1.869080912127694116e-01 3.829015525858498470e-01
6.829999999999259330e+01 1.735024156539557438e-01 3.996934408866916755e-01
6.839999999999257341e+01 1.602972156140518578e-01 4.161934043686634777e-01
6.849999999999256772e+01 1.473406996148631520e-01 4.323471180424595106e-01
6.859999999999254783e+01 1.346799183527888910e-01 4.481013634192567152e-01
6.869999999999254214e+01 1.223606132806156904e-01 4.634042135751368363e-01
6.879999999999253646e+01 1.104270712122207981e-01 4.782052127637639871e-01
6.889999999999251656e+01 9.892198543641175790e-02 4.924555500180428091e-01
6.899999999999251088e+01 8.788632376077644415e-02 5.061082262154744660e-01
6.909999999999250520e+01 7.735920382635695647e-02 5.191182141175211262e-01
6.919999999999248530e+01 6.737777594438013051e-02 5.314426109332529569e-01
6.929999999999247962e+01 5.797711361097102750e-02 5.430407829946997111e-01
6.939999999999247393e+01 4.919011176070545860e-02 5.538745021730436813e-01
6.949999999999245404e+01 4.104739273003149558e-02 5.639080736989611209e-01
6.959999999999244835e+01 3.357721982228990126e-02 5.731084550905700681e-01
6.969999999999242846e+01 2.680541830246769078e-02 5.814453659206522129e-01
6.979999999999242277e+01 2.075530360528375293e-02 5.888913881884200174e-01
6.989999999999241709e+01 1.544761651817047783e-02 5.954220570836394888e-01
6.999999999999239719e+01 1.090046510295657016e-02 6.010159419527716373e-01
7.009999999999239151e+01 7.129273146516226442e-03 6.056547172944793944e-01
7.019999999999237161e+01 4.146734981059384782e-03 6.093232236242518418e-01
7.029999999999236593e+01 1.962776586099806118e-03 6.120095180584170791e-01
7.039999999999236024e+01 5.845229732067326210e-04 6.137049144736799189e-01
7.049999999999234035e+01 1.627195651022970540e-05 6.144040131067246557e-01
7.059999999999233466e+01 2.594745210138165521e-04 6.141047194605609993e-01
7.069999999999232898e+01 1.312722110798806435e-03 6.128082523934310633e-01
7.079999999999230909e+01 3.171741263691355266e-03 6.105191412716484134e-01
7.089999999999230340e+01 5.829396111412016475e-03 6.072452120814169074e-01
7.099999999999229772e+01 9.275699338554457135e-03 6.029975624082904995e-01
7.109999999999227782e+01 1.349783224455666612e-02 5.977905252152795335e-01
7.119999999999227214e+01 1.848017457572381783e-02 5.916416213779839284e-01
7.129999999999225224e+01 2.420434478621265664e-02 5.845715009670386930e-01
7.139999999999224656e+01 3.064925134582243901e-02 5.766038733107271552e-01
7.149999999999224087e+01 3.779115563844439446e-02 5.677654259171436291e-01
7.159999999999222098e+01 4.560374688896852435e-02 5.580857323874706122e-01
7.169999999999221529e+01 5.405822942177063162e-02 5.475971495134925870e-01
7.179999999999219540e+01 6.312342239398040233e-02 5.363347038152558310e-01
7.189999999999218971e+01 7.276587196759008724e-02 5.243359678414394320e-01
7.199999999999218403e+01 8.294997569206188914e-02 5.116409266265692368e-01
7.209999999999216413e+01 9.363811867007790224e-02 4.982918347677695037e-01
7.219999999999215845e+01 1.047908208811630659e-01 4.843330646539566464e-01
7.229999999999215277e+01 1.163668948477655646e-01 4.698109464469669705e-01
7.239999999999213287e+01 1.283236126528776444e-01 4.547736004766286810e-01
7.249999999999212719e+01 1.406168811636019089e-01 4.392707627691610495e-01
7.259999999999212150e+01 1.532014241858361547e-01 4.233536044786151975e-01
7.269999999999210161e+01 1.660309701764469681e-01 4.070745460336708810e-01
7.279999999999209592e+01 1.790584440716862513e-01 3.904870668461319361e-01
7.289999999999207603e+01 1.922361617575917003e-01 3.736455114515951914e-01
7.299999999999207034e+01 2.055160257075505092e-01 3.566048929700316727e-01
7.309999999999206466e+01 2.188497203436692851e-01 3.394206947773115712e-01
7.319999999999204476e+01 2.321889057391731959e-01 3.221486712778963146e-01
7.329999999999203908e+01 2.454854083645531537e-01 3.048446486561717239e-01
7.339999999999201918e+01 2.586914076869799017e-01 2.875643264639654029e-01
7.349999999999201350e+01 2.717596175543463555e-01 2.703630808762648163e-01
7.359999999999200782e+01 2.846434614283777642e-01 2.532957704133399490e-01
7.369999999999198792e+01 2.972972406693842884e-01 2.364165448900110433e-01
7.379999999999198224e+01 3.096762952138462088e-01 2.197786583118910286e-01
7.389999999999197655e+01 3.217371561208869912e-01 2.034342863928039202e-01
7.399999999999195666e+01 3.334376895907444904e-01 1.874343493221845847e-01
7.409999999999195097e+01 3.447372321756962399e-01 1.718283403628954042e-01
7.419999999999194529e+01 3.555967170073086048e-01 1.566641608135157515e-01
7.429999999999192539e+01 3.659787909566587505e-01 1.419879618204048788e-01
7.439999999999191971e+01 3.758479227191107719e-01 1.278439934803886902e-01
7.449999999999189981e+01 3.851705018818420423e-01 1.142744616286889420e-01
7.459999999999189413e+01 3.939149290828500849e-01 1.013193926642955434e-01
7.469999999999188844e+01 4.020516974124733189e-01 8.901650672367875106e-02
7.479999999999186855e+01 4.095534652425370514e-01 7.740109947361198395e-02
7.489999999999186286e+01 4.163951206952324346e-01 6.650593275714131170e-02
7.499999999999184297e+01 4.225538379859088978e-01 5.636113429025885885e-02
7.509999999999183729e+01 4.280091258963240608e-01 4.699410657341090980e-02
7.519999999999183160e+01 4.327428686517857392e-01 3.842944514962793462e-02
7.529999999999181171e+01 4.367393594976565208e-01 3.068886631057572006e-02
7.539999999999180602e+01 4.399853272870975496e-01 2.379114432325477035e-02
7.549999999999180034e+01 4.424699564147854813e-01 1.775205822295270949e-02
7.559999999999178044e+01 4.441849004479341279e-01 1.258434819303295982e-02
7.569999999999177476e+01 4.451242898257106728e-01 8.297681528794863259e-03
7.579999999999176907e+01 4.452847340117803698e-01 4.898628161473302968e-03
7.589999999999174918e+01 4.446653184962505723e-01 2.390645699362227688e-03
7.599999999999174349e+01 4.432675970463150206e-01 7.740739262580595241e-04
7.609999999999172360e+01 4.410955796013176222e-01 4.613868298757038721e-05
7.619999999999171791e+01 4.381557161942432055e-01 2.009650457696747505e-04
7.629999999999171223e+01 4.344568772574943227e-01 1.229599705556579580e-03
7.639999999999169233e+01 4.300103306343528997e-01 3.120042445203811705e-03
7.649999999999168665e+01 4.248297155701248329e-01 5.857286606184682921e-03
7.659999999999166675e+01 4.189310138974344233e-01 9.423368433312788103e-03
7.669999999999166107e+01 4.123325185611289023e-01 1.379742518423977479e-02
7.679999999999165539e+01 4.050547995490448860e-01 1.895576188989168617e-02
7.689999999999163549e+01 3.971206672097197798e-01 2.487192665201828565e-02
7.699999999999162981e+01 3.885551328490020051e-01 3.151679436404610651e-02
7.709999999999162412e+01 3.793853664069197773e-01 3.885865874090625727e-02
7.719999999999160423e+01 3.696406509264926199e-01 4.686333254169355866e-02
7.729999999999159854e+01 3.593523334442269013e-01 5.549425586551072487e-02
7.739999999999159286e+01 3.485537718551168784e-01 6.471261239468557858e-02
7.749999999999157296e+01 3.372802772430553708e-01 7.447745345080324098e-02
7.759999999999156728e+01 3.255690511159329281e-01 8.474582971638978945e-02
7.769999999999154738e+01 3.134591169528016530e-01 9.547293045914445608e-02
7.779999999999154170e+01 3.009912454535049187e-01 1.066122300752866403e-01
7.789999999999153601e+01 2.882078728837714765e-01 1.181156417447372514e-01
7.799999999999151612e+01 2.751530119316039080e-01 1.299336779618832927e-01
7.809999999999151044e+01 2.618721545297721942e-01 1.420156176741687870e-01
7.819999999999149054e+01 2.484121661577865792e-01 1.543096797242345941e-01
7.829999999999148486e+01 2.348211712109232463e-01 1.667632022524730695e-01
7.839999999999147917e+01 2.211484291104715838e-01 1.793228276747663719e-01
7.849999999999145928e+01 2.074442009301376844e-01 1.919346928058832669e-01
7.859999999999145359e+01 1.937596064214938685e-01 2.045446236534904094e-01
7.869999999999144791e+01 1.801464714348365859e-01 2.170983343610260463e-01
7.879999999999142801e+01 1.666571658515570153e-01 2.295416297301216824e-01
7.889999999999142233e+01 1.533444322611375310e-01 2.418206107080292100e-01
7.899999999999141664e+01 1.402612057341911245e-01 2.538818821789046165e-01
7.909999999999139675e+01 1.274604251558844881e-01 2.656727623549736128e-01
7.919999999999139106e+01 1.149948366930609173e-01 2.771414930220277295e-01
7.929999999999137117e+01 1.029167900696578569e-01 2.882374498550061004e-01
7.939999999999136548e+01 9.127802842016942420e-02 2.989113519844624478e-01
7.949999999999135980e+01 8.012947257751075469e-02 3.091154699631779024e-01
7.959999999999133991e+01 6.952100073093875343e-02 3.188038312536035090e-01
7.969999999999133422e+01 5.950122446121943603e-02 3.279324223351227086e-01
7.979999999999131433e+01 5.011726222454644664e-02 3.364593865090904634e-01
7.989999999999130864e+01 4.141451141455487067e-02 3.443452164671895188e-01
7.999999999999130296e+01 3.343642018316508174e-02 3.515529406778016841e-01
8.009999999999128306e+01 2.622426024689906293e-02 3.580483026414644776e-01
8.019999999999127738e+01 1.981690194555815743e-02 3.637999320666596703e-01
8.029999999999127169e+01 1.425059285528342164e-02 3.687795070231605354e-01
8.039999999999125180e+01 9.558741287446074694e-03 3.729619061413211867e-01
8.049999999999124611e+01 5.771706028463433578e-03 3.763253499433853455e-01
8.059999999999124043e+01 2.916593692747088302e-03 3.788515304132715200e-01
8.069999999999122053e+01 1.017065070743540522e-03 3.805257279424248962e-01
8.079999999999121485e+01 9.315185541320019703e-05 3.813369148207281234e-01
8.089999999999119495e+01 1.610851225649090075e-04 3.812778444835282499e-01
8.099999999999118927e+01 1.233136922092040655e-03 3.803451257710999123e-01
8.109999999999118359e+01 3.317476307461097139e-03 3.785392815085273921e-01
8.119999999999116369e+01 6.418041089043427343e-03 3.758647907735939153e-01
8.129999999999115801e+01 1.053442654257025213e-02 3.723301142822426635e-01
8.139999999999113811e+01 1.566179223700049986e-02 3.679477023912323674e-01
8.149999999999113243e+01 2.179078806663374904e-02 3.627339852931734665e-01
8.159999999999112674e+01 2.890750048102536454e-02 3.567093450566014012e-01
8.169999999999110685e+01 3.699341980410917469e-02 3.498980692495397560e-01
8.179999999999110116e+01 4.602542942240321622e-02 3.423282859718096427e-01
8.189999999999109548e+01 5.597581750265859940e-02 3.340318802129405573e-01
8.199999999999107558e+01 6.681231177404413357e-02 3.250443915461481148e-01
8.209999999999106990e+01 7.849813778054996749e-02 3.154048932652908643e-01
8.219999999999106421e+01 9.099210087803215330e-02 3.051558531694710807e-01
8.229999999999104432e+01 1.042486921189437338e-01 2.943429762965794061e-01
8.239999999999103864e+01 1.182182180380988296e-01 2.830150300086094473e-01
8.249999999999101874e+01 1.328469542261256631e-01 2.712236519262206103e-01
8.259999999999101306e+01 1.480773224547546341e-01 2.590231413099555735e-01
8.269999999999100737e+01 1.638480910000376933e-01 2.464702345794655414e-01
8.279999999999098748e+01 1.800945976966227269e-01 2.336238657568822930e-01
8.289999999999098179e+01 1.967489951474744037e-01 2.205449127111065721e-01
8.299999999999096190e+01 2.137405174085664772e-01 2.072959301696752077e-01
8.309999999999095621e+01 2.309957673656555244e-01 1.939408705499061081e-01
8.319999999999095053e+01 2.484390239192639516e-01 1.805447937446855167e-01
8.329999999999093063e+01 2.659925679924617925e-01 1.671735670771957449e-01
8.339999999999092495e+01 2.835770262723933399e-01 1.538935567146915429e-01
8.349999999999091926e+01 3.011117314899011133e-01 1.407713119039400440e-01
8.359999999999089937e+01 3.185150979292002971e-01 1.278732434577709021e-01
8.369999999999089368e+01 3.357050107426835517e-01 1.152652979863865029e-01
8.379999999999088800e+01 3.525992275215230065e-01 1.030126294245959639e-01
8.389999999999086810e+01 3.691157904426325409e-01 9.117926945981273679e-02
8.399999999999086242e+01 3.851734471769232560e-01 7.982779851239212021e-02
8.409999999999084253e+01 4.006920786031589188e-01 6.901901896082181243e-02
8.419999999999083684e+01 4.155931312299390723e-01 5.881163233771970200e-02
8.429999999999083116e+01 4.298000520832657156e-01 4.926192224872911335e-02
8.439999999999081126e+01 4.432387236801420549e-01 4.042344478341514113e-02
8.449999999999080558e+01 4.558378965720404907e-01 3.234672819550580419e-02
8.459999999999078568e+01 4.675296168202538460e-01 2.507898362774199294e-02
8.469999999999078000e+01 4.782496456541399654e-01 1.866382864398793626e-02
8.479999999999077431e+01 4.879378684711592196e-01 1.314102530694242175e-02
8.489999999999075442e+01 4.965386902677029757e-01 8.546234503715320965e-03
8.499999999999074873e+01 5.040014145417128777e-01 4.910788172846253935e-03
8.509999999999074305e+01 5.102806026933009997e-01 2.261481024640990718e-03
8.519999999999072315e+01 5.153364109601171750e-01 6.203832720968650719e-04
8.529999999999071747e+01 5.191349019713944468e-01 4.675801661697809642e-06
8.539999999999071179e+01 5.216483280839839809e-01 4.265091120564148118e-04
8.549999999999069189e+01 5.228553837793278314e-01 1.892887235463626460e-03
8.559999999999068621e+01 5.227414245491717182e-01 4.405577729061409264e-03
8.569999999999066631e+01 5.212986498833968030e-01 7.961048686766870885e-03
8.579999999999066063e+01 5.185262481890952069e-01 1.255043357194574223e-02
8.589999999999065494e+01 5.144305017203365527e-01 1.815952451269643719e-02
8.599999999999063505e+01 5.090248498734900595e-01 2.476879453323887689e-02
8.609999999999062936e+01 5.023299095071264153e-01 3.235344901924042810e-02
8.619999999999060947e+01 4.943734512712638640e-01 4.088350653277557367e-02
8.629999999999060378e+01 4.851903312750396324e-01 5.032390890588085003e-02
8.639999999999059810e+01 4.748223777817409674e-01 6.063466035150821831e-02
8.649999999999057820e+01 4.633182329916713527e-01 7.177099513896009753e-02
8.659999999999057252e+01 4.507331503493521296e-01 8.368357318934513400e-02
8.669999999999056683e+01 4.371287481937984332e-01 9.631870275679806082e-02
8.679999999999054694e+01 4.225727209459078093e-01 1.096185891749363178e-01
8.689999999999054126e+01 4.071385093993745152e-01 1.235216084670918285e-01
8.699999999999053557e+01 3.909049320417104512e-01 1.379626044450219247e-01
8.709999999999051568e+01 3.739557796736806550e-01 1.528732077552441559e-01
8.719999999999050999e+01 3.563793759218214507e-01 1.681821751772817064e-01
8.729999999999049010e+01 3.382681065343932092e-01 1.838157473347905302e-01
8.739999999999048441e+01 3.197179206233541904e-01 1.996980228497138576e-01
8.749999999999047873e+01 3.008278072503249301e-01 2.157513468546451429e-01
8.759999999999045883e+01 2.816992509555119040e-01 2.318967116770377368e-01
8.769999999999045315e+01 2.624356699901328471e-01 2.480541674252755013e-01
8.779999999999043325e+01 2.431418411318864992e-01 2.641432401395713558e-01
8.789999999999042757e+01 2.239233150391908012e-01 2.800833551203470995e-01
8.799999999999042188e+01 2.048858261317011431e-01 2.957942630155134256e-01
8.809999999999040199e+01 1.861347009714951484e-01 3.111964662339599119e-01
8.819999999999039630e+01 1.677742690636714051e-01 3.262116432558649914e-01
8.829999999999039062e+01 1.499072798968047737e-01 3.407630684311037106e-01
8.839999999999037072e+01 1.326343299083024840e-01 3.547760248956116635e-01
8.849999999999036504e+01 1.160533028880751105e-01 3.681782082862827266e-01
8.859999999999035936e+01 1.002588271331661396e-01 3.809001190054535635e-01
8.869999999999033946e+01 8.534175244049305165e-02 3.928754408644939411e-01
8.879999999999033378e+01 7.138864977999657968e-02 4.040414040312282906e-01
8.889999999999031388e+01 5.848133623382601592e-02 4.143391303088055366e-01
8.899999999999030820e+01 4.669642752382761886e-02 4.237139588873337637e-01
8.909999999999030251e+01 3.610492018631717565e-02 4.321157508304627748e-01
8.919999999999028262e+01 2.677180519587796584e-02 4.394991706869597059e-01
8.929999999999027693e+01 1.875571459327577198e-02 4.458239437494794788e-01
8.939999999999025704e+01 1.210860244140569107e-02 4.510550876204887372e-01
8.949999999999025135e+01 6.875461220520321000e-03 4.551631168827862672e-01
8.959999999999024567e+01 3.094074581939680515e-03 4.581242198163116841e-01
8.969999999999022577e+01 7.948072089656855977e-04 4.599204062428923767e-01
8.979999999999022009e+01 4.323843376019970829e-07 4.605396257266167748e-01
8.989999999999021441e+01 7.259977337508041837e-04 4.599758554992472437e-01
8.999999999999019451e+01 2.978729501855962008e-03 4.582291576259446830e-01
9.009999999999018883e+01 6.757975617169592608e-03 4.553057050697990049e-01
9.019999999999018314e+01 1.205518771097327350e-02 4.512177764584049400e-01
9.029999999999016325e+01 1.885394216768584291e-02 4.459837195001895571e-01
9.039999999999015756e+01 2.713000019524783313e-02 4.396278831435340151e-01
9.049999999999013767e+01 3.685140680880235470e-02 4.321805187169905915e-01
9.059999999999013198e+01 4.797862851483752911e-02 4.236776504351454364e-01
9.069999999999012630e+01 6.046472936204364684e-02 4.141609158014937786e-01
9.079999999999010640e+01 7.425558488661866685e-02 4.036773765855342089e-01
9.089999999999010072e+01 8.929013332156167382e-02 3.922793012005494351e-01
9.099999999999008082e+01 1.055006632617167539e-01 3.800239194515577790e-01
9.109999999999007514e+01 1.228131367784426747e-01 3.669731507717101104e-01
9.119999999999006945e+01 1.411475467640403436e-01 3.531933072055157830e-01
9.129999999999004956e+01 1.604183070570038283e-01 3.387547725393466047e-01
9.139999999999004388e+01 1.805346736624642012e-01 3.237316591141364830e-01
9.149999999999003819e+01 2.014011951394955036e-01 3.082014439862609256e-01
9.159999999999001830e+01 2.229181899881598483e-01 2.922445862257062044e-01
9.169999999999001261e+01 2.449822486369064578e-01 2.759441272554128965e-01
9.179999999999000693e+01 2.674867574131554182e-01 2.593852762419124325e-01
9.189999999998998703e+01 2.903224416834370158e-01 2.426549826420671130e-01
9.199999999998998135e+01 3.133779251766481422e-01 2.258414980931723326e-01
9.209999999998996145e+01 3.365403023616069800e-01 2.090339299045211041e-01
9.219999999998995577e+01 3.596957206410705266e-01 1.923217884639112085e-01
9.229999999998995008e+01 3.827299690495915008e-01 1.757945309153157720e-01
9.239999999998993019e+01 4.055290701026022515e-01 1.595411034907859571e-01
9.249999999998992450e+01 4.279798714409522309e-01 1.436494848922557355e-01
9.259999999998990461e+01 4.499706339427982926e-01 1.282062331169232516e-01
9.269999999998989892e+01 4.713916130331203269e-01 1.132960381028168678e-01
9.279999999998989324e+01 4.921356300069175682e-01 9.900128254076707990e-02
9.289999999998987334e+01 5.120986302862698958e-01 8.540161315465699676e-02
9.299999999998986766e+01 5.311802256574781333e-01 7.257352469518280058e-02
9.309999999998986198e+01 5.492842176671934862e-01 6.058995882338222977e-02
9.319999999998984208e+01 5.663190995026069485e-01 4.951991998030184222e-02
9.329999999998983640e+01 5.821985338267621213e-01 3.942811024901520661e-02
9.339999999998983071e+01 5.968418041897275428e-01 3.037458511485476020e-02
9.349999999998981082e+01 6.101742377845614795e-01 2.241443192140490578e-02
9.359999999998980513e+01 6.221275974633240224e-01 1.559747270227518703e-02
9.369999999998978524e+01 6.326404410738165618e-01 9.967992944033941469e-03
9.379999999998977955e+01 6.416584463213427236e-01 5.564497703632223513e-03
9.389999999998977387e+01 6.491346995090374605e-01 2.419496364736347608e-03
9.399999999998975397e+01 6.550299466584142971e-01 5.593171722176442642e-04
9.409999999998974829e+01 6.593128056725260366e-01 3.952532824966359895e-06
9.419999999998972839e+01 6.619599383754309896e-01 7.669359133011744356e-04
9.429999999998972271e+01 6.629561814425097843e-01 2.855251005367049743e-03
9.439999999998971703e+01 6.622946354418081105e-01 6.269273660659873716e-03
9.449999999998969713e+01 6.599767114214536434e-01 1.100274692857285130e-02
9.459999999998969145e+01 6.560121347215325249e-01 1.704278935685284158e-02
9.469999999998968576e+01 6.504189059413212348e-01 2.436993653969932519e-02
9.479999999998966587e+01 6.432232192714154584e-01 3.295821572223219670e-02
9.489999999998966018e+01 6.344593386822324765e-01 4.277525309470214809e-02
9.499999999998965450e+01 6.241694327611009285e-01 5.378241323622328512e-02
9.509999999998963460e+01 6.124033692838708465e-01 6.593496999769850320e-02
9.519999999998962892e+01 5.992184709048958835e-01 7.918230794816406848e-02
9.529999999998960902e+01 5.846792336299290183e-01 9.346815335035835171e-02
9.539999999998960334e+01 5.688570100020678977e-01 1.087308334804523713e-01
9.549999999998959765e+01 5.518296591683556906e-01 1.249035629658136332e-01
9.559999999998957776e+01 5.336811662001298417e-01 1.419147556844159441e-01
9.569999999998957207e+01 5.145012332050149517e-01 1.596883606508340270e-01
9.579999999998955218e+01 4.943848448937561146e-01 1.781442202079526749e-01
9.589999999998954650e+01 4.734318113394189731e-01 1.971984487507708050e-01
9.599999999998954081e+01 4.517462906974543668e-01 2.167638301294800285e-01
9.609999999998952092e+01 4.294362946387756397e-01 2.367502318125584704e-01
9.619999999998951523e+01 4.066131791865643663e-01 2.570650338377593602e-01
9.629999999998950955e+01 3.833911235518356886e-01 2.776135705374396800e-01
9.639999999998948965e+01 3.598865994307431926e-01 2.982995829949755540e-01
9.649999999998948397e+01 3.362178330734280629e-01 3.190256801685789623e-01
9.659999999998947828e+01 3.125042622661180491e-01 3.396938066079754903e-01
9.669999999998945839e+01 2.888659901924399143e-01 3.602057146847443825e-01
9.679999999998945270e+01 2.654232379719700385e-01 3.804634392595352965e-01
9.689999999998943281e+01 2.422957975167155942e-01 4.003697727150967722e-01
9.699999999998942712e+01 2.196024862124693888e-01 4.198287382937508916e-01
9.709999999998942144e+01 1.974606048287339544e-01 4.387460596903952070e-01
9.719999999998940154e+01 1.759853999905615640e-01 4.570296248651995463e-01
9.729999999998939586e+01 1.552895325162933493e-01 4.745899420555763637e-01
9.739999999998937597e+01 1.354825529350595359e-01 4.913405859817688293e-01
9.749999999998937028e+01 1.166703855478759960e-01 5.071986322592646479e-01
9.759999999998936460e+01 9.895482248374111445e-02 5.220850780491657073e-01
9.769999999998934470e+01 8.243302932101652380e-02 5.359252469996370616e-01
9.779999999998933902e+01 6.719706398906501177e-02 5.486491765576335666e-01
9.789999999998933333e+01 5.333341082761594576e-02 5.601919857604115149e-01
9.799999999998931344e+01 4.092253185082107836e-02 5.704942216536729171e-01
9.809999999998930775e+01 3.003843743152228088e-02 5.795021825288928508e-01
9.819999999998930207e+01 2.074827877718194227e-02 5.871682162269477034e-01
9.829999999998928217e+01 1.311196470352185561e-02 5.934509918205680412e-01
9.839999999998927649e+01 7.181805315614200012e-03 5.983157430669100441e-01
9.849999999998925659e+01 3.002185271448366052e-03 6.017344821128250976e-01
9.859999999998925091e+01 6.092693235655309873e-04 6.036861820384691324e-01
9.869999999998924523e+01 3.074280572516300571e-05 6.041569269470934422e-01
9.879999999998922533e+01 1.285589651255716198e-03 6.031400284402983480e-01
9.889999999998921965e+01 4.383910397240920256e-03 6.006361074667782018e-01
9.899999999998919975e+01 9.326782445469840310e-03 5.966531406929176384e-01
9.909999999998919407e+01 1.610616462038484339e-02 5.912064707179263134e-01
9.919999999998918838e+01 2.470484779094316019e-02 5.843187796403931378e-01
9.929999999998916849e+01 3.509645301344675727e-02 5.760200256759001602e-01
9.939999999998916280e+01 4.724547831304843487e-02 5.663473427298456597e-01
9.949999999998915712e+01 6.110739486033145429e-02 5.553449030342930692e-01
9.959999999998913722e+01 7.662879292362829997e-02 5.430637431709331997e-01
9.969999999998913154e+01 9.374757759539611990e-02 5.295615540154311462e-01
9.979999999998912585e+01 1.123932139084394960e-01 5.149024353508826479e-01
9.989999999998910596e+01 1.324870205813272472e-01 4.991566161095294385e-01
