1.000000000000000000e+00 2.000000000000000000e+00 0.000000000000000000e+00
1.099999999999988987e+00 1.997600966874729655e+00 1.999200209346430838e-03
1.199999999999977973e+00 1.990415468864733528e+00 7.987208602098817833e-03
1.299999999999966960e+00 1.978478277131210605e+00 1.793529506677271970e-02
1.399999999999955946e+00 1.961847200544887038e+00 3.179573131186940599e-02
1.499999999999944933e+00 1.940602833259918114e+00 4.950202323254965231e-02
1.599999999999933920e+00 1.914848181181191933e+00 7.096923502035895615e-02
1.699999999999922906e+00 1.884708168358574021e+00 9.609440357365871266e-02
1.799999999999911893e+00 1.850329025365287761e+00 1.247570412540366241e-01
1.899999999999900879e+00 1.811877562753554383e+00 1.568197245295402664e-01
1.999999999999889866e+00 1.769540333696562939e+00 1.921287655546967121e-01
2.099999999999878852e+00 1.723522690904224053e+00 2.305149632653663572e-01
2.199999999999867839e+00 1.674047743802382637e+00 2.717944301191019263e-01
2.299999999999856826e+00 1.621355222783126715e+00 3.157694901931624165e-01
2.399999999999845812e+00 1.565700258029209868e+00 3.622296439673459711e-01
2.499999999999834799e+00 1.507352080989318166e+00 4.109525947701790916e-01
2.599999999999823785e+00 1.446592657012042649e+00 4.617053315579269790e-01
2.699999999999812772e+00 1.383715257938554100e+00 5.142452624275692941e-01
2.799999999999801759e+00 1.319022983603610033e+00 5.683213930381001422e-01
2.899999999999790745e+00 1.252827241216582399e+00 6.236755439283582225e-01
2.999999999999779732e+00 1.185446191497735002e+00 6.800436005749050938e-01
3.099999999999768718e+00 1.117203170247651478e+00 7.371567899250033307e-01
3.199999999999757705e+00 1.048425093761431670e+00 7.947429770695142448e-01
3.299999999999746692e+00 9.794408561715467476e-01 8.525279756809150955e-01
3.399999999999735678e+00 9.105797264535988589e-01 9.102368658353162667e-01
3.499999999999724665e+00 8.421697524729012674e-01 9.675953128535058623e-01
3.599999999999713651e+00 7.745361791087393977e-01 1.024330880842216684e+00
3.699999999999702638e+00 7.079998871915773595e-01 1.080174334682113324e+00
3.799999999999691624e+00 6.428758597251275075e-01 1.134860924291548834e+00
3.899999999999680611e+00 5.794716816683372906e-01 1.188131645105710676e+00
3.999999999999669598e+00 5.180860794003626646e-01 1.239734468828411096e+00
4.099999999999658584e+00 4.590075059039548933e-01 1.289425538660028625e+00
4.199999999999647571e+00 4.025127776489188514e-01 1.336970323362030033e+00
4.299999999999636557e+00 3.488657691407559547e-01 1.382144724703374017e+00
4.399999999999625544e+00 2.983161710894741692e-01 1.424736133035951591e+00
4.499999999999614531e+00 2.510983181383585339e-01 1.464544425970771613e+00
4.599999999999603517e+00 2.074300920438214013e-01 1.501382905382668831e+00
4.699999999999592504e+00 1.675119060985650887e-01 1.535079168248659087e+00
4.799999999999581490e+00 1.315257764186980871e-01 1.565475907133532241e+00
4.899999999999570477e+00 9.963448545608043216e-02 1.592431636470308387e+00
4.999999999999559464e+00 7.198084273549541778e-02 1.615821341155067037e+00
5.099999999999548450e+00 4.868704734820701596e-02 1.635537044364804071e+00
5.199999999999537437e+00 2.985415615464109135e-02 1.651488291926941576e+00
5.299999999999526423e+00 1.556166096614931653e-02 1.663602551021084119e+00
5.399999999999515410e+00 5.867177198819959090e-03 1.671825521448320861e+00
5.499999999999504396e+00 8.062456379878121327e-04 1.676121358194565980e+00
5.599999999999493383e+00 3.922480411401585432e-04 1.676472804498737812e+00
5.699999999999482370e+00 4.616436364118692466e-03 1.672881235139813905e+00
5.799999999999471356e+00 1.344807444784004540e-02 1.665366610152342997e+00
5.899999999999460343e+00 2.683469007788545635e-02 1.653967339670659342e+00
5.999999999999449329e+00 4.470243445429288032e-02 1.638740061084720034e+00
6.099999999999438316e+00 6.695654530839528773e-02 1.619759330146854692e+00
6.199999999999427303e+00 9.348190919908258567e-02 1.597117228117779675e+00
6.299999999999416289e+00 1.241437179282358222e-01 1.570922887442496974e+00
6.399999999999405276e+00 1.587882135461879674e-01 1.541301938843270047e+00
6.499999999999394262e+00 1.972435160759458128e-01 1.508395883057019882e+00
6.599999999999383249e+00 2.393205278701740768e-01 1.472361390774503009e+00
6.699999999999372235e+00 2.848139084171235624e-01 1.433369534615392515e+00
6.799999999999361222e+00 3.335031134201653646e-01 1.391604957234910511e+00
6.899999999999350209e+00 3.851534920700092068e-01 1.347264979873808333e+00
6.999999999999339195e+00 4.395174365895662683e-01 1.300558655858674584e+00
7.099999999999328182e+00 4.963355783333264770e-01 1.251705773726342175e+00
7.199999999999317168e+00 5.553380249431524307e-01 1.200935814790715206e+00
7.299999999999306155e+00 6.162456332762610289e-01 1.148486870088483158e+00
7.399999999999295142e+00 6.787713130079818802e-01 1.094604521748216541e+00
7.499999999999284128e+00 7.426213559529050157e-01 1.039540693916656489e+00
7.599999999999273115e+00 8.074967862324345935e-01 9.835524784475629945e-01
7.699999999999262101e+00 8.730947264348394299e-01 9.269009406251158545e-01
7.799999999999251088e+00 9.391097748621175523e-01 8.698499102439973818e-01
7.899999999999240075e+00 1.005235388847003364e+00 8.126647634055642611e-01
7.999999999999229061e+00 1.071165268953052196e+00 7.556112004204538213e-01
8.099999999999218048e+00 1.136594738663330828e+00 6.989540252148581656e-01
8.199999999999207034e+00 1.201222113934403701e+00 6.429559316380284439e-01
8.299999999999196021e+00 1.264750056762721009e+00 5.878763020441705178e-01
8.399999999999185007e+00 1.326886906701131741e+00 5.339700234787007060e-01
8.499999999999173994e+00 1.387347984107577759e+00 4.814863267306480066e-01
8.599999999999162981e+00 1.445856858804416722e+00 4.306676534222118602e-01
8.699999999999151967e+00 1.502146577826806384e+00 3.817485561824852658e-01
8.799999999999140954e+00 1.555960846017930610e+00 3.349546368054068801e-01
8.899999999999129940e+00 1.607055153435770656e+00 2.905015271102621144e-01
8.999999999999118927e+00 1.655197843838871696e+00 2.485939170147267452e-01
9.099999999999107914e+00 1.700171118942649828e+00 2.094246340933065276e-01
9.199999999999096900e+00 1.741771973652142425e+00 1.731737786292770476e-01
9.299999999999085887e+00 1.779813058091267219e+00 1.400079178805475888e-01
9.399999999999074873e+00 1.814123462911998885e+00 1.100793429719701261e-01
9.499999999999063860e+00 1.844549425091511319e+00 8.352539150111910893e-02
9.599999999999052847e+00 1.870954952156849593e+00 6.046783860805972355e-02
9.699999999999041833e+00 1.893222363503497707e+00 4.101235891480824874e-02
9.799999999999030820e+00 1.911252748168098758e+00 2.524806139228277443e-02
9.899999999999019806e+00 1.924966339041607188e+00 1.324709886595341890e-02
9.999999999999008793e+00 1.934302804065430426e+00 5.064353529344865421e-03
1.009999999999899778e+01 1.939221455401217709e+00 7.371995009801710986e-04
1.019999999999898677e+01 1.939701377907489643e+00 2.853431370711818470e-04
1.029999999999897575e+01 1.935741478486383338e+00 3.710741501427060069e-03
1.039999999999896474e+01 1.927360457973614993e+00 1.099759909614656320e-02
1.049999999999895373e+01 1.914596707254226260e+00 2.211244267170746347e-02
1.059999999999894271e+01 1.897508129200489613e+00 3.700427366212493546e-02
1.069999999999893170e+01 1.876171887865874188e+00 5.560479752827261757e-02
1.079999999999892069e+01 1.850684086159502195e+00 7.782872903811909049e-02
1.089999999999890967e+01 1.821159372983831570e+00 1.035741722639114959e-01
1.099999999999889866e+01 1.787730480582121917e+00 1.327230738303170621e-01
1.109999999999888765e+01 1.750547692634087715e+00 1.651417477018569391e-01
1.119999999999887663e+01 1.709778243476201887e+00 2.006814695497465828e-01
1.129999999999886562e+01 1.665605648749193257e+00 2.391791384852568203e-01
1.139999999999885461e+01 1.618228967783125416e+00 2.804580036885118699e-01
1.149999999999884359e+01 1.567861998151808933e+00 3.243284531956738270e-01
1.159999999999883258e+01 1.514732403065440769e+00 3.705888618357869868e-01
1.169999999999882156e+01 1.459080772614339327e+00 4.190264950307150960e-01
1.179999999999881055e+01 1.401159620338708889e+00 4.694184648903957369e-01
1.189999999999879954e+01 1.341232317156000109e+00 5.215327347531654167e-01
1.199999999999878852e+01 1.279571965307089831e+00 5.751291680407238927e-01
1.209999999999877751e+01 1.216460215686915314e+00 6.299606170243952086e-01
1.219999999999876650e+01 1.152186032646886460e+00 6.857740468367267139e-01
1.229999999999875548e+01 1.087044411094202800e+00 7.423116898150312615e-01
1.239999999999874447e+01 1.021335051432022745e+00 7.993122250391139216e-01
1.249999999999873346e+01 9.553609985480574496e-01 8.565119777226190001e-01
1.259999999999872244e+01 8.894272516586689825e-01 9.136461329451573965e-01
1.269999999999871143e+01 8.238393523215115088e-01 9.704499580770853395e-01
1.279999999999870042e+01 7.589019583207883279e-01 1.026660028139291914e+00
1.289999999999868940e+01 6.949174114102405486e-01 1.082015448281751002e+00
1.299999999999867839e+01 6.321843070429432609e-01 1.136259067533787803e+00
1.309999999999866738e+01 5.709960742422715008e-01 1.189138677992528370e+00
1.319999999999865636e+01 5.116395736712565645e-01 1.240408193672010606e+00
1.329999999999864535e+01 4.543937217453971611e-01 1.289828803319174044e+00
1.339999999999863434e+01 3.995281483331595274e-01 1.337170091631242119e+00
1.349999999999862332e+01 3.473018952023516071e-01 1.382211123467219860e+00
1.359999999999861231e+01 2.979621619294898216e-01 1.424741485830061105e+00
1.369999999999860130e+01 2.517431055088194536e-01 1.464562282611522326e+00
1.379999999999859028e+01 2.088646993995444123e-01 1.501487077329662689e+00
1.389999999999857927e+01 1.695316572507127306e-01 1.535342779339891273e+00
1.399999999999856826e+01 1.339324260633804886e-01 1.565970469280151045e+00
1.409999999999855724e+01 1.022382530964576902e-01 1.593226159786839347e+00
1.419999999999854623e+01 7.460233041007119370e-02 1.616981487829866282e+00
1.429999999999853522e+01 5.115902056978421236e-02 1.637124335305543799e+00
1.439999999999852420e+01 3.202316670882546928e-02 1.653559374859835618e+00
1.449999999999851319e+01 1.728948985981564740e-02 1.666208538222323288e+00
1.459999999999850218e+01 7.032076215571823365e-03 1.675011404674386029e+00
1.469999999999849116e+01 1.303956750917548190e-03 1.679925507604359325e+00
1.479999999999848015e+01 1.367814223055028406e-04 1.680926557456017267e+00
1.489999999999846914e+01 3.540589947098435070e-03 1.678008579723581084e+00
1.499999999999845812e+01 1.150368093664846762e-02 1.671183967014828520e+00
1.509999999999844711e+01 2.399258090512988717e-02 1.660483444571129619e+00
1.519999999999843610e+01 4.095211438918504310e-02 1.645955949012227304e+00
1.529999999999842508e+01 6.230557608398364783e-02 1.627668420467552446e+00
1.539999999999841407e+01 8.795500552431982644e-02 1.605705508642102597e+00
1.549999999999840306e+01 1.177815644131526146e-01 1.580169193777208214e+00
1.559999999999839204e+01 1.516460162257591560e-01 1.551178323864528918e+00
1.569999999999838103e+01 1.893893072004251277e-01 1.518868069889878658e+00
1.579999999999837001e+01 2.308332472728125695e-01 1.483389301286446305e+00
1.589999999999835900e+01 2.757812889319687377e-01 1.444907884192159875e+00
1.599999999999834799e+01 3.240194013798069483e-01 1.403603905504628324e+00
1.609999999999833875e+01 3.753170367779224414e-01 1.359670826121261999e+00
1.619999999999832596e+01 4.294281847756108439e-01 1.313314567137556343e+00
1.629999999999831317e+01 4.860925109414140910e-01 1.264752533142653013e+00
1.639999999999830393e+01 5.450365741812728260e-01 1.214212577102433910e+00
1.649999999999829470e+01 6.059751177216035067e-01 1.161931911647437810e+00
1.659999999999828191e+01 6.686124277755459699e-01 1.108155971893797886e+00
1.669999999999826912e+01 7.326437535958195690e-01 1.053137235202798339e+00
1.679999999999825988e+01 7.977567822490035931e-01 9.971340035429773208e-01
1.689999999999825064e+01 8.636331611208335479e-01 9.404091543438461986e-01
1.699999999999823785e+01 9.299500608796976708e-01 8.832288659291924748e-01
1.709999999999822506e+01 9.963817713723502889e-01 8.258613237862847400e-01
1.719999999999821583e+01 1.062601322708357499e+00 7.685754140657085065e-01
1.729999999999820659e+01 1.128282123588631114e+00 7.116394108144732389e-01
1.739999999999819380e+01 1.193099608749887741e+00 6.553196635209724841e-01
1.749999999999818101e+01 1.256732887229072837e+00 5.998792915986580487e-01
1.759999999999817177e+01 1.318866382989310138e+00 5.455768924458235247e-01
1.769999999999816254e+01 1.379191459299809353e+00 4.926652697053927610e-01
1.779999999999814975e+01 1.437408018124160858e+00 4.413901882946643651e-01
1.789999999999813696e+01 1.493226065655569368e+00 3.919891626931380491e-01
1.799999999999812772e+01 1.546367235044272759e+00 3.446902848572001021e-01
1.809999999999811848e+01 1.596566257310890302e+00 2.997110979765383876e-01
1.819999999999810569e+01 1.643572371440201518e+00 2.572575220978807198e-01
1.829999999999809290e+01 1.687150664706585923e+00 2.175228374132845421e-01
1.839999999999808367e+01 1.727083334432329531e+00 1.806867307445387538e-01
1.849999999999807443e+01 1.763170862602258193e+00 1.469144104528326278e-01
1.859999999999806164e+01 1.795233095101246734e+00 1.163557946589062198e-01
1.869999999999804885e+01 1.823110217784314591e+00 8.914477728126936340e-02
1.879999999999803961e+01 1.846663622152760809e+00 6.539857598258494442e-02
1.889999999999803038e+01 1.865776654093991294e+00 4.521716566479477839e-02
1.899999999999801759e+01 1.880355239939510037e+00 2.868280067128927552e-02
1.909999999999800480e+01 1.890328385000454636e+00 1.585962834389661319e-02
1.919999999999799556e+01 1.895648540742187249e+00 6.793396047946383999e-03
1.929999999999798632e+01 1.896291837840494043e+00 1.511253224509300202e-03
1.939999999999797353e+01 1.892258183498572999e+00 2.164946070756829544e-05
1.949999999999796074e+01 1.883571222579934146e+00 2.314328992200807671e-03
1.959999999999795151e+01 1.870278163295449714e+00 8.360421472784630714e-03
1.969999999999794227e+01 1.852449469352390077e+00 1.811262827038926868e-02
1.979999999999792948e+01 1.830178421601299732e+00 3.150550298274505667e-02
1.989999999999791669e+01 1.803580553275827780e+00 4.845582431528033113e-02
1.999999999999790745e+01 1.772792963899930019e+00 6.886305893381075571e-02
2.009999999999789821e+01 1.737973517801606693e+00 9.260991140010130240e-02
2.019999999999788542e+01 1.699299933928068551e+00 1.195629578233273344e-01
2.029999999999787264e+01 1.656968774274468759e+00 1.495733594187537707e-01
2.039999999999786340e+01 1.611194338738755061e+00 1.824776517581333524e-01
2.049999999999785416e+01 1.562207474565521004e+00 2.180986051274042270e-01
2.059999999999784137e+01 1.510254308788360644e+00 2.562461510758560768e-01
2.069999999999782858e+01 1.455594912201410462e+00 2.967183699485057002e-01
2.079999999999781934e+01 1.398501903410762859e+00 3.393025339377097049e-01
2.089999999999781011e+01 1.339259001465197052e+00 3.837761999724608186e-01
2.099999999999779732e+01 1.278159535439385097e+00 4.299083465805341731e-01
2.109999999999778453e+01 1.215504919172089915e+00 4.774605487088047773e-01
2.119999999999777529e+01 1.151603099172750833e+00 5.261881843705219497e-01
2.129999999999776605e+01 1.086766983495458305e+00 5.758416668994343901e-01
2.139999999999775326e+01 1.021312859183271193e+00 6.261676965323823563e-01
2.149999999999774047e+01 9.555588056920720774e-01 6.769105250079828773e-01
2.159999999999773124e+01 8.898231115385358825e-01 7.278132268638853875e-01
2.169999999999772200e+01 8.244227012735223514e-01 7.786189711323332485e-01
2.179999999999770921e+01 7.596715797651698576e-01 8.290722871750390022e-01
2.189999999999769642e+01 6.958793006766171851e-01 8.789203184692381265e-01
2.199999999999768718e+01 6.333494659393371640e-01 9.279140582439556750e-01
2.209999999999767795e+01 5.723782629411292566e-01 9.758095609868553399e-01
2.219999999999766516e+01 5.132530460546089746e-01 1.022369123982304062e+00
2.229999999999765237e+01 4.562509690214592295e-01 1.067362433211931805e+00
2.239999999999764313e+01 4.016376745603323917e-01 1.110567668144373910e+00
2.249999999999763389e+01 3.496660473743644082e-01 1.151772560165513548e+00
2.259999999999762110e+01 3.005750364909564043e-01 1.190775399649127708e+00
2.269999999999760831e+01 2.545885525576060959e-01 1.227385986947401308e+00
2.279999999999759908e+01 2.119144453473472967e-01 1.261426522881294643e+00
2.289999999999758984e+01 1.727435662917866099e-01 1.292732434640464279e+00
2.299999999999757705e+01 1.372489203610074426e-01 1.321153133349036501e+00
2.309999999999756426e+01 1.055849110574609145e-01 1.346552699927088481e+00
2.319999999999755502e+01 7.788668169342584380e-02 1.368810496260755016e+00
2.329999999999754579e+01 5.426955549049256033e-02 1.387821699096128514e+00
2.339999999999753300e+01 3.482857638972936681e-02 1.403497754483715054e+00
2.349999999999752021e+01 1.963815180740386551e-02 1.415766751016555025e+00
2.359999999999751097e+01 8.751797927957789131e-03 1.424573710528978188e+00
2.369999999999750173e+01 2.201987507906094221e-03 1.429880795340070287e+00
2.379999999999748894e+01 9.958386257781399632e-08 1.431667431545649460e+00
2.389999999999747615e+01 2.136469945461893019e-03 1.429930348274520702e+00
2.399999999999746692e+01 8.580540756539124098e-03 1.424683533222807164e+00
2.409999999999745768e+01 1.928110728991086140e-02 1.415958105174047077e+00
2.419999999999744489e+01 3.416665938296114396e-02 1.403802104590444744e+00
2.429999999999743210e+01 5.314581492024215981e-02 1.388280203720912542e+00
2.439999999999742286e+01 7.610784239955090125e-02 1.369473338027966447e+00
2.449999999999741362e+01 1.029232694308443441e-01 1.347478261064816385e+00
2.459999999999740083e+01 1.334445738424005767e-01 1.322407025258907076e+00
2.469999999999738804e+01 1.675069539138756558e-01 1.294386391360605737e+00
2.479999999999737881e+01 2.049291741088843932e-01 1.263557169617010478e+00
2.489999999999736957e+01 2.455144825289507504e-01 1.230073496000691602e+00
2.499999999999735678e+01 2.890515961452137517e-01 1.194102047100548569e+00
2.509999999999734399e+01 3.353157496756081213e-01 1.155821197533401623e+00
2.519999999999733475e+01 3.840698037571488310e-01 1.115420123975870981e+00
2.529999999999732552e+01 4.350654078137976555e-01 1.073097860153846561e+00
2.539999999999731273e+01 4.880442127391936835e-01 1.029062307335305571e+00
2.549999999999729994e+01 5.427391282057840716e-01 9.835292050800343855e-01
2.559999999999729070e+01 5.988756190834174653e-01 9.367210671841594838e-01
2.569999999999728146e+01 6.561730351147799789e-01 8.888660879238577950e-01
2.579999999999726867e+01 7.143459676596433106e-01 8.401970238501262900e-01
2.589999999999725588e+01 7.731056270043207279e-01 7.909500565114726545e-01
2.599999999999724665e+01 8.321612334509599362e-01 7.413636415798849910e-01
2.609999999999723741e+01 8.912214151614563651e-01 6.916773499277115711e-01
2.619999999999722462e+01 9.499956055631795238e-01 6.421307062455703374e-01
2.629999999999721183e+01 1.008195433018045373e+00 5.929620308030839615e-01
2.639999999999720259e+01 1.065536095445125175e+00 5.444072899338097127e-01
2.649999999999719336e+01 1.121737712657282948e+00 4.966989607727164135e-01
2.659999999999718057e+01 1.176526649341635977e+00 4.500649156867606582e-01
2.669999999999716778e+01 1.229636801865907847e+00 4.047273317211211308e-01
2.679999999999715854e+01 1.280810842441072461e+00 3.609016302335703030e-01
2.689999999999714930e+01 1.329801414583890118e+00 3.187954517081763028e-01
2.699999999999713651e+01 1.376372274306636667e+00 2.786076705336453241e-01
2.709999999999712372e+01 1.420299371996731619e+00 2.405274542988238839e-01
2.719999999999711449e+01 1.461371870501676051e+00 2.047333719050925815e-01
2.729999999999710525e+01 1.499393095522009167e+00 1.713925545238204617e-01
2.739999999999709246e+01 1.534181414976040214e+00 1.406599131409103642e-01
2.749999999999707967e+01 1.565571044553153213e+00 1.126774161331308283e-01
2.759999999999707043e+01 1.593412777184310292e+00 8.757343001499851010e-02
2.769999999999706120e+01 1.617574634612873208e+00 6.546212618412659834e-02
2.779999999999704841e+01 1.637942439654698212e+00 4.644295617923511338e-02
2.789999999999703562e+01 1.654420308064894041e+00 3.060019764990174959e-02
2.799999999999702638e+01 1.666931059190934317e+00 1.800257292334351764e-02
2.809999999999701714e+01 1.675416544796096252e+00 8.702941740800104048e-03
2.819999999999700435e+01 1.679837895568544681e+00 2.738069425233520798e-03
2.829999999999699156e+01 1.680175684915049095e+00 1.284714333854564388e-04
2.839999999999698233e+01 1.676430009695087264e+00 8.783349374765741634e-04
2.849999999999697309e+01 1.668620487559675736e+00 4.975517774878470030e-03
2.859999999999696030e+01 1.656786170589269247e+00 1.239162479646870214e-02
2.869999999999694751e+01 1.640985374931886343e+00 2.308216133523911459e-02
2.879999999999693827e+01 1.621295426206533996e+00 3.698676320490279501e-02
2.889999999999692903e+01 1.597812320509903294e+00 5.402950232291645755e-02
2.899999999999691624e+01 1.570650301009308025e+00 7.411926673292557055e-02
2.909999999999690345e+01 1.539941350310193080e+00 9.715021347778197980e-02
2.919999999999689422e+01 1.505834599044167943e+00 1.230022924465488665e-01
2.929999999999688498e+01 1.468495651476593666e+00 1.515418389876488081e-01
2.939999999999687219e+01 1.428105829339855859e+00 1.826222327469942952e-01
2.949999999999685940e+01 1.384861335574784746e+00 2.160846198567542842e-01
2.959999999999685016e+01 1.338972340207555956e+00 2.517586952684863211e-01
2.969999999999684093e+01 1.290661991167817879e+00 2.894635416981083953e-01
2.979999999999682814e+01 1.240165353477668653e+00 3.290085213310199874e-01
2.989999999999681535e+01 1.187728280879906562e+00 3.701942161279718757e-01
2.999999999999680611e+01 1.133606224616414471e+00 4.128134122794392402e-01
3.009999999999679687e+01 1.078062984696600335e+00 4.566521240806408199e-01
3.019999999999678408e+01 1.021369409596947220e+00 5.014906522464118721e-01
3.029999999999677129e+01 9.638020508911419038e-01 5.471046714558217561e-01
3.039999999999676206e+01 9.056417798078253423e-01 5.932663417154501184e-01
3.049999999999675282e+01 8.471723731525321321e-01 6.397454379594526008e-01
3.059999999999674003e+01 7.886790763843656293e-01 6.863104921647475987e-01
3.069999999999672724e+01 7.304471519217311526e-01 7.327299421565228732e-01
3.079999999999671800e+01 6.727604209493742715e-01 7.787732812080911948e-01
3.089999999999670877e+01 6.158998071130109553e-01 8.242122025069895663e-01
3.099999999999669598e+01 5.601418905283231942e-01 8.688217325588575290e-01
3.109999999999668319e+01 5.057574804922259082e-01 9.123813476421706037e-01
3.119999999999667395e+01 4.530102151792463339e-01 9.546760674983912898e-01
3.129999999999666471e+01 4.021551964388281886e-01 9.954975205491419787e-01
3.139999999999665192e+01 3.534376675866917616e-01 1.034644975077298801e+00
3.149999999999663913e+01 3.070917418142150579e-01 1.071926330977784447e+00
3.159999999999662990e+01 2.633391885289057543e-01 1.107159066891663102e+00
3.169999999999662066e+01 2.223882845912012463e-01 1.140171137769939724e+00
3.179999999999660787e+01 1.844327370346255934e-01 1.170801818173418107e+00
3.189999999999659508e+01 1.496506834489578219e-01 1.198902486905355724e+00
3.199999999999658584e+01 1.182037757700609426e-01 1.224337348884427579e+00
3.209999999999657661e+01 9.023635275861693894e-02 1.246984090500071307e+00
3.219999999999656382e+01 6.587470596058707384e-02 1.266734465053444225e+00
3.229999999999655103e+01 4.522644342338427714e-02 1.283494805259588256e+00
3.239999999999653824e+01 2.837995489439077562e-02 1.297186460186360080e+00
3.249999999999653255e+01 1.540398164876912411e-02 1.307746154412939843e+00
3.259999999999651976e+01 6.347293482901884658e-03 1.315126267621954170e+00
3.269999999999650697e+01 1.238474768111039875e-03 1.319295033271973061e+00
3.279999999999650129e+01 8.582078809203043856e-05 1.320236655450004681e+00
3.289999999999648850e+01 2.877344886744933987e-03 1.317951343452820501e+00
3.299999999999647571e+01 9.580896235281306794e-03 1.312455264111009434e+00
3.309999999999646292e+01 2.014438729558300917e-02 1.303780412322348425e+00
3.319999999999645013e+01 3.449612931887621053e-02 1.291974400723269856e+00
3.329999999999644444e+01 5.254527348431192735e-02 1.277100169875061697e+00
3.339999999999643165e+01 7.418235456157416807e-02 1.259235620784120657e+00
3.349999999999641886e+01 9.927993328590628552e-02 1.238473172005923884e+00
3.359999999999641318e+01 1.276933329739859124e-01 1.214919243990143061e+00
3.369999999999640039e+01 1.592614652960787913e-01 1.188693673721121336e+00
3.379999999999638760e+01 1.938077395619630383e-01 1.159929063077334455e+00
3.389999999999637481e+01 2.311410493856680681e-01 1.128770064673687346e+00
3.399999999999636202e+01 2.710568301716848039e-01 1.095372609273631115e+00
3.409999999999635634e+01 3.133381805181128521e-01 1.059903079137755277e+00
3.419999999999634355e+01 3.577570403640487617e-01 1.022537431936595409e+00
3.429999999999633076e+01 4.040754185153918598e-01 9.834602800740716022e-01
3.439999999999632507e+01 4.520466620681432568e-01 9.428639304610434424e-01
3.449999999999631228e+01 5.014167602022153725e-01 9.009473899320079582e-01
3.459999999999629949e+01 5.519256748392836753e-01 8.579153416240359320e-01
3.469999999999628670e+01 6.033086907350680983e-01 8.139770977281254316e-01
3.479999999999627391e+01 6.552977777050543740e-01 7.693455340809084442e-01
3.489999999999626823e+01 7.076229578480518478e-01 7.242360120985880112e-01
3.499999999999625544e+01 7.600136708365914373e-01 6.788652935511559905e-01
3.509999999999624265e+01 8.122001305629934498e-01 6.334504536513734241e-01
3.519999999999623697e+01 8.639146666739492275e-01 5.882077978794932882e-01
3.529999999999622418e+01 9.148930447791440157e-01 5.433517878874920548e-01
3.539999999999621139e+01 9.648757593752844697e-01 4.990939817247242449e-01
3.549999999999619860e+01 1.013609293789577093e+00 4.556419935076110317e-01
3.559999999999618581e+01 1.060847341710962066e+00 4.131984775099282192e-01
3.569999999999618012e+01 1.106351985139055971e+00 3.719601414900352565e-01
3.579999999999616733e+01 1.149894823848497838e+00 3.321167938890148830e-01
3.589999999999615454e+01 1.191258051738706358e+00 2.938504293363145559e-01
3.599999999999614886e+01 1.230235475713461035e+00 2.573343566830988416e-01
3.609999999999613607e+01 1.266633473026113954e+00 2.227323735537649341e-01
3.619999999999612328e+01 1.300271883322729138e+00 1.901979911591674122e-01
3.629999999999611049e+01 1.330984831928755829e+00 1.598737128557571052e-01
3.639999999999609770e+01 1.358621481255340546e+00 1.318903696623917599e-01
3.649999999999609201e+01 1.383046707541808695e+00 1.063665156615893892e-01
3.659999999999607923e+01 1.404141700509943247e+00 8.340788591777949235e-02
3.669999999999606644e+01 1.421804483869443914e+00 6.310691924077835302e-02
3.679999999999606075e+01 1.435950354996268219e+00 4.554234781156607514e-02
3.689999999999604796e+01 1.446512242471829301e+00 3.077885537010305317e-02
3.699999999999603517e+01 1.453440980558170947e+00 1.886680534308689955e-02
3.709999999999602238e+01 1.456705500037168255e+00 9.842039965395359483e-03
3.719999999999600959e+01 1.456292935204501093e+00 3.725751123493531176e-03
3.729999999999600391e+01 1.452208647127917418e+00 5.244233241449530562e-04
3.739999999999599112e+01 1.444476163598078067e+00 2.298488687470335115e-04
3.749999999999597833e+01 1.433137036468872472e+00 2.819214993538210045e-03
3.759999999999597264e+01 1.418250617342118769e+00 8.255262420000608267e-03
3.769999999999595985e+01 1.399893752769946875e+00 1.648651444869328464e-02
3.779999999999594706e+01 1.378160400343858116e+00 2.744757542406423695e-02
3.789999999999593427e+01 1.353161167218195349e+00 4.105949709793669383e-02
3.799999999999592148e+01 1.325022772770920065e+00 5.723021112530154997e-02
3.809999999999591580e+01 1.293887437258795625e+00 7.585502563816440280e-02
3.819999999999590301e+01 1.259912198474322675e+00 9.681718356094200229e-02
3.829999999999589022e+01 1.223268158580624876e+00 1.199884800546502511e-01
3.839999999999588454e+01 1.184139663476346138e+00 1.452299362068122934e-01
3.849999999999587175e+01 1.142723417260188334e+00 1.723925258189069887e-01
3.859999999999585896e+01 1.099227534610691004e+00 2.013179518858701500e-01
3.869999999999584617e+01 1.053870534185396446e+00 2.318394691096627991e-01
3.879999999999583338e+01 1.006880276479785952e+00 2.637827485462697075e-01
3.889999999999582769e+01 9.584928499642226818e-01 2.969667802510582710e-01
3.899999999999581490e+01 9.089514097404890469e-01 3.312048095634460565e-01
3.909999999999580211e+01 8.585049734174822200e-01 3.663053024627055954e-01
3.919999999999579643e+01 8.074071793909606276e-01 4.020729352305069670e-01
3.929999999999578364e+01 7.559150132146899015e-01 4.383096034805422647e-01
3.939999999999577085e+01 7.042875082525467123e-01 4.748154454596323903e-01
3.949999999999575806e+01 6.527844272852727503e-01 5.113898743939891967e-01
3.959999999999574527e+01 6.016649322027507463e-01 5.478326145505656442e-01
3.969999999999573959e+01 5.511862493119732420e-01 5.839447356116295174e-01
3.979999999999572680e+01 5.016023381262981751e-01 6.195296799188196868e-01
3.989999999999571401e+01 4.531625717485483484e-01 6.543942771416478843e-01
3.999999999999570832e+01 4.061104371140520364e-01 6.883497409553279711e-01
4.009999999999569553e+01 3.606822633968585490e-01 7.212126423878534309e-01
4.019999999999568274e+01 3.171059868108177526e-01 7.528058546058674638e-01
4.029999999999566995e+01 2.755999598382892213e-01 7.829594640588611876e-01
4.039999999999565716e+01 2.363718126089731641e-01 8.115116430912506784e-01
4.049999999999565148e+01 1.996173737222307065e-01 8.383094793563959923e-01
4.059999999999563869e+01 1.655196572784800035e-01 8.632097576253113802e-01
4.069999999999562590e+01 1.342479222655369175e-01 8.860796898738957372e-01
4.079999999999562021e+01 1.059568097548662796e-01 9.067975898506656085e-01
4.089999999999560742e+01 8.078556261758983170e-02 9.252534886671374137e-01
4.099999999999559464e+01 5.885733169316158947e-02 9.413496883139615967e-01
4.109999999999558185e+01 4.027857155500220998e-02 9.550012503816286413e-01
4.119999999999556906e+01 2.513852823852146673e-02 9.661364176475060184e-01
4.129999999999556337e+01 1.350882054748560150e-02 9.746969665840583552e-01
4.139999999999555058e+01 5.443115850862327749e-03 9.806384892333037673e-01
4.149999999999553779e+01 9.769006391873078475e-04 9.839306032849772787e-01
4.159999999999553211e+01 1.273455364542882260e-04 9.845570895792783439e-01
4.169999999999551932e+01 2.893263967336450609e-03 9.825159566355828877e-01
4.179999999999550653e+01 9.255163261741477729e-03 9.778194321729675176e-01
4.189999999999549374e+01 1.917538663705237525e-02 9.704938819504602687e-01
4.199999999999548095e+01 3.259834422655201458e-02 9.605796565960995625e-01
4.209999999999547526e+01 4.945083111061517045e-02 9.481308674323090102e-01
4.219999999999546247e+01 6.964243014274985877e-02 9.332150926247876344e-01
4.229999999999544968e+01 9.306599723072396524e-02 9.159130152957002391e-01
4.239999999999544400e+01 1.195982266181086634e-01 8.963179955423926648e-01
4.249999999999543121e+01 1.491002935978459343e-01 8.745355785977572127e-01
4.259999999999541842e+01 1.814185719616685233e-01 8.506829416501339169e-01
4.269999999999540563e+01 2.163854233336327537e-01 8.248882821194338799e-01
4.279999999999539284e+01 2.538200553429989514e-01 7.972901504545578666e-01
4.289999999999538716e+01 2.935294453510865487e-01 7.680367307814323086e-01
4.299999999999537437e+01 3.353093261570096462e-01 7.372850729823187121e-01
4.309999999999536158e+01 3.789452297656888957e-01 7.052002800380147152e-01
4.319999999999535589e+01 4.242135849133051306e-01 6.719546546970188716e-01
4.329999999999534310e+01 4.708828636161995207e-01 6.377268097630195420e-01
4.339999999999533031e+01 5.187147715514536239e-01 6.027007465002838238e-01
4.349999999999531752e+01 5.674654766027547037e-01 5.670649058543804077e-01
4.359999999999530473e+01 6.168868694298269562e-01 5.310111973550196707e-01
4.369999999999529905e+01 6.667278494609709671e-01 4.947340107244202478e-01
4.379999999999528626e+01 7.167356292832051112e-01 4.584292153381297474e-01
4.389999999999527347e+01 7.666570500284201062e-01 4.222931527844181465e-01
4.399999999999526779e+01 8.162399000459453768e-01 3.865216278353186818e-01
4.409999999999525500e+01 8.652342289216905513e-01 3.513089031754356717e-01
4.419999999999524221e+01 9.133936487657765557e-01 3.168467032349181478e-01
4.429999999999522942e+01 9.604766146494487788e-01 2.833232324330792751e-01
4.439999999999521663e+01 1.006247676135297198e+00 2.509222130667376205e-01
4.449999999999521094e+01 1.050478692009803927e+00 2.198219479644787921e-01
4.459999999999519815e+01 1.092950000594866911e+00 1.901944128808977230e-01
4.469999999999518536e+01 1.133451538375832568e+00 1.622043834211686075e-01
4.479999999999517968e+01 1.171783900132893130e+00 1.360086010708204951e-01
4.489999999999516689e+01 1.207759334282977992e+00 1.117549826579436467e-01
4.499999999999515410e+01 1.241202667726457154e+00 8.958187729951654077e-02
4.509999999999514131e+01 1.271952155122705541e+00 6.961737458309924520e-02
4.519999999999512852e+01 1.299860248189248724e+00 5.197866741254125733e-02
4.529999999999512283e+01 1.324794281299089160e+00 3.677147260531336836e-02
4.539999999999511004e+01 1.346637070350853005e+00 2.408951197312357226e-02
4.549999999999509726e+01 1.365287422568171483e+00 1.401405624995140896e-02
4.559999999999509157e+01 1.380660555561943559e+00 6.613533855846371635e-03
4.569999999999507878e+01 1.392688424636479905e+00 1.943206103920383640e-03
4.579999999999506599e+01 1.401319957944460182e+00 4.491007485144070789e-05
4.589999999999505320e+01 1.406521199685254020e+00 9.468700006452410688e-04
4.599999999999504041e+01 1.408275362091549576e+00 4.663577619743039353e-03
4.609999999999503473e+01 1.406582787478197094e+00 1.119574159111029650e-02
4.619999999999502194e+01 1.401460822104257042e+00 2.053030568767649777e-02
4.629999999999500915e+01 1.392943604062672147e+00 3.264053513123490319e-02
4.639999999999500346e+01 1.381081767827597062e+00 4.748617008339867801e-02
4.649999999999499067e+01 1.365942068493048112e+00 6.501364497184716762e-02
4.659999999999497788e+01 1.347606929100977124e+00 8.515637200961377606e-02
4.669999999999496509e+01 1.326173914800130360e+00 1.078350869585429500e-01
4.679999999999495230e+01 1.301755137895865166e+00 1.329582548981477486e-01
4.689999999999494662e+01 1.274476598141094152e+00 1.604225334888651489e-01
4.699999999999493383e+01 1.244477462873874840e+00 1.901132909648746983e-01
4.709999999999492104e+01 1.211909291842365288e+00 2.219051758594462742e-01
4.719999999999491536e+01 1.176935211744462029e+00 2.556627352522939378e-01
4.729999999999490257e+01 1.139729045666131979e+00 2.912410781396645998e-01
4.739999999999488978e+01 1.100474402707103616e+00 3.284865803600200973e-01
4.749999999999487699e+01 1.059363733153977361e+00 3.672376273641458355e-01
4.759999999999486420e+01 1.016597354565599076e+00 4.073253909983823862e-01
4.769999999999485851e+01 9.723824541079019168e-01 4.485746363727942110e-01
4.779999999999484572e+01 9.269320723855757338e-01 4.908045548120286705e-01
4.789999999999483293e+01 8.804640738869763394e-01 5.338296188357845029e-01
4.799999999999482725e+01 8.332001089822244078e-01 5.774604550865664043e-01
4.809999999999481446e+01 7.853645721965666349e-01 6.215047311118462314e-01
4.819999999999480167e+01 7.371835612390847947e-01 6.657680519193128754e-01
4.829999999999478888e+01 6.888838409924985529e-01 7.100548622485607364e-01
4.839999999999477609e+01 6.406918163915936715e-01 7.541693505465909553e-01
4.849999999999477041e+01 5.928325178292649378e-01 7.979163506888691249e-01
4.859999999999475762e+01 5.455286024518120058e-01 8.411022375544092711e-01
4.869999999999474483e+01 4.989993744422732136e-01 8.835358126411951840e-01
4.879999999999473914e+01 4.534598271546954606e-01 9.250291759934183844e-01
4.889999999999472635e+01 4.091197097579822861e-01 9.653985808008535008e-01
4.899999999999471356e+01 3.661826208822358542e-01 1.004465267131802175e+00
4.909999999999470077e+01 3.248451316376380071e-01 1.042056271361126107e+00
4.919999999999468798e+01 2.852959402929745036e-01 1.078005207959596090e+00
4.929999999999468230e+01 2.477150608623455152e-01 1.112153020427320671e+00
4.939999999999466951e+01 2.122730478440778557e-01 1.144348698262874331e+00
4.949999999999465672e+01 1.791302593840539414e-01 1.174449956986790999e+00
4.959999999999465103e+01 1.484361611865511466e-01 1.202323878362715037e+00
4.969999999999463824e+01 1.203286735595509582e-01 1.227847508095541773e+00
4.979999999999462545e+01 9.493356404833890039e-02 1.250908408428133445e+00
4.989999999999461266e+01 7.236388817071313928e-02 1.271405163216544398e+00
4.999999999999459988e+01 5.271948080737218906e-02 1.289247833221574435e+00
5.009999999999459419e+01 3.608650081290460526e-02 1.304358359538591916e+00
5.019999999999458140e+01 2.253703138792685981e-02 1.316670913273803034e+00
5.029999999999456861e+01 1.212873868365962546e-02 1.326132189779890114e+00
5.039999999999456293e+01 4.904590992500360881e-03 1.332701645983578986e+00
5.049999999999455014e+01 8.926407095761602992e-04 1.336351679564468098e+00
5.059999999999453735e+01 1.058710306372992195e-04 1.337067748993802319e+00
5.069999999999452456e+01 2.542109083920843227e-03 1.334848433694016068e+00
5.079999999999451177e+01 8.184006882236621178e-03 1.329705433848175078e+00
5.089999999999450608e+01 1.699909113335013738e-02 1.321663509660531588e+00
5.099999999999449329e+01 2.893988256985802199e-02 1.310760360156229654e+00
5.109999999999448050e+01 4.394408506327776576e-02 1.297046441888904278e+00
5.119999999999447482e+01 6.193484438069855880e-02 1.280584728214754886e+00
5.129999999999446203e+01 8.282107603512561811e-02 1.261450410082789908e+00
5.139999999999444924e+01 1.064978612819742487e-01 1.239730539569753986e+00
5.149999999999443645e+01 1.328469099304697698e-01 1.215523617675443591e+00
5.159999999999442366e+01 1.617370882773923602e-01 1.188939128163251313e+00
5.169999999999441798e+01 1.930250101339649749e-01 1.160097019498018911e+00
5.179999999999440519e+01 2.265556886081240839e-01 1.129127137189529062e+00
5.189999999999439240e+01 2.621632460235325257e-01 1.096168609091954460e+00
5.199999999999438671e+01 2.996716791002432267e-01 1.061369186444565349e+00
5.209999999999437392e+01 3.388956762885321217e-01 1.024884543655888880e+00
5.219999999999436113e+01 3.796414839294978139e-01 9.868775400438660750e-01
5.229999999999434834e+01 4.217078177098229075e-01 9.475174469321726578e-01
5.239999999999433555e+01 4.648868156765356141e-01 9.069791436893652747e-01
5.249999999999432987e+01 5.089650288743999829e-01 8.654422864561157613e-01
5.259999999999431708e+01 5.537244454598369003e-01 8.230904534634644332e-01
5.269999999999430429e+01 5.989435439267445371e-01 7.801102709779103028e-01
5.279999999999429861e+01 6.443983708493493667e-01 7.366905240344253647e-01
5.289999999999428582e+01 6.898636383044254305e-01 6.930212562233455387e-01
5.299999999999427303e+01 7.351138358849278465e-01 6.492928628883838371e-01
5.309999999999426024e+01 7.799243519610185027e-01 6.056951821646336942e-01
5.319999999999424745e+01 8.240725985911013796e-01 5.624165883396717858e-01
5.329999999999424176e+01 8.673391342417715588e-01 5.196430920532106867e-01
5.339999999999422897e+01 9.095087782557029765e-01 4.775574518612493713e-01
5.349999999999421618e+01 9.503717108150844251e-01 4.363383016793970226e-01
5.359999999999421050e+01 9.897245520028363774e-01 3.961592985794147870e-01
5.369999999999419771e+01 1.027371413470028472e+00 3.571882953506241853e-01
5.379999999999418492e+01 1.063124916192464520e+00 3.195865421440662879e-01
5.389999999999417213e+01 1.096807167842002162e+00 2.835079213966438805e-01
5.399999999999415934e+01 1.128250693421284812e+00 2.490982200821347803e-01
5.409999999999415365e+01 1.157299313018978593e+00 2.164944431575124006e-01
5.419999999999414086e+01 1.183808960828135026e+00 1.858241718653791119e-01
5.429999999999412807e+01 1.207648439942166085e+00 1.572049703182335501e-01
5.439999999999412239e+01 1.228700107888144322e+00 1.307438435305997015e-01
5.449999999999410960e+01 1.246860488367349751e+00 1.065367497802967300e-01
5.459999999999409681e+01 1.262040805242907515e+00 8.466816987478012480e-02
5.469999999999408402e+01 1.274167435430056061e+00 6.521073557489878714e-02
5.479999999999407123e+01 1.283182277984025399e+00 4.822491908901919283e-02
5.489999999999406555e+01 1.289043037343952092e+00 3.375878519959487484e-02
5.499999999999405276e+01 1.291723419350886193e+00 2.184780722455819529e-02
5.509999999999403997e+01 1.291213239310912586e+00 1.251474765081900253e-02
5.519999999999403428e+01 1.287518441998295238e+00 5.769603910465579549e-03
5.529999999999402149e+01 1.280661034088668604e+00 1.609619404134312671e-03
5.539999999999400870e+01 1.270678930065852752e+00 1.935951406993078756e-05
5.549999999999399591e+01 1.257625713151025781e+00 9.708519934612137988e-04
5.559999999999398312e+01 1.241570313263763881e+00 4.423790771187010445e-03
5.569999999999397744e+01 1.222596604434784018e+00 1.032580187374333366e-02
5.579999999999396465e+01 1.200802924461972454e+00 1.861276984029812745e-02
5.589999999999395186e+01 1.176301519927131611e+00 2.920922269370708479e-02
5.599999999999394618e+01 1.149217919990892289e+00 4.202877323068299198e-02
5.609999999999393339e+01 1.119690242656401713e+00 5.697461410909121504e-02
5.619999999999392060e+01 1.087868437445959513e+00 7.394006393969787538e-02
5.629999999999390781e+01 1.053913468684502197e+00 9.280916133483345376e-02
5.639999999999389502e+01 1.017996443825720521e+00 1.134573036270066643e-01
5.649999999999388933e+01 9.802976914979414369e-01 1.357519267484331160e-01
5.659999999999387654e+01 9.410057941981507801e-01 1.595532225570260865e-01
5.669999999999386375e+01 9.003165808086962540e-01 1.847148897082164509e-01
5.679999999999385807e+01 8.584320843634035691e-01 2.110849140044620265e-01
5.689999999999384528e+01 8.155594707350097838e-01 2.385063740088725071e-01
5.699999999999383249e+01 7.719099441486059199e-01 2.668182675844696372e-01
5.709999999999381970e+01 7.276976356416126057e-01 2.958563549216334243e-01
5.719999999999380691e+01 6.831384807671130321e-01 3.254540135403750645e-01
5.729999999999380123e+01 6.384490929831362349e-01 3.554431007063466041e-01
5.739999999999378844e+01 5.938456392543838280e-01 3.856548186788273380e-01
5.749999999999377565e+01 5.495427244184198923e-01 4.159205782168842735e-01
5.759999999999376996e+01 5.057522908257409133e-01 4.460728558084687823e-01
5.769999999999375717e+01 4.626825396416402447e-01 4.759460401519645667e-01
5.779999999999374438e+01 4.205368799997641349e-01 5.053772635189762719e-01
5.789999999999373159e+01 3.795129119206107071e-01 5.342072137481591598e-01
5.799999999999371880e+01 3.398014485577590671e-01 5.622809227742647797e-01
5.809999999999371312e+01 3.015855829165811630e-01 5.894485277698838788e-01
5.819999999999370033e+01 2.650398037137968732e-01 6.155660011786447949e-01
5.829999999999368754e+01 2.303291645287091072e-01 6.404958461355324539e-01
5.839999999999368185e+01 1.976085098464189782e-01 6.641077540066501195e-01
5.849999999999366906e+01 1.670217610321035884e-01 6.862792210288792827e-01
5.859999999999365627e+01 1.387012647169327262e-01 7.068961212889368628e-01
5.869999999999364348e+01 1.127672055385961630e-01 7.258532335479895847e-01
5.879999999999363069e+01 8.932708467583186374e-02 7.430547196871020166e-01
5.889999999999362501e+01 6.847526516310140088e-02 7.584145528179003781e-01
5.899999999999361222e+01 5.029258457493683554e-02 7.718568933749033745e-01
5.909999999999359943e+01 3.484603534079128845e-02 7.833164117676004734e-01
5.919999999999359375e+01 2.218851268936806662e-02 7.927385564333249146e-01
5.929999999999358096e+01 1.235863002923587653e-02 8.000797663858634223e-01
5.939999999999356817e+01 5.380601442585230230e-03 8.053076276023148905e-01
5.949999999999355538e+01 1.264190894665813978e-03 8.084009728347488766e-01
5.959999999999354259e+01 4.727730054544102235e-06 8.093499246703550476e-01
5.969999999999353690e+01 1.583188024841032573e-03 8.081558818962089052e-01
5.979999999999352411e+01 5.966341374891359281e-03 8.048314494571396915e-01
5.989999999999351132e+01 1.310696270788300373e-02 7.994003125227814310e-01
5.999999999999350564e+01 2.294410869410515655e-02 7.918970554117105154e-01
6.009999999999349285e+01 3.540345828253033122e-02 7.823669263479540170e-01
6.019999999999348006e+01 5.039771679079391858e-02 7.708655492631389938e-01
6.029999999999346727e+01 6.782708281984270449e-02 7.574585840903209633e-01
6.039999999999345448e+01 8.757977703874129938e-02 7.422213372360476624e-01
6.049999999999344880e+01 1.095326315892731078e-01 7.252383241613562515e-01
6.059999999999343601e+01 1.335517384946058317e-01 7.066027862448894803e-01
6.069999999999342322e+01 1.594931550266108500e-01 6.864161643459326667e-01
6.079999999999341753e+01 1.872036635013660799e-01 6.647875317291170871e-01
6.089999999999340474e+01 2.165215824456909743e-01 6.418329892475754805e-01
6.099999999999339195e+01 2.472776255242601362e-01 6.176750259155608935e-01
6.109999999999337916e+01 2.792958040561166477e-01 5.924418482157658428e-01
6.119999999999336637e+01 3.123943683984017894e-01 5.662666816950381321e-01
6.129999999999336069e+01 3.463867829579717061e-01 5.392870485859472263e-01
6.139999999999334790e+01 3.810827291201727696e-01 5.116440253574825459e-01
6.149999999999333511e+01 4.162891299839876491e-01 4.834814842376811139e-01
6.159999999999332942e+01 4.518111904701594406e-01 4.549453228630935264e-01
6.169999999999331664e+01 4.874534461416913933e-01 4.261826862941470728e-01
6.179999999999330385e+01 5.230208139476886231e-01 3.973411856846966739e-01
6.189999999999329106e+01 5.583196380763099098e-01 3.685681179164310706e-01
6.199999999999327827e+01 5.931587241791670406e-01 3.400096904923728403e-01
6.209999999999327258e+01 6.273503554033003082e-01 3.118102559412915809e-01
6.219999999999325979e+01 6.607112839273432403e-01 2.841115599070376252e-01
6.229999999999324700e+01 6.930636920349158014e-01 2.570520069917758832e-01
6.239999999999324132e+01 7.242361171563473921e-01 2.307659482900752679e-01
6.249999999999322853e+01 7.540643357483498566e-01 2.053829943921983980e-01
6.259999999999321574e+01 7.823922013544678533e-01 1.810273574569558341e-01
6.269999999999320295e+01 8.090724326648793818e-01 1.578172257555946201e-01
6.279999999999319016e+01 8.339673478726111755e-01 1.358641738739053140e-01
6.289999999999318447e+01 8.569495420785531170e-01 1.152726115318822575e-01
6.299999999999317168e+01 8.779025049284876481e-01 9.613927374214585597e-02
6.309999999999315889e+01 8.967211760559729017e-01 7.855275478042697546e-02
6.319999999999315321e+01 9.133124362565600007e-01 6.259308818852336864e-02
6.329999999999314042e+01 9.275955326316348559e-01 4.833137477035614332e-02
6.339999999999312763e+01 9.395024362081247915e-01 3.582946027949229090e-02
6.349999999999311484e+01 9.489781307808898836e-01 2.513966422996663855e-02
6.359999999999310205e+01 9.559808319379224928e-01 1.630456099335896025e-02
6.369999999999309637e+01 9.604821354241342979e-01 9.356814073780431174e-03
6.379999999999308358e+01 9.624670941966539939e-01 4.319064178297736013e-03
6.389999999999307079e+01 9.619342237240031679e-01 1.203871424053802076e-03
6.399999999999306510e+01 9.588954353014539356e-01 1.371174446278519200e-05
6.409999999999305942e+01 9.533758974028273547e-01 7.410272757292837029e-04
6.419999999999303952e+01 9.454138253731796393e-01 3.368330221903399410e-03
6.429999999999301963e+01 9.350602000886412135e-01 7.868359412324039612e-03
6.439999999999301394e+01 9.223784165810559044e-01 1.420428848059445207e-02
6.449999999999300826e+01 9.074438640316748739e-01 2.232998431048814278e-02
6.459999999999300258e+01 8.903434389928658321e-01 3.219031411299980855e-02
6.469999999999298268e+01 8.711749941735441594e-01 4.372149922220529283e-02
6.479999999999297700e+01 8.500467256362620461e-01 5.685151342784822842e-02
6.489999999999295710e+01 8.270765017668928465e-01 7.150052340220301728e-02
6.499999999999295142e+01 8.023911379006555267e-01 8.758136853049132420e-02
6.509999999999294573e+01 7.761256209888129920e-01 1.050000772204118249e-01
6.519999999999292584e+01 7.484222891712152270e-01 1.236564165504333568e-01
6.529999999999292015e+01 7.194299715521910166e-01 1.434444719199991780e-01
6.539999999999290026e+01 6.893030938682169761e-01 1.642532531914366600e-01
6.549999999999289457e+01 6.582007560522685763e-01 1.859673236639472205e-01
6.559999999999288889e+01 6.262857879570045139e-01 2.084674480965275079e-01
6.569999999999286899e+01 5.937237896777426416e-01 2.316312559014508110e-01
6.579999999999286331e+01 5.606821630135699897e-01 2.553339155625377610e-01
6.589999999999285762e+01 5.273291406347201393e-01 2.794488162928272512e-01
6.599999999999283773e+01 4.938328194683493932e-01 3.038482529375096663e-01
6.609999999999283204e+01 4.603602047002367526e-01 3.284041101452713218e-01
6.619999999999282636e+01 4.270762706035159950e-01 3.529885418769188044e-01
6.629999999999280647e+01 3.941430441701338494e-01 3.774746423921507832e-01
6.639999999999280078e+01 3.617187172348270141e-01 4.017371049525383930e-01
6.649999999999278089e+01 3.299567924618433401e-01 4.256528645977596392e-01
6.659999999999277520e+01 2.990052682105234783e-01 4.491017214954541870e-01
6.669999999999276952e+01 2.690058669272042402e-01 4.719669415255797751e-01
6.679999999999274962e+01 2.400933113204832270e-01 4.941358309415530559e-01
6.689999999999274394e+01 2.123946521822865363e-01 5.155002821449372608e-01
6.699999999999272404e+01 1.860286513139075282e-01 5.359572878248869410e-01
6.709999999999271836e+01 1.611052226098159956e-01 5.554094209354339950e-01
6.719999999999271267e+01 1.377249339435983599e-01 5.737652782227248283e-01
6.729999999999269278e+01 1.159785720885274374e-01 5.909398852605298735e-01
6.739999999999268709e+01 9.594677248895780441e-02 6.068550612090533036e-01
6.749999999999268141e+01 7.769971527748507911e-02 6.214397417768200427e-01
6.759999999999266151e+01 6.129688850397974759e-02 6.346302591350077016e-01
6.769999999999265583e+01 4.678691910504215873e-02 6.463705778116382028e-01
6.779999999999265015e+01 3.420747169647050945e-02 6.566124858691771982e-01
6.789999999999263025e+01 2.358521481636447273e-02 6.653157409537702183e-01
6.799999999999262457e+01 1.493585378516431965e-02 6.724481710828779102e-01
6.809999999999260467e+01 8.264228884039742651e-03 6.779857303194889440e-01
6.819999999999259899e+01 3.564477089248224186e-03 6.819125097551399506e-01
6.829999999999259330e+01 8.202551432265784781e-04 6.842207044960602058e-01
6.839999999999257341e+01 5.021300278183869730e-06 6.849105376048219007e-01
6.849999999999256772e+01 1.082372663455939774e-03 6.839901422039850187e-01
6.859999999999254783e+01 4.006434637735803959e-03 6.814754031844786342e-01
6.869999999999254214e+01 8.722298670958056332e-03 6.773897601854774742e-01
6.879999999999253646e+01 1.516650414587815583e-02 6.717639737191123395e-01
6.889999999999251656e+01 2.326756003068245274e-02 6.646358564988213979e-01
6.899999999999251088e+01 3.294650169693099512e-02 6.560499722024962788e-01
6.909999999999250520e+01 4.411747817664464499e-02 6.460573040412032064e-01
6.919999999999248530e+01 5.668836505619077176e-02 6.347148956334238701e-01
6.929999999999247962e+01 7.056139819326026630e-02 6.220854667840334251e-01
6.939999999999247393e+01 8.563382349229571588e-02 6.082370068439287847e-01
6.949999999999245404e+01 1.017985580793645678e-01 5.932423483862002689e-01
6.959999999999244835e+01 1.189448583724534991e-01 5.771787239662187208e-01
6.969999999999242846e+01 1.369589907418446717e-01 5.601273087484263113e-01
6.979999999999242277e+01 1.557249006865878971e-01 5.421727517774157512e-01
6.989999999999241709e+01 1.751248767101450665e-01 5.234026986477886556e-01
6.999999999999239719e+01 1.950402053500513988e-01 5.039073082888722022e-01
7.009999999999239151e+01 2.153518140939394698e-01 4.837787665270199544e-01
7.019999999999237161e+01 2.359408991904957398e-01 4.631107990227578131e-01
7.029999999999236593e+01 2.566895356288820262e-01 4.419981861044820493e-01
7.039999999999236024e+01 2.774812668114584602e-01 4.205362819340123792e-01
7.049999999999234035e+01 2.982016716746658247e-01 3.988205403468308985e-01
7.059999999999233466e+01 3.187389072228013487e-01 3.769460496098674396e-01
7.069999999999232898e+01 3.389842246252442459e-01 3.550070782347620746e-01
7.079999999999230909e+01 3.588324571942458352e-01 3.330966338731694565e-01
7.089999999999230340e+01 3.781824787072234351e-01 3.113060372078304550e-01
7.099999999999229772e+01 3.969376306703473190e-01 2.897245126337112953e-01
7.109999999999227782e+01 4.150061172456389058e-01 2.684387974012005795e-01
7.119999999999227214e+01 4.323013666811208466e-01 2.475327707684208123e-01
7.129999999999225224e+01 4.487423582079390072e-01 2.270871045793580734e-01
7.139999999999224656e+01 4.642539134946305213e-01 2.071789365516676917e-01
7.149999999999224087e+01 4.787669518884982156e-01 1.878815674214739384e-01
7.159999999999222098e+01 4.922187088293351054e-01 1.692641829517927410e-01
7.169999999999221529e+01 5.045529169890188292e-01 1.513916016682511634e-01
7.179999999999219540e+01 5.157199498815567829e-01 1.343240490391335862e-01
7.189999999999218971e+01 5.256769278897501785e-01 1.181169586685026501e-01
7.199999999999218403e+01 5.343877868757987981e-01 1.028208009208586432e-01
7.209999999999216413e+01 5.418233097714167945e-01 8.848093924557653978e-02
7.219999999999215845e+01 5.479611217793485256e-01 7.513751431846825424e-02
7.229999999999215277e+01 5.527856500533212536e-01 6.282535596994946736e-02
7.239999999999213287e+01 5.562880489546797591e-01 5.157392272258586735e-02
7.249999999999212719e+01 5.584660922018831464e-01 4.140726861939039716e-02
7.259999999999212150e+01 5.593240334317218787e-01 3.234403688728931109e-02
7.269999999999210161e+01 5.588724368678172905e-01 2.439747984984515228e-02
7.279999999999209592e+01 5.571279799464022853e-01 1.757550438009771940e-02
7.289999999999207603e+01 5.541132298695581326e-01 1.188074206964548005e-02
7.299999999999207034e+01 5.498563961477667128e-01 7.310643183860702186e-03
7.309999999999206466e+01 5.443910612518721992e-01 3.857593376494642626e-03
7.319999999999204476e+01 5.377558915247447890e-01 1.509052049597596956e-03
7.329999999999203908e+01 5.299943305011088901e-01 2.477111671730743343e-04
7.339999999999201918e+01 5.211542767631449635e-01 5.167326276880900205e-05
7.349999999999201350e+01 5.112877484164307651e-01 8.946473222368330706e-04
7.359999999999200782e+01 5.004505362129307855e-01 2.746161172595405851e-03
7.369999999999198792e+01 4.887018472849004591e-01 5.571788965827518918e-03
7.379999999999198224e+01 4.761039413849390556e-01 9.333392311966139804e-03
7.389999999999197655e+01 4.627217614614317909e-01 1.398937358839838843e-02
7.399999999999195666e+01 4.486225603413102614e-01 1.949493993141018094e-02
7.409999999999195097e+01 4.338755252413259433e-01 2.580237640121081644e-02
7.419999999999194529e+01 4.185514017926561525e-01 3.286132680265574368e-02
7.429999999999192539e+01 4.027221192394581650e-01 4.061908064036395816e-02
7.439999999999191971e+01 3.864604184591061697e-01 4.902086468905890448e-02
7.449999999999189981e+01 3.698394844481897592e-01 5.801013766762561086e-02
7.459999999999189413e+01 3.529325849250361524e-01 6.752888651871614967e-02
7.469999999999188844e+01 3.358127167033533311e-01 7.751792281558793352e-02
7.479999999999186855e+01 3.185522614982120859e-01 8.791717784379905754e-02
7.489999999999186286e+01 3.012226528208729048e-01 9.866599493856309522e-02
7.499999999999184297e+01 2.838940556040349672e-01 1.097034176989655219e-01
7.509999999999183729e+01 2.666350601639356777e-01 1.209684727483273103e-01
7.519999999999183160e+01 2.495123920498744097e-01 1.324004457661615286e-01
7.529999999999181171e+01 2.325906392494645203e-01 1.439391495808929056e-01
7.539999999999180602e+01 2.159319981083138995e-01 1.555251831849958910e-01
7.549999999999180034e+01 1.995960391833361824e-01 1.671001806130732459e-01
7.559999999999178044e+01 1.836394940836496570e-01 1.786070487107328519e-01
7.569999999999177476e+01 1.681160641592738259e-01 1.899901929148322122e-01
7.579999999999176907e+01 1.530762516843351406e-01 2.011957302637058242e-01
7.589999999999174918e+01 1.385672139494418531e-01 2.121716889593578403e-01
7.599999999999174349e+01 1.246326404345886180e-01 2.228681939081869623e-01
7.609999999999172360e+01 1.113126529867310838e-01 2.332376377744861395e-01
7.619999999999171791e+01 9.864372868045738485e-02 2.432348371871769221e-01
7.629999999999171223e+01 8.665864480519099022e-02 2.528171738457169471e-01
7.639999999999169233e+01 7.538644520306599095e-02 2.619447203729916018e-01
7.649999999999168665e+01 6.485242698591098254e-02 2.705803508608738972e-01
7.659999999999166675e+01 5.507814649205111657e-02 2.786898361448085226e-01
7.669999999999166107e+01 4.608144320868088478e-02 2.862419239299525686e-01
7.679999999999165539e+01 3.787648028602998845e-02 2.932084039667768316e-01
7.689999999999163549e+01 3.047380020681472387e-02 2.995641585438206800e-01
7.699999999999162981e+01 2.388039414886843417e-02 3.052871986245672131e-01
7.709999999999162412e+01 1.809978358825703113e-02 3.103586860064891928e-01
7.719999999999160423e+01 1.313211273238314158e-02 3.147629419229434067e-01
7.729999999999159854e+01 8.974250442972519365e-03 3.184874425427682842e-01
7.739999999999159286e+01 5.619900402782293351e-03 3.215228018494044604e-01
7.749999999999157296e+01 3.059718391608560149e-03 3.238627424012725520e-01
7.759999999999156728e+01 1.281435660542840299e-03 3.255040544895541066e-01
7.769999999999154738e+01 2.699875224449324379e-04 3.264465442195007006e-01
7.779999999999154170e+01 7.646405211028318557e-06 3.266929710469311243e-01
7.789999999999153601e+01 4.741587371772660849e-04 3.262489753051625030e-01
7.799999999999151612e+01 1.646885146144867751e-03 3.251229962597510514e-01
7.809999999999151044e+01 3.500943551164399561e-03 3.233261812289052739e-01
7.819999999999149054e+01 6.009354806524777257e-03 3.208722863086350685e-01
7.829999999999148486e+01 9.143190618620504473e-03 3.177775692434207655e-01
7.839999999999147917e+01 1.287172349790119061e-02 3.140606749850581303e-01
7.849999999999145928e+01 1.716257853039154443e-02 3.097425144867430036e-01
7.859999999999145359e+01 2.198188675779945075e-02 3.048461372836731020e-01
7.869999999999144791e+01 2.729443994415017838e-02 2.993965984174919992e-01
7.879999999999142801e+01 3.306384648342376026e-02 2.934208202688172173e-01
7.889999999999142233e+01 3.925268816978196712e-02 2.869474498692911046e-01
7.899999999999141664e+01 4.582267751382242821e-02 2.800067122711089596e-01
7.909999999999139675e+01 5.273481524791612252e-02 2.726302605603912466e-01
7.919999999999139106e+01 5.994954762512821195e-02 2.648510231045210217e-01
7.929999999999137117e+01 6.742692308190799400e-02 2.567030486294852865e-01
7.939999999999136548e+01 7.512674780755838888e-02 2.482213497249859402e-01
7.949999999999135980e+01 8.300873974531844390e-02 2.394417453754640601e-01
7.959999999999133991e+01 9.103268054116936403e-02 2.304007031129387539e-01
7.969999999999133422e+01 9.915856495839377172e-02 2.211351813825366275e-01
7.979999999999131433e+01 1.073467472873516765e-01 2.116824727041127230e-01
7.989999999999130864e+01 1.155580843002330521e-01 2.020800482025727762e-01
7.999999999999130296e+01 1.237540743273432275e-01 1.923654040675848720e-01
8.009999999999128306e+01 1.318969920638832782e-01 1.825759104868892868e-01
8.019999999999127738e+01 1.399500187503285309e-01 1.727486635817244709e-01
8.029999999999127169e+01 1.478773674042898334e-01 1.629203408530204567e-01
8.039999999999125180e+01 1.556444028135648416e-01 1.531270606274735546e-01
8.049999999999124611e+01 1.632177560278094963e-01 1.434042459711528938e-01
8.059999999999124043e+01 1.705654331075097119e-01 1.337864935167047131e-01
8.069999999999122053e+01 1.776569179023123612e-01 1.243074476279077550e-01
8.079999999999121485e+01 1.844632686368785912e-01 1.149996803025551684e-01
8.089999999999119495e+01 1.909572080786015591e-01 1.058945771920658946e-01
8.099999999999118927e+01 1.971132070522716717e-01 9.702223009330206149e-02
8.109999999999118359e+01 2.029075610494137372e-01 8.841133624462475804e-02
8.119999999999116369e+01 2.083184596592076721e-01 8.008910473481781200e-02
8.129999999999115801e+01 2.133260485250725313e-01 7.208117030913545331e-02
8.139999999999113811e+01 2.179124835080746836e-01 6.441151483136084432e-02
8.149999999999113243e+01 2.220619767194284000e-01 5.710239663457877812e-02
8.159999999999112674e+01 2.257608340721508344e-01 5.017428796530580548e-02
8.169999999999110685e+01 2.289974839972785947e-01 4.364582069565958039e-02
8.179999999999110116e+01 2.317624969793358469e-01 3.753374044670589743e-02
8.189999999999109548e+01 2.340485955857045941e-01 3.185286923175577323e-02
8.199999999999107558e+01 2.358506547026187616e-01 2.661607669205823257e-02
8.209999999999106990e+01 2.371656917412208188e-01 2.183425995851541457e-02
8.219999999999106421e+01 2.379928466463548387e-01 1.751633213196881339e-02
8.229999999999104432e+01 2.383333516227132132e-01 1.366921933167739370e-02
8.239999999999103864e+01 2.381904905909843218e-01 1.029786621682736956e-02
8.249999999999101874e+01 2.375695484937044577e-01 7.405249840197165347e-03
8.259999999999101306e+01 2.364777506881587110e-01 4.992401646557899711e-03
8.269999999999100737e+01 2.349241927861378532e-01 3.058437382046420763e-03
8.279999999999098748e+01 2.329197614244451209e-01 1.600594635104890875e-03
8.289999999999098179e+01 2.304770465726732331e-01 6.142776854489716580e-04
8.299999999999096190e+01 2.276102461012314837e-01 9.310929573399926622e-05
8.309999999999095621e+01 2.243350634396258092e-01 2.898904180662073964e-05
8.319999999999095053e+01 2.206685992487083525e-01 4.121577424509580449e-04
8.329999999999093063e+01 2.166292381088370800e-01 1.231267518967956581e-03
8.339999999999092495e+01 2.122365312839200879e-01 2.473456989352250911e-03
8.349999999999091926e+01 2.075110766609102597e-01 4.124431081693330503e-03
8.359999999999089937e+01 2.024743969796113097e-01 6.168544937056553643e-03
8.369999999999089368e+01 1.971488174633729551e-01 8.588891363682906246e-03
8.379999999999088800e+01 1.915573439319060711e-01 1.136739130191719536e-02
8.389999999999086810e+01 1.857235424303535221e-01 1.448488676277046375e-02
8.399999999999086242e+01 1.796714213394881299e-01 1.792123571213027552e-02
8.409999999999084253e+01 1.734253168476566354e-01 2.165540838707668073e-02
8.419999999999083684e+01 1.670097825650040946e-01 2.566558454997083794e-02
8.429999999999083116e+01 1.604494839502888237e-01 2.992925120940942083e-02
8.439999999999081126e+01 1.537690981018048075e-01 3.442330036412079991e-02
8.449999999999080558e+01 1.469932193410262156e-01 3.912412635570176878e-02
8.459999999999078568e+01 1.401462708936023205e-01 4.400772244787270332e-02
8.469999999999078000e+01 1.332524228509270325e-01 4.904977628322608474e-02
8.479999999999077431e+01 1.263355164791165330e-01 5.422576390202475671e-02
8.489999999999075442e+01 1.194189948349163449e-01 5.951104204125504116e-02
8.499999999999074873e+01 1.125258395503592607e-01 6.488093846482730076e-02
8.509999999999074305e+01 1.056785135636232886e-01 7.031084010714092059e-02
8.519999999999072315e+01 9.889890950251666035e-02 7.577627884165898109e-02
8.529999999999071747e+01 9.220830337111061981e-02 8.125301471329690606e-02
8.539999999999071179e+01 8.562731314882619793e-02 8.671711649782476439e-02
8.549999999999069189e+01 7.917586188543181136e-02 9.214503947342271573e-02
8.559999999999068621e+01 7.287314486333688890e-02 9.751370030806444378e-02
8.569999999999066631e+01 6.673760040008555605e-02 1.028005489826856744e-01
8.579999999999066063e+01 6.078688387701700058e-02 1.079836376831691536e-01
8.589999999999065494e+01 5.503784460322255767e-02 1.130416866047009028e-01
8.599999999999063505e+01 4.950650515527778295e-02 1.179541466205115546e-01
8.609999999999062936e+01 4.420804287048387543e-02 1.227012587732854570e-01
8.619999999999060947e+01 3.915677321280015138e-02 1.272641105518973470e-01
8.629999999999060378e+01 3.436613477360071084e-02 1.316246889195437364e-01
8.639999999999059810e+01 2.984867571265831243e-02 1.357659300614397768e-01
8.649999999999057820e+01 2.561604148586266866e-02 1.396717658221116043e-01
8.659999999999057252e+01 2.167896374384730915e-02 1.433271668030490498e-01
8.669999999999056683e+01 1.804725031896482410e-02 1.467181820934070902e-01
8.679999999999054694e+01 1.472977624537544043e-02 1.498319756071472275e-01
8.689999999999054126e+01 1.173447577847929607e-02 1.526568590022832628e-01
8.699999999999053557e+01 9.068335394869382268e-03 1.551823211597101182e-01
8.709999999999051568e+01 6.737387762916584137e-03 1.573990542018611771e-01
8.719999999999050999e+01 4.746706677286265975e-03 1.592989760349044215e-01
8.729999999999049010e+01 3.100402949148778169e-03 1.608752494010434742e-01
8.739999999999048441e+01 1.801621238583629844e-03 1.621222974321201993e-01
8.749999999999047873e+01 8.525378079669206901e-04 1.630358156992886276e-01
8.759999999999045883e+01 2.543591664861294161e-04 1.636127807574326021e-01
8.769999999999045315e+01 7.321567731821288508e-06 1.638514551871137204e-01
8.779999999999043325e+01 1.106913161140260699e-04 1.637513891398472976e-01
8.789999999999042757e+01 5.627658349627972633e-04 1.633134183954884633e-01
8.799999999999042188e+01 1.360875450811981817e-03 1.625396589424790705e-01
8.809999999999040199e+01 2.501385855473677641e-03 1.614334980932163044e-01
8.819999999999039630e+01 3.979701220739473126e-03 1.599995821468962742e-01
8.829999999999039062e+01 5.790267960197429363e-03 1.582438006124821939e-01
8.839999999999037072e+01 7.926579158655253435e-03 1.561732670026416692e-01
8.849999999999036504e+01 1.038117972154827505e-02 1.537962962086115437e-01
8.859999999999035936e+01 1.314567233364627268e-02 1.511223784635984113e-01
8.869999999999033946e+01 1.621072435713759308e-02 1.481621499002585829e-01
8.879999999999033378e+01 1.956607584225093788e-02 1.449273597063635288e-01
8.889999999999031388e+01 2.320054886718739273e-02 1.414308338812060861e-01
8.899999999999030820e+01 2.710205846635287824e-02 1.376864355952475139e-01
8.909999999999030251e+01 3.125762544452326264e-02 1.337090221566611947e-01
8.919999999999028262e+01 3.565339140780572624e-02 1.295143985910494899e-01
8.929999999999027693e+01 4.027463636781662693e-02 1.251192678458876995e-01
8.939999999999025704e+01 4.510579929187880782e-02 1.205411776377536409e-01
8.949999999999025135e+01 5.013050197760838406e-02 1.157984639709167818e-01
8.959999999999024567e+01 5.533157662395723347e-02 1.109101913673735118e-01
8.969999999999022577e+01 6.069109745189144034e-02 1.058960898642751364e-01
8.979999999999022009e+01 6.619041669627824531e-02 1.007764888516082119e-01
8.989999999999021441e+01 7.181020524672268590e-02 9.557224784387390037e-02
8.999999999999019451e+01 7.753049815943083289e-02 9.030468430137943148e-02
9.009999999999018883e+01 8.333074519677768910e-02 8.499549864149726075e-02
9.019999999999018314e+01 8.918986647756979580e-02 7.966669660555904253e-02
9.029999999999016325e+01 9.508631324084299008e-02 7.434050917430504168e-02
9.039999999999015756e+01 1.009981336433650456e-01 6.903931025150623901e-02
9.049999999999013767e+01 1.069030434266850238e-01 6.378553236278149130e-02
9.059999999999013198e+01 1.127785012083041966e-01 5.860158064255794469e-02
9.069999999999012630e+01 1.186017880741584707e-01 5.350974540749862257e-02
9.079999999999010640e+01 1.243500910811075055e-01 4.853211363767977182e-02
9.089999999999010072e+01 1.300005902175663530e-01 4.369047970781970991e-02
9.099999999999008082e+01 1.355305483231180053e-01 3.900625572918165612e-02
9.109999999999007514e+01 1.409174034320171964e-01 3.450038187805107293e-02
9.119999999999006945e+01 1.461388629839091013e-01 3.019323709884401755e-02
9.129999999999004956e+01 1.511729993364371027e-01 2.610455057897800163e-02
9.139999999999004388e+01 1.559983460187435722e-01 2.225331439816408824e-02
9.149999999999003819e+01 1.605939941808702531e-01 1.865769775762324625e-02
9.159999999999001830e+01 1.649396887193189942e-01 1.533496319422462603e-02
9.169999999999001261e+01 1.690159235923792969e-01 1.230138518184184515e-02
9.179999999999000693e+01 1.728040358759701522e-01 9.572171516879512260e-03
9.189999999998998703e+01 1.762862981512389737e-01 7.161387877897298221e-03
9.199999999998998135e+01 1.794460088523366359e-01 5.081885940526830424e-03
9.209999999998996145e+01 1.822675802387027644e-01 3.345235419048366975e-03
9.219999999998995577e+01 1.847366236831229636e-01 1.961660395228453316e-03
9.229999999998995008e+01 1.868400319870724691e-01 9.399802836466595278e-04
9.239999999998993019e+01 1.885660584434286913e-01 2.875557709581906735e-04
9.249999999998992450e+01 1.899043923645005183e-01 1.024005436815135046e-05
9.259999999998990461e+01 1.908462307798655944e-01 1.123356920983975955e-04
9.269999999998989892e+01 1.913843459831938154e-01 5.965573656514695528e-04
9.279999999998989324e+01 1.915131485731688399e-01 1.464000840031959814e-03
9.289999999998987334e+01 1.912287455903073363e-01 2.714118393472960550e-03
9.299999999998986766e+01 1.905289933044929385e-01 4.344700972267836504e-03
9.309999999998986198e+01 1.894135441577745604e-01 6.351867308600840818e-03
9.319999999998984208e+01 1.878838873183657776e-01 8.730060219367090021e-03
9.329999999998983640e+01 1.859433822586870899e-01 1.147205028140137889e-02
9.339999999998983071e+01 1.835972847358097459e-01 1.456894705291409027e-02
9.349999999998981082e+01 1.808527645306284570e-01 1.801021798183909464e-02
9.359999999998980513e+01 1.777189142961956014e-01 2.178371510901699545e-02
9.369999999998978524e+01 1.742067488780735252e-01 2.587570963743209343e-02
9.379999999998977955e+01 1.703291945025240950e-01 3.027093439808437383e-02
9.389999999998977387e+01 1.661010672841450320e-01 3.495263419866062593e-02
9.399999999998975397e+01 1.615390405811465147e-01 3.990262399301395396e-02
9.409999999998974829e+01 1.566616008264907212e-01 4.510135475831188873e-02
9.419999999998972839e+01 1.514889915822362765e-01 5.052798691286852079e-02
9.429999999998972271e+01 1.460431457022069168e-01 5.616047105181431326e-02
9.439999999998971703e+01 1.403476056396255611e-01 6.197563572100916324e-02
9.449999999998969713e+01 1.344274320994883198e-01 6.794928189244195393e-02
9.459999999998969145e+01 1.283091014036570887e-01 7.405628374832982919e-02
9.469999999998968576e+01 1.220203921065439734e-01 8.027069532647544692e-02
9.479999999998966587e+01 1.155902615650409165e-01 8.656586252806119930e-02
9.489999999998966018e+01 1.090487133227483890e-01 9.291453994151957496e-02
9.499999999998965450e+01 1.024266563113926110e-01 9.928901189294983554e-02
9.509999999998963460e+01 9.575575699653871009e-02 1.056612170964737751e-01
9.519999999998962892e+01 8.906828569692448738e-02 1.120028762470661604e-01
9.529999999998960902e+01 8.239695838372367021e-02 1.182856218740849369e-01
9.539999999998960334e+01 7.577477531589286996e-02 1.244811297571050274e-01
9.549999999998959765e+01 6.923485788898961490e-02 1.305612511962976063e-01
9.559999999998957776e+01 6.281028506749479490e-02 1.364981454274632189e-01
9.569999999998957207e+01 5.653393073569325938e-02 1.422644114776414059e-01
9.579999999998955218e+01 5.043830324047177127e-02 1.478332187692205091e-01
9.589999999998954650e+01 4.455538831491458879e-02 1.531784357994230017e-01
9.599999999998954081e+01 3.891649646580339766e-02 1.582747562470057934e-01
9.609999999998952092e+01 3.355211578675743739e-02 1.630978218870102192e-01
9.619999999998951523e+01 2.849177102408704740e-02 1.676243417294924209e-01
9.629999999998950955e+01 2.376388958077965338e-02 1.718322068341009146e-01
9.639999999998948965e+01 1.939567499819178087e-02 1.757006002935229683e-01
9.649999999998948397e+01 1.541298831072630479e-02 1.792101019187102295e-01
9.659999999998947828e+01 1.184023752933153172e-02 1.823427872016095685e-01
9.669999999998945839e+01 8.700275379160085643e-03 1.850823201722971434e-01
9.679999999998945270e+01 6.014305298432399624e-03 1.874140398075535285e-01
9.689999999998943281e+01 3.801795602074153294e-03 1.893250396879581909e-01
9.699999999998942712e+01 2.080401627132472207e-03 1.908042406360968002e-01
9.709999999998942144e+01 8.658956087936364775e-04 1.918424561035174392e-01
9.719999999998940154e+01 1.721039866971477085e-04 1.924324501048923497e-01
9.729999999998939586e+01 1.085181137395949995e-05 1.925689875260483130e-01
9.739999999998937597e+01 3.919139094795912742e-04 1.922488766576862795e-01
9.749999999998937028e+01 1.322972473067895354e-03 1.914710038287658900e-01
9.759999999998936460e+01 2.809580760921189229e-03 1.902363600326149873e-01
9.769999999998934470e+01 4.855132637012818213e-03 1.885480594558513190e-01
9.779999999998933902e+01 7.460837720271570363e-03 1.864113498342153674e-01
9.789999999998933333e+01 1.062570197845746911e-02 1.838336145735429139e-01
9.799999999998931344e+01 1.434651366444918315e-02 1.808243665843021208e-01
9.809999999998930775e+01 1.861783456288240365e-02 1.773952337905644883e-01
9.819999999998930207e+01 2.343199658601756441e-02 1.735599362846046156e-01
9.829999999998928217e+01 2.877910382726688726e-02 1.693342551093950099e-01
9.839999999998927649e+01 3.464704024649863101e-02 1.647359926646074224e-01
9.849999999998925659e+01 4.102148322035146372e-02 1.597849247441028020e-01
9.859999999998925091e+01 4.788592324154771623e-02 1.545027442295622833e-01
9.869999999998924523e+01 5.522169009147456786e-02 1.489129964819954910e-01
9.879999999998922533e+01 6.300798583868992553e-02 1.430410064930884850e-01
9.889999999998921965e+01 7.122192503118181250e-02 1.369137978814467249e-01
9.899999999998919975e+01 7.983858245199600134e-02 1.305600038440954125e-01
9.909999999998919407e+01 8.883104879506534268e-02 1.240097702020847015e-01
9.919999999998918838e+01 9.817049459192807304e-02 1.172946507100702251e-01
9.929999999998916849e+01 1.078262426802311380e-01 1.104474948332032358e-01
9.939999999998916280e+01 1.177658494531199085e-01 1.035023282305813086e-01
9.949999999998915712e+01 1.279551950663866955e-01 9.649422622195547028e-02
9.959999999998913722e+01 1.383585827085715425e-01 8.945918055363433208e-02
9.969999999998913154e+01 1.489388469612963339e-01 8.243395981970270958e-02
9.979999999998912585e+01 1.596574711951458947e-01 7.545596393511767863e-02
9.989999999998910596e+01 1.704747138617054569e-01 6.856307309806140837e-02
