1.000000000000000000e+00 2.000000000000000000e+00 0.000000000000000000e+00
1.099999999999988987e+00 1.997600966916178722e+00 1.999200209353101717e-03
1.199999999999977973e+00 1.990415470259610631e+00 7.987208603016915029e-03
1.299999999999966960e+00 1.978478288153381337e+00 1.793529508307042247e-02
1.399999999999955946e+00 1.961847248607747840e+00 3.179573143807579855e-02
1.499999999999944933e+00 1.940602984409758092e+00 4.950202385275685735e-02
1.599999999999933920e+00 1.914848567352211983e+00 7.096923730508469808e-02
1.699999999999922906e+00 1.884709022448073146e+00 9.609441046888551885e-02
1.799999999999911893e+00 1.850330723754686213e+00 1.247570592306658649e-01
1.899999999999900879e+00 1.811880674431857408e+00 1.568197664247472922e-01
1.999999999999889866e+00 1.769545674659535051e+00 1.921288548970777887e-01
2.099999999999878852e+00 1.723531382011864288e+00 2.305151405299095679e-01
2.199999999999867839e+00 1.674061269806777830e+00 2.717947614022392377e-01
2.299999999999856826e+00 1.621375489798985825e+00 3.157700788294350303e-01
2.399999999999845812e+00 1.565729646340845438e+00 3.622306456238758576e-01
2.499999999999834799e+00 1.507393489788803942e+00 4.109542365511062445e-01
2.599999999999823785e+00 1.446649537461812463e+00 4.617079356239629506e-01
2.699999999999812772e+00 1.383791630865744748e+00 5.142492745869742254e-01
2.799999999999801759e+00 1.319123438186432740e+00 5.683274166899535684e-01
2.899999999999790745e+00 1.252956911210612478e+00 6.236843796404888396e-01
2.999999999999779732e+00 1.185610705888850758e+00 6.800562914552259475e-01
3.099999999999768718e+00 1.117408575701078544e+00 7.371746728010881711e-01
3.199999999999757705e+00 1.048677746853031278e+00 7.947677393267295054e-01
3.299999999999746692e+00 9.797472841281309464e-01 8.525617174318425029e-01
3.399999999999735678e+00 9.109464559612084900e-01 9.102821669059453225e-01
3.499999999999724665e+00 8.426031070157909975e-01 9.676553038807493845e-01
3.599999999999713651e+00 7.750420462384204345e-01 1.024409317590011081e+00
3.699999999999702638e+00 7.085834580493611812e-01 1.080275674503988537e+00
3.799999999999691624e+00 6.435413440278057173e-01 1.134990403511145773e+00
3.899999999999680611e+00 5.802220021519811644e-01 1.188295355944814391e+00
3.999999999999669598e+00 5.189225503826470076e-01 1.239939434410150199e+00
4.099999999999658584e+00 4.599295011142980338e-01 1.289679784538626084e+00
4.199999999999647571e+00 4.035173927759628243e-01 1.337282944003156615e+00
4.299999999999636557e+00 3.499474846198284417e-01 1.382525943342898467e+00
4.399999999999625544e+00 2.994665204969370609e-01 1.425197353398255595e+00
4.499999999999614531e+00 2.523055671667087663e-01 1.465098274420144620e+00
4.599999999999603517e+00 2.086789324123537737e-01 1.502043262211854247e+00
4.699999999999592504e+00 1.687831679322071288e-01 1.535861186969314840e+00
4.799999999999581490e+00 1.327961616322057004e-01 1.566396020825229884e+00
4.899999999999570477e+00 1.008763235579066830e-01 1.593507550453977961e+00
4.999999999999559464e+00 7.316186926632116394e-02 1.617072011471434312e+00
5.099999999999548450e+00 4.977020395206444014e-02 1.636982641754114232e+00
5.199999999999537437e+00 3.079741010803462714e-02 1.653150151216323804e+00
5.299999999999526423e+00 1.631784092663455740e-02 1.665503105998940026e+00
5.399999999999515410e+00 6.383821039544810595e-03 1.673988225466040980e+00
5.499999999999504396e+00 1.025455564682653488e-03 1.678570590840507304e+00
5.599999999999493383e+00 2.505477901362213695e-04 1.679233764754026748e+00
5.699999999999482370e+00 4.044625190065286036e-03 1.675979821441708761e+00
5.799999999999471356e+00 1.237107285062303760e-02 1.668829287741228962e+00
5.899999999999460343e+00 2.517137279748691420e-02 1.657820995506883444e+00
5.999999999999449329e+00 4.236544717194500737e-02 1.643011846466496895e+00
6.099999999999438316e+00 6.385210270861969850e-02 1.624476490971575648e+00
6.199999999999427303e+00 8.950957353093470792e-02 1.602306922486627538e+00
6.299999999999416289e+00 1.191961589033021518e-01 1.576611990055418078e+00
6.399999999999405276e+00 1.527509522612187365e-01 1.547516831341573473e+00
6.499999999999394262e+00 1.899946575784533798e-01 1.515162229198140142e+00
6.599999999999383249e+00 2.307304889171614970e-01 1.479703895041308170e+00
6.699999999999372235e+00 2.747451488329383795e-01 1.441311682625965318e+00
6.799999999999361222e+00 3.218098811619262145e-01 1.400168736102815226e+00
6.899999999999350209e+00 3.716815935869396403e-01 1.356470576516469295e+00
6.999999999999339195e+00 4.241040452540187355e-01 1.310424131163963724e+00
7.099999999999328182e+00 4.788090945763395778e-01 1.262246710467487043e+00
7.199999999999317168e+00 5.355180022081597047e-01 1.212164937242969698e+00
7.299999999999306155e+00 5.939427839914553919e-01 1.160413633457051619e+00
7.399999999999295142e+00 6.537876084630801499e-01 1.107234669752004130e+00
7.499999999999284128e+00 7.147502332627472255e-01 1.052875783200899695e+00
7.599999999999273115e+00 7.765234744997423499e-01 9.975893689075210347e-01
7.699999999999262101e+00 8.387967028272235170e-01 9.416312512148168334e-01
7.799999999999251088e+00 9.012573596415298649e-01 8.852594403970652781e-01
7.899999999999240075e+00 9.635924864876682649e-01 8.287328808189139417e-01
7.999999999999229061e+00 1.025490260416821897e+00 7.723101966105834215e-01
8.099999999999218048e+00 1.086641527733406054e+00 7.162484409645903938e-01
8.199999999999207034e+00 1.146741328289405892e+00 6.608018551708031429e-01
8.299999999999196021e+00 1.205490402265362082e+00 6.062206435012728045e-01
8.399999999999185007e+00 1.262596671221663192e+00 5.527497700053646268e-01
8.499999999999173994e+00 1.317776685129509406e+00 5.006277831989049965e-01
8.599999999999162981e+00 1.370757027112178505e+00 4.500856745121639135e-01
8.699999999999151967e+00 1.421275667739759774e+00 4.013457762084486347e-01
8.799999999999140954e+00 1.469083260944113789e+00 3.546207042938845921e-01
8.899999999999129940e+00 1.513944373940343979e+00 3.101123517122076900e-01
8.999999999999118927e+00 1.555638643956980038e+00 2.680109368544749682e-01
9.099999999999107914e+00 1.593961855095250568e+00 2.284941121181419399e-01
9.199999999999096900e+00 1.628726929218282438e+00 1.917261369227928336e-01
9.299999999999085887e+00 1.659764825430900537e+00 1.578571192340665619e-01
9.399999999999074873e+00 1.686925343421644685e+00 1.270223292675276283e-01
9.499999999999063860e+00 1.710077826674109236e+00 9.934158864302271297e-02
9.599999999999052847e+00 1.729111762318541468e+00 7.491873784209640563e-02
9.699999999999041833e+00 1.743937275161861589e+00 5.384118438934131640e-02
9.799999999999030820e+00 1.754485514180155414e+00 3.617953373788063837e-02
9.899999999999019806e+00 1.760708930489711666e+00 2.198730439288911626e-02
9.999999999999008793e+00 1.762581446499656757e+00 1.130072835870270763e-02
1.009999999999899778e+01 1.760098516607181418e+00 4.138637548046235695e-03
1.019999999999898677e+01 1.753277080386043574e+00 5.024363489301247963e-04
1.029999999999897575e+01 1.742155409784215792e+00 3.761601086863535404e-04
1.039999999999896474e+01 1.726792852334277484e+00 3.726618867332792944e-03
1.049999999999895373e+01 1.707269472847199987e+00 1.050362525607881348e-02
1.059999999999894271e+01 1.683685596461507394e+00 2.064030507273837550e-02
1.069999999999893170e+01 1.656161256297308926e+00 3.405348865545410053e-02
1.079999999999892069e+01 1.624835549302126481e+00 5.064418080060300448e-02
1.089999999999890967e+01 1.589865904186806622e+00 7.029810661086340062e-02
1.099999999999889866e+01 1.551427265642910447e+00 9.288633031625338765e-02
1.109999999999888765e+01 1.509711199301357665e+00 1.182659437850719364e-01
1.119999999999887663e+01 1.464924922150201425e+00 1.462808211340376474e-01
1.129999999999886562e+01 1.417290263374523018e+00 1.767624355583168883e-01
1.139999999999885461e+01 1.367042560806147833e+00 2.095307342334001843e-01
1.149999999999884359e+01 1.314429498390269346e+00 2.443950668924682601e-01
1.159999999999883258e+01 1.259709890267305621e+00 2.811551634564488089e-01
1.169999999999882156e+01 1.203152417250293427e+00 3.196021558900477566e-01
1.179999999999881055e+01 1.145034321623822571e+00 3.595196392749611114e-01
1.189999999999879954e+01 1.085640066316324370e+00 4.006847669351144559e-01
1.199999999999878852e+01 1.025259964590541140e+00 4.428693743151480566e-01
1.209999999999877751e+01 9.641887864532261432e-01 4.858411262048381030e-01
1.219999999999876650e+01 9.027243480097059125e-01 5.293646818182885516e-01
1.229999999999875548e+01 8.411660899785143863e-01 5.732028721779446334e-01
1.239999999999874447e+01 7.798136515389315626e-01 6.171178842188781433e-01
1.249999999999873346e+01 7.189654456092319235e-01 6.608724460167552106e-01
1.259999999999872244e+01 6.589172415591957321e-01 7.042310075573813277e-01
1.269999999999871143e+01 5.999607612439726845e-01 7.469609114981984321e-01
1.279999999999870042e+01 5.423822941180981294e-01 7.888335484299350275e-01
1.289999999999868940e+01 4.864613370536955972e-01 8.296254912235678791e-01
1.299999999999867839e+01 4.324692643568528450e-01 8.691196031413579437e-01
1.309999999999866738e+01 3.806680333457280740e-01 9.071061145113940016e-01
1.319999999999865636e+01 3.313089307403904726e-01 9.433836628921443701e-01
1.329999999999864535e+01 2.846313650090586123e-01 9.777602918098201590e-01
1.339999999999863434e+01 2.408617097277099550e-01 1.010054403316189786e+00
1.349999999999862332e+01 2.002122029304049533e-01 1.040095659801899552e+00
1.359999999999861231e+01 1.628799073597342884e-01 1.067725830703730505e+00
1.369999999999860130e+01 1.290457364580498700e-01 1.092799579962645984e+00
1.379999999999859028e+01 9.887355086812017746e-02 1.115185190331142051e+00
1.389999999999857927e+01 7.250933012253057974e-02 1.134765220885096015e+00
1.399999999999856826e+01 5.008042408913504495e-02 1.151437094370968195e+00
1.409999999999855724e+01 3.169488859045679202e-02 1.165113611318868259e+00
1.419999999999854623e+01 1.744090942164691280e-02 1.175723388165516248e+00
1.429999999999853522e+01 7.386318743609314973e-03 1.183211216969245916e+00
1.439999999999852420e+01 1.578207519014251589e-03 1.187538344656370759e+00
1.449999999999851319e+01 4.263728446385664348e-05 1.188682670111574469e+00
1.459999999999850218e+01 2.784454109813855500e-03 1.186638857818252513e+00
1.469999999999849116e+01 9.787207087015591805e-03 1.181418367165113503e+00
1.479999999999848015e+01 2.101317311989005926e-02 1.173049396954997992e+00
1.489999999999846914e+01 3.640348916032135063e-02 1.161576745087460560e+00
1.499999999999845812e+01 5.587839236551501304e-02 1.147061583828123510e+00
1.509999999999844711e+01 7.933756794745704111e-02 1.129581151522870863e+00
1.519999999999843610e+01 1.066606037635721288e-01 1.109228362062326223e+00
1.529999999999842508e+01 1.377075499717438367e-01 1.086111333847216809e+00
1.539999999999841407e+01 1.723195813584654790e-01 1.060352840441737721e+00
1.549999999999840306e+01 2.103197592602407684e-01 1.032089685528215561e+00
1.559999999999839204e+01 2.515138893484639704e-01 1.001472005191007986e+00
1.569999999999838103e+01 2.956914709484311787e-01 9.686625009526799168e-01
1.579999999999837001e+01 3.426267330200170602e-01 9.338356073592121165e-01
1.589999999999835900e+01 3.920797514498650660e-01 8.971765982655163230e-01
1.599999999999834799e+01 4.437976418887496499e-01 8.588806363013616885e-01
1.609999999999833875e+01 4.975158220188175551e-01 8.191517702973671877e-01
1.619999999999832596e+01 5.529593368422200950e-01 7.782018857278680812e-01
1.629999999999831317e+01 6.098442403438196768e-01 7.362496134742255727e-01
1.639999999999830393e+01 6.678790266833121159e-01 6.935192024313203696e-01
1.649999999999829470e+01 7.267661039099312381e-01 6.502393616716954927e-01
1.659999999999828191e+01 7.862033030504004261e-01 6.066420780452971284e-01
1.669999999999826912e+01 8.458854152957410166e-01 5.629614152286697148e-01
1.679999999999825988e+01 9.055057498842654651e-01 5.194323003464907940e-01
1.689999999999825064e+01 9.647577051570990214e-01 4.762893043700639484e-01
1.699999999999823785e+01 1.023336345126653280e+00 4.337654225501231253e-01
1.709999999999822506e+01 1.080939973761857908e+00 3.920908611696650170e-01
1.719999999999821583e+01 1.137271699050912632e+00 3.514918368982418162e-01
1.729999999999820659e+01 1.192040978763419412e+00 3.121893950001619067e-01
1.739999999999819380e+01 1.244965139704948598e+00 2.743982525865147903e-01
1.749999999999818101e+01 1.295770862154653535e+00 2.383256730079312546e-01
1.759999999999817177e+01 1.344195621108271288e+00 2.041703773612643935e-01
1.769999999999816254e+01 1.389989075937165586e+00 1.721214989227075054e-01
1.779999999999814975e+01 1.432914400125810284e+00 1.423575861274815613e-01
1.789999999999813696e+01 1.472749542886853780e+00 1.150456594858673964e-01
1.799999999999812772e+01 1.509288414680660440e+00 9.034032756176198220e-02
1.809999999999811848e+01 1.542341988997026903e+00 6.838296683855772662e-02
1.819999999999810569e+01 1.571739313195725352e+00 4.930096996305626672e-02
1.829999999999809290e+01 1.597328421749805605e+00 3.320706648987058890e-02
1.839999999999808367e+01 1.618977145890216462e+00 2.019871985030140260e-02
1.849999999999807443e+01 1.636573814395410720e+00 1.035760384297376713e-02
1.859999999999806164e+01 1.650027841109821258e+00 3.749161492751359667e-03
1.869999999999804885e+01 1.659270195669698467e+00 4.222486533385969953e-04
1.879999999999803961e+01 1.664253754867675905e+00 4.088642422511653564e-04
1.889999999999803038e+01 1.664953533056626522e+00 3.723968499412436128e-03
1.899999999999801759e+01 1.661366790970070895e+00 1.036539015746358074e-02
1.909999999999800480e+01 1.653513023284177264e+00 2.031382290804387147e-02
1.919999999999799556e+01 1.641433826156026621e+00 3.353291104869492167e-02
1.929999999999798632e+01 1.625192646809433761e+00 4.996942370407017608e-02
1.939999999999797353e+01 1.604874418004209158e+00 6.955351653711860926e-02
1.949999999999796074e+01 1.580585080882336735e+00 9.219907940386308509e-02
1.959999999999795151e+01 1.552451000258340930e+00 1.178041679627941790e-01
1.969999999999794227e+01 1.520618276870544072e+00 1.462515168279877875e-01
1.979999999999792948e+01 1.485251961476478977e+00 1.774091314561155874e-01
1.989999999999791669e+01 1.446535175941898510e+00 2.111309555815975569e-01
1.999999999999790745e+01 1.404668146653421656e+00 2.472576106612107971e-01
2.009999999999789821e+01 1.359867155711633968e+00 2.856172034604555487e-01
2.019999999999788542e+01 1.312363415433054792e+00 3.260261976057564071e-01
2.029999999999787264e+01 1.262401871734109005e+00 3.682903446402548409e-01
2.039999999999786340e+01 1.210239942010995495e+00 4.122056698551036513e-01
2.049999999999785416e+01 1.156146193174504067e+00 4.575595079203506610e-01
2.059999999999784137e+01 1.100398965570547505e+00 5.041315831101429445e-01
2.069999999999782858e+01 1.043284948630840647e+00 5.516951287070066545e-01
2.079999999999781934e+01 9.850977142462618019e-01 6.000180399760858263e-01
2.089999999999781011e+01 9.261362140641591356e-01 6.488640549255857426e-01
2.099999999999779732e+01 8.667032471552836848e-01 6.979939569150536149e-01
2.109999999999778453e+01 8.071039047884478457e-01 7.471667930390272216e-01
2.119999999999777529e+01 7.476439993658426930e-01 7.961411021040623037e-01
2.129999999999776605e+01 6.886284849046543366e-01 8.446761459292585483e-01
2.139999999999775326e+01 6.303598767799488689e-01 8.925331376465002187e-01
2.149999999999774047e+01 5.731366787472338409e-01 9.394764606490629832e-01
2.159999999999773124e+01 5.172518255276149501e-01 9.852748718425005103e-01
2.169999999999772200e+01 4.629911494409954531e-01 1.029702682897093435e+00
2.179999999999770921e+01 4.106318796973256746e-01 1.072540913277396868e+00
2.189999999999769642e+01 3.604411829876490447e-01 1.113578408946514386e+00
2.199999999999768718e+01 3.126747539513339835e-01 1.152612920796857399e+00
2.209999999999767795e+01 2.675754639186500583e-01 1.189452137058643499e+00
2.219999999999766516e+01 2.253720760497666120e-01 1.223914664170933309e+00
2.229999999999765237e+01 1.862780346065857628e-01 1.255830950874942564e+00
2.239999999999764313e+01 1.504903356202881293e-01 1.285044150592521417e+00
2.249999999999763389e+01 1.181884856621245872e-01 1.311410917495888562e+00
2.259999999999762110e+01 8.953355480878832928e-02 1.334802132036657207e+00
2.269999999999760831e+01 6.466732923114665299e-02 1.355103552099502062e+00
2.279999999999759908e+01 4.371156814832482390e-02 1.372216386352508533e+00
2.289999999999758984e+01 2.676736919543326945e-02 1.386057786799938851e+00
2.299999999999757705e+01 1.391464556903408527e-02 1.396561257982249948e+00
2.309999999999756426e+01 5.211717655292147193e-03 1.403676980719548162e+00
2.319999999999755502e+01 6.950212208317025188e-04 1.407372048756767580e+00
2.329999999999754579e+01 3.789336620015599870e-04 1.407630617120985805e+00
2.339999999999753300e+01 4.255719265839783168e-03 1.404453961476838320e+00
2.349999999999752021e+01 1.229559393170659258e-02 1.397860448215072493e+00
2.359999999999751097e+01 2.444690932846075096e-02 1.387885415484698903e+00
2.369999999999750173e+01 4.063645600635834576e-02 1.374580965826994960e+00
2.379999999999748894e+01 6.076988453093206538e-02 1.358015671537039504e+00
2.389999999999747615e+01 8.473224324169605082e-02 1.338274194331800393e+00
2.399999999999746692e+01 1.123886307452139494e-01 1.315456821352199990e+00
2.409999999999745768e+01 1.435849607141171658e-01 1.289678919987191419e+00
2.419999999999744489e+01 1.781488359688001843e-01 1.261070314445949192e+00
2.429999999999743210e+01 2.158905281570046020e-01 1.229774587451293311e+00
2.439999999999742286e+01 2.566040586146605684e-01 1.195948310864877628e+00
2.449999999999741362e+01 3.000683751910269148e-01 1.159760209474826054e+00
2.459999999999740083e+01 3.460486189597723472e-01 1.121390262598641829e+00
2.469999999999738804e+01 3.942974738287209902e-01 1.081028748545114215e+00
2.479999999999737881e+01 4.445565911273879900e-01 1.038875237359802473e+00
2.489999999999736957e+01 4.965580803137351062e-01 9.951375376250884974e-01
2.499999999999735678e+01 5.500260560347889349e-01 9.500306034057590665e-01
2.509999999999734399e+01 6.046782309285804180e-01 9.037754077098598682e-01
2.519999999999733475e+01 6.602275427994764856e-01 8.565977890700527952e-01
2.529999999999732552e+01 7.163838041762480291e-01 8.087272780395006189e-01
2.539999999999731273e+01 7.728553617879979631e-01 7.603959105278538244e-01
2.549999999999729994e+01 8.293507532109165581e-01 7.118370349782513484e-01
2.559999999999729070e+01 8.855803478526966810e-01 6.632841204036037386e-01
2.569999999999728146e+01 9.412579595759391626e-01 6.149695722485087890e-01
2.579999999999726867e+01 9.961024186156205440e-01 5.671235629350321883e-01
2.589999999999725588e+01 1.049839091018655024e+00 5.199728837776562695e-01
2.599999999999724665e+01 1.102201334609171468e+00 4.737398247193851941e-01
2.609999999999723741e+01 1.152931881447784912e+00 4.286410880548874869e-01
2.619999999999722462e+01 1.201784137868012969e+00 3.848867419674210644e-01
2.629999999999721183e+01 1.248523394418836086e+00 3.426792193250848273e-01
2.639999999999720259e+01 1.292927939362478185e+00 3.022123667622048093e-01
2.649999999999719336e+01 1.334790070747624124e+00 2.636705486228287931e-01
2.659999999999718057e+01 1.373917003441454954e+00 2.272278098743178987e-01
2.669999999999716778e+01 1.410131668835219676e+00 1.930471016141984408e-01
2.679999999999715854e+01 1.443273406178030127e+00 1.612795723056202613e-01
2.689999999999714930e+01 1.473198545639538004e+00 1.320639273884624543e-01
2.699999999999713651e+01 1.499780884190513364e+00 1.055258594338059353e-01
2.709999999999712372e+01 1.522912056242728740e+00 8.177755054308720462e-02
2.719999999999711449e+01 1.542501801655332239e+00 6.091724824467981136e-02
2.729999999999710525e+01 1.558478134229849044e+00 4.302891571243728369e-02
2.739999999999709246e+01 1.570787414155900841e+00 2.818195672567427520e-02
2.749999999999707967e+01 1.579394328064969821e+00 1.643101540766387508e-02
2.759999999999707043e+01 1.584281780415925045e+00 7.815850420872199125e-03
2.769999999999706120e+01 1.585450699904768612e+00 2.361282959619811703e-03
2.779999999999704841e+01 1.582919764473783353e+00 7.721756341914443132e-05
2.789999999999703562e+01 1.576725048349189251e+00 9.587344739894314034e-04
2.799999999999702638e+01 1.566919594370212776e+00 4.986251973604775498e-03
2.809999999999701714e+01 1.553572914724461018e+00 1.212575686913124062e-02
2.819999999999700435e+01 1.536770423107003847e+00 2.232910102260834279e-02
2.829999999999699156e+01 1.516612801277885003e+00 3.553436157352941188e-02
2.839999999999698233e+01 1.493215303038468278e+00 5.166626224874430739e-02
2.849999999999697309e+01 1.466706998778564142e+00 7.063665291263782064e-02
2.859999999999696030e+01 1.437229963968975399e+00 9.234504427303917573e-02
2.869999999999694751e+01 1.404938415283107922e+00 1.166791944283447902e-01
2.879999999999693827e+01 1.369997798415765855e+00 1.435157437202249642e-01
2.889999999999692903e+01 1.332583832109003552e+00 1.727208941469475789e-01
2.899999999999691624e+01 1.292881513369734892e+00 2.041511293974771213e-01
2.909999999999690345e+01 1.251084089358417195e+00 2.376539713895501893e-01
2.919999999999689422e+01 1.207392001895601252e+00 2.730687690399949963e-01
2.929999999999688498e+01 1.162011810969331815e+00 3.102275148661717830e-01
2.939999999999687219e+01 1.115155103989598384e+00 3.489556849164323071e-01
2.949999999999685940e+01 1.067037397808726196e+00 3.890730974585241420e-01
2.959999999999685016e+01 1.017877040696476110e+00 4.303947858204594246e-01
2.969999999999684093e+01 9.678941214973144636e-01 4.727318807800721112e-01
2.979999999999682814e+01 9.173093931153709635e-01 5.158924979358893159e-01
2.989999999999681535e+01 8.663432172486583704e-01 5.596826255687975538e-01
2.999999999999680611e+01 8.152145369510861439e-01 6.039070086118606406e-01
3.009999999999679687e+01 7.641398831290824312e-01 6.483700244896085652e-01
3.019999999999678408e+01 7.133324205150799457e-01 6.928765467634346864e-01
3.029999999999677129e+01 6.630010379972053336e-01 7.372327927178173868e-01
3.039999999999676206e+01 6.133494874727599688e-01 7.812471512490900549e-01
3.049999999999675282e+01 5.645755746281965193e-01 8.247309876574595577e-01
3.059999999999674003e+01 5.168704042800985610e-01 8.674994222017248235e-01
3.069999999999672724e+01 4.704176821457303204e-01 9.093720795367519205e-01
3.079999999999671800e+01 4.253930741821307926e-01 9.501738064254949823e-01
3.089999999999670877e+01 3.819636239515741827e-01 9.897353553828874828e-01
3.099999999999669598e+01 3.402872278610486467e-01 1.027894032172565142e+00
3.109999999999668319e+01 3.005121675922712288e-01 1.064494305335765167e+00
3.119999999999667395e+01 2.627766985940985789e-01 1.099388376174242232e+00
3.129999999999666471e+01 2.272086931610735050e-01 1.132436707844588053e+00
3.139999999999665192e+01 1.939253363582750522e-01 1.163508512441374876e+00
3.149999999999663913e+01 1.630328728809343208e-01 1.192482195152024138e+00
3.159999999999662990e+01 1.346264028408654390e-01 1.219245754757019462e+00
3.169999999999662066e+01 1.087897244430512250e-01 1.243697139930188600e+00
3.179999999999660787e+01 8.559522154493326429e-02 1.265744560956134412e+00
3.189999999999659508e+01 6.510379415951224324e-02 1.285306756638874726e+00
3.199999999999658584e+01 4.736483006288974562e-02 1.302313216318424116e+00
3.209999999999657661e+01 3.241621578151065997e-02 1.316704357048931406e+00
3.219999999999656382e+01 2.028438535400833853e-02 1.328431656122119664e+00
3.229999999999655103e+01 1.098440537682777128e-02 1.337457739240906829e+00
3.239999999999653824e+01 4.520094944526484478e-03 1.343756424771409996e+00
3.249999999999653255e+01 8.841791792384968941e-04 1.347312724614202262e+00
3.259999999999651976e+01 5.847510656539694021e-05 1.348122802351696237e+00
3.269999999999650697e+01 2.014108676213400076e-03 1.346193889438070945e+00
3.279999999999650129e+01 6.711761746404215460e-03 1.341544160307277300e+00
3.289999999999648850e+01 1.410194785422212889e-02 1.334202567381451043e+00
3.299999999999647571e+01 2.412531558353386493e-02 1.324208637066938810e+00
3.309999999999646292e+01 3.671297832252147508e-02 1.311612227921189477e+00
3.319999999999645013e+01 5.178686917888256080e-02 1.296473252275972543e+00
3.329999999999644444e+01 6.926011979679062847e-02 1.278861362691230630e+00
3.339999999999643165e+01 8.903746179933388905e-02 1.258855604703519981e+00
3.349999999999641886e+01 1.110156495661003134e-01 1.236544037414534447e+00
3.359999999999641318e+01 1.350839030494414839e-01 1.212023323542333442e+00
3.369999999999640039e+01 1.611243693341356531e-01 1.185398290632908580e+00
3.379999999999638760e+01 1.890126016539814824e-01 1.156781465191249803e+00
3.389999999999637481e+01 2.186180545910578477e-01 1.126292581557380545e+00
3.399999999999636202e+01 2.498045941984430030e-01 1.094058067406456169e+00
3.409999999999635634e+01 2.824310217983993510e-01 1.060210507805084523e+00
3.419999999999634355e+01 3.163516102149803166e-01 1.024888089803606128e+00
3.429999999999633076e+01 3.514166511964990081e-01 9.882340295897164006e-01
3.439999999999632507e+01 3.874730127668946644e-01 9.503959842663398661e-01
3.449999999999631228e+01 4.243647052153395882e-01 9.115254503587296719e-01
3.459999999999629949e+01 4.619334543869832443e-01 8.717771511867155043e-01
3.469999999999628670e+01 5.000192808759039709e-01 8.313084152709413477e-01
3.479999999999627391e+01 5.384610836479180040e-01 7.902785479695892956e-01
3.489999999999626823e+01 5.770972265337674934e-01 7.488481985657895468e-01
3.499999999999625544e+01 6.157661259433883094e-01 7.071787250449698137e-01
3.509999999999624265e+01 6.543068380595536970e-01 6.654315588162353912e-01
3.519999999999623697e+01 6.925596436796581656e-01 6.237675716387737213e-01
3.529999999999622418e+01 7.303666288005513652e-01 5.823464470163393081e-01
3.539999999999621139e+01 7.675722589795135331e-01 5.413260583159896777e-01
3.549999999999619860e+01 8.040239454650865980e-01 5.008618558513501240e-01
3.559999999999618581e+01 8.395726010807600392e-01 4.611062651488266328e-01
3.569999999999618012e+01 8.740731838590340974e-01 4.222080985792914243e-01
3.579999999999616733e+01 9.073852264682934488e-01 3.843119824979039367e-01
3.589999999999615454e+01 9.393733495492351260e-01 3.475578019796244367e-01
3.599999999999614886e+01 9.699077571769695316e-01 3.120801651798496001e-01
3.609999999999613607e+01 9.988647127888755639e-01 2.780078892776169930e-01
3.619999999999612328e+01 1.026126994051956842e+00 2.454635098830400264e-01
3.629999999999611049e+01 1.051584325294093514e+00 2.145628157064182473e-01
3.639999999999609770e+01 1.075133786269044656e+00 1.854144101969393554e-01
3.649999999999609201e+01 1.096680196164889320e+00 1.581193017648128418e-01
3.659999999999607923e+01 1.116136471891555626e+00 1.327705241039721651e-01
3.669999999999606644e+01 1.133423959785568647e+00 1.094527880323412639e-01
3.679999999999606075e+01 1.148472739941688303e+00 8.824216616562645388e-02
3.689999999999604796e+01 1.161221902424875774e+00 6.920581163887183640e-02
3.699999999999603517e+01 1.171619794618725896e+00 5.240171198708679784e-02
3.709999999999602238e+01 1.179624238939007252e+00 3.787847919347583914e-02
3.719999999999600959e+01 1.185202720076337757e+00 2.567517680990548737e-02
3.729999999999600391e+01 1.188332540843516139e+00 1.582118494913292359e-02
3.739999999999599112e+01 1.189000945590537928e+00 8.336103841059006384e-03
3.749999999999597833e+01 1.187205210028000169e+00 3.229696534753636120e-03
3.759999999999597264e+01 1.182952696178289687e+00 5.018712129697208311e-04
3.769999999999595985e+01 1.176260871054184642e+00 1.427034650613953105e-04
3.779999999999594706e+01 1.167157287583325154e+00 2.132498736296560646e-03
3.789999999999593427e+01 1.155679526232680221e+00 6.441895035244820517e-03
3.799999999999592148e+01 1.141875095782029614e+00 1.303200583526358675e-02
3.809999999999591580e+01 1.125801291737983156e+00 2.185460295028459829e-02
3.819999999999590301e+01 1.107525010986148084e+00 3.285233899878405722e-02
3.829999999999589022e+01 1.087122521455830881e+00 4.595900889295018166e-02
3.839999999999588454e+01 1.064679185812608564e+00 6.109984960319721214e-02
3.849999999999587175e+01 1.040289138510020583e+00 7.819187725229241603e-02
3.859999999999585896e+01 1.014054915905178822e+00 9.714426038981911760e-02
3.869999999999584617e+01 9.860870395834403501e-01 1.178587280885688704e-01
3.879999999999583338e+01 9.565035535184098769e-01 1.402300112919757369e-01
3.889999999999582769e+01 9.254295162166122912e-01 1.641463156285960789e-01
3.899999999999581490e+01 8.929964495414839387e-01 1.894898236988517837e-01
3.909999999999580211e+01 8.593417464671694317e-01 2.161372246340954872e-01
3.919999999999579643e+01 8.246080405589832907e-01 2.439602685312063923e-01
3.929999999999578364e+01 7.889425405085177534e-01 2.728263431817272711e-01
3.939999999999577085e+01 7.524963335429252220e-01 3.025990703441739926e-01
3.949999999999575806e+01 7.154236619731457747e-01 3.331389186567645377e-01
3.959999999999574527e+01 6.778811775349696811e-01 3.643038301556853487e-01
3.969999999999573959e+01 6.400271784932559660e-01 3.959498572554536189e-01
3.979999999999572680e+01 6.020208347278941385e-01 4.279318069612766950e-01
3.989999999999571401e+01 5.640214061844028848e-01 4.601038890259525060e-01
3.999999999999570832e+01 5.261874601642191340e-01 4.923203647276950257e-01
4.009999999999569553e+01 4.886760929365631112e-01 5.244361929401238909e-01
4.019999999999568274e+01 4.516421610921901308e-01 5.563076701828373327e-01
4.029999999999566995e+01 4.152375279225066773e-01 5.877930613883314281e-01
4.039999999999565716e+01 3.796103299118004371e-01 6.187532181872948955e-01
4.049999999999565148e+01 3.449042681743036964e-01 6.490521816101602059e-01
4.059999999999563869e+01 3.112579293669950342e-01 6.785577662167259216e-01
4.069999999999562590e+01 2.788041402660282886e-01 7.071421228003500481e-01
4.079999999999562021e+01 2.476693598194945056e-01 7.346822769684586696e-01
4.089999999999560742e+01 2.179731120902350938e-01 7.610606410706194369e-01
4.099999999999559464e+01 1.898274630844571098e-01 7.861654971295447547e-01
4.109999999999558185e+01 1.633365440317823547e-01 8.098914486299694238e-01
4.119999999999556906e+01 1.385961232452873892e-01 8.321398392263864574e-01
4.129999999999556337e+01 1.156932282514522153e-01 8.528191366472261947e-01
4.139999999999555058e+01 9.470581944116746032e-02 8.718452802970845239e-01
4.149999999999553779e+01 7.570251605981564991e-02 8.891419912859567232e-01
4.159999999999553211e+01 5.874237492980939612e-02 9.046410438440434243e-01
4.169999999999551932e+01 4.387472188392742972e-02 9.182824973125341961e-01
4.179999999999550653e+01 3.113903548857391637e-02 9.300148881321054217e-01
4.189999999999549374e+01 2.056488225348873308e-02 9.397953814746468071e-01
4.199999999999548095e+01 1.217190216387745681e-02 9.475898823910214874e-01
4.209999999999547526e+01 5.969843035565250249e-03 9.533731065595757448e-01
4.219999999999546247e+01 1.958641888340468575e-03 9.571286109307846068e-01
4.229999999999544968e+01 1.285512611524430914e-04 9.588487847598394787e-01
4.239999999999544400e+01 4.603081598357823979e-04 9.585348017070119964e-01
4.249999999999543121e+01 2.925343137196085175e-03 9.561965338584644813e-01
4.259999999999541842e+01 7.486026860047996154e-03 9.518524286827921843e-01
4.269999999999540563e+01 1.409595142043763502e-02 9.455293500836764453e-01
4.279999999999539284e+01 2.270024360002753996e-02 9.372623848384534773e-01
4.289999999999538716e+01 3.323590729722979836e-02 9.270946158333329690e-01
4.299999999999537437e+01 4.563219237445557269e-02 9.150768636011180623e-01
4.309999999999536158e+01 5.981098727417901578e-02 9.012673977565777150e-01
4.319999999999535589e+01 7.568723288253764725e-02 8.857316199973422899e-01
4.329999999999534310e+01 9.316935528098407859e-02 8.685417203948274656e-01
4.339999999999533031e+01 1.121597152122784102e-01 8.497763087504955903e-01
4.349999999999531752e+01 1.325550722876880361e-01 8.295200228283228228e-01
4.359999999999530473e+01 1.542470621673872333e-01 8.078631153048234648e-01
4.369999999999529905e+01 1.771226851469830665e-01 7.849010213005838121e-01
4.379999999999528626e+01 2.010648047679494121e-01 7.607339083761084364e-01
4.389999999999527347e+01 2.259526552311827141e-01 7.354662108880382076e-01
4.399999999999526779e+01 2.516623565221727810e-01 7.092061506163547246e-01
4.409999999999525500e+01 2.780674362463658733e-01 6.820652455853588592e-01
4.419999999999524221e+01 3.050393572204914694e-01 6.541578090147309732e-01
4.429999999999522942e+01 3.324480498685806196e-01 6.256004403500526889e-01
4.439999999999521663e+01 3.601624484264236981e-01 5.965115103394345031e-01
4.449999999999521094e+01 3.880510298736284946e-01 5.670106421377218986e-01
4.459999999999519815e+01 4.159823543866714712e-01 5.372181904378764417e-01
4.469999999999518536e+01 4.438256059523935648e-01 5.072547206455000346e-01
4.479999999999517968e+01 4.714511316016464226e-01 4.772404901275474343e-01
4.489999999999516689e+01 4.987309775335628248e-01 4.472949335783830138e-01
4.499999999999515410e+01 5.255394202062959597e-01 4.175361545533454177e-01
4.509999999999514131e+01 5.517534902875677050e-01 3.880804252228556295e-01
4.519999999999512852e+01 5.772534871919277055e-01 3.590416963903969028e-01
4.529999999999512283e+01 6.019234817968631690e-01 3.305311198046205212e-01
4.539999999999511004e+01 6.256518048300949708e-01 3.026565847665417253e-01
4.549999999999509726e+01 6.483315183659205116e-01 2.755222709948140780e-01
4.559999999999509157e+01 6.698608678596145172e-01 2.492282196599724942e-01
4.569999999999507878e+01 6.901437121907580963e-01 2.238699244336321281e-01
4.579999999999506599e+01 7.090899292759855754e-01 1.995379443207527526e-01
4.589999999999505320e+01 7.266157949493389223e-01 1.763175399517535047e-01
4.599999999999504041e+01 7.426443329808792848e-01 1.542883349078994493e-01
4.609999999999503473e+01 7.571056343185291748e-01 1.335240035392860625e-01
4.619999999999502194e+01 7.699371438709485815e-01 1.140919866097631352e-01
4.629999999999500915e+01 7.810839134010475471e-01 9.605323596997597524e-02
4.639999999999500346e+01 7.904988193598159185e-01 7.946198932006799664e-02
4.649999999999499067e+01 7.981427447475796244e-01 6.436557597724594515e-02
4.659999999999497788e+01 8.039847243338165139e-01 5.080425441472571912e-02
4.669999999999496509e+01 8.080020528022794357e-01 3.881108218637045054e-02
4.679999999999495230e+01 8.101803555914670607e-01 2.841181869876459321e-02
4.689999999999494662e+01 8.105136223895901271e-01 1.962486113967028614e-02
4.699999999999493383e+01 8.090042033957612899e-01 1.246121372020420753e-02
4.709999999999492104e+01 8.056627685987231002e-01 6.924490237949393855e-03
4.719999999999491536e+01 8.005082304305243257e-01 3.010949820305500353e-03
4.729999999999490257e+01 7.935676302522057801e-01 7.095655616866033705e-04
4.739999999999488978e+01 7.848759892092411761e-01 2.125624950114554967e-06
4.749999999999487699e+01 7.744761240773587740e-01 8.633662365169358791e-04
4.759999999999486420e+01 7.624184287986425224e-01 3.261135866003076183e-03
4.769999999999485851e+01 7.487606225045665420e-01 7.156589744743334369e-03
4.779999999999484572e+01 7.335674649250294443e-01 1.250441374334348987e-02
4.789999999999483293e+01 7.169104402141741605e-01 1.925307649652072475e-02
4.799999999999482725e+01 6.988674103714146435e-01 2.734510853423574930e-02
4.809999999999481446e+01 6.795222396090273564e-01 3.671740705211888611e-02
4.819999999999480167e+01 6.589643912131892822e-01 4.730156483205800316e-02
4.829999999999478888e+01 6.372884986587180611e-01 5.902422170670579282e-02
4.839999999999477609e+01 6.145939129626145636e-01 7.180743685046322988e-02
4.849999999999477041e+01 5.909842284922891542e-01 8.556908007600588784e-02
4.859999999999475762e+01 5.665667896720859575e-01 1.002232402204867728e-01
4.869999999999474483e+01 5.414521812451039695e-01 1.156806486211503920e-01
4.879999999999473914e+01 5.157537049389262496e-01 1.318491156075270176e-01
4.889999999999472635e+01 4.895868455418844745e-01 1.486339778777506504e-01
4.899999999999471356e+01 4.630687295144466087e-01 1.659385545812596396e-01
4.909999999999470077e+01 4.363175793303348815e-01 1.836646099001612020e-01
4.919999999999468798e+01 4.094521667582567415e-01 2.017128199068990435e-01
4.929999999999468230e+01 3.825912682568725631e-01 2.199832414774352263e-01
4.939999999999466951e+01 3.558531255616001476e-01 2.383757810559935242e-01
4.949999999999465672e+01 3.293549143947689939e-01 2.567906610999018957e-01
4.959999999999465103e+01 3.032122240349413023e-01 2.751288820786280676e-01
4.969999999999463824e+01 2.775385502486309441e-01 2.932926779605252166e-01
4.979999999999462545e+01 2.524448038201759226e-01 3.111859631904215218e-01
4.989999999999461266e+01 2.280388366320235949e-01 3.287147692403708521e-01
4.999999999999459988e+01 2.044249869553604881e-01 3.457876689019218075e-01
5.009999999999459419e+01 1.817036453226703319e-01 3.623161865809818027e-01
5.019999999999458140e+01 1.599708420823920119e-01 3.782151929496224141e-01
5.029999999999456861e+01 1.393178574912946888e-01 3.934032824071133083e-01
5.039999999999456293e+01 1.198308549899754633e-01 4.078031318973611152e-01
5.049999999999455014e+01 1.015905381409837049e-01 4.213418397264448445e-01
5.059999999999453735e+01 8.467183158764854389e-02 4.339512431149545324e-01
5.069999999999452456e+01 6.914358631991245063e-02 4.455682133104542642e-01
5.079999999999451177e+01 5.506830950747615416e-02 4.561349271733934896e-01
5.089999999999450608e+01 4.250191917724402413e-02 4.655991142322740139e-01
5.099999999999449329e+01 3.149352406540144311e-02 4.739142782875712667e-01
5.109999999999448050e+01 2.208522905471713843e-02 4.810398927258025537e-01
5.119999999999447482e+01 1.431196670596344631e-02 4.869415687848378527e-01
5.129999999999446203e+01 8.201355496879269083e-03 4.915911960970087424e-01
5.139999999999444924e+01 3.773585481969330205e-03 4.949670549196735214e-01
5.149999999999443645e+01 1.041332170437403188e-03 4.970538995553339667e-01
5.159999999999442366e+01 9.699477906702294662e-06 4.978430125561500996e-01
5.169999999999441798e+01 6.761926317770811101e-04 4.973322294105338437e-01
5.179999999999440519e+01 3.030721893773774718e-03 4.955259335164157730e-01
5.189999999999439240e+01 7.055637902457749175e-03 4.924350213623206463e-01
5.199999999999438671e+01 1.272579933178333809e-02 4.880768379574270677e-01
5.209999999999437392e+01 2.000867341038948047e-02 4.824750826831707973e-01
5.219999999999436113e+01 2.886446965396774131e-02 4.756596858710317455e-01
5.229999999999434834e+01 3.924630693566776019e-02 4.676666565522037966e-01
5.239999999999433555e+01 5.110041376499538379e-02 4.585379019659834854e-01
5.249999999999432987e+01 6.436636137307816252e-02 4.483210195573991697e-01
5.259999999999431708e+01 7.897732892184508580e-02 4.370690623393117535e-01
5.269999999999430429e+01 9.486039987601803392e-02 4.248402786329265046e-01
5.279999999999429861e+01 1.119368883105113649e-01 4.116978273403905653e-01
5.289999999999428582e+01 1.301226936796903988e-01 3.977094700320835119e-01
5.299999999999427303e+01 1.493286823565124766e-01 3.829472412564863815e-01
5.309999999999426024e+01 1.694610940641607111e-01 3.674870985949801883e-01
5.319999999999424745e+01 1.904219711730651410e-01 3.514085540901126792e-01
5.329999999999424176e+01 2.121096087234947969e-01 3.347942887701558234e-01
5.339999999999422897e+01 2.344190229562044259e-01 3.177297520777437878e-01
5.349999999999421618e+01 2.572424360873694638e-01 3.003027480838146857e-01
5.359999999999421050e+01 2.804697750450568239e-01 2.826030104309184554e-01
5.369999999999419771e+01 3.039891818838220128e-01 2.647217680019364194e-01
5.379999999999418492e+01 3.276875336067985311e-01 2.467513033533473288e-01
5.389999999999417213e+01 3.514509691422407767e-01 2.287845059859037189e-01
5.399999999999415934e+01 3.751654212353434104e-01 2.109144225493659874e-01
5.409999999999415365e+01 3.987171510223030402e-01 1.932338060962475179e-01
5.419999999999414086e+01 4.219932830461559647e-01 1.758346665070618653e-01
5.429999999999412807e+01 4.448823384474535625e-01 1.588078242131120976e-01
5.439999999999412239e+01 4.672747640214687248e-01 1.422424693359193304e-01
5.449999999999410960e+01 4.890634547723291536e-01 1.262257283509224115e-01
5.459999999999409681e+01 5.101442675221096179e-01 1.108422403613075896e-01
5.469999999999408402e+01 5.304165230506199258e-01 9.617374503952828835e-02
5.479999999999407123e+01 5.497834941582795398e-01 8.229868425578955315e-02
5.489999999999406555e+01 5.681528769697763437e-01 6.929181936455705570e-02
5.499999999999405276e+01 5.854372427347694918e-01 5.722386606172891188e-02
5.509999999999403997e+01 6.015544673495499817e-01 4.616114865435227282e-02
5.519999999999403428e+01 6.164281358201152416e-01 3.616527550243692907e-02
5.529999999999402149e+01 6.299879189312510563e-01 2.729283729664222502e-02
5.539999999999400870e+01 6.421699194725832838e-01 1.959512972735620931e-02
5.549999999999399591e+01 6.529169855146670365e-01 1.311790197887588785e-02
5.559999999999398312e+01 6.621789884207640586e-01 7.901132348393940380e-03
5.569999999999397744e+01 6.699130635273056189e-01 3.978832143343283279e-03
5.579999999999396465e+01 6.760838117199335917e-01 1.378878853919765892e-03
5.589999999999395186e+01 6.806634604700401159e-01 1.228794315544222979e-04
5.599999999999394618e+01 6.836319832695395560e-01 2.260643305723339337e-04
5.609999999999393339e+01 6.849771767958816593e-01 1.697212791302080961e-03
5.619999999999392060e+01 6.846946955515837985e-01 4.538609660649871487e-03
5.629999999999390781e+01 6.827880441300663295e-01 8.746033862935174985e-03
5.639999999999389502e+01 6.792685276600421984e-01 1.430877845188467321e-02
5.649999999999388933e+01 6.741551613576993729e-01 2.120970199631258546e-02
5.659999999999387654e+01 6.674745404577425711e-01 2.942531087919550079e-02
5.669999999999386375e+01 6.592606720986980973e-01 3.892587192440641330e-02
5.679999999999385807e+01 6.495547709917691703e-01 4.967555460882831092e-02
5.689999999999384528e+01 6.384050209057182679e-01 6.163260197090920933e-02
5.699999999999383249e+01 6.258663041518647274e-01 7.474952919107852312e-02
5.709999999999381970e+01 6.119999013533476973e-01 8.897334869485698516e-02
5.719999999999380691e+01 5.968731638340615264e-01 1.042458205163828977e-01
5.729999999999380123e+01 5.805591609742563053e-01 1.205037265577919431e-01
5.739999999999378844e+01 5.631363048584363540e-01 1.376791672887740792e-01
5.749999999999377565e+01 5.446879544905702808e-01 1.556998793486789323e-01
5.759999999999376996e+01 5.253020017902158001e-01 1.744895724415869431e-01
5.769999999999375717e+01 5.050704415114294354e-01 1.939682838504254991e-01
5.779999999999374438e+01 4.840889271574710939e-01 2.140527488400610079e-01
5.789999999999373159e+01 4.624563149054455313e-01 2.346567851696326479e-01
5.799999999999371880e+01 4.402741975096572946e-01 2.556916898910342462e-01
5.809999999999371312e+01 4.176464301258406286e-01 2.770666465739763384e-01
5.819999999999370033e+01 3.946786499924351821e-01 2.986891410660039159e-01
5.829999999999368754e+01 3.714777919179900190e-01 3.204653838721392978e-01
5.839999999999368185e+01 3.481516015534684705e-01 3.423007372190340902e-01
5.849999999999366906e+01 3.248081484686124454e-01 3.641001448582728561e-01
5.859999999999365627e+01 3.015553411004166517e-01 3.857685626589655858e-01
5.869999999999364348e+01 2.785004456851947197e-01 4.072113880453956392e-01
5.879999999999363069e+01 2.557496113237577307e-01 4.283348863490284431e-01
5.889999999999362501e+01 2.334074033467068987e-01 4.490466121687640699e-01
5.899999999999361222e+01 2.115763471436048482e-01 4.692558238675956228e-01
5.909999999999359943e+01 1.903564845833860264e-01 4.888738893802533902e-01
5.919999999999359375e+01 1.698449450852698994e-01 5.078146815613807652e-01
5.929999999999358096e+01 1.501355332932427233e-01 5.259949613735205309e-01
5.939999999999356817e+01 1.313183351644525709e-01 5.433347472892368080e-01
5.949999999999355538e+01 1.134793441049181395e-01 5.597576693704262585e-01
5.959999999999354259e+01 9.670010857874286603e-02 5.751913065824668658e-01
5.969999999999353690e+01 8.105740238546346732e-02 5.895675060023665148e-01
5.979999999999352411e+01 6.662291855363396131e-02 6.028226826873273048e-01
5.989999999999351132e+01 5.346298754510606099e-02 6.148980990810788416e-01
5.999999999999350564e+01 4.163832021536612721e-02 6.257401229447583368e-01
6.009999999999349285e+01 3.120377573909988503e-02 6.353004629129217484e-01
6.019999999999348006e+01 2.220815449842863248e-02 6.435363808821151776e-01
6.029999999999346727e+01 1.469401575118191999e-02 6.504108805454650311e-01
6.039999999999345448e+01 8.697519756307380348e-03 6.558928714857800157e-01
6.049999999999344880e+01 4.248293937504010395e-03 6.599573083357610503e-01
6.059999999999343601e+01 1.369322617562061459e-03 6.625853045988372436e-01
6.069999999999342322e+01 7.685985482799636962e-05 6.637642208077113581e-01
6.079999999999341753e+01 3.803649573378174243e-04 6.634877267701848602e-01
6.089999999999340474e+01 2.282460334832511154e-03 6.617558377217254151e-01
6.099999999999339195e+01 5.778911466914269691e-03 6.585749242697328532e-01
6.109999999999337916e+01 1.085862890822484987e-02 6.539576960733309852e-01
6.119999999999336637e+01 1.750369240834274975e-02 6.479231592629546288e-01
6.129999999999336069e+01 2.568939738398338946e-02 6.404965476649525646e-01
6.139999999999334790e+01 3.538432413248848024e-02 6.317092279545580835e-01
6.149999999999333511e+01 4.655043030753265587e-02 6.215985789269770079e-01
6.159999999999332942e+01 5.914316727999390649e-02 6.102078451458312625e-01
6.169999999999331664e+01 7.311162107056062842e-02 5.975859653021869944e-01
6.179999999999330385e+01 8.839867855879500469e-02 5.837873757016209808e-01
6.189999999999329106e+01 1.049412196413750387e-01 5.688717893851683582e-01
6.199999999999327827e+01 1.226703359285085809e-01 5.529039514890605744e-01
6.209999999999327258e+01 1.415115764312999957e-01 5.359533715539088750e-01
6.219999999999325979e+01 1.613852205087090430e-01 5.180940336037833660e-01
6.229999999999324700e+01 1.822065781141717911e-01 4.994040849361668921e-01
6.239999999999324132e+01 2.038863171177326128e-01 4.799655046843693817e-01
6.249999999999322853e+01 2.263308171875419439e-01 4.598637533375805608e-01
6.259999999999321574e+01 2.494425494046487723e-01 4.391874045302356921e-01
6.269999999999320295e+01 2.731204804691831356e-01 4.180277605345296132e-01
6.279999999999319016e+01 2.972605000422439137e-01 3.964784530090805226e-01
6.289999999999318447e+01 3.217558694686957210e-01 3.746350306712427636e-01
6.299999999999317168e+01 3.464976898493454249e-01 3.525945356653973350e-01
6.309999999999315889e+01 3.713753871827582542e-01 3.304550704958746365e-01
6.319999999999315321e+01 3.962772120873748749e-01 3.083153574779838868e-01
6.329999999999314042e+01 4.210907514418520958e-01 2.862742927333101206e-01
6.339999999999312763e+01 4.457034491524388686e-01 2.644304968144273738e-01
6.349999999999311484e+01 4.700031331668336754e-01 2.428818640890503255e-01
6.359999999999310205e+01 4.938785458058249644e-01 2.217251130454216401e-01
6.369999999999309637e+01 5.172198744699237904e-01 2.010553396970515272e-01
6.379999999999308358e+01 5.399192797967591329e-01 1.809655762676243007e-01
6.389999999999307079e+01 5.618714183884462310e-01 1.615463573271353481e-01
6.399999999999306510e+01 5.829739572931665892e-01 1.428852955255643375e-01
6.409999999999305942e+01 6.031280775005105621e-01 1.250666690360177913e-01
6.419999999999303952e+01 6.222389638006149415e-01 1.081710227708700539e-01
6.429999999999301963e+01 6.402162784456171263e-01 9.227478537756245158e-02
6.439999999999301394e+01 6.569746161460487954e-01 7.744990395215478607e-02
6.449999999999300826e+01 6.724339380272540412e-01 6.376349833125762034e-02
6.459999999999300258e+01 6.865199822589113099e-01 5.127753673712903693e-02
6.469999999999298268e+01 6.991646491636150929e-01 4.004853445508278070e-02
6.479999999999297700e+01 7.103063586971529730e-01 3.012727711977448292e-02
6.489999999999295710e+01 7.198903782889540803e-01 2.155857007537954201e-02
6.499999999999295142e+01 7.278691191324289100e-01 1.438101515606415859e-02
6.509999999999294573e+01 7.342023991232558000e-01 8.626816106402252285e-03
6.519999999999292584e+01 7.388576707740611704e-01 4.321613727757511562e-03
6.529999999999292015e+01 7.418102125718472051e-01 1.484351695626913784e-03
6.539999999999290026e+01 7.430432824119148627e-01 1.271738454637338369e-04
6.549999999999289457e+01 7.425482319261437203e-01 2.553535707814011944e-04
6.559999999999288889e+01 7.403245807283804769e-01 1.867255818197205907e-03
6.569999999999286899e+01 7.363800498303425535e-01 4.954332000270653819e-03
6.579999999999286331e+01 7.307305537276002072e-01 9.501147979536991167e-03
6.589999999999285762e+01 7.234001509168056510e-01 1.548544510712519112e-02
6.599999999999283773e+01 7.144209528787680563e-01 2.287823412806693629e-02
6.609999999999283204e+01 7.038329918414748532e-01 3.164392159408067895e-02
6.619999999999282636e+01 6.916840479134966913e-01 4.174046825474852368e-02
6.629999999999280647e+01 6.780294364522629902e-01 5.311957873089670490e-02
6.639999999999280078e+01 6.629317567896438890e-01 6.572692161078591555e-02
6.649999999999278089e+01 6.464606036816465950e-01 7.950237895226780482e-02
6.659999999999277520e+01 6.286922430682981844e-01 9.438032402233080542e-02
6.669999999999276952e+01 6.097092539277279011e-01 1.102899259620652578e-01
6.679999999999274962e+01 5.896001381787059348e-01 1.271554799286949144e-01
6.689999999999274394e+01 5.684589007280478334e-01 1.448967611398926381e-01
6.699999999999272404e+01 5.463846018777508418e-01 1.634294011272842684e-01
6.709999999999271836e+01 5.234808844017139196e-01 1.826652843976188378e-01
6.719999999999271267e+01 4.998554776743777683e-01 2.025129636014518786e-01
6.729999999999269278e+01 4.756196812945693297e-01 2.228780912185495400e-01
6.739999999999268709e+01 4.508878306925340751e-01 2.436638656904016043e-01
6.749999999999268141e+01 4.257767472526267638e-01 2.647714898575256326e-01
6.759999999999266151e+01 4.004051755207168606e-01 2.861006394985082801e-01
6.769999999999265583e+01 3.748932101088632840e-01 3.075499397138694024e-01
6.779999999999265015e+01 3.493617149564161029e-01 3.290174468541743891e-01
6.789999999999263025e+01 3.239317376583433772e-01 3.504011336574401336e-01
6.799999999999262457e+01 2.987239216333087422e-01 3.715993752346175572e-01
6.809999999999260467e+01 2.738579189677505799e-01 3.925114335279449862e-01
6.819999999999259899e+01 2.494518068406366695e-01 4.130379378607647589e-01
6.829999999999259330e+01 2.256215104991926013e-01 4.330813592052945027e-01
6.839999999999257341e+01 2.024802358137812175e-01 4.525464758114530195e-01
6.849999999999256772e+01 1.801379144869736659e-01 4.713408278720103706e-01
6.859999999999254783e+01 1.587006650151463194e-01 4.893751589431956650e-01
6.869999999999254214e+01 1.382702725018699619e-01 5.065638418975414448e-01
6.879999999999253646e+01 1.189436903866294137e-01 5.228252872591371281e-01
6.889999999999251656e+01 1.008125670819879083e-01 5.380823318590963744e-01
6.899999999999251088e+01 8.396280039801239103e-02 5.522626058496784562e-01
6.909999999999250520e+01 6.847412247538142704e-02 5.652988762342172624e-01
6.919999999999248530e+01 5.441971774621372909e-02 5.771293651976738825e-01
6.929999999999247962e+01 4.186587619635504659e-02 5.876980416692473286e-01
6.939999999999247393e+01 3.087168391827824210e-02 5.969548846994762181e-01
6.949999999999245404e+01 2.148875262488523716e-02 6.048561174022782927e-01
6.959999999999244835e+01 1.376098944931587915e-02 6.113644103838654642e-01
6.969999999999242846e+01 7.724407992095084011e-03 6.164490537598747988e-01
6.979999999999242277e+01 3.406981204776157734e-03 6.200860970460945198e-01
6.989999999999241709e+01 8.285363281470133024e-04 6.222584563917595846e-01
6.999999999999239719e+01 6.917434470395213224e-07 6.229559888108565646e-01
7.009999999999239151e+01 9.268352560303102193e-04 6.221755332469307564e-01
7.019999999999237161e+01 3.602143021129778407e-03 6.199209184860582367e-01
7.029999999999236593e+01 8.013638047782963361e-03 6.162029381021693064e-01
7.039999999999236024e+01 1.414028698479796384e-02 6.110392927834966681e-01
7.049999999999234035e+01 2.195313370509614781e-02 6.044545005420294270e-01
7.059999999999233466e+01 3.141546806293611660e-02 5.964797754545698716e-01
7.069999999999232898e+01 4.248302810132974922e-02 5.871528757157358225e-01
7.079999999999230909e+01 5.510423393121732794e-02 5.765179219099326735e-01
7.089999999999230340e+01 6.922045148492765587e-02 5.646251865228097966e-01
7.099999999999229772e+01 8.476628435747046719e-02 5.515308558176238440e-01
7.109999999999227782e+01 1.016698919830148068e-01 5.372967652964226737e-01
7.119999999999227214e+01 1.198533324423795704e-01 5.219901100579132924e-01
7.129999999999225224e+01 1.392329282522095368e-01 5.056831314390330956e-01
7.139999999999224656e+01 1.597196535397917561e-01 4.884527814079099306e-01
7.149999999999224087e+01 1.812195410526399042e-01 4.703803662410670494e-01
7.159999999999222098e+01 2.036341074822449748e-01 4.515511710845952487e-01
7.169999999999221529e+01 2.268607955933875930e-01 4.320540670606483058e-01
7.179999999999219540e+01 2.507934316403929720e-01 4.119811026360759576e-01
7.189999999999218971e+01 2.753226965205640142e-01 3.914270810262205358e-01
7.199999999999218403e+01 3.003366090611045980e-01 3.704891254559389280e-01
7.209999999999216413e+01 3.257210197644156979e-01 3.492662341469646159e-01
7.219999999999215845e+01 3.513601132510676406e-01 3.278588269433910241e-01
7.229999999999215277e+01 3.771369175431953380e-01 3.063682855234896585e-01
7.239999999999213287e+01 4.029338182345948427e-01 2.848964891776403774e-01
7.249999999999212719e+01 4.286330754976235835e-01 2.635453481571738976e-01
7.259999999999212150e+01 4.541173417938965118e-01 2.424163366147973064e-01
7.269999999999210161e+01 4.792701780863556360e-01 2.216100271665488730e-01
7.279999999999209592e+01 5.039765663047087729e-01 2.012256291042264222e-01
7.289999999999207603e+01 5.281234157943522911e-01 1.813605322766861094e-01
7.299999999999207034e+01 5.516000614853439066e-01 1.621098586379616513e-01
7.309999999999206466e+01 5.742987515559384581e-01 1.435660234295707827e-01
7.319999999999204476e+01 5.961151224288042672e-01 1.258183079229592272e-01
7.329999999999203908e+01 6.169486590322960096e-01 1.089524455977348566e-01
7.339999999999201918e+01 6.367031383727105309e-01 9.305022357077075146e-02
7.349999999999201350e+01 6.552870546009327279e-01 7.818910102255988148e-02
7.359999999999200782e+01 6.726140239035754975e-01 6.444184629035962231e-02
7.369999999999198792e+01 6.886031677058086498e-01 5.187619421410267356e-02
7.379999999999198224e+01 7.031794728309777032e-01 4.055452523141039184e-02
7.389999999999197655e+01 7.162741274155483007e-01 3.053356762342335218e-02
7.399999999999195666e+01 7.278248315219070230e-01 2.186412421472497605e-02
7.409999999999195097e+01 7.377760815234563063e-01 1.459082472873981552e-02
7.419999999999194529e+01 7.460794274491676648e-01 8.751904895904667747e-03
7.429999999999192539e+01 7.526937025704524276e-01 4.379013305782141971e-03
7.439999999999191971e+01 7.575852245893841541e-01 1.497046886769099264e-03
7.449999999999189981e+01 7.607279678481932983e-01 1.240157883074145145e-04
7.459999999999189413e+01 7.621037060177489053e-01 2.709383306593765345e-04
7.469999999999188844e+01 7.617021247612651980e-01 1.941766576269542003e-03
7.479999999999186855e+01 7.595209038854592309e-01 5.133342964433914614e-03
7.489999999999186286e+01 7.555657685170604765e-01 9.835388337158615726e-03
7.499999999999184297e+01 7.498505088624407566e-01 1.603052156851997659e-02
7.509999999999183729e+01 7.423969681383859598e-01 2.369431089229776313e-02
7.519999999999183160e+01 7.332349983041693831e-01 3.279535690297556705e-02
7.529999999999181171e+01 7.224023832798104339e-01 4.329540708333470128e-02
7.539999999999180602e+01 7.099447294109040296e-01 5.514950158789127393e-02
7.549999999999180034e+01 6.959153230338706031e-01 6.830614988538727395e-02
7.559999999999178044e+01 6.803749551065731982e-01 8.270753773608978399e-02
7.569999999999177476e+01 6.633917130047812805e-01 9.828976385089220613e-02
7.579999999999176907e+01 6.450407397265436327e-01 1.149831054502532812e-01
7.589999999999174918e+01 6.254039609125345844e-01 1.327123118119672429e-01
7.599999999999174349e+01 6.045697802539972132e-01 1.513969247694758047e-01
7.609999999999172360e+01 5.826327440365899335e-01 1.709516249966291923e-01
7.619999999999171791e+01 5.596931757365014581e-01 1.912866027921571732e-01
7.629999999999171223e+01 5.358567817530236477e-01 2.123079519589508024e-01
7.639999999999169233e+01 5.112342295174082674e-01 2.339180852586006110e-01
7.649999999999168665e+01 4.859406993586275481e-01 2.560161698137359276e-01
7.659999999999166675e+01 4.600954116351918533e-01 2.784985807279140579e-01
7.669999999999166107e+01 4.338211307494915792e-01 3.012593710968677896e-01
7.679999999999165539e+01 4.072436477540279931e-01 3.241907564961273858e-01
7.689999999999163549e+01 3.804912433349726952e-01 3.471836119472033189e-01
7.699999999999162981e+01 3.536941330203000056e-01 3.701279792899436205e-01
7.709999999999162412e+01 3.269838965123026964e-01 3.929135828198842550e-01
7.719999999999160423e+01 3.004928930921242358e-01 4.154303509877764200e-01
7.729999999999159854e+01 2.743536650880375460e-01 4.375689419043672368e-01
7.739999999999159286e+01 2.486983314506573117e-01 4.592212703426947207e-01
7.749999999999157296e+01 2.236579735349447651e-01 4.802810338902317455e-01
7.759999999999156728e+01 1.993620152613251595e-01 5.006442358647029689e-01
7.769999999999154738e+01 1.759375999131269908e-01 5.202097025787503215e-01
7.779999999999154170e+01 1.535089659327767142e-01 5.388795925142380039e-01
7.789999999999153601e+01 1.321968242000594873e-01 5.565598949520711436e-01
7.799999999999151612e+01 1.121177394143944156e-01 5.731609155926331578e-01
7.809999999999151044e+01 9.338351835489130948e-02 5.885977467041862976e-01
7.819999999999149054e+01 7.610060795302757419e-02 6.027907193447200607e-01
7.829999999999148486e+01 6.036950627688752319e-02 6.156658352233547182e-01
7.839999999999147917e+01 4.628418968653040533e-02 6.271551758009700217e-01
7.849999999999145928e+01 3.393155956818370844e-02 6.371972862730220788e-01
7.859999999999145359e+01 2.339091218348891832e-02 6.457375321406253477e-01
7.869999999999144791e+01 1.473343526887755522e-02 6.527284261498469409e-01
7.879999999999142801e+01 8.021735082834902456e-03 6.581299234729299785e-01
7.889999999999142233e+01 3.309397616840780224e-03 6.619096831149677840e-01
7.899999999999141664e+01 6.405876537218792256e-04 6.640432936572014944e-01
7.909999999999139675e+01 4.968927051597644550e-05 6.645144615964231338e-01
7.919999999999139106e+01 1.560991239005133464e-03 6.633151607006939621e-01
7.929999999999137117e+01 5.188420575369178528e-03 6.604457409870869711e-01
7.939999999999136548e+01 1.093532723241625454e-02 6.559149961219642444e-01
7.949999999999135980e+01 1.879432261711333832e-02 6.497401882599543876e-01
7.959999999999133991e+01 2.874717425812238492e-02 6.419470295621217959e-01
7.969999999999133422e+01 4.076475854979825370e-02 6.325696198740208276e-01
7.979999999999131433e+01 5.480707306903939702e-02 6.216503402899739017e-01
7.989999999999130864e+01 7.082330950875961872e-02 6.092397025853794057e-01
7.999999999999130296e+01 8.875198780634770135e-02 5.953961547575893354e-01
8.009999999999128306e+01 1.085211515769808482e-01 5.801858431759053802e-01
8.019999999999127738e+01 1.300486244995008311e-01 5.636823321018800126e-01
8.029999999999127169e+01 1.532423268550938966e-01 5.459662815994708041e-01
8.039999999999125180e+01 1.780006509934946024e-01 5.271250851051479946e-01
8.049999999999124611e+01 2.042128941034747347e-01 5.072524681747074826e-01
8.059999999999124043e+01 2.317597462986736856e-01 4.864480501585132788e-01
8.069999999999122053e+01 2.605138316973369395e-01 4.648168707846131453e-01
8.079999999999121485e+01 2.903402998773572663e-01 4.424688838416828141e-01
8.089999999999119495e+01 3.210974648242105323e-01 4.195184203563190328e-01
8.099999999999118927e+01 3.526374882557420376e-01 3.960836238477513094e-01
8.109999999999118359e+01 3.848071040030403567e-01 3.722858604172659680e-01
8.119999999999116369e+01 4.174483799419036467e-01 3.482491065893700277e-01
8.129999999999115801e+01 4.503995138062350523e-01 3.240993179686332826e-01
8.139999999999113811e+01 4.834956590601542370e-01 2.999637819063967203e-01
8.149999999999113243e+01 5.165697768627539599e-01 2.759704574873111937e-01
8.159999999999112674e+01 5.494535100176615172e-01 2.522473062486572659e-01
8.169999999999110685e+01 5.819780746613325562e-01 2.289216171293876889e-01
8.179999999999110116e+01 6.139751653025421474e-01 2.061193292180412695e-01
8.189999999999109548e+01 6.452778686844456990e-01 1.839643559224392599e-01
8.199999999999107558e+01 6.757215817967793248e-01 1.625779142226694840e-01
8.209999999999106990e+01 7.051449292261421364e-01 1.420778626904267150e-01
8.219999999999106421e+01 7.333906748938294751e-01 1.225780519604638408e-01
8.229999999999104432e+01 7.603066231060863212e-01 1.041876913262454879e-01
8.239999999999103864e+01 7.857465037262090224e-01 8.701073509649863424e-02
8.249999999999101874e+01 8.095708361902335115e-01 7.114529229593880011e-02
8.259999999999101306e+01 8.316477670187057969e-01 5.668306321789922525e-02
8.269999999999100737e+01 8.518538754492080978e-01 4.370880624018897570e-02
8.279999999999098748e+01 8.700749418176199068e-01 3.229983819700667919e-02
8.289999999999098179e+01 8.862066733699559551e-01 2.252557145866347643e-02
8.299999999999096190e+01 9.001553822820999029e-01 1.444709070769789258e-02
8.309999999999095621e+01 9.118386108184093342e-01 8.116772214314863995e-03
8.319999999999095053e+01 9.211856987595248292e-01 3.577948206318788509e-03
8.329999999999093063e+01 9.281382884922241283e-01 8.646187000183157148e-04
8.339999999999092495e+01 9.326507634591539864e-01 1.212909247763019397e-06
8.349999999999091926e+01 9.346906160357741911e-01 1.002402081405191726e-03
8.359999999999089937e+01 9.342387413078777625e-01 3.872965323455133252e-03
8.369999999999089368e+01 9.312896536857838692e-01 8.607709679069975445e-03
8.379999999999088800e+01 9.258516237838858576e-01 1.519144540238212548e-02
8.389999999999086810e+01 9.179467335326764177e-01 2.359901704638597483e-02
8.399999999999086242e+01 9.076108480505945542e-01 3.379539064716573227e-02
8.409999999999084253e+01 8.948935033901702640e-01 4.573579694133042550e-02
8.419999999999083684e+01 8.798577098786624084e-01 5.936593020581411306e-02
8.429999999999083116e+01 8.625796713886726419e-01 7.462220195919463950e-02
8.439999999999081126e+01 8.431484214963766988e-01 9.143204841475326139e-02
8.449999999999080558e+01 8.216653781044578331e-01 1.097142902298174766e-01
8.459999999999078568e+01 7.982438187253169115e-01 1.293795427569882639e-01
8.469999999999078000e+01 7.730082792181158791e-01 1.503306746723752363e-01
8.479999999999077431e+01 7.460938793649215528e-01 1.724633125372887765e-01
8.489999999999075442e+01 7.176455792312572690e-01 1.956663885451887241e-01
8.499999999999074873e+01 6.878173707946048099e-01 2.198227284170570228e-01
8.509999999999074305e+01 6.567714098282381174e-01 2.448096761393093457e-01
8.519999999999072315e+01 6.246770934975892642e-01 2.704997519889943969e-01
8.529999999999071747e+01 5.917100895494679103e-01 2.967613400661241463e-01
8.539999999999071179e+01 5.580513233586865685e-01 3.234594013510662669e-01
8.549999999999069189e+01 5.238859294245187259e-01 3.504562081313030153e-01
8.559999999999068621e+01 4.894021741904500122e-01 3.776120954945629826e-01
8.569999999999066631e+01 4.547903572789739335e-01 4.047862254677677685e-01
8.579999999999066063e+01 4.202416983966670849e-01 4.318373592936968208e-01
8.589999999999065494e+01 3.859472172659934031e-01 4.586246332808855963e-01
8.599999999999063505e+01 3.520966139784346138e-01 4.850083336346207585e-01
8.609999999999062936e+01 3.188771571402260196e-01 5.108506656851390382e-01
8.619999999999060947e+01 2.864725870973744426e-01 5.360165129617826540e-01
8.629999999999060378e+01 2.550620413814594367e-01 5.603741816325312763e-01
8.639999999999059810e+01 2.248190093145636115e-01 5.837961259217069321e-01
8.649999999999057820e+01 1.959103224578039870e-01 6.061596502459187796e-01
8.659999999999057252e+01 1.684951872802614159e-01 6.273475839607312032e-01
8.669999999999056683e+01 1.427242660772862215e-01 6.472489247883039809e-01
8.679999999999054694e+01 1.187388117776528862e-01 6.657594472013219633e-01
8.689999999999054126e+01 9.666986185771977991e-02 6.827822722622729490e-01
8.699999999999053557e+01 7.663749613153307549e-02 6.982283956640454869e-01
8.709999999999051568e+01 5.875016271524349798e-02 7.120171709832959772e-01
8.719999999999050999e+01 4.310407597708728472e-02 7.240767454374611445e-01
8.729999999999049010e+01 2.978268978575585035e-02 7.343444457333764275e-01
8.739999999999048441e+01 1.885624886389807367e-02 7.427671119034512381e-01
8.749999999999047873e+01 1.038142054392571408e-02 7.493013773412096068e-01
8.759999999999045883e+01 4.401008712080870487e-03 7.539138935786073858e-01
8.769999999999045315e+01 9.437512164716579249e-04 7.565814986764964889e-01
8.779999999999043325e+01 2.420150628184573242e-05 7.572913284383931964e-01
8.789999999999042757e+01 1.642694763550173057e-03 7.560408699992088311e-01
8.799999999999042188e+01 5.785398286008201253e-03 7.528379576790331651e-01
8.809999999999040199e+01 1.242444537962956834e-02 7.477007113326904486e-01
8.819999999999039630e+01 2.151815152296657208e-02 7.406574177644492663e-01
8.829999999999039062e+01 3.301131107245570268e-02 7.317463561078066947e-01
8.839999999999037072e+01 4.683557228962340752e-02 7.210155683969797780e-01
8.849999999999036504e+01 6.290988798895344458e-02 7.085225768770895272e-01
8.859999999999035936e+01 8.114103863159308205e-02 6.943340499044684533e-01
8.869999999999033946e+01 1.014242242280526535e-01 6.785254185886198108e-01
8.879999999999033378e+01 1.236437209667877873e-01 6.611804466054003182e-01
8.889999999999031388e+01 1.476735980599361564e-01 6.423907558814788699e-01
8.899999999999030820e+01 1.733784898974986555e-01 6.222553110953097377e-01
8.909999999999030251e+01 2.006144182340797721e-01 6.008798661705451183e-01
8.919999999999028262e+01 2.292296588028542303e-01 5.783763761444166152e-01
8.929999999999027693e+01 2.590656464664107816e-01 5.548623779767153374e-01
8.939999999999025704e+01 2.899579127808941115e-01 5.304603440267768866e-01
8.949999999999025135e+01 3.217370496699629712e-01 5.052970120557348510e-01
8.959999999999024567e+01 3.542296927874969414e-01 4.795026957209669871e-01
8.969999999999022577e+01 3.872595180918160240e-01 4.532105796054363145e-01
8.979999999999022009e+01 4.206482451628518748e-01 4.265560028771685497e-01
8.989999999999021441e+01 4.542166408665552213e-01 3.996757356944802830e-01
8.999999999999019451e+01 4.877855171072112417e-01 3.727072524693534894e-01
9.009999999999018883e+01 5.211767166020783160e-01 3.457880060654234811e-01
9.019999999999018314e+01 5.542140808621056625e-01 3.190547069517604695e-01
9.029999999999016325e+01 5.867243948582497870e-01 2.926426112464179941e-01
9.039999999999015756e+01 6.185383031893301187e-01 2.666848214793155480e-01
9.049999999999013767e+01 6.494911929341935508e-01 2.413116037734071573e-01
9.059999999999013198e+01 6.794240387596355291e-01 2.166497249965564365e-01
9.069999999999012630e+01 7.081842062596187537e-01 1.928218132693503006e-01
9.079999999999010640e+01 7.356262099061091631e-01 1.699457450345152054e-01
9.089999999999010072e+01 7.616124223951099559e-01 1.481340616979714975e-01
9.099999999999008082e+01 7.860137325640768058e-01 1.274934186465704888e-01
9.109999999999007514e+01 8.087101494299843152e-01 1.081240692323620772e-01
9.119999999999006945e+01 8.295913502527568761e-01 9.011938608985896326e-02
9.129999999999004956e+01 8.485571708600228025e-01 7.356542192425520599e-02
9.139999999999004388e+01 8.655180367727550728e-01 5.854051167424841051e-02
9.149999999999003819e+01 8.803953339584152937e-01 4.511491771524193950e-02
9.159999999999001830e+01 8.931217182994675152e-01 3.335051952826119381e-02
9.169999999999001261e+01 9.036413631099801114e-01 2.330054901701419934e-02
9.179999999999000693e+01 9.119101442697251647e-01 1.500937241118095039e-02
9.189999999998998703e+01 9.178957627702201139e-01 8.512319448783587511e-03
9.199999999998998135e+01 9.215778046962260772e-01 3.835560284501747259e-03
9.209999999998996145e+01 9.229477388953053474e-01 9.960303248973284042e-04
9.219999999998995577e+01 9.220088528309123843e-01 1.402945914624913433e-06
9.229999999998995008e+01 9.187761273697098163e-01 8.501098034489720009e-04
9.239999999998993019e+01 9.132760515231092002e-01 3.531408204992253844e-03
9.249999999998992450e+01 9.055463784550125128e-01 8.025494770166030981e-03
9.259999999998990461e+01 8.956358243720040635e-01 1.430366437147969315e-02
9.269999999998989892e+01 8.836037122368897156e-01 2.232851311515011983e-02
9.279999999998989324e+01 8.695195625778514570e-01 3.205418389664801970e-02
9.289999999998987334e+01 8.534626340077092754e-01 4.342665284849878127e-02
9.299999999998986766e+01 8.355214164062643167e-01 5.638405479030236811e-02
9.309999999998986198e+01 8.157930800523331971e-01 7.085704559486320775e-02
9.319999999998984208e+01 7.943828843065265932e-01 8.676919920140085951e-02
9.329999999998983640e+01 7.714035497397161434e-01 1.040374368389291593e-01
9.339999999998983071e+01 7.469745978571120659e-01 1.225724858715023929e-01
9.349999999998981082e+01 7.212216627901849586e-01 1.422793655439096028e-01
9.359999999998980513e+01 6.942757794959105722e-01 1.630578967924555533e-01
9.369999999998978524e+01 6.662726531224598681e-01 1.848032331922117300e-01
9.379999999998977955e+01 6.373519142619737954e-01 2.074064100392978838e-01
9.389999999998977387e+01 6.076563648143743501e-01 2.307549085164219693e-01
9.399999999998975397e+01 5.773312191312699460e-01 2.547332318597840262e-01
9.409999999998974829e+01 5.465233449995126058e-01 2.792234904371345694e-01
9.419999999998972839e+01 5.153805088597585016e-01 3.041059926587952322e-01
9.429999999998972271e+01 4.840506294474630766e-01 3.292598386743385008e-01
9.439999999998971703e+01 4.526810437950241073e-01 3.545635138569599998e-01
9.449999999998969713e+01 4.214177892537002701e-01 3.798954791430955158e-01
9.459999999998969145e+01 3.904049048935516741e-01 4.051347553753431030e-01
9.469999999998968576e+01 3.597837553240063602e-01 4.301614988900168690e-01
9.479999999998966587e+01 3.296923796599755541e-01 4.548575656950908930e-01
9.489999999998966018e+01 3.002648680453927077e-01 4.791070616980546149e-01
9.499999999998965450e+01 2.716307678463872333e-01 5.027968765641858129e-01
9.509999999998963460e+01 2.439145213448902505e-01 5.258171989133469948e-01
9.519999999998962892e+01 2.172349365089415174e-01 5.480620106935999436e-01
9.529999999998960902e+01 1.917046921880106447e-01 5.694295587069576614e-01
9.539999999998960334e+01 1.674298788855528020e-01 5.898228013970968631e-01
9.549999999998959765e+01 1.445095760951346509e-01 6.091498291499067852e-01
9.559999999998957776e+01 1.230354670493674502e-01 6.273242564949844668e-01
9.569999999998957207e+01 1.030914916207665566e-01 6.442655847395329927e-01
9.579999999998955218e+01 8.475353802572060946e-02 6.598995337060939992e-01
9.589999999998954650e+01 6.808917391140033304e-02 6.741583413870018138e-01
9.599999999998954081e+01 5.315741734551408804e-02 6.869810304754081498e-01
9.609999999998952092e+01 4.000854817423841331e-02 6.983136408748048529e-01
9.619999999998951523e+01 2.868396015744216487e-02 7.081094274380989040e-01
9.629999999998950955e+01 1.921605422762034943e-02 7.163290223366106657e-01
9.639999999998948965e+01 1.162817314386524470e-02 7.229405616115073263e-01
9.649999999998948397e+01 5.934577720802519142e-03 7.279197756142830045e-01
9.659999999998947828e+01 2.140464701439808055e-03 7.312500432021847852e-01
9.669999999998945839e+01 2.420262101422528047e-04 7.329224097128900217e-01
9.679999999998945270e+01 2.265505670952081994e-04 7.329355689050927047e-01
9.689999999998943281e+01 2.072564068997466858e-03 7.312958092174985936e-01
9.699999999998942712e+01 5.750013144336619912e-03 7.280169248588205244e-01
9.709999999998942144e+01 1.122048607836838643e-02 7.231200924113762030e-01
9.719999999998940154e+01 1.843747327671958758e-02 7.166337137890029796e-01
9.729999999998939586e+01 2.734666480201562028e-02 7.085932265534272689e-01
9.739999999998937597e+01 3.788628368006648900e-02 6.990408827496000788e-01
9.749999999998937028e+01 4.998745323636621940e-02 6.880254975716740828e-01
9.759999999998936460e+01 6.357459649489329012e-02 6.756021693176844645e-01
9.769999999998934470e+01 7.856586545486204942e-02 6.618319722276774231e-01
9.779999999998933902e+01 9.487359786083211788e-02 6.467816239297259351e-01
9.789999999998933333e+01 1.124047989021320082e-01 6.305231293360828992e-01
9.799999999998931344e+01 1.310616451208154731e-01 6.131334029402601971e-01
9.809999999998930775e+01 1.507420076760591920e-01 5.946938715615072146e-01
9.819999999998930207e+01 1.713399920082038785e-01 5.752900596656593812e-01
9.829999999998928217e+01 1.927464908668523325e-01 5.550111594630581235e-01
9.839999999998927649e+01 2.148497476154596630e-01 5.339495880404443451e-01
9.849999999998925659e+01 2.375359266972806305e-01 5.122005338282398235e-01
9.859999999998925091e+01 2.606896881428603652e-01 4.898614947336118464e-01
9.869999999998924523e+01 2.841947630157941052e-01 4.670318102887511258e-01
9.879999999998922533e+01 3.079345267289301247e-01 4.438121901653120926e-01
9.889999999998921965e+01 3.317925672138608562e-01 4.203042413990090154e-01
9.899999999998919975e+01 3.556532449930495665e-01 3.966099966466797300e-01
9.909999999998919407e+01 3.794022422812060591e-01 3.728314457632432855e-01
9.919999999998918838e+01 4.029270983327533640e-01 3.490700729439528693e-01
9.929999999998916849e+01 4.261177283505265811e-01 3.254264016182713548e-01
9.939999999998916280e+01 4.488669233805718251e-01 3.019995492169622042e-01
9.949999999998915712e+01 4.710708287374122394e-01 2.788867938557012538e-01
9.959999999998913722e+01 4.926293986336474084e-01 2.561831548916510548e-01
9.969999999998913154e+01 5.134468248285618541e-01 2.339809892128379420e-01
9.979999999998912585e+01 5.334319372658175018e-01 2.123696050144986414e-01
9.989999999998910596e+01 5.524985748362185589e-01 1.914348947020138303e-01
