1.000000000000000000e+00 2.000000000000000000e+00 0.000000000000000000e+00
1.099999999999988987e+00 1.997600966384814658e+00 1.999200209264881487e-03
1.199999999999977973e+00 1.990415453217482034e+00 7.987208591639627028e-03
1.299999999999966960e+00 1.978478159793690239e+00 1.793529488938360936e-02
1.399999999999955946e+00 1.961846714373657985e+00 3.179572999765894331e-02
1.499999999999944933e+00 1.940601378966375634e+00 4.950201704883361309e-02
1.599999999999933920e+00 1.914844643693843329e+00 7.096921319300554531e-02
1.699999999999922906e+00 1.884700713239593206e+00 9.609434040961932488e-02
1.799999999999911893e+00 1.850314888444698047e+00 1.247568832538616390e-01
1.899999999999900879e+00 1.811852846612054480e+00 1.568193710246342243e-01
1.999999999999889866e+00 1.769499824569302993e+00 1.921280414388776003e-01
2.099999999999878852e+00 1.723459708965499715e+00 2.305135825140070538e-01
2.199999999999867839e+00 1.673954038673942435e+00 2.717919489951668988e-01
2.299999999999856826e+00 1.621220924518980810e+00 3.157652493213068401e-01
2.399999999999845812e+00 1.565513891846970873e+00 3.622226988021838290e-01
2.499999999999834799e+00 1.507100651722769635e+00 4.109416343808112715e-01
2.599999999999823785e+00 1.446261806745976930e+00 4.616885860797658170e-01
2.699999999999812772e+00 1.383289497669953683e+00 5.142203999816779003e-01
2.799999999999801759e+00 1.318485997144316135e+00 5.682854073650269733e-01
2.899999999999790745e+00 1.252162257028276438e+00 6.236246344183006274e-01
2.999999999999779732e+00 1.184636415813658639e+00 6.799730467746486484e-01
3.099999999999768718e+00 1.116232272779134505e+00 7.370608229609185713e-01
3.199999999999757705e+00 1.047277735559726031e+00 7.946146507215912091e-01
3.299999999999746692e+00 9.781032478831152011e-01 8.523590400796017263e-01
3.399999999999735678e+00 9.090402042749485823e-01 9.100176469100783594e-01
3.499999999999724665e+00 8.404193585989191417e-01 9.673146007525679213e-01
3.599999999999713651e+00 7.725692333537944601e-01 1.023975830552712907e+00
3.699999999999702638e+00 7.058145367113823898e-01 1.079730382018158741e+00
3.799999999999691624e+00 6.404745943443640455e-01 1.134311720291896641e+00
3.899999999999680611e+00 5.768618031486141273e-01 1.187459011691617938e+00
3.999999999999669598e+00 5.152801140204759101e-01 1.238918378329836756e+00
4.099999999999658584e+00 4.560235508888595968e-01 1.288444119533359356e+00
4.199999999999647571e+00 3.993747732219011248e-01 1.335799894097926765e+00
4.299999999999636557e+00 3.456036892238212310e-01 1.380759857574852534e+00
4.399999999999625544e+00 2.949661268938723602e-01 1.423109748965116550e+00
4.499999999999614531e+00 2.477025700370144579e-01 1.462647921411088126e+00
4.599999999999603517e+00 2.040369661792169054e-01 1.499186311717827680e+00
4.699999999999592504e+00 1.641756131478334102e-01 1.532551343812859512e+00
4.799999999999581490e+00 1.283061308211006502e-01 1.562584761552419543e+00
4.899999999999570477e+00 9.659652422612895195e-02 1.589144386618979166e+00
4.999999999999559464e+00 6.919434377030593553e-02 1.612104797616181973e+00
5.099999999999548450e+00 4.622594792553540166e-02 1.631357926853548967e+00
5.199999999999537437e+00 2.779587315006722126e-02 1.646813571734700554e+00
5.299999999999526423e+00 1.398631523221303789e-02 1.658399818090862343e+00
5.399999999999515410e+00 4.856725580125353242e-03 1.666063373268455994e+00
5.499999999999504396e+00 4.435252688942284503e-04 1.669769807250282234e+00
5.599999999999493383e+00 7.599389005217406599e-04 1.669503700581457473e+00
5.699999999999482370e+00 5.795949543484698110e-03 1.665268698368090661e+00
5.799999999999471356e+00 1.551837520861527181e-02 1.657087470130048423e+00
5.899999999999460343e+00 2.987106649851390544e-02 1.645001575788711090e+00
5.999999999999449329e+00 4.877522425076030038e-02 1.629071238590337201e+00
6.099999999999438316e+00 7.212983519263282961e-02 1.609375026255772001e+00
6.199999999999427303e+00 9.981222284766849695e-02 1.586009442151436577e+00
6.299999999999416289e+00 1.316787101923236614e-01 1.559088428749844768e+00
6.399999999999405276e+00 1.675653898630572181e-01 1.528742786114859475e+00
6.499999999999394262e+00 2.072889970665866555e-01 1.495119508592772650e+00
6.599999999999383249e+00 2.506478797558115978e-01 1.458381043309038061e+00
6.699999999999372235e+00 2.974230601029051457e-01 1.418704474470943167e+00
6.799999999999361222e+00 3.473793808323953902e-01 1.376280637847256960e+00
6.899999999999350209e+00 4.002667295715070517e-01 1.331313170133997303e+00
6.999999999999339195e+00 4.558213340296575211e-01 1.284017498233083421e+00
7.099999999999328182e+00 5.137671205346597825e-01 1.234619773744845217e+00
7.199999999999317168e+00 5.738171282239360460e-01 1.183355758229491350e+00
7.299999999999306155e+00 6.356749710125005892e-01 1.130469665004188329e+00
7.399999999999295142e+00 6.990363393329226405e-01 1.076212963428416769e+00
7.499999999999284128e+00 7.635905335594713739e-01 1.020843151779748270e+00
7.599999999999273115e+00 8.290220209853486066e-01 9.646225049395485973e-01
7.699999999999262101e+00 8.950120082202033256e-01 9.078168031922467796e-01
7.799999999999251088e+00 9.612400209036504606e-01 8.506940484969502947e-01
7.899999999999240075e+00 1.027385482693415009e+00 7.935231746059218105e-01
7.999999999999229061e+00 1.093129285582110644e+00 7.365727573989513388e-01
8.099999999999218048e+00 1.158155343719625474e+00 6.801097317551804133e-01
8.199999999999207034e+00 1.222152123073546592e+00 6.243981212144262827e-01
8.299999999999196021e+00 1.284814139444764525e+00 5.696977865752443915e-01
8.399999999999185007e+00 1.345843417571815914e+00 5.162631994454196516e-01
8.499999999999173994e+00 1.404950904303268633e+00 4.643422465998419124e-01
8.599999999999162981e+00 1.461857829101063322e+00 4.141750708108720702e-01
8.699999999999151967e+00 1.516297005448097757e+00 3.659929536023562302e-01
8.799999999999140954e+00 1.568014067078028928e+00 3.200172451361447123e-01
8.899999999999129940e+00 1.616768633326137738e+00 2.764583461756394689e-01
8.999999999999118927e+00 1.662335398305885725e+00 2.355147467810640716e-01
9.099999999999107914e+00 1.704505139054624863e+00 1.973721260831666491e-01
9.199999999999096900e+00 1.743085638256735681e+00 1.622025171511760344e-01
9.299999999999085887e+00 1.777902517635905122e+00 1.301635406247840521e-01
9.399999999999074873e+00 1.808799978618455651e+00 1.013977104165046800e-01
9.499999999999063860e+00 1.835641447390433889e+00 7.603181441467650459e-02
9.599999999999052847e+00 1.858310121997335029e+00 5.417637272952972871e-02
9.699999999999041833e+00 1.876709419679071233e+00 3.592517562737351788e-02
9.799999999999030820e+00 1.890763323165032705e+00 2.135490289449570173e-02
9.899999999999019806e+00 1.900416625191509556e+00 1.052482596355347466e-02
9.999999999999008793e+00 1.905635071026230865e+00 3.476593724307166372e-03
1.009999999999899778e+01 1.906405399304880177e+00 2.341025294799713174e-04
1.019999999999898677e+01 1.902735281977272264e+00 8.034504971732736199e-04
1.029999999999897575e+01 1.894653164652168487e+00 5.172975805999397228e-03
1.039999999999896474e+01 1.882208009089166856e+00 1.331337827954204127e-02
1.049999999999895373e+01 1.865468940032763312e+00 2.517792316494687349e-02
1.059999999999894271e+01 1.844524799007978944e+00 4.070272562793687821e-02
1.069999999999893170e+01 1.819483608102521410e+00 5.980711411508651820e-02
1.079999999999892069e+01 1.790471947138940534e+00 8.239407037521516430e-02
1.089999999999890967e+01 1.757634248008467237e+00 1.083507435866116059e-01
1.099999999999889866e+01 1.721132010276509972e+00 1.375490357072353120e-01
1.109999999999888765e+01 1.681142942491621550e+00 1.698462548516738169e-01
1.119999999999887663e+01 1.637860033935770510e+00 2.050858332034410647e-01
1.129999999999886562e+01 1.591490561826051087e+00 2.430981056949790831e-01
1.139999999999885461e+01 1.542255039245931547e+00 2.837011454312574621e-01
1.149999999999884359e+01 1.490386109309506324e+00 3.267016515983779401e-01
1.159999999999883258e+01 1.436127391279542032e+00 3.718958853856148550e-01
1.169999999999882156e+01 1.379732284537881881e+00 4.190706492598788024e-01
1.179999999999881055e+01 1.321462736462652554e+00 4.680043047661373024e-01
1.189999999999879954e+01 1.261587980385227237e+00 5.184678238868878353e-01
1.199999999999878852e+01 1.200383249887961634e+00 5.702258688779689999e-01
1.209999999999877751e+01 1.138128475755374236e+00 6.230378954084995202e-01
1.219999999999876650e+01 1.075106971902184849e+00 6.766592737700000137e-01
1.229999999999875548e+01 1.011604116575699930e+00 7.308424228820068480e-01
1.239999999999874447e+01 9.479060350671065782e-01 7.853379518091972988e-01
1.249999999999873346e+01 8.842982900569582583e-01 8.398958035225386753e-01
1.259999999999872244e+01 8.210645855840680296e-01 8.942663956736406350e-01
1.269999999999871143e+01 7.584854904443878443e-01 9.482017532174947805e-01
1.279999999999870042e+01 6.968371866201563680e-01 1.001456627806717403e+00
1.289999999999868940e+01 6.363902481002661204e-01 1.053789598989667509e+00
1.299999999999867839e+01 5.774084551872764592e-01 1.104964152378083986e+00
1.309999999999866738e+01 5.201476491088925513e-01 1.154749730098916682e+00
1.319999999999865636e+01 4.648546314481340480e-01 1.202922749017489634e+00
1.329999999999864535e+01 4.117661126043461461e-01 1.249267582404744337e+00
1.339999999999863434e+01 3.611077131809882212e-01 1.293577500921818446e+00
1.349999999999862332e+01 3.130930218857123082e-01 1.335655569014450261e+00
1.359999999999861231e+01 2.679227132164659908e-01 1.375315493037419845e+00
1.369999999999860130e+01 2.257837279049788870e-01 1.412382417664983736e+00
1.379999999999859028e+01 1.868485187920896906e-01 1.446693667400376526e+00
1.389999999999857927e+01 1.512743645243959933e-01 1.478099430249032231e+00
1.399999999999856826e+01 1.192027531845948340e-01 1.506463380889376369e+00
1.409999999999855724e+01 9.075883770091136560e-02 1.531663240949125759e+00
1.419999999999854623e+01 6.605096462134474322e-02 1.553591274270180733e+00
1.429999999999853522e+01 4.517027758474113919e-02 1.572154715333430319e+00
1.439999999999852420e+01 2.819039656978905573e-02 1.587276129302515271e+00
1.449999999999851319e+01 1.516717375276971196e-02 1.598893702436390729e+00
1.459999999999850218e+01 6.138526552060233517e-03 1.606961461920610290e+00
1.469999999999849116e+01 1.124348179696974806e-03 1.611449424462109814e+00
1.479999999999848015e+01 1.264957553724724586e-04 1.612343673297793156e+00
1.489999999999846914e+01 3.128855764653814490e-03 1.609646363564928517e+00
1.499999999999845812e+01 1.009748636015927840e-02 1.603375656288237527e+00
1.509999999999844711e+01 2.098083571194037447e-02 1.593565581535492548e+00
1.519999999999843610e+01 3.571003531240533185e-02 1.580265831598691273e+00
1.529999999999842508e+01 5.419926683363198577e-02 1.563541485350009363e+00
1.539999999999841407e+01 7.634620082362190974e-02 1.543472665218023288e+00
1.549999999999840306e+01 1.020325052162429635e-01 1.520154128513264702e+00
1.559999999999839204e+01 1.311244213212607035e-01 1.493694795112820106e+00
1.569999999999838103e+01 1.634734046605263447e-01 1.464217213785567795e+00
1.579999999999837001e+01 1.989168277277259533e-01 1.431856969695801451e+00
1.589999999999835900e+01 2.372787414772504766e-01 1.396762035876262242e+00
1.599999999999834799e+01 2.783706920958965991e-01 1.359092071692429959e+00
1.609999999999833875e+01 3.219925893826794394e-01 1.319017671544203241e+00
1.619999999999832596e+01 3.679336228593683145e-01 1.276719567254540832e+00
1.629999999999831317e+01 4.159732215597624072e-01 1.232387787785188982e+00
1.639999999999830393e+01 4.658820532980695317e-01 1.186220780089155991e+00
1.649999999999829470e+01 5.174230590973641908e-01 1.138424495070009979e+00
1.659999999999828191e+01 5.703525183660754783e-01 1.089211442744737690e+00
1.669999999999826912e+01 6.244211403393984394e-01 1.038799720837418672e+00
1.679999999999825988e+01 6.793751772538607625e-01 9.874120211197803254e-01
1.689999999999825064e+01 7.349575546908704293e-01 9.352746179051920628e-01
1.699999999999823785e+01 7.909090145049517684e-01 8.826163431629290290e-01
1.709999999999822506e+01 8.469692657438255834e-01 8.296675527665112737e-01
1.719999999999821583e+01 9.028781389592984707e-01 7.766590884210031742e-01
1.729999999999820659e+01 9.583767393112684330e-01 7.238212398256113067e-01
1.739999999999819380e+01 1.013208593858469619e+00 6.713827116221415814e-01
1.749999999999818101e+01 1.067120788432018186e+00 6.195695996618096890e-01
1.759999999999817177e+01 1.119865089478968345e+00 5.686043810817366095e-01
1.769999999999816254e+01 1.171199046259051801e+00 5.187049226312853145e-01
1.779999999999814975e+01 1.220887068771993933e+00 4.700835116144738146e-01
1.789999999999813696e+01 1.268701476796164851e+00 4.229459137285456749e-01
1.799999999999812772e+01 1.314423515421683231e+00 3.774904619724646082e-01
1.809999999999811848e+01 1.357844332490913297e+00 3.339071806763900807e-01
1.819999999999810569e+01 1.398765913393591243e+00 2.923769485619232555e-01
1.829999999999809290e+01 1.437001968732575019e+00 2.530707045847413461e-01
1.839999999999808367e+01 1.472378770472453358e+00 2.161487001322258128e-01
1.849999999999807443e+01 1.504735932311304758e+00 1.817598009540088155e-01
1.859999999999806164e+01 1.533927130189214560e+00 1.500408419887181710e-01
1.869999999999804885e+01 1.559820759057856998e+00 1.211160380172724566e-01
1.879999999999803961e+01 1.582300522297344525e+00 9.509645282375944753e-02
1.889999999999803038e+01 1.601265950467670063e+00 7.207952927861442649e-02
1.899999999999801759e+01 1.616632846433617043e+00 5.214868247624263736e-02
1.909999999999800480e+01 1.628333654291532095e+00 3.537295776387317653e-02
1.919999999999799556e+01 1.636317749959407708e+00 2.180675518951643438e-02
1.929999999999798632e+01 1.640551651749863060e+00 1.148962157829558177e-02
1.939999999999797353e+01 1.641019149738412564e+00 4.446111119141435419e-03
1.949999999999796074e+01 1.637721353244497857e+00 6.857150106891470942e-04
1.959999999999795151e+01 1.630676656258854829e+00 2.028603785868134753e-04
1.969999999999794227e+01 1.619920621169512520e+00 2.976978338797829551e-03
1.979999999999792948e+01 1.605505781647508678e+00 8.972640745416884944e-03
1.989999999999791669e+01 1.587501366049407059e+00 1.813976482952481956e-02
1.999999999999790745e+01 1.565992943160287920e+00 3.041388461004292804e-02
2.009999999999789821e+01 1.541081992543265722e+00 4.571648764071793020e-02
2.019999999999788542e+01 1.512885402164435789e+00 6.395541535114308840e-02
2.029999999999787264e+01 1.481534896321697437e+00 8.502532494619305381e-02
2.039999999999786340e+01 1.447176397235150569e+00 1.088082105485524004e-01
2.049999999999785416e+01 1.409969323922695805e+00 1.351739810050220925e-01
2.059999999999784137e+01 1.370085832229371192e+00 1.639810915290093041e-01
2.069999999999782858e+01 1.327710000065190910e+00 1.950772261213841452e-01
2.079999999999781934e+01 1.283036962063421882e+00 2.283000274982712463e-01
2.089999999999781011e+01 1.236271997990905813e+00 2.634778710592055040e-01
2.099999999999779732e+01 1.187629579335708563e+00 3.004306792521770353e-01
2.109999999999778453e+01 1.137332378560576229e+00 3.389707725321201570e-01
2.119999999999777529e+01 1.085610245559843312e+00 3.789037529691922646e-01
2.129999999999776605e+01 1.032699155889112763e+00 4.200294164384176243e-01
2.139999999999775326e+01 9.788401353589978315e-01 4.621426892175440337e-01
2.149999999999774047e+01 9.242781655982831301e-01 5.050345847296285884e-01
2.159999999999773124e+01 8.692610752037228661e-01 5.484931760978036808e-01
2.169999999999772200e+01 8.140384211006221893e-01 5.923045801230896190e-01
2.179999999999770921e+01 7.588603647436165112e-01 6.362539482608973174e-01
2.189999999999769642e+01 7.039765477918010772e-01 6.801264601510830232e-01
2.199999999999768718e+01 6.496349718906772042e-01 7.237083152546626152e-01
2.209999999999767795e+01 5.960808871859616387e-01 7.667877181647662077e-01
2.219999999999766516e+01 5.435556941805792519e-01 8.091558531930210796e-01
2.229999999999765237e+01 4.922958635164210728e-01 8.506078438822978205e-01
2.239999999999764313e+01 4.425318782209559099e-01 8.909436931669967308e-01
2.249999999999763389e+01 3.944872028958733567e-01 9.299691999865251635e-01
2.259999999999762110e+01 3.483772842426932637e-01 9.674968482658999891e-01
2.269999999999760831e+01 3.044085872125246728e-01 1.003346664296750568e+00
2.279999999999759908e+01 2.627776709348842998e-01 1.037347038695779489e+00
2.289999999999758984e+01 2.236703084209508141e-01 1.069335509272426155e+00
2.299999999999757705e+01 1.872606538519799579e-01 1.099159501314574960e+00
2.309999999999756426e+01 1.537104610522431192e-01 1.126677021989951788e+00
2.319999999999755502e+01 1.231683565122795032e-01 1.151757305764897321e+00
2.329999999999754579e+01 9.576917007336910315e-02 1.174281407963330359e+00
2.339999999999753300e+01 7.163332611256109650e-02 1.194142743817467656e+00
2.349999999999752021e+01 5.086629778189783596e-02 1.211247570605789692e+00
2.359999999999751097e+01 3.355812656180598430e-02 1.225515410724747900e+00
2.369999999999750173e+01 1.978300908890656684e-02 1.236879413803339434e+00
2.379999999999748894e+01 9.598952919201687861e-03 1.245286656233168365e+00
2.389999999999747615e+01 3.047502590755197041e-03 1.250698376764368680e+00
2.399999999999746692e+01 1.535370600968530080e-04 1.253090147090306639e+00
2.409999999999745768e+01 9.251393056001592802e-04 1.252451976627518393e+00
2.419999999999744489e+01 5.353538621255399255e-03 1.248788350976463235e+00
2.429999999999743210e+01 1.341312586636148226e-02 1.242118203831829693e+00
2.439999999999742286e+01 2.506154169095431428e-02 1.232474822394114433e+00
2.449999999999741362e+01 4.023983752249216117e-02 1.219905686613816931e+00
2.459999999999740083e+01 5.887270887502697725e-02 1.204472242879243149e+00
2.469999999999738804e+01 8.086880032561970244e-02 1.186249613037037021e+00
2.479999999999737881e+01 1.061210812915692470e-01 1.165326239905558392e+00
2.489999999999736957e+01 1.345072915329633134e-01 1.141803470715786473e+00
2.499999999999735678e+01 1.658904550956774027e-01 1.115795080177748089e+00
2.509999999999734399e+01 2.001194611958112823e-01 1.087426735134749745e+00
2.519999999999733475e+01 2.370297103272333006e-01 1.056835403024286135e+00
2.529999999999732552e+01 2.764438236439424879e-01 1.024168706618195257e+00
2.539999999999731273e+01 3.181724134296903816e-01 9.895842277587229008e-01
2.549999999999729994e+01 3.620149122149629028e-01 9.532487630481354390e-01
2.559999999999729070e+01 4.077604578375020883e-01 9.153375346824662584e-01
2.569999999999728146e+01 4.551888314653941281e-01 8.760333598388992948e-01
2.579999999999726867e+01 5.040714453159353958e-01 8.355257822468018514e-01
2.589999999999725588e+01 5.541723765058208517e-01 7.940101697685791882e-01
2.599999999999724665e+01 6.052494431666338714e-01 7.516867820129352618e-01
2.609999999999723741e+01 6.570553186535909029e-01 7.087598121768771131e-01
2.619999999999722462e+01 7.093386793712689320e-01 6.654364074779547389e-01
2.629999999999721183e+01 7.618453814384967826e-01 6.219256726827374626e-01
2.639999999999720259e+01 8.143196611260442586e-01 5.784376613686083024e-01
2.649999999999719336e+01 8.665053537197169309e-01 5.351823596627126589e-01
2.659999999999718057e+01 9.181471252077136880e-01 4.923686672929984409e-01
2.669999999999716778e+01 9.689917109494797787e-01 4.502033808524928959e-01
2.679999999999715854e+01 1.018789155278037262e+00 4.088901842218096161e-01
2.689999999999714930e+01 1.067294045806236324e+00 3.686286511140552391e-01
2.699999999999713651e+01 1.114266736068366459e+00 3.296132647020320050e-01
2.709999999999712372e+01 1.159474550016056371e+00 2.920324592535467056e-01
2.719999999999711449e+01 1.202692961830475138e+00 2.560676886448589040e-01
2.729999999999710525e+01 1.243706744485588267e+00 2.218925265334517338e-01
2.739999999999709246e+01 1.282311080525376568e+00 1.896718028610280826e-01
2.749999999999707967e+01 1.318312628588354407e+00 1.595607812142813831e-01
2.759999999999707043e+01 1.351530539332086889e+00 1.317043814044087102e-01
2.769999999999706120e+01 1.381797414585092643e+00 1.062364514303054813e-01
2.779999999999704841e+01 1.408960203765783570e+00 8.327909276863419696e-02
2.789999999999703562e+01 1.432881031884437162e+00 6.294204268698140592e-02
2.799999999999702638e+01 1.453437953759369128e+00 4.532211700392002607e-02
2.809999999999701714e+01 1.470525629445546434e+00 3.050271642486755003e-02
2.819999999999700435e+01 1.484055916288068877e+00 1.855339926536446471e-02
2.829999999999699156e+01 1.493958373467193956e+00 9.529523036391355020e-03
2.839999999999698233e+01 1.500180675403043340e+00 3.471957010865693236e-03
2.849999999999697309e+01 1.502688930919729549e+00 4.068675191735429621e-04
2.859999999999696030e+01 1.501467905639882749e+00 3.455773364027514821e-04
2.869999999999694751e+01 1.496521145674281295e+00 3.284500127569370091e-03
2.879999999999693827e+01 1.487871001293243678e+00 9.205150512021519418e-03
2.889999999999692903e+01 1.475558549900013228e+00 1.807422989721129206e-02
2.899999999999691624e+01 1.459643418272309479e+00 2.984378781786231269e-02
2.909999999999690345e+01 1.440203504691486502e+00 4.445145810216253462e-02
2.919999999999689422e+01 1.417334602217013462e+00 6.182076877481954003e-02
2.929999999999688498e+01 1.391149925007191257e+00 8.186152420045557376e-02
2.939999999999687219e+01 1.361779540202512573e+00 1.044702575728931743e-01
2.949999999999685940e+01 1.329369708478707501e+00 1.295307514686028227e-01
2.959999999999685016e+01 1.294082136949022521e+00 1.569146238094128731e-01
2.969999999999684093e+01 1.256093148619160438e+00 1.864819762216297638e-01
2.979999999999682814e+01 1.215592773092377454e+00 2.180821014399052515e-01
2.989999999999681535e+01 1.172783763670560031e+00 2.515542460844363282e-01
2.999999999999680611e+01 1.127880546398371653e+00 2.867284248436615113e-01
3.009999999999679687e+01 1.081108106955489090e+00 3.234262818202727208e-01
3.019999999999678408e+01 1.032700821609702668e+00 3.614619945501481579e-01
3.029999999999677129e+01 9.829012387066957679e-01 4.006432159807459259e-01
3.039999999999676206e+01 9.319588173857067392e-01 4.407720494990906013e-01
3.049999999999675282e+01 8.801286303882999151e-01 4.816460519308654598e-01
3.059999999999674003e+01 8.276700379526711338e-01 5.230592592909946159e-01
3.069999999999672724e+01 7.748453398840073891e-01 5.648032299533759515e-01
3.079999999999671800e+01 7.219184129473897871e-01 6.066680998213385134e-01
3.089999999999670877e+01 6.691533407563962088e-01 6.484436440252885347e-01
3.099999999999669598e+01 6.168130433268337320e-01 6.899203396433749580e-01
3.109999999999668319e+01 5.651579134350854794e-01 7.308904239419637960e-01
3.119999999999667395e+01 5.144444668646939167e-01 7.711489426574315020e-01
3.129999999999666471e+01 4.649240135463527102e-01 8.104947828962878464e-01
3.139999999999665192e+01 4.168413564917787251e-01 8.487316853113501258e-01
3.149999999999663913e+01 3.704335252980137660e-01 8.856692303192978954e-01
3.159999999999662990e+01 3.259285508454117797e-01 9.211237932593295819e-01
3.169999999999662066e+01 2.835442876378947430e-01 9.549194635535246389e-01
3.179999999999660787e+01 2.434872900278883534e-01 9.868889231141063645e-01
3.189999999999659508e+01 2.059517483354393885e-01 1.016874279454752283e+00
3.199999999999658584e+01 1.711184906036889164e-01 1.044727849197932823e+00
3.209999999999657661e+01 1.391540554332497959e-01 1.070312887928310142e+00
3.219999999999656382e+01 1.102098410011098234e-01 1.093504262624308998e+00
3.229999999999655103e+01 8.442133499669805807e-02 1.114189063202998042e+00
3.239999999999653824e+01 6.190742979666499085e-02 1.132267150034782510e+00
3.249999999999653255e+01 4.276982675193580219e-02 1.147651634628967354e+00
3.259999999999651976e+01 2.709253297604163890e-02 1.160269291047409945e+00
3.269999999999650697e+01 1.494145350651164376e-02 1.170060895979043503e+00
3.279999999999650129e+01 6.364081162430574798e-03 1.176981495793411048e+00
3.289999999999648850e+01 1.389285847425369329e-03 1.181000599292151065e+00
3.299999999999647571e+01 2.720445198961371811e-05 1.182102295276599380e+00
3.309999999999646292e+01 2.269231898884109967e-03 1.180285294468790047e+00
3.319999999999645013e+01 8.088113256446443147e-03 1.175562895731257607e+00
3.329999999999644444e+01 1.743813622380941189e-02 1.167962876947801654e+00
3.339999999999643165e+01 3.025542267614712497e-02 1.157527311336244313e+00
3.349999999999641886e+01 4.645831735388152722e-02 1.144312310375849018e+00
3.359999999999641318e+01 6.594787119376208095e-02 1.128387694921414885e+00
3.369999999999640039e+01 8.860841623756972318e-02 1.109836596469772951e+00
3.379999999999638760e+01 1.143082285215350907e-01 1.088754990915318910e+00
3.389999999999637481e+01 1.429002748502266884e-01 1.065251167488028949e+00
3.399999999999636202e+01 1.742230388964580712e-01 1.039445135910507245e+00
3.409999999999635634e+01 2.081014216462224176e-01 1.011467975129370922e+00
3.419999999999634355e+01 2.443477108261073172e-01 9.814611272767782557e-01
3.429999999999633076e+01 2.827626136111522914e-01 9.495756407944385691e-01
3.439999999999632507e+01 3.231363466126159212e-01 9.159713669059910135e-01
3.449999999999631228e+01 3.652497768889838015e-01 8.808161138508249222e-01
3.459999999999629949e+01 4.088756075053889827e-01 8.442847634960354286e-01
3.469999999999628670e+01 4.537796009882744119e-01 8.065583551190379508e-01
3.479999999999627391e+01 4.997218338788628755e-01 7.678231413003181460e-01
3.489999999999626823e+01 5.464579754816483170e-01 7.282696209903659623e-01
3.499999999999625544e+01 5.937405838292356686e-01 6.880915549081154658e-01
3.509999999999624265e+01 6.413204118424157274e-01 6.474849684934116389e-01
3.519999999999623697e+01 6.889477166529930363e-01 6.066471476762373971e-01
3.529999999999622418e+01 7.363735650762887053e-01 5.657756327364243942e-01
3.539999999999621139e+01 7.833511282713063739e-01 5.250672155101742122e-01
3.549999999999619860e+01 8.296369587069887253e-01 4.847169451555677910e-01
3.559999999999618581e+01 8.749922426680338816e-01 4.449171476196557840e-01
3.569999999999618012e+01 9.191840216799885832e-01 4.058564638486358289e-01
3.579999999999616733e+01 9.619863764152993824e-01 3.677189116610943831e-01
3.589999999999615454e+01 1.003181566857436424e+00 3.306829760514364835e-01
3.599999999999614886e+01 1.042561122754427805e+00 2.949207325164848181e-01
3.609999999999613607e+01 1.079926878682101021e+00 2.605970077981937805e-01
3.619999999999612328e+01 1.115091948362946228e+00 2.278685822117904602e-01
3.629999999999611049e+01 1.147881633251050193e+00 1.968834374842911572e-01
3.639999999999609770e+01 1.178134260789804655e+00 1.677800537618125420e-01
3.649999999999609201e+01 1.205701948178517835e+00 1.406867591599987033e-01
3.659999999999607923e+01 1.230451287947327055e+00 1.157211349287960017e-01
3.669999999999606644e+01 1.252263952126087654e+00 9.298947898528604761e-02
3.679999999999606075e+01 1.271037212297898567e+00 7.258633023709268328e-02
3.689999999999604796e+01 1.286684373364096912e+00 5.459405577589099973e-02
3.699999999999603517e+01 1.299135119375478764e+00 3.908250266905672482e-02
3.709999999999602238e+01 1.308335770339572601e+00 2.610871571903463847e-02
3.719999999999600959e+01 1.314249449454118590e+00 1.571672219720935196e-02
3.729999999999600391e+01 1.316856160761149752e+00 7.937384194341902399e-03
3.739999999999599112e+01 1.316152777746230074e+00 2.788318865451789794e-03
3.749999999999597833e+01 1.312152943925412041e+00 2.738864853683042368e-04
3.759999999999597264e+01 1.304886886951983183e+00 3.852458746526123698e-04
3.769999999999595985e+01 1.294401148255476697e+00 3.100476406063824505e-03
3.779999999999594706e+01 1.280758230659586827e+00 8.384765461292461447e-03
3.789999999999593427e+01 1.264036166846373765e+00 1.619065987812699434e-02
3.799999999999592148e+01 1.244328011910540877e+00 2.645837961124197432e-02
3.809999999999591580e+01 1.221741263599604554e+00 3.911619152690091333e-02
3.819999999999590301e+01 1.196397214145367593e+00 5.408084096434318672e-02
3.829999999999589022e+01 1.168430237877757127e+00 7.125803842579239711e-02
3.839999999999588454e+01 1.137987019055174853e+00 9.054299850368693892e-02
3.849999999999587175e+01 1.105225724563297041e+00 1.118210279188631695e-01
3.859999999999585896e+01 1.070315126318748922e+00 1.349681593278030944e-01
3.869999999999584617e+01 1.033433678366996400e+00 1.598518273612130614e-01
3.879999999999583338e+01 9.947685537940715861e-01 1.863315831802803413e-01
3.889999999999582769e+01 9.545146466704664823e-01 2.142598436822145402e-01
3.899999999999581490e+01 9.128735443219352375e-01 2.434826713521657804e-01
3.909999999999580211e+01 8.700524752741315426e-01 2.738405806456607472e-01
3.919999999999579643e+01 8.262632382454593305e-01 3.051693666936066140e-01
3.929999999999578364e+01 7.817211175728815409e-01 3.373009520512015302e-01
3.939999999999577085e+01 7.366437904368045020e-01 3.700642471621906071e-01
3.949999999999575806e+01 6.912502312190966780e-01 4.032860201822118795e-01
3.959999999999574527e+01 6.457596182699500975e-01 4.367917717958359480e-01
3.969999999999573959e+01 6.003902482857473855e-01 4.704066106769473343e-01
3.979999999999572680e+01 5.553584634000546805e-01 5.039561252732259744e-01
3.989999999999571401e+01 5.108775959774948250e-01 5.372672476510849116e-01
3.999999999999570832e+01 4.671569359621441930e-01 5.701691052085212652e-01
4.009999999999569553e+01 4.244007254787885430e-01 6.024938561559676220e-01
4.019999999999568274e+01 3.828071852138602571e-01 6.340775047758451244e-01
4.029999999999566995e+01 3.425675769112873637e-01 6.647606925973138514e-01
4.039999999999565716e+01 3.038653061151596058e-01 6.943894617706977135e-01
4.049999999999565148e+01 2.668750690676580106e-01 7.228159870834983680e-01
4.059999999999563869e+01 2.317620474393476682e-01 7.498992732373448433e-01
4.069999999999562590e+01 1.986811543190352969e-01 7.755058141958171003e-01
4.079999999999562021e+01 1.677763346356586083e-01 7.995102116149640503e-01
4.089999999999560742e+01 1.391799229159574047e-01 8.217957495846839322e-01
4.099999999999559464e+01 1.130120610081344762e-01 8.422549231350011656e-01
4.109999999999558185e+01 8.938017811964601989e-02 8.607899181991013338e-01
4.119999999999556906e+01 6.837853523085284102e-02 8.773130409685991893e-01
4.129999999999556337e+01 5.008783565478932415e-02 8.917470948315231460e-01
4.139999999999555058e+01 3.457490321847993264e-02 9.040257033427442357e-01
4.149999999999553779e+01 2.189242924364811008e-02 9.140935779422072471e-01
4.159999999999553211e+01 1.207878920427086882e-02 9.219067294073418628e-01
4.169999999999551932e+01 5.157929636583887499e-03 9.274326222982254286e-01
4.179999999999550653e+01 1.139325573225811713e-03 9.306502719322937711e-01
4.189999999999549374e+01 1.800846824457556062e-05 9.315502837003312164e-01
4.199999999999548095e+01 1.774664273480433411e-03 9.301348348149565126e-01
4.209999999999547526e+01 6.375801020046889880e-03 9.264175988568656983e-01
4.219999999999546247e+01 1.377398495157763740e-02 9.204236137609018709e-01
4.229999999999544968e+01 2.390814394928646863e-02 9.121890941541475062e-01
4.239999999999544400e+01 3.670393668343884669e-02 9.017611892228897252e-01
4.249999999999543121e+01 5.207418562270323820e-02 8.891976875502225486e-01
4.259999999999541842e+01 6.991937173302112396e-02 8.745666706165405868e-01
4.269999999999540563e+01 9.012818840280828470e-02 8.579461169037589929e-01
4.279999999999539284e+01 1.125781518428487782e-01 8.394234587810843751e-01
4.289999999999538716e+01 1.371362649289658842e-01 8.190950945759142288e-01
4.299999999999537437e+01 1.636597311853803249e-01 7.970658584498014898e-01
4.309999999999536158e+01 1.919967153484702094e-01 7.734484509026180454e-01
4.319999999999535589e+01 2.219871467060691717e-01 7.483628329155312953e-01
4.329999999999534310e+01 2.534635611790919674e-01 7.219355869203650800e-01
4.339999999999533031e+01 2.862519779007073328e-01 6.942992479387115612e-01
4.349999999999531752e+01 3.201728058567047119e-01 6.655916083793763649e-01
4.359999999999530473e+01 3.550417759788940253e-01 6.359550001045579659e-01
4.369999999999529905e+01 3.906708939346190124e-01 6.055355574833368726e-01
4.379999999999528626e+01 4.268694087281534322e-01 5.744824652390487785e-01
4.389999999999527347e+01 4.634447921288116778e-01 5.429471949634449013e-01
4.399999999999526779e+01 5.002037238627962124e-01 5.110827342207538981e-01
4.409999999999525500e+01 5.369530774533627371e-01 4.790428121925793814e-01
4.419999999999524221e+01 5.735009015699499280e-01 4.469811258209387961e-01
4.429999999999522942e+01 6.096573917466865389e-01 4.150505703958116688e-01
4.439999999999521663e+01 6.452358473600308120e-01 3.834024784980794576e-01
4.449999999999521094e+01 6.800536088106219346e-01 3.521858711557391275e-01
4.459999999999519815e+01 7.139329699389755923e-01 3.215467249955565876e-01
4.469999999999518536e+01 7.467020608171393015e-01 2.916272590776685103e-01
4.479999999999517968e+01 7.781956961995957212e-01 2.625652449857295290e-01
4.489999999999516689e+01 8.082561850883986931e-01 2.344933436104804092e-01
4.499999999999515410e+01 8.367340970673923239e-01 2.075384719117177867e-01
4.509999999999514131e+01 8.634889812895374384e-01 1.818212027719299795e-01
4.519999999999512852e+01 8.883900342643865633e-01 1.574552008667821079e-01
4.529999999999512283e+01 9.113167128775260251e-01 1.345466972716170828e-01
4.539999999999511004e+01 9.321592893939338875e-01 1.131940053041112088e-01
4.549999999999509726e+01 9.508193455425922869e-01 9.348707986794888014e-02
4.559999999999509157e+01 9.672102031453939652e-01 7.550712231596902468e-02
4.569999999999507878e+01 9.812572891536969211e-01 5.932623259293957202e-02
4.579999999999506599e+01 9.928984333628640968e-01 4.500711015070294613e-02
4.589999999999505320e+01 1.002084097511399152e+00 3.260280485281557422e-02
4.599999999999504041e+01 1.008777534910822560e+00 2.215651880471580792e-02
4.609999999999503473e+01 1.012954880209244957e+00 1.370145975992181908e-02
4.619999999999502194e+01 1.014605169344424018e+00 7.260746465611258964e-03
4.629999999999500915e+01 1.013730290197743855e+00 2.847366023520611286e-03
4.639999999999500346e+01 1.010344864910121210e+00 4.641830568770893665e-04
4.649999999999499067e+01 1.004476065254447770e+00 1.040001929622291288e-04
4.659999999999497788e+01 9.961633628789025030e-01 1.749669095785141675e-03
4.669999999999496509e+01 9.854582166312375602e-01 5.374251016219027885e-03
4.679999999999495230e+01 9.724236995424102581e-01 1.094122556954241210e-02
4.689999999999494662e+01 9.571340683892737289e-01 1.840474620429171856e-02
4.699999999999493383e+01 9.396742790557017777e-01 2.770994059314734956e-02
4.709999999999492104e+01 9.201394511848932645e-01 3.879325395752656475e-02
4.719999999999491536e+01 8.986342858434515080e-01 5.158283313382146240e-02
4.729999999999490257e+01 8.752724401102179863e-01 6.599894900151069554e-02
4.739999999999488978e+01 8.501758626571351840e-01 8.195445472273332754e-02
4.749999999999487699e+01 8.234740945083697250e-01 9.935527708941394032e-02
4.759999999999486420e+01 7.953035392445632068e-01 1.181009381383494455e-01
4.769999999999485851e+01 7.658067069699002749e-01 1.380851040767435978e-01
4.779999999999484572e+01 7.351314363812145869e-01 1.591961584605693092e-01
4.789999999999483293e+01 7.034300992729122237e-01 1.813177964855703095e-01
4.799999999999482725e+01 6.708587917834615277e-01 2.043296371858105143e-01
4.809999999999481446e+01 6.375765166446271115e-01 2.281078502864020696e-01
4.819999999999480167e+01 6.037443606310453070e-01 2.525257944258807452e-01
4.829999999999478888e+01 5.695246713344217504e-01 2.774546634483411878e-01
4.839999999999477609e+01 5.350802373014454938e-01 3.027641374663873619e-01
4.849999999999477041e+01 5.005734754829714861e-01 3.283230354115067584e-01
4.859999999999475762e+01 4.661656298410190580e-01 3.539999658203283328e-01
4.869999999999474483e+01 4.320159848550930159e-01 3.796639726493523104e-01
4.879999999999473914e+01 3.982810975584013535e-01 4.051851729719585515e-01
4.889999999999472635e+01 3.651140516130887415e-01 4.304353834843373527e-01
4.899999999999471356e+01 3.326637368106438730e-01 4.552887328339992878e-01
4.909999999999470077e+01 3.010741572446729575e-01 4.796222568848710899e-01
4.919999999999468798e+01 2.704837712585658194e-01 5.033164741467046621e-01
4.929999999999468230e+01 2.410248661099606282e-01 5.262559387213927575e-01
4.939999999999466951e+01 2.128229701215216541e-01 5.483297682562129349e-01
4.949999999999465672e+01 1.859963048963340915e-01 5.694321445443383256e-01
4.959999999999465103e+01 1.606552799718237723e-01 5.894627845715052494e-01
4.969999999999463824e+01 1.369020320608632657e-01 6.083273799792846548e-01
4.979999999999462545e+01 1.148300107888075849e-01 6.259380030934900141e-01
4.989999999999461266e+01 9.452361257685805429e-02 6.422134778569974500e-01
4.999999999999459988e+01 7.605786404928947808e-02 6.570797141986887135e-01
5.009999999999459419e+01 5.949815605574266392e-02 6.704700045752222115e-01
5.019999999999458140e+01 4.490002910241800566e-02 6.823252816270179988e-01
5.029999999999456861e+01 3.230901068144476779e-02 6.925943361026628553e-01
5.039999999999456293e+01 2.176050467882526332e-02 7.012339944171765982e-01
5.049999999999455014e+01 1.327973273224719412e-02 7.082092554253612837e-01
5.059999999999453735e+01 6.881727104952085027e-03 7.134933862037606822e-01
5.069999999999452456e+01 2.571374344163269033e-03 7.170679768464781612e-01
5.079999999999451177e+01 3.435087065567418978e-04 7.189229544892949963e-01
5.089999999999450608e+01 1.830540620835921051e-04 7.190565569781063315e-01
5.099999999999449329e+01 2.065212734260408849e-03 7.174752667967819741e-01
5.109999999999448050e+01 5.955699502241548760e-03 7.141937060584985231e-01
5.119999999999447482e+01 1.181101877944712615e-02 7.092344935479619750e-01
5.129999999999446203e+01 1.957878279640808822e-02 7.026280649733973593e-01
5.139999999999444924e+01 2.919806845233094070e-02 6.944124577521332276e-01
5.149999999999443645e+01 4.059981036053388059e-02 6.846330618047187233e-01
5.159999999999442366e+01 5.370722749662992790e-02 6.733423379762405458e-01
5.169999999999441798e+01 6.843628076384841719e-02 6.605995058323558267e-01
5.179999999999440519e+01 8.469615871577916566e-02 6.464702026980118088e-01
5.189999999999439240e+01 1.023897886205433067e-01 6.310261159143759624e-01
5.199999999999438671e+01 1.214143700108808593e-01 6.143445903857476242e-01
5.209999999999437392e+01 1.416619278382590386e-01 5.965082135716426315e-01
5.219999999999436113e+01 1.630198823356738269e-01 5.776043801542986023e-01
5.229999999999434834e+01 1.853716326892121680e-01 5.577248386720597972e-01
5.239999999999433555e+01 2.085971516234507994e-01 5.369652224599813506e-01
5.249999999999432987e+01 2.325735880169752523e-01 5.154245672795430000e-01
5.259999999999431708e+01 2.571758746823419317e-01 4.932048180463867726e-01
5.269999999999430429e+01 2.822773384687733977e-01 4.704103270837308171e-01
5.279999999999429861e+01 3.077503098752156774e-01 4.471473463362252709e-01
5.289999999999428582e+01 3.334667293974870605e-01 4.235235159751478684e-01
5.299999999999427303e+01 3.592987478756408670e-01 3.996473518118135448e-01
5.309999999999426024e+01 3.851193181583372205e-01 3.756277339118698211e-01
5.319999999999424745e+01 4.108027754601907833e-01 3.515733987685422113e-01
5.329999999999424176e+01 4.362254038570624881e-01 3.275924373471088558e-01
5.339999999999422897e+01 4.612659864449192293e-01 3.037918012592342731e-01
5.349999999999421618e+01 4.858063367805510735e-01 2.802768192591104657e-01
5.359999999999421050e+01 5.097318093267707573e-01 2.571507261804510391e-01
5.369999999999419771e+01 5.329317867453952084e-01 2.345142063485329831e-01
5.379999999999418492e+01 5.553001420121236320e-01 2.124649534089392000e-01
5.389999999999417213e+01 5.767356734745576752e-01 1.910972484133018345e-01
5.399999999999415934e+01 5.971425111341294167e-01 1.705015578929359177e-01
5.409999999999415365e+01 6.164304926026662468e-01 1.507641535352654272e-01
5.419999999999414086e+01 6.345155073673438562e-01 1.319667549535608331e-01
5.429999999999412807e+01 6.513198081892579427e-01 1.141861969124777221e-01
5.439999999999412239e+01 6.667722886576845642e-01 9.749412223720797799e-02
5.449999999999410960e+01 6.808087261279648361e-01 8.195670149536696258e-02
5.459999999999409681e+01 6.933719894748229251e-01 6.763438039995718631e-02
5.469999999999408402e+01 7.044122113009009256e-01 5.458165573685474364e-02
5.479999999999407123e+01 7.138869244455002816e-01 4.284688047572243058e-02
5.489999999999406555e+01 7.217611628373107324e-01 3.247209857690226686e-02
5.499999999999405276e+01 7.280075269287125117e-01 2.349290986198035447e-02
5.509999999999403997e+01 7.326062141366450620e-01 1.593836517163297120e-02
5.519999999999403428e+01 7.355450148853089898e-01 9.830891892736800738e-03
5.529999999999402149e+01 7.368192750129640700e-01 5.186249798208922117e-03
5.539999999999400870e+01 7.364318254497125293e-01 2.013517008022857376e-03
5.549999999999399591e+01 7.343928802124571886e-01 3.151057494863463435e-04
5.559999999999398312e+01 7.307199038782570266e-01 8.680746929354316466e-05
5.569999999999397744e+01 7.254374498059587006e-01 1.317866729848684963e-03
5.579999999999396465e+01 7.185769704619952014e-01 3.991083208182050028e-03
5.589999999999395186e+01 7.101766012814908491e-01 8.082941007796327557e-03
5.599999999999394618e+01 7.002809195544688059e-01 1.356376439224771246e-02
5.609999999999393339e+01 6.889406798730025594e-01 2.039789895431268554e-02
5.619999999999392060e+01 6.762125277054471528e-01 2.854391714636662566e-02
5.629999999999390781e+01 6.621586926862664813e-01 3.795484701604359690e-02
5.639999999999389502e+01 6.468466632194880273e-01 4.857842291638891224e-02
5.649999999999388933e+01 6.303488439920625908e-01 6.035735689146022598e-02
5.659999999999387654e+01 6.127421979902616389e-01 7.322962937653762494e-02
5.669999999999386375e+01 5.941078745952430573e-01 8.712879779647259015e-02
5.679999999999385807e+01 5.745308253187042524e-01 1.019843215962847743e-01
5.689999999999384528e+01 5.540994087174817562e-01 1.177219021946662586e-01
5.699999999999383249e+01 5.329049860051096044e-01 1.342638363128642598e-01
5.709999999999381970e+01 5.110415088538550199e-01 1.515293810989335466e-01
5.719999999999380691e+01 4.886051008625334480e-01 1.694351294404586039e-01
5.729999999999380123e+01 4.656936341445750416e-01 1.878953938360592435e-01
5.739999999999378844e+01 4.424063024763686958e-01 2.068225971788174022e-01
5.749999999999377565e+01 4.188431924350469182e-01 2.261276687927554485e-01
5.759999999999376996e+01 3.951048539459240949e-01 2.457204440545411317e-01
5.769999999999375717e+01 3.712918716596754209e-01 2.655100659304278077e-01
5.779999999999374438e+01 3.475044385791949964e-01 2.854053867594813498e-01
5.789999999999373159e+01 3.238419333624364405e-01 3.053153686201598993e-01
5.799999999999371880e+01 3.004025027359957800e-01 3.251494806287290595e-01
5.809999999999371312e+01 2.772826504645271029e-01 3.448180915338809882e-01
5.819999999999370033e+01 2.545768343325858774e-01 3.642328559931227727e-01
5.829999999999368754e+01 2.323770726051303803e-01 3.833070929425430040e-01
5.839999999999368185e+01 2.107725614417888527e-01 4.019561545046371753e-01
5.849999999999366906e+01 1.898493047419841928e-01 4.200977839154871329e-01
5.859999999999365627e+01 1.696897578967330733e-01 4.376524609968718282e-01
5.869999999999364348e+01 1.503724869116517815e-01 4.545437337480957019e-01
5.879999999999363069e+01 1.319718443463727686e-01 4.706985346894199118e-01
5.889999999999362501e+01 1.145576634850095366e-01 4.860474806490769351e-01
5.899999999999361222e+01 9.819497210998677506e-02 5.005251547560009007e-01
5.909999999999359943e+01 8.294372719711659570e-02 5.140703694742100316e-01
5.919999999999359375e+01 6.885857178127691158e-02 5.266264095946325829e-01
5.929999999999358096e+01 5.598861516237651353e-02 5.381412541876159361e-01
5.939999999999356817e+01 4.437723752714468894e-02 5.485677766099099628e-01
5.949999999999355538e+01 3.406191995796215705e-02 5.578639217569562048e-01
5.959999999999354259e+01 2.507410068416324536e-02 5.659928598522636634e-01
5.969999999999353690e+01 1.743905830687704495e-02 5.729231161715444554e-01
5.979999999999352411e+01 1.117582259641000490e-02 5.786286762060872668e-01
5.989999999999351132e+01 6.297113324020416417e-03 5.830890658825692574e-01
5.999999999999350564e+01 2.809307449112251765e-03 5.862894065698842638e-01
6.009999999999349285e+01 7.124348406551459347e-04 5.882204447154932847e-01
6.019999999999348006e+01 2.025699153732855697e-07 5.888785560731871760e-01
6.029999999999346727e+01 6.600476719318962770e-04 5.882657245947494618e-01
6.039999999999345448e+01 2.673218137221490022e-03 5.863894961770793612e-01
6.049999999999344880e+01 6.014881764000890897e-03 5.832629075648635419e-01
6.059999999999343601e+01 1.065426237566335921e-02 5.789043908251556569e-01
6.069999999999342322e+01 1.655480278875672701e-02 5.733376539144702244e-01
6.079999999999341753e+01 2.367435380342177223e-02 5.665915379697494814e-01
6.089999999999340474e+01 3.196538838089651308e-02 5.586998520540471524e-01
6.099999999999339195e+01 4.137524007080634753e-02 5.497011861906190289e-01
6.109999999999337916e+01 5.184636465374196229e-02 5.396387036120547931e-01
6.119999999999336637e+01 6.331662387126860136e-02 5.285599132448678406e-01
6.129999999999336069e+01 7.571959002505311565e-02 5.165164235374727353e-01
6.139999999999334790e+01 8.898487013838403403e-02 5.035636788204571612e-01
6.149999999999333511e+01 1.030384482861564227e-01 4.897606794695544274e-01
6.159999999999332942e+01 1.178030446129451347e-01 4.751696872109182346e-01
6.169999999999331664e+01 1.331984894730449953e-01 4.598559169802111657e-01
6.179999999999330385e+01 1.491421110407235018e-01 4.438872168062443779e-01
6.189999999999329106e+01 1.655491346550624354e-01 4.273337372481990637e-01
6.199999999999327827e+01 1.823330920808694244e-01 4.102675919647272296e-01
6.209999999999327258e+01 1.994062387888798360e-01 3.927625110374885486e-01
6.219999999999325979e+01 2.166799772826991932e-01 3.748934887073594457e-01
6.229999999999324700e+01 2.340652844332716254e-01 3.567364272122399149e-01
6.239999999999324132e+01 2.514731407211094338e-01 3.383677784344167883e-01
6.249999999999322853e+01 2.688149592381817166e-01 3.198641850810967635e-01
6.259999999999321574e+01 2.860030122644834916e-01 3.013021231242551945e-01
6.269999999999320295e+01 3.029508532125722020e-01 2.827575472222892405e-01
6.279999999999319016e+01 3.195737317272763778e-01 2.643055408331151934e-01
6.289999999999318447e+01 3.357889997392862202e-01 2.460199727043541063e-01
6.299999999999317168e+01 3.515165063006082113e-01 2.279731613947932056e-01
6.309999999999315889e+01 3.666789790786342262e-01 2.102355494401280112e-01
6.319999999999315321e+01 3.812023904514802997e-01 1.928753887244581966e-01
6.329999999999314042e+01 3.950163062326056962e-01 1.759584385601431766e-01
6.339999999999312763e+01 4.080542151525549111e-01 1.595476779099271603e-01
6.349999999999311484e+01 4.202538373436994767e-01 1.437030331089773350e-01
6.359999999999310205e+01 4.315574102017780689e-01 1.284811223603920805e-01
6.369999999999309637e+01 4.419119501388917293e-01 1.139350181866250894e-01
6.379999999999308358e+01 4.512694888924210779e-01 1.001140289218010737e-01
6.389999999999307079e+01 4.595872832090004412e-01 8.706350022661224486e-02
6.399999999999306510e+01 4.668279968826404280e-01 7.482463749982262713e-02
6.409999999999305942e+01 4.729598542870370737e-01 6.343434994744499844e-02
6.419999999999303952e+01 4.779567647051658486e-01 5.292511695570210895e-02
6.429999999999301963e+01 4.817984169184035270e-01 4.332487729470401588e-02
6.439999999999301394e+01 4.844703436763207471e-01 3.465694155977444568e-02
6.449999999999300826e+01 4.859639558255771652e-01 2.693992813494510558e-02
6.459999999999300258e+01 4.862765460270753737e-01 2.018772284064827144e-02
6.469999999999298268e+01 4.854112621437507435e-01 1.440946230450897148e-02
6.479999999999297700e+01 4.833770505282277141e-01 9.609540971399320106e-03
6.489999999999295710e+01 4.801885695896759287e-01 5.787641547085315905e-03
6.499999999999295142e+01 4.758660741646447145e-01 2.938788549172751015e-03
6.509999999999294573e+01 4.704352713676083209e-01 1.053424520367496559e-03
6.519999999999292584e+01 4.639271487449145304e-01 1.175083426477862707e-04
6.529999999999292015e+01 4.563777757091445619e-01 1.126349774507667757e-04
6.539999999999290026e+01 4.478280793840549445e-01 1.016175846916310107e-03
6.549999999999289457e+01 4.383235961445280937e-01 2.801438965232196099e-03
6.559999999999288889e+01 4.279142002927540100e-01 5.437847827833952423e-03
6.569999999999286899e+01 4.166538114636461065e-01 8.891137970311401018e-03
6.579999999999286331e+01 4.046000825043170601e-01 1.312357001907837536e-02
6.589999999999285762e+01 3.918140697155665375e-01 1.809415797294119596e-02
6.599999999999283773e+01 3.783598874771618714e-01 2.375891137934805705e-02
6.609999999999283204e+01 3.643043494017711992e-01 3.007109000210223329e-02
6.619999999999282636e+01 3.497165982660130346e-01 3.698146951933772159e-02
6.629999999999280647e+01 3.346677270541322802e-01 4.443861674227349290e-02
6.639999999999280078e+01 3.192303935110225588e-01 5.238917280709648461e-02
6.649999999999278089e+01 3.034784306390352904e-01 6.077814276487886191e-02
6.659999999999277520e+01 2.874864555817145395e-01 6.954918997794565239e-02
6.669999999999276952e+01 2.713294793172763009e-01 7.864493372550387940e-02
6.679999999999274962e+01 2.550825195344350593e-01 8.800724842711640794e-02
6.689999999999274394e+01 2.388202189837989042e-01 9.757756290878934202e-02
6.699999999999272404e+01 2.226164714913320686e-01 1.072971581634973581e-01
6.709999999999271836e+01 2.065440576871393208e-01 1.171074620943955841e-01
6.719999999999271267e+01 1.906742923487052543e-01 1.269503397753058427e-01
6.729999999999269278e+01 1.750766850854444390e-01 1.367683778164907604e-01
6.739999999999268709e+01 1.598186159058616329e-01 1.465051614857729723e-01
6.749999999999268141e+01 1.449650270162175514e-01 1.561055433022599803e-01
6.759999999999266151e+01 1.305781320043578608e-01 1.655159018927133963e-01
6.769999999999265583e+01 1.167171433705477268e-01 1.746843899770910979e-01
6.779999999999265015e+01 1.034380191849488817e-01 1.835611704295882496e-01
6.789999999999263025e+01 9.079322948066106957e-02 1.920986394419927634e-01
6.799999999999262457e+01 7.883154284001379908e-02 2.002516358990648893e-01
6.809999999999260467e+01 6.759783349909297134e-02 2.079776361573638932e-01
6.819999999999259899e+01 5.713290918682296937e-02 2.152369335000812178e-01
6.829999999999259330e+01 4.747335982838786494e-02 2.219928016215706734e-01
6.839999999999257341e+01 3.865142718021277041e-02 2.282116415736810122e-01
6.849999999999256772e+01 3.069489542233676954e-02 2.338631116837566470e-01
6.859999999999254783e+01 2.362700271177686426e-02 2.389202400298693352e-01
6.869999999999254214e+01 1.746637369386472641e-02 2.433595191338233099e-01
6.879999999999253646e+01 1.222697297308081993e-02 2.471609826059070758e-01
6.889999999999251656e+01 7.918079555913578801e-03 2.503082635486923446e-01
6.899999999999251088e+01 4.544282290477044510e-03 2.527886346002101714e-01
6.909999999999250520e+01 2.105496335733981952e-03 2.545930295698801138e-01
6.919999999999248530e+01 5.970006923751497094e-04 2.557160466955110123e-01
6.929999999999247962e+01 9.496812987344361310e-06 2.561559336244627616e-01
6.939999999999247393e+01 3.291882773769003179e-04 2.559145542996818512e-01
6.949999999999245404e+01 1.537881466919678976e-03 2.549973380096132169e-01
6.959999999999244835e+01 3.613107097751879892e-03 2.534132109417077117e-01
6.969999999999242846e+01 6.528262375891189656e-03 2.511745106611328882e-01
6.979999999999242277e+01 1.025277341859150322e-02 2.482968840191782101e-01
6.989999999999241709e+01 1.475227744723004407e-02 2.447991690805792486e-01
6.999999999999239719e+01 1.998882410079204711e-02 2.407032617412974695e-01
7.009999999999239151e+01 2.592109504944770451e-02 2.360339677928809943e-01
7.019999999999237161e+01 3.250464090986356774e-02 2.308188412695115210e-01
7.029999999999236593e+01 3.969213428278896283e-02 2.250880099920373745e-01
7.039999999999236024e+01 4.743363755530458081e-02 2.188739892987301150e-01
7.049999999999234035e+01 5.567688394043563554e-02 2.122114850193381475e-01
7.059999999999233466e+01 6.436757007136627295e-02 2.051371868143966881e-01
7.069999999999232898e+01 7.344965833151596846e-02 1.976895530550148439e-01
7.079999999999230909e+01 8.286568698957622048e-02 1.899085884675203451e-01
7.089999999999230340e+01 9.255708612394637769e-02 1.818356158046456061e-01
7.099999999999229772e+01 1.024644972663697889e-01 1.735130428350535325e-01
7.109999999999227782e+01 1.125280946712960140e-01 1.649841259611153077e-01
7.119999999999227214e+01 1.226879061257492992e-01 1.562927317849587550e-01
7.129999999999225224e+01 1.328841312534290442e-01 1.474830979408921217e-01
7.139999999999224656e+01 1.430574553338803401e-01 1.385995945023925369e-01
7.149999999999224087e+01 1.531493567506832520e-01 1.296864872509741751e-01
7.159999999999222098e+01 1.631024062961603793e-01 1.207877040654591200e-01
7.169999999999221529e+01 1.728605566923988313e-01 1.119466056529190706e-01
7.179999999999219540e+01 1.823694208310942255e-01 1.032057617977441971e-01
7.189999999999218971e+01 1.915765373863529686e-01 9.460673425441915030e-02
7.199999999999218403e+01 2.004316226078676766e-01 8.618986735277135713e-02
7.209999999999216413e+01 2.088868072538734577e-01 7.799408732325720239e-02
7.219999999999215845e+01 2.168968577690817690e-01 7.005671128459312058e-02
7.229999999999215277e+01 2.244193809496990710e-01 6.241326676811509433e-02
7.239999999999213287e+01 2.314150114641901623e-01 5.509732258303774721e-02
7.249999999999212719e+01 2.378475817102955192e-01 4.814033175482593241e-02
7.259999999999212150e+01 2.436842735892997824e-01 4.157148719600820691e-02
7.269999999999210161e+01 2.488957518648161615e-01 3.541759069540672406e-02
7.279999999999209592e+01 2.534562788477314199e-01 2.970293573781015994e-02
7.289999999999207603e+01 2.573438102139105621e-01 2.444920459214472430e-02
7.299999999999207034e+01 2.605400718169992302e-01 1.967538003243357939e-02
7.309999999999206466e+01 2.630306174105867534e-01 1.539767198185812598e-02
7.319999999999204476e+01 2.648048672420620364e-01 1.162945929657505789e-02
7.329999999999203908e+01 2.658561275301650761e-01 8.381246832318027182e-03
7.339999999999201918e+01 2.661815908895624472e-01 5.660637863247356023e-03
7.349999999999201350e+01 2.657823178227457506e-01 3.472321849185209131e-03
7.359999999999200782e+01 2.646631994636354235e-01 1.818077474162370583e-03
7.369999999999198792e+01 2.628329018277671958e-01 6.967908064086715840e-04
7.379999999999198224e+01 2.603037919037749504e-01 1.044883576303057743e-04
7.389999999999197655e+01 2.570918460085734325e-01 3.438474797490166256e-05
7.399999999999195666e+01 2.532165409210530016e-01 4.769446128131327916e-04
7.409999999999195097e+01 2.487007284100885285e-01 1.419958318785498894e-03
7.419999999999194529e+01 2.435704938728331104e-01 2.848630989952928225e-03
7.429999999999192539e+01 2.378549999023490125e-01 4.745684280864167007e-03
7.439999999999191971e+01 2.315863157033285769e-01 7.091470272451287117e-03
7.449999999999189981e+01 2.247992333682842514e-01 9.864096809433656535e-03
7.459999999999189413e+01 2.175310721126481883e-01 1.303956354486480139e-02
7.469999999999188844e+01 2.098214716415444658e-01 1.659190790909493771e-02
7.479999999999186855e+01 2.017121758824458877e-01 2.049336017715040759e-02
7.489999999999186286e+01 1.932468083631457556e-01 2.471450677070651317e-02
7.499999999999184297e+01 1.844706405446895903e-01 2.922446089868393701e-02
7.509999999999183729e+01 1.754303544299040396e-01 3.399103961425993525e-02
7.519999999999183160e+01 1.661738007647955151e-01 3.898094634560347882e-02
7.529999999999181171e+01 1.567497541278578266e-01 4.415995794316936868e-02
7.539999999999180602e+01 1.472076661671985198e-01 4.949311527738209371e-02
7.549999999999180034e+01 1.375974181967941912e-01 5.494491641704262602e-02
7.559999999999178044e+01 1.279690743040414469e-01 6.047951142041561867e-02
7.569999999999177476e+01 1.183726360542320111e-01 6.606089777693285869e-02
7.579999999999176907e+01 1.088577998068610969e-01 7.165311554805886551e-02
7.589999999999174918e+01 9.947371758564664546e-02 7.722044126993875268e-02
7.599999999999174349e+01 9.026876237302190742e-02 8.272757969777386200e-02
7.609999999999172360e+01 8.129029863294288949e-02 8.813985249216901852e-02
7.619999999999171791e+01 7.258445880475308809e-02 9.342338297052157903e-02
7.629999999999171223e+01 6.419592645880825565e-02 9.854527607089234864e-02
7.639999999999169233e+01 5.616772676164662192e-02 1.034737927026524867e-01
7.649999999999168665e+01 4.854102486618217666e-02 1.081785176862126441e-01
7.659999999999166675e+01 4.135493282058086417e-02 1.126305205135366139e-01
7.669999999999166107e+01 3.464632557763451526e-02 1.168025081923050879e-01
7.679999999999165539e+01 2.844966668357070891e-02 1.206689694689468961e-01
7.689999999999163549e+01 2.279684422975237004e-02 1.242063097597505411e-01
7.699999999999162981e+01 1.771701766063934688e-02 1.273929761548708572e-01
7.709999999999162412e+01 1.323647604436223139e-02 1.302095718980542105e-01
7.719999999999160423e+01 9.378508425811322644e-03 1.326389597841125256e-01
7.729999999999159854e+01 6.163286893693994267e-03 1.346663539590664815e-01
7.739999999999159286e+01 3.607762999969566821e-03 1.362793996524370443e-01
7.749999999999157296e+01 1.725578170050376956e-03 1.374682404187424212e-01
7.759999999999156728e+01 5.269887330822518477e-04 1.382255725166384730e-01
7.769999999999154738e+01 1.880618160527110022e-05 1.385466861071915634e-01
7.779999999999154170e+01 2.043532377027502782e-04 1.384294930107887733e-01
7.789999999999153601e+01 1.083436257428921834e-03 1.378745408213358226e-01
7.799999999999151612e+01 2.652334446512578763e-03 1.368850132405608488e-01
7.809999999999151044e+01 4.903806288197070512e-03 1.354667165601668444e-01
7.819999999999149054e+01 7.827113499209215758e-03 1.336280522887320632e-01
7.829999999999148486e+01 1.140806273332366921e-02 1.313799759901481956e-01
7.839999999999147917e+01 1.562906514525512144e-02 1.287359424724917878e-01
7.849999999999145928e+01 2.046921381246139676e-02 1.257118375396306942e-01
7.859999999999145359e+01 2.590437889086279200e-02 1.223258965909752305e-01
7.869999999999144791e+01 3.190732025469836947e-02 1.185986104287414800e-01
7.879999999999142801e+01 3.844781724293968445e-02 1.145526187046559535e-01
7.889999999999142233e+01 4.549281500706590931e-02 1.102125915095884534e-01
7.899999999999141664e+01 5.300658682979821068e-02 1.056050996790801610e-01
7.909999999999139675e+01 6.095091166339241390e-02 1.007584744545724498e-01
7.919999999999139106e+01 6.928526602111541310e-02 9.570265720397896914e-02
7.929999999999137117e+01 7.796702924818536828e-02 9.046903996526484137e-02
7.939999999999136548e+01 8.695170109949991455e-02 8.509029763263199764e-02
7.949999999999135980e+01 9.619313046235139497e-02 7.960021265599677431e-02
7.959999999999133991e+01 1.056437539833367523e-01 7.403349317118360084e-02
7.969999999999133422e+01 1.152548432898671676e-01 6.842558551869354355e-02
7.979999999999131433e+01 1.249767594389321751e-01 6.281248214482546000e-02
7.989999999999130864e+01 1.347592131779362656e-01 5.723052590830833564e-02
7.999999999999130296e+01 1.445515295653194421e-01 5.171621183943300032e-02
8.009999999999128306e+01 1.543029154707218908e-01 4.630598741637085430e-02
8.019999999999127738e+01 1.639627284564539045e-01 4.103605243493379379e-02
8.029999999999127169e+01 1.734807455323620629e-01 3.594215955342960206e-02
8.039999999999125180e+01 1.828074302753016078e-01 3.105941659356548784e-02
8.049999999999124611e+01 1.918941968110667307e-01 2.642209167156963495e-02
8.059999999999124043e+01 2.006936691721115107e-01 2.206342222065202363e-02
8.069999999999122053e+01 2.091599345653173680e-01 1.801542894714958792e-02
8.079999999999121485e+01 2.172487891148612571e-01 1.430873573773540526e-02
8.089999999999119495e+01 2.249179746816631631e-01 1.097239650451950488e-02
8.099999999999118927e+01 2.321274054053096836e-01 8.033729918538729323e-03
8.109999999999118359e+01 2.388393826664196584e-01 5.518162940337108593e-03
8.119999999999116369e+01 2.450187972280754856e-01 3.449084009178053113e-03
8.129999999999115801e+01 2.506333173817665294e-01 1.847706700227260681e-03
8.139999999999113811e+01 2.556535620005129794e-01 7.329446018989282897e-04
8.149999999999113243e+01 2.600532574859548696e-01 1.212981038729950338e-04
8.159999999999112674e+01 2.638093776890401698e-01 2.675372031352793664e-05
8.169999999999110685e+01 2.669022659852201551e-01 4.606965029329300790e-04
8.179999999999110116e+01 2.693157387942511916e-01 1.431836025146941520e-03
8.189999999999109548e+01 2.710371699505353393e-01 2.946146342096525334e-03
8.199999999999107558e+01 2.720575554547380315e-01 5.006820252261927860e-03
8.209999999999106990e+01 2.723715582650329536e-01 7.614238105272929866e-03
8.219999999999106421e+01 2.719775329214819126e-01 1.076595131792418975e-02
8.229999999999104432e+01 2.708775299350812960e-01 1.445668067686511557e-02
8.239999999999103864e+01 2.690772800116403851e-01 1.867832942266758889e-02
8.249999999999101874e+01 2.665861583225243581e-01 2.342001102648834376e-02
8.259999999999101306e+01 2.634171291717963270e-01 2.866809148814294592e-02
8.269999999999100737e+01 2.595866715473653663e-01 3.440624590353886375e-02
8.279999999999098748e+01 2.551146861725328008e-01 4.061552897097881615e-02
8.289999999999098179e+01 2.500243848013042336e-01 4.727445903016002510e-02
8.299999999999096190e+01 2.443421626146480286e-01 5.435911515553388390e-02
8.309999999999095621e+01 2.380974546821333082e-01 6.184324675767254725e-02
8.319999999999095053e+01 2.313225775470655332e-01 6.969839508255611105e-02
8.329999999999093063e+01 2.240525570744020534e-01 7.789402594008448810e-02
8.339999999999092495e+01 2.163249437686967369e-01 8.639767293971915840e-02
8.349999999999091926e+01 2.081796168213252141e-01 9.517509046341383894e-02
8.359999999999089937e+01 1.996585781851081820e-01 1.041904155638704865e-01
8.369999999999089368e+01 1.908057379958320865e-01 1.134063379402619198e-01
8.379999999999088800e+01 1.816666926690107542e-01 1.227842771130603500e-01
8.389999999999086810e+01 1.722884969933742849e-01 1.322845658958772819e-01
8.399999999999086242e+01 1.627194315226609678e-01 1.418666392431813528e-01
8.409999999999084253e+01 1.530087665355690241e-01 1.514892275404248478e-01
8.419999999999083684e+01 1.432065237912268640e-01 1.611105533951944502e-01
8.429999999999083116e+01 1.333632372555985657e-01 1.706885309858596211e-01
8.439999999999081126e+01 1.235297139159060031e-01 1.801809670261046992e-01
8.449999999999080558e+01 1.137567957357531329e-01 1.895457624104884553e-01
8.459999999999078568e+01 1.040951237366486981e-01 1.987411136164344005e-01
8.469999999999078000e+01 9.459490512298271425e-02 2.077257129520714285e-01
8.479999999999077431e+01 8.530568429901785876e-02 2.164589467562947900e-01
8.489999999999075442e+01 7.627611856129101753e-02 2.249010906771083396e-01
8.499999999999074873e+01 6.755375918668504731e-02 2.330135011761715613e-01
8.509999999999074305e+01 5.918483857996646724e-02 2.407588024323229492e-01
8.519999999999072315e+01 5.121406409263241227e-02 2.481010678414290738e-01
8.529999999999071747e+01 4.368441908022190762e-02 2.550059953381757505e-01
8.539999999999071179e+01 3.663697172726577272e-02 2.614410757941421082e-01
8.549999999999069189e+01 3.011069213766733033e-02 2.673757537757409097e-01
8.559999999999068621e+01 2.414227816379415498e-02 2.727815799772684846e-01
8.569999999999066631e+01 1.876599042872379927e-02 2.776323546763270755e-01
8.579999999999066063e+01 1.401349698238935765e-02 2.819042615925158590e-01
8.589999999999065494e+01 9.913728022911939830e-03 2.855759915643567015e-01
8.599999999999063505e+01 6.492741107539413796e-03 2.886288554960113606e-01
8.609999999999062936e+01 3.773597272673683174e-03 2.910468860619709330e-01
8.619999999999060947e+01 1.776248477725036199e-03 2.928169276975328139e-01
8.629999999999060378e+01 5.174367820426130924e-04 2.939287144422529918e-01
8.639999999999059810e+01 1.060565670018767201e-05 2.943749352468806313e-01
8.649999999999057820e+01 2.658238225358502418e-04 2.941512863966820879e-01
8.659999999999057252e+01 1.289721991804911169e-03 2.932565107512268288e-01
8.669999999999056683e+01 3.085442872536485644e-03 2.916924235466585857e-01
8.679999999999054694e+01 5.652604771903244757e-03 2.894639245569125552e-01
8.689999999999054126e+01 8.987279107549700843e-03 2.865789964599823603e-01
8.699999999999053557e+01 1.308198210404042279e-02 2.830486893085434885e-01
8.709999999999051568e+01 1.792568091574459413e-02 2.788870910575371731e-01
8.719999999999050999e+01 2.350381437807961410e-02 2.741112841567905911e-01
8.729999999999049010e+01 2.979832854672738451e-02 2.687412882720108254e-01
8.739999999999048441e+01 3.678772713988207044e-02 2.627999892553105621e-01
8.749999999999047873e+01 4.444713695241273715e-02 2.563130545432484308e-01
8.759999999999045883e+01 5.274838826368006411e-02 2.493088352185844347e-01
8.769999999999045315e+01 6.166011021308715617e-02 2.418182550296233968e-01
8.779999999999043325e+01 7.114784106931638930e-02 2.338746867198884527e-01
8.789999999999042757e+01 8.117415327112099954e-02 2.255138160776234135e-01
8.799999999999042188e+01 9.169879306885170278e-02 2.167734941732008813e-01
8.809999999999040199e+01 1.026788345462800595e-01 2.076935783088198206e-01
8.819999999999039630e+01 1.140688477512412369e-01 1.983157622612574389e-01
8.829999999999039062e+01 1.258210806103075563e-01 1.886833964546788811e-01
8.839999999999037072e+01 1.378856542451062095e-01 1.788412987544882315e-01
8.849999999999036504e+01 1.502107712468566392e-01 1.688355566273037067e-01
8.859999999999035936e+01 1.627429363976906351e-01 1.587133214648585311e-01
8.869999999999033946e+01 1.754271892532553445e-01 1.485225959203427537e-01
8.879999999999033378e+01 1.882073479188185183e-01 1.383120151562635403e-01
8.889999999999031388e+01 2.010262632604733757e-01 1.281306229499059313e-01
8.899999999999030820e+01 2.138260826943218229e-01 1.180276436489798852e-01
8.909999999999030251e+01 2.265485225883487053e-01 1.080522510129282437e-01
8.919999999999028262e+01 2.391351481968032044e-01 9.825333501573267625e-02
8.929999999999027693e+01 2.515276599255004686e-01 8.867926772281588266e-02
8.939999999999025704e+01 2.636681845995557105e-01 7.937766938709894804e-02
8.949999999999025135e+01 2.754995702778051947e-01 7.039517593744688828e-02
8.959999999999024567e+01 2.869656830300654216e-01 6.177720905453741584e-02
8.969999999999022577e+01 2.980117039713914839e-01 5.356775004572624649e-02
8.979999999999022009e+01 3.085844247320818634e-01 4.580911873931364786e-02
8.989999999999021441e+01 3.186325394399681099e-01 3.854175862024048632e-02
8.999999999999019451e+01 3.281069312066256516e-01 3.180402942210631967e-02
9.009999999999018883e+01 3.369609510415329523e-01 2.563200837471588459e-02
9.019999999999018314e+01 3.451506870795832960e-01 2.005930128076741439e-02
9.029999999999016325e+01 3.526352219913547748e-01 1.511686456024580009e-02
9.039999999999015756e+01 3.593768764638100577e-01 1.083283935564446562e-02
9.049999999999013767e+01 3.653414366883759867e-01 7.232398735751996779e-03
9.059999999999013198e+01 3.704983638745920627e-01 4.337608970254044384e-03
9.069999999999012630e+01 3.748209839256182452e-01 2.167305772288388201e-03
9.079999999999010640e+01 3.782866555605114423e-01 7.369863217374142926e-04
9.089999999999010072e+01 3.808769153472421065e-01 5.871778935641105957e-05
9.099999999999008082e+01 3.825775983199566355e-01 1.410629815138349826e-04
9.109999999999007514e+01 3.833789330850490007e-01 9.890236186045695942e-04
9.119999999999006945e+01 3.832756105710787842e-01 2.604001648203410103e-03
9.129999999999004956e+01 3.822668258445752199e-01 4.983778878126949967e-03
9.139999999999004388e+01 3.803562926847295911e-01 8.122515096164668533e-03
9.149999999999003819e+01 3.775522308857281462e-01 1.201076472378324184e-02
9.159999999999001830e+01 3.738673265264590428e-01 1.663551193205151449e-02
9.169999999999001261e+01 3.693186657062580425e-01 2.198022403077702289e-02
9.179999999999000693e+01 3.639276424907002538e-01 2.802492282779532259e-02
9.189999999998998703e+01 3.577198420340119145e-01 3.474627354565548720e-02
9.199999999998998135e+01 3.507249000431311714e-01 4.211769077875283235e-02
9.209999999998996145e+01 3.429763399193793139e-01 5.010946087616066635e-02
9.219999999998995577e+01 3.345113890523230271e-01 5.868888004484269089e-02
9.229999999998995008e+01 3.253707758498547986e-01 6.782040738492507714e-02
9.239999999998993019e+01 3.155985091660772901e-01 7.746583199391128549e-02
9.249999999998992450e+01 3.052416418353230410e-01 8.758445320995592032e-02
9.259999999998990461e+01 2.943500200416239720e-01 9.813327300594171243e-02
9.269999999998989892e+01 2.829760202468024621e-01 1.090671994954221236e-01
9.279999999998989324e+01 2.711742753763248248e-01 1.203392604687678891e-01
9.289999999998987334e+01 2.590013919180350066e-01 1.319008258421605628e-01
9.299999999998986766e+01 2.465156595366025383e-01 1.437018378730336443e-01
9.309999999998986198e+01 2.337767547432016702e-01 1.556910479728084440e-01
9.319999999998984208e+01 2.208454400968205278e-01 1.678162589306990971e-01
9.329999999998983640e+01 2.077832603491735486e-01 1.800245713495935707e-01
9.339999999998983071e+01 1.946522368878493281e-01 1.922626330880955747e-01
9.349999999998981082e+01 1.815145617808908152e-01 2.044768904983735036e-01
9.359999999998980513e+01 1.684322926853963065e-01 2.166138402504882710e-01
9.369999999998978524e+01 1.554670498526852240e-01 2.286202805369586533e-01
9.379999999998977955e+01 1.426797164445477439e-01 2.404435604592075892e-01
9.389999999998977387e+01 1.301301433669605490e-01 2.520318264078037496e-01
9.399999999998975397e+01 1.178768598294041986e-01 2.633342642631756325e-01
9.409999999998974829e+01 1.059767908470573006e-01 2.743013362616005812e-01
9.419999999998972839e+01 9.448498291656096115e-02 2.848850113938797834e-01
9.429999999998972271e+01 8.345433911052578535e-02 2.950389882305772815e-01
9.439999999998971703e+01 7.293536484909508844e-02 3.047189090998795313e-01
9.449999999998969713e+01 6.297592561358497654e-02 3.138825645809529274e-01
9.459999999998969145e+01 5.362101786548129773e-02 3.224900873179853411e-01
9.469999999998968576e+01 4.491255441987069413e-02 3.305041342085448530e-01
9.479999999998966587e+01 3.688916549349132573e-02 3.378900560742290060e-01
9.489999999998966018e+01 2.958601660182452395e-02 3.446160539816586765e-01
9.499999999998965450e+01 2.303464441554786343e-02 3.506533214481026839e-01
9.509999999998963460e+01 1.726281160361004680e-02 3.559761718388553264e-01
9.519999999998962892e+01 1.229438158836495924e-02 3.605621503401488792e-01
9.529999999998960902e+01 8.149214018618141861e-03 3.643921299746721854e-01
9.539999999998960334e+01 4.843081630405391032e-03 3.674503912137718764e-01
9.549999999998959765e+01 2.387609015596463529e-03 3.697246848318256895e-01
9.559999999998957776e+01 7.902336575052051155e-04 3.712062777406379133e-01
9.569999999998957207e+01 5.418942395833298455e-05 3.718899816397276958e-01
9.579999999998955218e+01 1.785125352298404841e-04 3.717741644139778701e-01
9.589999999998954650e+01 1.158069850489124942e-03 3.708607443079208199e-01
9.599999999998954081e+01 2.983609145463303209e-03 3.691551670027330978e-01
9.609999999998952092e+01 5.641830889269689592e-03 3.666663658165213446e-01
9.619999999998951523e+01 9.115480872830390019e-03 3.634067053410485748e-01
9.629999999998950955e+01 1.338346289752295228e-02 3.593919089165570346e-01
9.639999999998948965e+01 1.842097060283915191e-02 3.546409704321965561e-01
9.649999999998948397e+01 2.419963739724588156e-02 3.491760510183872790e-01
9.659999999998947828e+01 3.068770335817436884e-02 3.430223612732278826e-01
9.669999999998945839e+01 3.785019788519621703e-02 3.362080297340543922e-01
9.679999999998945270e+01 4.564913682509003784e-02 3.287639583686194911e-01
9.689999999998943281e+01 5.404373273743949546e-02 3.207236659171996407e-01
9.699999999998942712e+01 6.299061693405919038e-02 3.121231199688828117e-01
9.709999999998942144e+01 7.244407190292766197e-02 3.030005586988103738e-01
9.719999999998940154e+01 8.235627271613804590e-02 2.933963032327176479e-01
9.729999999998939586e+01 9.267753601992667623e-02 2.833525616376035838e-01
9.739999999998937597e+01 1.033565752110588709e-01 2.729132255636737003e-01
9.749999999998937028e+01 1.143407604163760305e-01 2.621236605839412648e-01
9.759999999998936460e+01 1.255763819098721368e-01 2.510304912939431699e-01
9.769999999998934470e+01 1.370089156229183369e-01 2.396813822430960694e-01
9.779999999998933902e+01 1.485832894265025073e-01 2.281248157756257389e-01
9.789999999998933333e+01 1.602441488915372358e-01 2.164098678581573287e-01
9.799999999998931344e+01 1.719361212605005629e-01 2.045859829669214036e-01
9.809999999998930775e+01 1.836040763943740106e-01 1.927027490977517299e-01
9.819999999998930207e+01 1.951933834913613386e-01 1.808096739486059756e-01
9.829999999998928217e+01 2.066501624090610612e-01 1.689559633051615495e-01
9.839999999998927649e+01 2.179215284605343084e-01 1.571903026377867441e-01
9.849999999998925659e+01 2.289558295983200875e-01 1.455606428908542971e-01
9.859999999998925091e+01 2.397028749470557774e-01 1.341139914134315825e-01
9.869999999998924523e+01 2.501141536996578929e-01 1.228962089456911572e-01
9.879999999998922533e+01 2.601430434502939870e-01 1.119518135352818022e-01
9.889999999998921965e+01 2.697450071023103080e-01 1.013237922148067377e-01
9.899999999998919975e+01 2.788777775605964515e-01 9.105342122504318791e-02
9.909999999998919407e+01 2.875015294942327437e-01 8.118009551780315525e-02
9.919999999998918838e+01 2.955790375375114687e-01 7.174116821988735238e-02
9.929999999998916849e+01 3.030758203830521413e-01 6.277180068328168383e-02
9.939999999998916280e+01 3.099602703115277857e-01 5.430482368888008005e-02
9.949999999998915712e+01 3.162037677930905621e-01 4.637061031097291369e-02
9.959999999998913722e+01 3.217807808897175104e-01 3.899696088828270846e-02
9.969999999998913154e+01 3.266689492787598903e-01 3.220900048477816358e-02
9.979999999998912585e+01 3.308491528090440892e-01 2.602908916053081959e-02
9.989999999998910596e+01 3.343055645877865412e-01 2.047674530946611698e-02
