1.000000000000000000e+00 2.000000000000000000e+00 0.000000000000000000e+00
1.099999999999988987e+00 1.997600966676745138e+00 1.999200209313377417e-03
1.199999999999977973e+00 1.990415462582768358e+00 7.987208597891239104e-03
1.299999999999966960e+00 1.978478230393493575e+00 1.793529499587014076e-02
1.399999999999955946e+00 1.961847008681313564e+00 3.179573079045075468e-02
1.499999999999944933e+00 1.940602265442385788e+00 4.950202079977900765e-02
1.599999999999933920e+00 1.914846816715384703e+00 7.096922651446944952e-02
1.699999999999922906e+00 1.884705331981338494e+00 9.609437921921157311e-02
1.799999999999911893e+00 1.850323728645491883e+00 1.247569810449803418e-01
1.899999999999900879e+00 1.811868458511531887e+00 1.568195915497757609e-01
1.999999999999889866e+00 1.769525689738678409e+00 1.921284969857842140e-01
2.099999999999878852e+00 1.723500388351018264e+00 2.305144589840925906e-01
2.199999999999867839e+00 1.674015303912162134e+00 2.717935389790576139e-01
2.299999999999856826e+00 1.621309864510324550e+00 3.157679943027081881e-01
2.399999999999845812e+00 1.565638986696622492e+00 3.622272415108225840e-01
2.499999999999834799e+00 1.507271806489923760e+00 4.109488821538598846e-01
2.599999999999823785e+00 1.446490338008053378e+00 4.616997858845477976e-01
2.699999999999812772e+00 1.383588066676119777e+00 5.142372254987113145e-01
2.799999999999801759e+00 1.318868484342292202e+00 5.683100582375369969e-01
2.899999999999790745e+00 1.252643573944140387e+00 6.236599474432137358e-01
2.999999999999779732e+00 1.185232251657443392e+00 6.800226184536634078e-01
3.099999999999768718e+00 1.116958774692939915e+00 7.371291424472667941e-01
3.199999999999757705e+00 1.048151123093527204e+00 7.947072418094682789e-01
3.299999999999746692e+00 9.791393640269467902e-01 8.524826104853104880e-01
3.399999999999735678e+00 9.102540071588223203e-01 9.101802427115036620e-01
3.499999999999724665e+00 8.418243597308889825e-01 9.675257634854045330e-01
3.599999999999713651e+00 7.741768899596221942e-01 1.024246754123850467e+00
3.699999999999702638e+00 7.076336073133069338e-01 1.080074066302594948e+00
3.799999999999691624e+00 6.425104681121105443e-01 1.134743118033881615e+00
3.899999999999680611e+00 5.791158147452046823e-01 1.187995165141233267e+00
3.999999999999669598e+00 5.177488565906086526e-01 1.239578541928918032e+00
4.099999999999658584e+00 4.586982004785936651e-01 1.289249864914828958e+00
4.199999999999647571e+00 4.022404382469616513e-01 1.336775193691320585e+00
4.299999999999636557e+00 3.486387986058618327e-01 1.381931143216659663e+00
4.399999999999625544e+00 2.981418701597171594e-01 1.424505942096083499e+00
4.499999999999614531e+00 2.509824020281717916e-01 1.464300431704355088e+00
4.599999999999603517e+00 2.073761880706085636e-01 1.501129001310315791e+00
4.699999999999592504e+00 1.675210402489314132e-01 1.534820454711766535e+00
4.799999999999581490e+00 1.315958561689853090e-01 1.565218804240546602e+00
4.899999999999570477e+00 9.975978531937242100e-02 1.592183988384937798e+00
4.999999999999559464e+00 7.215149798616750376e-02 1.615592509676030408e+00
5.099999999999548450e+00 4.888856026111522424e-02 1.635337989897289512e+00
5.199999999999537437e+00 3.006691798623753811e-02 1.651331640106953103e+00
5.299999999999526423e+00 1.576049189014609719e-02 1.663502643406078896e+00
5.399999999999515410e+00 6.020885574779598175e-03 1.671798448829034722e+00
5.499999999999504396e+00 8.772074089030001834e-04 1.676184975195265769e+00
5.599999999999493383e+00 3.360067792748030742e-04 1.676646724219154283e+00
5.699999999999482370e+00 4.381324545422071899e-03 1.673186802633724435e+00
5.799999999999471356e+00 1.297485694237116190e-02 1.665826853553541209e+00
5.899999999999460343e+00 2.605623158063964315e-02 1.654606897750793948e+00
5.999999999999449329e+00 4.354339360733329445e-02 1.639585085978980894e+00
6.099999999999438316e+00 6.533309951932703141e-02 1.620837363922419394e+00
6.199999999999427303e+00 9.130151556218131514e-02 1.598457051778952698e+00
6.299999999999416289e+00 1.213049171094365136e-01 1.572554340915641946e+00
6.399999999999405276e+00 1.551804848991196473e-01 1.543255710436273631e+00
6.499999999999394262e+00 1.927471935103005907e-01 1.510703266897864383e+00
6.599999999999383249e+00 2.338067869948833311e-01 1.475054010780370461e+00
6.699999999999372235e+00 2.781448361407661829e-01 1.436479033671755889e+00
6.799999999999361222e+00 3.255318714352598009e-01 1.395162650454838671e+00
6.899999999999350209e+00 3.757245854229979698e-01 1.351301471093984574e+00
6.999999999999339195e+00 4.284670978139439312e-01 1.305103416896601809e+00
7.099999999999328182e+00 4.834922763958177661e-01 1.256786686377050266e+00
7.199999999999317168e+00 5.405231065440362359e-01 1.206578676081206503e+00
7.299999999999306155e+00 5.992741019005578540e-01 1.154714861919271751e+00
7.399999999999295142e+00 6.594527486158755503e-01 1.101437646726069808e+00
7.499999999999284128e+00 7.207609754152433101e-01 1.046995179898973616e+00
7.599999999999273115e+00 7.828966416603342360e-01 9.916401550679673216e-01
7.699999999999262101e+00 8.455550355379732874e-01 9.356285918253721690e-01
7.799999999999251088e+00 9.084303745096919958e-01 8.792186075781371901e-01
7.899999999999240075e+00 9.712173002127796329e-01 8.226691855948519150e-01
7.999999999999229061e+00 1.033612360099586569e+00 7.662389452930288281e-01
8.099999999999218048e+00 1.095315468252779034e+00 7.101849207539810971e-01
8.199999999999207034e+00 1.156031338005538922e+00 6.547613533657420382e-01
8.299999999999196021e+00 1.215470879236490775e+00 6.002185043738187398e-01
8.399999999999185007e+00 1.273352553489863981e+00 5.468014929713970185e-01
8.499999999999173994e+00 1.329403680395891296e+00 4.947491653837587933e-01
8.599999999999162981e+00 1.383361689226594970e+00 4.442930001987184796e-01
8.699999999999151967e+00 1.434975309818100619e+00 3.956560549641828795e-01
8.799999999999140954e+00 1.484005697518238742e+00 3.490519588230254211e-01
8.899999999999129940e+00 1.530227487271994313e+00 3.046839556795190029e-01
8.999999999999118927e+00 1.573429772431037099e+00 2.627440020983136115e-01
9.099999999999107914e+00 1.613417004370603980e+00 2.234119238248559181e-01
9.199999999999096900e+00 1.650009809501075342e+00 1.868546344888346034e-01
9.299999999999085887e+00 1.683045720771478626e+00 1.532254197115331673e-01
9.399999999999074873e+00 1.712379821285507697e+00 1.226632894867843021e-01
9.499999999999063860e+00 1.737885298156560010e+00 9.529240134470111367e-02
9.599999999999052847e+00 1.759453905239648286e+00 7.122155644120997664e-02
9.699999999999041833e+00 1.776996333870885847e+00 5.054377034464585527e-02
9.799999999999030820e+00 1.790442491231173161e+00 3.333591991844821883e-02
9.899999999999019806e+00 1.799741686407206442e+00 1.965846732502225455e-02
9.999999999999008793e+00 1.804862724672932073e+00 9.555261804703299444e-03
1.009999999999899778e+01 1.805793910931264401e+00 3.053419515737046744e-03
1.019999999999898677e+01 1.802542963656722286e+00 1.632813583673887266e-04
1.029999999999897575e+01 1.795136841048237564e+00 8.784483502961068892e-04
1.039999999999896474e+01 1.783621481457323910e+00 5.175893772861892526e-03
1.049999999999895373e+01 1.768061460471964885e+00 1.301615096897725324e-02
1.059999999999894271e+01 1.748539567347039192e+00 2.434357534605157899e-02
1.069999999999893170e+01 1.725156303741176789e+00 3.908667882096487217e-02
1.079999999999892069e+01 1.698029307984598058e+00 5.715853464060509370e-02
1.089999999999890967e+01 1.667292708332659190e+00 7.845725022123918591e-02
1.099999999999889866e+01 1.633096408880184702e+00 1.028665053740396851e-01
1.109999999999888765e+01 1.595605312011777466e+00 1.302561530230261222e-01
1.119999999999887663e+01 1.554998481443847336e+00 1.604828792759083189e-01
1.129999999999886562e+01 1.511468250082512066e+00 1.933909194793145825e-01
1.139999999999885461e+01 1.465219277072296711e+00 2.288128266764164198e-01
1.149999999999884359e+01 1.416467558549466155e+00 2.665702886906295421e-01
1.159999999999883258e+01 1.365439396727545329e+00 3.064749898795734451e-01
1.169999999999882156e+01 1.312370332057978706e+00 3.483295134458313513e-01
1.179999999999881055e+01 1.257504043290434748e+00 3.919282800480973772e-01
1.189999999999879954e+01 1.201091220333645682e+00 4.370585183355619185e-01
1.199999999999878852e+01 1.143388414871099323e+00 4.835012629243968241e-01
1.209999999999877751e+01 1.084656873724901827e+00 5.310323752528401942e-01
1.219999999999876650e+01 1.025161359976247466e+00 5.794235826865591354e-01
1.229999999999875548e+01 9.651689668498905084e-01 6.284435312026439568e-01
1.239999999999874447e+01 9.049479293478835951e-01 6.778588469561976915e-01
1.249999999999873346e+01 8.447664385744677595e-01 7.274352020287880860e-01
1.259999999999872244e+01 7.848914636303897518e-01 7.769383796731303971e-01
1.269999999999871143e+01 7.255875858720637339e-01 8.261353344021831191e-01
1.279999999999870042e+01 6.671158502285824410e-01 8.747952423245832776e-01
1.289999999999868940e+01 6.097326381468670675e-01 9.226905371985477666e-01
1.299999999999867839e+01 5.536885666000180839e-01 9.695979277674088292e-01
1.309999999999866738e+01 4.992274174374690121e-01 1.015299392044208382e+00
1.319999999999865636e+01 4.465851011902925438e-01 1.059583144337747251e+00
1.329999999999864535e+01 3.959886592651567505e-01 1.102244570948921254e+00
1.339999999999863434e+01 3.476553082700861164e-01 1.143087130622786551e+00
1.349999999999862332e+01 3.017915300191187367e-01 1.181923216006484534e+00
1.359999999999861231e+01 2.585922105565038875e-01 1.218574972545866109e+00
1.369999999999860130e+01 2.182398313341344376e-01 1.252875071446251098e+00
1.379999999999859028e+01 1.809037154597891717e-01 1.284667433528859704e+00
1.389999999999857927e+01 1.467393317200469949e-01 1.313807901028669400e+00
1.399999999999856826e+01 1.158876588629224186e-01 1.340164854604606770e+00
1.409999999999855724e+01 8.847461240517057179e-02 1.363619773069894459e+00
1.419999999999854623e+01 6.461053600975215361e-02 1.384067733590786275e+00
1.429999999999853522e+01 4.438975925563682506e-02 1.401417850352440819e+00
1.439999999999852420e+01 2.789022339892711227e-02 1.415593649948310384e+00
1.449999999999851319e+01 1.517317649819401211e-02 1.426533382014089524e+00
1.459999999999850218e+01 6.282939048226771073e-03 1.434190263889055572e+00
1.469999999999849116e+01 1.246741034486881878e-03 1.438532658369720441e+00
1.479999999999848015e+01 7.463108453498908655e-05 1.439544183887819351e+00
1.489999999999846914e+01 2.759458152202580190e-03 1.437223756730066748e+00
1.499999999999845812e+01 9.276925924642704518e-03 1.431585565196647369e+00
1.509999999999844711e+01 1.958571989142214240e-02 1.422658975874712572e+00
1.519999999999843610e+01 3.362770675825843547e-02 1.410488372493897691e+00
1.529999999999842508e+01 5.132820562596426134e-02 1.395132928103094860e+00
1.539999999999841407e+01 7.259633008779702024e-02 1.376666311599679560e+00
1.549999999999840306e+01 9.732540012632093229e-02 1.355176329910108057e+00
1.559999999999839204e+01 1.253934224145606680e-01 1.330764507406458907e+00
1.569999999999838103e+01 1.566636373467110710e-01 1.303545604404603653e+00
1.579999999999837001e+01 1.909851308416290194e-01 1.273647076860934702e+00
1.589999999999835900e+01 2.281935086795132961e-01 1.241208479640282469e+00
1.599999999999834799e+01 2.681116308490367195e-01 1.206380815978103094e+00
1.609999999999833875e+01 3.105504031011293575e-01 1.169325836000842278e+00
1.619999999999832596e+01 3.553096226268390723e-01 1.130215287401240776e+00
1.629999999999831317e+01 4.021788745035261847e-01 1.089230121582204225e+00
1.639999999999830393e+01 4.509384752847229172e-01 1.046559658792105996e+00
1.649999999999829470e+01 5.013604598516152588e-01 1.002400715968440492e+00
1.659999999999828191e+01 5.532096073908880918e-01 9.569567011826650704e-01
1.669999999999826912e+01 6.062445021290647773e-01 9.104366787466265931e-01
1.679999999999825988e+01 6.602186242250668302e-01 8.630544091816400032e-01
1.689999999999825064e+01 7.148814660172330138e-01 8.150273683859147189e-01
1.699999999999823785e+01 7.699796686278964630e-01 7.665757504384543841e-01
1.709999999999822506e+01 8.252581737585878985e-01 7.179214585746519495e-01
1.719999999999821583e+01 8.804613853632740073e-01 6.692870889312453331e-01
1.729999999999820659e+01 9.353343357605130581e-01 6.208949117108045757e-01
1.739999999999819380e+01 9.896238506566620297e-01 5.729658544386659891e-01
1.749999999999818101e+01 1.043079707481448626e+00 5.257184919910471432e-01
1.759999999999817177e+01 1.095455781412056018e+00 4.793680480505740360e-01
1.769999999999816254e+01 1.146511173458333088e+00 4.341254126040683947e-01
1.779999999999814975e+01 1.196011315027598387e+00 3.901961800309229900e-01
1.789999999999813696e+01 1.243729043458642769e+00 3.477797122394571949e-01
1.799999999999812772e+01 1.289445643135999520e+00 3.070682311958173871e-01
1.809999999999811848e+01 1.332951846948279062e+00 2.682459450548892455e-01
1.819999999999810569e+01 1.374048793049174488e+00 2.314882119425192841e-01
1.829999999999809290e+01 1.412548932114986444e+00 1.969607452607649301e-01
1.839999999999808367e+01 1.448276880559338231e+00 1.648188641854097802e-01
1.849999999999807443e+01 1.481070215473670793e+00 1.352067928071338521e-01
1.859999999999806164e+01 1.510780207392727892e+00 1.082570111288116282e-01
1.869999999999804885e+01 1.537272487355071382e+00 8.408966087798566691e-02
1.879999999999803961e+01 1.560427645108214190e+00 6.281200882386825390e-02
1.889999999999803038e+01 1.580141755721458319e+00 4.451797000661998627e-02
1.899999999999801759e+01 1.596326832286674380e+00 2.928769299292850389e-02
1.909999999999800480e+01 1.608911202817671304e+00 1.718720896937286913e-02
1.919999999999799556e+01 1.617839809894933589e+00 8.268146175062513620e-03
1.929999999999798632e+01 1.623074432033287273e+00 2.567510859727551581e-03
1.939999999999797353e+01 1.624593826180898093e+00 1.075356347427994653e-04
1.949999999999796074e+01 1.622393791169662203e+00 8.955957644099135206e-04
1.959999999999795151e+01 1.616487152350140288e+00 4.924193624981296202e-03
1.969999999999794227e+01 1.606903668019981746e+00 1.217101124118615159e-02
1.979999999999792948e+01 1.593689858633750234e+00 2.259903049595170590e-02
1.989999999999791669e+01 1.576908760119780206e+00 3.615672030011425619e-02
1.999999999999790745e+01 1.556639602959845714e+00 5.277828970662598596e-02
2.009999999999789821e+01 1.532977418987104601e+00 7.238400565901820238e-02
2.019999999999788542e+01 1.506032578143173595e+00 9.488057377830533268e-02
2.029999999999787264e+01 1.475930257688891745e+00 1.201615803163586793e-01
2.039999999999786340e+01 1.442809846609154345e+00 1.481079931387098148e-01
2.049999999999785416e+01 1.406824288173215143e+00 1.785887193456647259e-01
2.059999999999784137e+01 1.368139363818365206e+00 2.114612168990817886e-01
2.069999999999782858e+01 1.326932921715385350e+00 2.465721573934184230e-01
2.079999999999781934e+01 1.283394053558481351e+00 2.837581368933542181e-01
2.089999999999781011e+01 1.237722223283494793e+00 3.228464315599241519e-01
2.099999999999779732e+01 1.190126351579370301e+00 3.636557945985448570e-01
2.109999999999778453e+01 1.140823860205727902e+00 4.059972908913707101e-01
2.119999999999777529e+01 1.090039680260984634e+00 4.496751655190328600e-01
2.129999999999776605e+01 1.038005228678685166e+00 4.944877422369685083e-01
2.139999999999775326e+01 9.849573573382773839e-01 5.402283478464653399e-01
2.149999999999774047e+01 9.311372792831197343e-01 5.866862582958469741e-01
2.159999999999773124e+01 8.767894766246561167e-01 6.336476622554219063e-01
2.169999999999772200e+01 8.221605947833720007e-01 6.808966378403601416e-01
2.179999999999770921e+01 7.674983277742594145e-01 7.282161381025994418e-01
2.189999999999769642e+01 7.130502992758749325e-01 7.753889808768541503e-01
2.199999999999768718e+01 6.590629442421059858e-01 8.221988385533328669e-01
2.209999999999767795e+01 6.057803958040652859e-01 8.684312233506851220e-01
2.219999999999766516e+01 5.534433821842454915e-01 9.138744636855136161e-01
2.229999999999765237e+01 5.022881382922163018e-01 9.583206672773874057e-01
2.239999999999764313e+01 4.525453365995433797e-01 1.001566666686404261e+00
2.249999999999763389e+01 4.044390417976443386e-01 1.043414943057950461e+00
2.259999999999762110e+01 3.581856936302758032e-01 1.083674523944853529e+00
2.269999999999760831e+01 3.139931221640985259e-01 1.122161851190727422e+00
2.279999999999759908e+01 2.720595996155459884e-01 1.158701614983002282e+00
2.289999999999758984e+01 2.325729326993366819e-01 1.193127550331770204e+00
2.299999999999757705e+01 1.957095992974134668e-01 1.225283192387115028e+00
2.309999999999756426e+01 1.616339330783524708e-01 1.255022587180062432e+00
2.319999999999755502e+01 1.304973595216507576e-01 1.282210954558990590e+00
2.329999999999754579e+01 1.024376866252491441e-01 1.306725300289564684e+00
2.339999999999753300e+01 7.757845339779077809e-02 1.328454974496245944e+00
2.349999999999752021e+01 5.602833906020134036e-02 1.347302173844698858e+00
2.359999999999751097e+01 3.788063570508413969e-02 1.363182385092983617e+00
2.369999999999750173e+01 2.321278698581597660e-02 1.376024767881096400e+00
2.379999999999748894e+01 1.208599522855377875e-02 1.385772474877773108e+00
2.389999999999747615e+01 4.544899178121889448e-03 1.392382907662179203e+00
2.399999999999746692e+01 6.173243991219473387e-04 1.395827906984192124e+00
2.409999999999745768e+01 3.141081543336371874e-04 1.396093876323123650e+00
2.419999999999744489e+01 3.629000369123707142e-03 1.393181837948870516e+00
2.429999999999743210e+01 1.053864206003310780e-02 1.387107420975896455e+00
2.439999999999742286e+01 2.100262235407734934e-02 1.377900781203473368e+00
2.449999999999741362e+01 3.496361494951419346e-02 1.365606452835444795e+00
2.459999999999740083e+01 5.234759456608287925e-02 1.350283132483474535e+00
2.469999999999738804e+01 7.306413360126386147e-02 1.332003396170876153e+00
2.479999999999737881e+01 9.700677884780493920e-02 1.310853350375175141e+00
2.489999999999736957e+01 1.240535077366743122e-01 1.286932218463334499e+00
2.499999999999735678e+01 1.540672631501829870e-01 1.260351864197365002e+00
2.509999999999734399e+01 1.868965654046072788e-01 1.231236254309046041e+00
2.519999999999733475e+01 2.223761995333422559e-01 1.199720862456745030e+00
2.529999999999732552e+01 2.603279755164634168e-01 1.165952017193966128e+00
2.539999999999731273e+01 3.005615586048008270e-01 1.130086196882529981e+00
2.549999999999729994e+01 3.428753663837635357e-01 1.092289274780022801e+00
2.559999999999729070e+01 3.870575287213584570e-01 1.052735717817086636e+00
2.569999999999728146e+01 4.328869062532879064e-01 1.011607742848309899e+00
2.579999999999726867e+01 4.801341625840362393e-01 9.690944344153428203e-01
2.589999999999725588e+01 5.285628849344677915e-01 9.253908282957519216e-01
2.599999999999724665e+01 5.779307475487989176e-01 8.806969653212699534e-01
2.609999999999723741e+01 6.279907117975613851e-01 8.352169201430227341e-01
2.619999999999722462e+01 6.784922565817168572e-01 7.891578097796800861e-01
2.629999999999721183e+01 7.291826323605745674e-01 7.427287869267694687e-01
2.639999999999720259e+01 7.798081318992454714e-01 6.961400231096610547e-01
2.649999999999719336e+01 8.301153706631656526e-01 6.496016868431410130e-01
2.659999999999718057e+01 8.798525696741464897e-01 6.033229220074797228e-01
2.669999999999716778e+01 9.287708335935470627e-01 5.575108316703079048e-01
2.679999999999715854e+01 9.766254168021053506e-01 5.123694725659728721e-01
2.689999999999714930e+01 1.023176970315023526e+00 4.680988654027012918e-01
2.699999999999713651e+01 1.068192762485521197e+00 4.248940260899656263e-01
2.709999999999712372e+01 1.111447866623577418e+00 3.829440228729737994e-01
2.719999999999711449e+01 1.152726308871936389e+00 3.424310642284640327e-01
2.729999999999710525e+01 1.191822169945680132e+00 3.035296222105822173e-01
2.739999999999709246e+01 1.228540634636383855e+00 2.664055957490404913e-01
2.749999999999707967e+01 1.262698983322487090e+00 2.312155181861787479e-01
2.759999999999707043e+01 1.294127520084771943e+00 1.981058131018586521e-01
2.769999999999706120e+01 1.322670432421093389e+00 1.672121022157282144e-01
2.779999999999704841e+01 1.348186577962543264e+00 1.386585688767187907e-01
2.789999999999703562e+01 1.370550194024731105e+00 1.125573803511466797e-01
2.799999999999702638e+01 1.389651526273479210e+00 8.900817180656063476e-02
2.809999999999701714e+01 1.405397373241149328e+00 6.809759455942679396e-02
2.819999999999700435e+01 1.417711543898321880e+00 4.989893081284131615e-02
2.829999999999699156e+01 1.426535225963003306e+00 3.447177675788413304e-02
2.839999999999698233e+01 1.431827263111278503e+00 2.186179555090475221e-02
2.849999999999697309e+01 1.433564339742590343e+00 1.210054131031418866e-02
2.859999999999696030e+01 1.431741072442357821e+00 5.205354903109702183e-03
2.869999999999694751e+01 1.426370007781772031e+00 1.179331914381830061e-03
2.879999999999693827e+01 1.417481526586605645e+00 1.136281507982839995e-05
2.889999999999692903e+01 1.405123655299438390e+00 1.676244965803338474e-03
2.899999999999691624e+01 1.389361785553321571e+00 6.134865719460345229e-03
2.909999999999690345e+01 1.370278303562257438e+00 1.333445551513092082e-02
2.919999999999689422e+01 1.347972131406658614e+00 2.320890949130939226e-02
2.929999999999688498e+01 1.322558182774208557e+00 3.567917579081729407e-02
2.939999999999687219e+01 1.294166736165487830e+00 5.065370838380172519e-02
2.949999999999685940e+01 1.262942729026546251e+00 6.802898190148788660e-02
2.959999999999685016e+01 1.229044976698036029e+00 8.769006565320013047e-02
2.969999999999684093e+01 1.192645320478571414e+00 1.095112536945898746e-01
2.979999999999682814e+01 1.153927709488016040e+00 1.333567475276357106e-01
2.989999999999681535e+01 1.113087221382847769e+00 1.590813877445543534e-01
2.999999999999680611e+01 1.070329027302739711e+00 1.865314306791705790e-01
3.009999999999679687e+01 1.025867306740120277e+00 2.155453659030505398e-01
3.019999999999678408e+01 9.799241182901495817e-01 2.459547702000495772e-01
3.029999999999677129e+01 9.327282324794006207e-01 2.775851934734753224e-01
3.039999999999676206e+01 8.845139330712157300e-01 3.102570718858789767e-01
3.049999999999675282e+01 8.355197934045446306e-01 3.437866634034202895e-01
3.059999999999674003e+01 7.859874344524117040e-01 3.779870008148932814e-01
3.069999999999672724e+01 7.361602713593200509e-01 4.126688572221151596e-01
3.079999999999671800e+01 6.862822552644166629e-01 4.476417189506438077e-01
3.089999999999670877e+01 6.365966172109555066e-01 4.827147608125176292e-01
3.099999999999669598e+01 5.873446209009167696e-01 5.176978186602810839e-01
3.109999999999668319e+01 5.387643309680643089e-01 5.524023542101768047e-01
3.119999999999667395e+01 4.910894033163429873e-01 5.866424071743897573e-01
3.129999999999666471e+01 4.445479039037439906e-01 6.202355298352497659e-01
3.139999999999665192e+01 3.993611621481482077e-01 6.530036993099768150e-01
3.149999999999663913e+01 3.557426648887124232e-01 6.847742028974108663e-01
3.159999999999662990e+01 3.138969965603723988e-01 7.153804920638026088e-01
3.169999999999662066e+01 2.740188309305637837e-01 7.446630008162794523e-01
3.179999999999660787e+01 2.362919794090981851e-01 7.724699244202526405e-01
3.189999999999659508e+01 2.008885005775907784e-01 7.986579546520259365e-01
3.199999999999658584e+01 1.679678751978028184e-01 8.230929680246427127e-01
3.209999999999657661e+01 1.376762505523960733e-01 8.456506636944605138e-01
3.219999999999656382e+01 1.101457575488194590e-01 8.662171480348694885e-01
3.229999999999655103e+01 8.549390358439057369e-02 8.846894631618115179e-01
3.239999999999653824e+01 6.382304372932348646e-02 9.009760570004973212e-01
3.249999999999653255e+01 4.521993233889552016e-02 9.149971927993452159e-01
3.259999999999651976e+01 2.975535676078150740e-02 9.266852963216331007e-01
3.269999999999650697e+01 1.748385436056374559e-02 9.359852392742273874e-01
3.279999999999650129e+01 8.443513651663531877e-03 9.428545578672860028e-01
3.289999999999648850e+01 2.655859887338964023e-03 9.472636057335376281e-01
3.299999999999647571e+01 1.258250545239267509e-04 9.491956407737330847e-01
3.309999999999646292e+01 8.418018034017536386e-04 9.486468458278268789e-01
3.319999999999645013e+01 4.775780454098801399e-03 9.456262834066087031e-01
3.329999999999644444e+01 1.188356784332256569e-02 9.401557850442234798e-01
3.339999999999643165e+01 2.210508640937494315e-02 9.322697761572148467e-01
3.349999999999641886e+01 3.536475156367657052e-02 9.220150376092400846e-01
3.359999999999641318e+01 5.157192506021514300e-02 9.094504054913270519e-01
3.369999999999640039e+01 7.062144175061398077e-02 8.946464109237926010e-01
3.379999999999638760e+01 9.239420680122883978e-02 8.776848619759359815e-01
3.389999999999637481e+01 1.167578601485943501e-01 8.586583700765101357e-01
3.399999999999636202e+01 1.435675046812832090e-01 8.376698235520629865e-01
3.409999999999635634e+01 1.726664943577301270e-01 8.148318111826049481e-01
3.419999999999634355e+01 2.038872782029526876e-01 7.902659989001680207e-01
3.429999999999633076e+01 2.370522958706747230e-01 7.641024629784229916e-01
3.439999999999632507e+01 2.719749202144193245e-01 7.364789832663485303e-01
3.449999999999631228e+01 3.084604420798842672e-01 7.075403002065705493e-01
3.459999999999629949e+01 3.463070923171754911e-01 6.774373395508060947e-01
3.469999999999628670e+01 3.853070958133379964e-01 6.463264088329020440e-01
3.479999999999627391e+01 4.252477521689556061e-01 6.143683697924363640e-01
3.489999999999626823e+01 4.659125374888762328e-01 5.817277910513674044e-01
3.499999999999625544e+01 5.070822216278927375e-01 5.485720854326201490e-01
3.509999999999624265e+01 5.485359951343554696e-01 5.150706363773706054e-01
3.519999999999623697e+01 5.900526000659739312e-01 4.813939179581246952e-01
3.529999999999622418e+01 6.314114588202123235e-01 4.477126130046569785e-01
3.539999999999621139e+01 6.723937951229114196e-01 4.141967338553346756e-01
3.549999999999619860e+01 7.127837413613630213e-01 3.810147502168476086e-01
3.559999999999618581e+01 7.523694265269113002e-01 3.483327285628353698e-01
3.569999999999618012e+01 7.909440391513242741e-01 3.163134874268135333e-01
3.579999999999616733e+01 8.283068597777281106e-01 2.851157728430285254e-01
3.589999999999615454e+01 8.642642577021923955e-01 2.548934580688542728e-01
3.599999999999614886e+01 8.986306469514704354e-01 2.257947715770980412e-01
3.609999999999613607e+01 9.312293967240706793e-01 1.979615571422757014e-01
3.619999999999612328e+01 9.618936918143109471e-01 1.715285696602536214e-01
3.629999999999611049e+01 9.904673388575294668e-01 1.466228101378213577e-01
3.639999999999609770e+01 1.016805514570668700e+00 1.233629030693116357e-01
3.649999999999609201e+01 1.040775452524522526e+00 1.018585191815984392e-01
3.659999999999607923e+01 1.062257065351025265e+00 8.220984628009932182e-02
3.669999999999606644e+01 1.081143499671725960e+00 6.450711066712505604e-02
3.679999999999606075e+01 1.097341621420136359e+00 4.883015133188765844e-02
3.689999999999604796e+01 1.110772429619382384e+00 3.524804883098479891e-02
3.699999999999603517e+01 1.121371397066337927e+00 2.381881049009138343e-02
3.709999999999602238e+01 1.129088736759198186e+00 1.458911326420714305e-02
3.719999999999600959e+01 1.133889593287674025e+00 7.594105296135167903e-03
3.729999999999600391e+01 1.135754158778129019e+00 2.857266912864553712e-03
3.739999999999599112e+01 1.134677713357047590e+00 3.903314984648725144e-04
3.749999999999597833e+01 1.130670590451406277e+00 1.932663814181009767e-04
3.759999999999597264e+01 1.123758067600020061e+00 2.254313575422278379e-03
3.769999999999595985e+01 1.113980183788327416e+00 6.550089916908334239e-03
3.779999999999594706e+01 1.101391484655921182e+00 1.304574585109378494e-02
3.789999999999593427e+01 1.086060697247208662e+00 2.169518183261727462e-02
3.799999999999592148e+01 1.068070336292567424e+00 3.244132102785629579e-02
3.809999999999591580e+01 1.047516244312376221e+00 4.521643673514973844e-02
3.819999999999590301e+01 1.024507068130333431e+00 5.994253267742917501e-02
3.829999999999589022e+01 9.991636746644778633e-01 7.653177407044668701e-02
3.839999999999588454e+01 9.716185091378999328e-01 9.488696712997835014e-02
3.849999999999587175e+01 9.420148991041179531e-01 1.149020844538670427e-01
3.859999999999585896e+01 9.105063079229904766e-01 1.364628335014329008e-01
3.869999999999584617e+01 8.772555415471149365e-01 1.594472651930954887e-01
3.879999999999583338e+01 8.424339126784730070e-01 1.837264194699785580e-01
3.889999999999582769e+01 8.062203665394908070e-01 2.091650044856007695e-01
3.899999999999581490e+01 7.688005726561691899e-01 2.356221059516104277e-01
3.909999999999580211e+01 7.303659871904495393e-01 2.629519230274675601e-01
3.919999999999579643e+01 6.911128904594078248e-01 2.910045270292584418e-01
3.929999999999578364e+01 6.512414043665872843e-01 3.196266391376733629e-01
3.939999999999577085e+01 6.109544945203807531e-01 3.486624232090549946e-01
3.949999999999575806e+01 5.704569618460495484e-01 3.779542897356999442e-01
3.959999999999574527e+01 5.299544284988774168e-01 4.073437069630468366e-01
3.969999999999573959e+01 4.896523228644826808e-01 4.366720151540514072e-01
3.979999999999572680e+01 4.497548683894783128e-01 4.657812399885758459e-01
3.989999999999571401e+01 4.104640809174557869e-01 4.945149011057077271e-01
3.999999999999570832e+01 3.719787791250416253e-01 5.227188118330839961e-01
4.009999999999569553e+01 3.344936125483514155e-01 5.502418662013881523e-01
4.019999999999568274e+01 2.981981115780147906e-01 5.769368094136896330e-01
4.029999999999566995e+01 2.632757636721292926e-01 6.026609880277596920e-01
4.039999999999565716e+01 2.299031198981569546e-01 6.272770762134498579e-01
4.049999999999565148e+01 1.982489357683457076e-01 6.506537745677433149e-01
4.059999999999563869e+01 1.684733501762138153e-01 6.726664781026513440e-01
4.069999999999562590e+01 1.407271060795107220e-01 6.931979101727979709e-01
4.079999999999562021e+01 1.151508164031172926e-01 7.121387192707802072e-01
4.089999999999560742e+01 9.187427845669418613e-02 7.293880357929114489e-01
4.099999999999559464e+01 7.101583997460017561e-02 7.448539860702102500e-01
4.109999999999558185e+01 5.268181968827416461e-02 7.584541611547632733e-01
4.119999999999556906e+01 3.696598513381837287e-02 7.701160380686508100e-01
4.129999999999556337e+01 2.394909017768744389e-02 7.797773514405903494e-01
4.139999999999555058e+01 1.369847451096635992e-02 7.873864136913160117e-01
4.149999999999553779e+01 6.267727115985026985e-03 7.929023821686272955e-01
4.159999999999553211e+01 1.696415447764026974e-03 7.962954718843776591e-01
4.169999999999551932e+01 9.881796568609692015e-06 7.975471127627465906e-01
4.179999999999550653e+01 1.219108007013896188e-03 7.966500505738776106e-01
4.189999999999549374e+01 5.320649424311431688e-03 7.936083909965109262e-01
4.199999999999548095e+01 1.229663862087113264e-02 7.884375865273940409e-01
4.209999999999547526e+01 2.211485912828034528e-02 7.811643662317258041e-01
4.219999999999546247e+01 3.472888906307945028e-02 7.718266086071737808e-01
4.229999999999544968e+01 5.007831419245025589e-02 7.604731581127932571e-01
4.239999999999544400e+01 6.808900964103653530e-02 7.471635861910996823e-01
4.249999999999543121e+01 8.867348909572518589e-02 7.319678978851701379e-01
4.259999999999541842e+01 1.117313200248571531e-01 7.149661854241330383e-01
4.269999999999540563e+01 1.371496030949180822e-01 6.962482304113393194e-01
4.279999999999539284e+01 1.648035136444331583e-01 6.759130565098849797e-01
4.289999999999538716e+01 1.945569027644624693e-01 6.540684347651037900e-01
4.299999999999537437e+01 2.262629552388433773e-01 6.308303439427764836e-01
4.309999999999536158e+01 2.597649013194302525e-01 6.063223884894637372e-01
4.319999999999535589e+01 2.948967790490541474e-01 5.806751769334811408e-01
4.329999999999534310e+01 3.314842436035700945e-01 5.540256637490614811e-01
4.339999999999533031e+01 3.693454198996732329e-01 5.265164578910606075e-01
4.349999999999531752e+01 4.082917945095289047e-01 4.982951013801816265e-01
4.359999999999530473e+01 4.481291427360988289e-01 4.695133214751299744e-01
4.369999999999529905e+01 4.886584865309989145e-01 4.403262601076936011e-01
4.379999999999528626e+01 5.296770787830147320e-01 4.108916843797432161e-01
4.389999999999527347e+01 5.709794093642470703e-01 3.813691820263012677e-01
4.399999999999526779e+01 6.123582281961754692e-01 3.519193458376728700e-01
4.409999999999525500e+01 6.536055804860414487e-01 3.227029511015969132e-01
4.419999999999524221e+01 6.945138491853279916e-01 2.938801301778873887e-01
4.429999999999522942e+01 7.348767996401834868e-01 2.656095483500825472e-01
4.439999999999521663e+01 7.744906213335832623e-01 2.380475851098373674e-01
4.449999999999521094e+01 8.131549615682190923e-01 2.113475250238138203e-01
4.459999999999519815e+01 8.506739459065075781e-01 1.856587623036003720e-01
4.469999999999518536e+01 8.868571801697467949e-01 1.611260231532573584e-01
4.479999999999517968e+01 9.215207288122523321e-01 1.378886098990286246e-01
4.489999999999516689e+01 9.544880645207750591e-01 1.160796708178964132e-01
4.499999999999515410e+01 9.855909839578407272e-01 9.582549947140100999e-02
4.509999999999514131e+01 1.014670484662519190e+00 7.724486722065837530e-02
4.519999999999512852e+01 1.041577598255571724e+00 6.044839244803305867e-02
4.529999999999512283e+01 1.066174175259720913e+00 4.553794983943799252e-02
4.539999999999511004e+01 1.088333617051208124e+00 3.260612289118982460e-02
4.549999999999509726e+01 1.107941550693969157e+00 2.173570259562547166e-02
4.559999999999509157e+01 1.124896442689702569e+00 1.299923503249185083e-02
4.569999999999507878e+01 1.139110147980738619e+00 6.458620348978163193e-03
4.579999999999506599e+01 1.150508390892321042e+00 2.164765351391923290e-03
4.589999999999505320e+01 1.159031175072087194e+00 1.572916576532508632e-04
4.599999999999504041e+01 1.164633119884135093e+00 4.643010733376946668e-04
4.609999999999503473e+01 1.167283721138730357e+00 3.102199556785464017e-03
4.619999999999502194e+01 1.166967534478613677e+00 8.075580832663282679e-03
4.629999999999500915e+01 1.163684280194048126e+00 1.537717040022103070e-02
4.639999999999500346e+01 1.157448868701099309e+00 2.498783036433802410e-02
4.649999999999499067e+01 1.148291346377357414e+00 3.687662519627135649e-02
4.659999999999497788e+01 1.136256761912729285e+00 5.100094820890979652e-02
4.669999999999496509e+01 1.121404953787369818e+00 6.730670821004547388e-02
4.679999999999495230e+01 1.103810259929395077e+00 8.572857547891621355e-02
4.689999999999494662e+01 1.083561151041664727e+00 1.061902858976392083e-01
4.699999999999493383e+01 1.060759789496845018e+00 1.286050017619464469e-01
4.709999999999492104e+01 1.035521516100279316e+00 1.528757274965652224e-01
4.719999999999491536e+01 1.007974267396358314e+00 1.788957782112025330e-01
4.729999999999490257e+01 9.782579265540097824e-01 2.065492987546347914e-01
4.739999999999488978e+01 9.465236112020853909e-01 2.357118306585919698e-01
4.749999999999487699e+01 9.129329019051618532e-01 2.662509241106390534e-01
4.759999999999486420e+01 8.776570152661016255e-01 2.980267918582057418e-01
4.769999999999485851e+01 8.408759259191218582e-01 3.308930017235548471e-01
4.779999999999484572e+01 8.027774419353930213e-01 3.646972042060702135e-01
4.789999999999483293e+01 7.635562383998159008e-01 3.992818914600543834e-01
4.799999999999482725e+01 7.234128541358745279e-01 4.344851837697394359e-01
4.809999999999481446e+01 6.825526567523071408e-01 4.701416394936254739e-01
4.819999999999480167e+01 6.411847813606782465e-01 5.060830843236593379e-01
4.829999999999478888e+01 5.995210484653250571e-01 5.421394555967307127e-01
4.839999999999477609e+01 5.577748666545710998e-01 5.781396573129481409e-01
4.849999999999477041e+01 5.161601258235822831e-01 6.139124214514594113e-01
4.859999999999475762e+01 4.748900867327603970e-01 6.492871711361480891e-01
4.869999999999474483e+01 4.341762727461560001e-01 6.840948811876145230e-01
4.879999999999473914e+01 3.942273696073866907e-01 7.181689316061505846e-01
4.889999999999472635e+01 3.552481390840155351e-01 7.513459495603304061e-01
4.899999999999471356e+01 3.174383522547239989e-01 7.834666355149694228e-01
4.909999999999470077e+01 2.809917481177585663e-01 8.143765692073003937e-01
4.919999999999468798e+01 2.460950230702602382e-01 8.439269912852972455e-01
4.929999999999468230e+01 2.129268566408166474e-01 8.719755565461586588e-01
4.939999999999466951e+01 1.816569786592039937e-01 8.983870548606527340e-01
4.949999999999465672e+01 1.524452828152599859e-01 9.230340960359060265e-01
4.959999999999465103e+01 1.254409912965343266e-01 9.457977550587298721e-01
4.969999999999463824e+01 1.007818749073976367e-01 9.665681743676557414e-01
4.979999999999462545e+01 7.859353275961224183e-02 9.852451200262710707e-01
4.989999999999461266e+01 5.898873529407770711e-02 1.001738488911734892e+00
4.999999999999459988e+01 4.206683404588429376e-02 1.015968764286574233e+00
5.009999999999459419e+01 2.791324120575251755e-02 1.027867417388778959e+00
5.019999999999458140e+01 1.659898166267413655e-02 1.037377252958765927e+00
5.029999999999456861e+01 8.180319838842889379e-03 1.044452696905139977e+00
5.039999999999456293e+01 2.698463250944586195e-03 1.049060024616028208e+00
5.049999999999455014e+01 1.793443537898403695e-04 1.051177528719608789e+00
5.059999999999453735e+01 6.334818445796889293e-04 1.050795625415949175e+00
5.069999999999452456e+01 4.055922229313307058e-03 1.047916898807951913e+00
5.079999999999451177e+01 1.042626207742627063e-02 1.042556082984411603e+00
5.089999999999450608e+01 1.970875101615614244e-02 1.034739981918670448e+00
5.099999999999449329e+01 3.185247514170555516e-02 1.024507327571389181e+00
5.109999999999448050e+01 4.679162014889475668e-02 1.011908576898084000e+00
5.119999999999447482e+01 6.444581310365538052e-02 9.970056487820090352e-01
5.129999999999446203e+01 8.472054140218922280e-02 9.798716022194595698e-01
5.139999999999444924e+01 1.075076470761460040e-01 9.605902573964353319e-01
5.149999999999443645e+01 1.326858942145112408e-01 9.392557615926456771e-01
5.159999999999442366e+01 1.601216068797315373e-01 9.159721021436075805e-01
5.169999999999441798e+01 1.896693744994278896e-01 8.908525689764900113e-01
5.179999999999440519e+01 2.211728213168709933e-01 8.640191695074177503e-01
5.189999999999439240e+01 2.544654360862825260e-01 8.356019989524247071e-01
5.199999999999438671e+01 2.893714578052993813e-01 8.057385693497937096e-01
5.209999999999437392e+01 3.257068128919247130e-01 7.745731008261060868e-01
5.219999999999436113e+01 3.632800988406109655e-01 7.422557788542651913e-01
5.229999999999434834e+01 4.018936090373924630e-01 7.089419814452049273e-01
5.239999999999433555e+01 4.413443930837709916e-01 6.747914803966237329e-01
5.249999999999432987e+01 4.814253466767379197e-01 6.399676208698298341e-01
5.259999999999431708e+01 5.219263248277469236e-01 6.046364837002520254e-01
5.269999999999430429e+01 5.626352719777757416e-01 5.689660349491337810e-01
5.279999999999429861e+01 6.033393623876530665e-01 5.331252672828898920e-01
5.289999999999428582e+01 6.438261440557464521e-01 4.972833378168552421e-01
5.299999999999427303e+01 6.838846793404383950e-01 4.616087070820488747e-01
5.309999999999426024e+01 7.233066754518578945e-01 4.262682837661268542e-01
5.319999999999424745e+01 7.618875980187507224e-01 3.914265798444749311e-01
5.329999999999424176e+01 7.994277610400750689e-01 3.572448806508299324e-01
5.339999999999422897e+01 8.357333866956622170e-01 3.238804343437760025e-01
5.349999999999421618e+01 8.706176287066730302e-01 2.914856651013490452e-01
5.359999999999421050e+01 9.039015532148371168e-01 2.602074142288396952e-01
5.369999999999419771e+01 9.354150714732234473e-01 2.301862131869996109e-01
5.379999999999418492e+01 9.649978190147587842e-01 2.015555923487689638e-01
5.389999999999417213e+01 9.924999763772588413e-01 1.744414290702566706e-01
5.399999999999415934e+01 1.017783026913512412e+00 1.489613384169765631e-01
5.409999999999415365e+01 1.040720447691149575e+00 1.252241096246779761e-01
5.419999999999414086e+01 1.061198329989101685e+00 1.033291910945610265e-01
5.429999999999412807e+01 1.079115926411938764e+00 8.336622642972603414e-02
5.439999999999412239e+01 1.094386122172007259e+00 6.541464371439394132e-02
5.449999999999410960e+01 1.106935828615414064e+00 4.954329992280388090e-02
5.459999999999409681e+01 1.116706297601023801e+00 3.581018202304196013e-02
5.469999999999408402e+01 1.123653355855819269e+00 2.426216601438297218e-02
5.479999999999407123e+01 1.127747558943188455e+00 1.493483480802794416e-02
5.489999999999406555e+01 1.128974264971434938e+00 7.852355531633763153e-03
5.499999999999405276e+01 1.127333628639042740e+00 3.027416510764937944e-03
5.509999999999403997e+01 1.122840516668971000e+00 4.612238566774366972e-04
5.519999999999403428e+01 1.115524346100918995e+00 1.435572718598682434e-04
5.529999999999402149e+01 1.105428847314990914e+00 2.052884374041839214e-03
5.539999999999400870e+01 1.092611754025567317e+00 6.156532537544051956e-03
5.549999999999399591e+01 1.077144422825768499e+00 1.241091695929624240e-02
5.559999999999398312e+01 1.059111385175892206e+00 2.076182337681771461e-02
5.569999999999397744e+01 1.038609835010599225e+00 3.114474359811120890e-02
5.579999999999396465e+01 1.015749055396565570e+00 4.348526174964757740e-02
5.589999999999395186e+01 9.906497878982942762e-01 5.769948890940356651e-02
5.599999999999394618e+01 9.634435485127021970e-01 7.369454356787168148e-02
5.609999999999393339e+01 9.342718942098268142e-01 9.136907515167547178e-02
5.619999999999392060e+01 9.032856442718187884e-01 1.106138276526349024e-01
5.629999999999390781e+01 8.706440607524560393e-01 1.313122402298699254e-01
5.639999999999389502e+01 8.365139924960801610e-01 1.533410814944839995e-01
5.649999999999388933e+01 8.010689872468781392e-01 1.765711140459284845e-01
5.659999999999387654e+01 7.644883764561961614e-01 2.008677857056076488e-01
5.669999999999386375e+01 7.269563374634302466e-01 2.260919437882629723e-01
5.679999999999385807e+01 6.886609377684039801e-01 2.521005686642937560e-01
5.689999999999384528e+01 6.497931661529221525e-01 2.787475227963692737e-01
5.699999999999383249e+01 6.105459554304740744e-01 3.058843113827073301e-01
5.709999999999381970e+01 5.711132016116041710e-01 3.333608507064985682e-01
5.719999999999380691e+01 5.316887842733831748e-01 3.610262402750347155e-01
5.729999999999380123e+01 4.924655929002376142e-01 3.887295348374367188e-01
5.739999999999378844e+01 4.536345639373849936e-01 4.163205123895517001e-01
5.749999999999377565e+01 4.153837332485112999e-01 4.436504343169689335e-01
5.759999999999376996e+01 3.778973086068633247e-01 4.705727938840023605e-01
5.769999999999375717e+01 3.413547667657889084e-01 4.969440493543920701e-01
5.779999999999374438e+01 3.059299795495386554e-01 5.226243381244063402e-01
5.789999999999373159e+01 2.717903732792948390e-01 5.474781683622041983e-01
5.799999999999371880e+01 2.390961256957852832e-01 5.713750847771787988e-01
5.809999999999371312e+01 2.079994043618883237e-01 5.941903052930734841e-01
5.819999999999370033e+01 1.786436503223124417e-01 6.158053255609661214e-01
5.829999999999368754e+01 1.511629105627698699e-01 6.361084884308031429e-01
5.839999999999368185e+01 1.256812225485416656e-01 6.549955156960439728e-01
5.849999999999366906e+01 1.023120538313567335e-01 6.723699996348385666e-01
5.859999999999365627e+01 8.115779939709931445e-02 6.881438520965034167e-01
5.869999999999364348e+01 6.230933908531410825e-02 7.022377091154761164e-01
5.879999999999363069e+01 4.584565704898891508e-02 7.145812892818635964e-01
5.889999999999362501e+01 3.183352484246053382e-02 7.251137043504186641e-01
5.899999999999361222e+01 2.032724933060057332e-02 7.337837208315753923e-01
5.909999999999359943e+01 1.136848620906607925e-02 7.405499715756120871e-01
5.919999999999359375e+01 4.986119517143589898e-03 7.453811166289533441e-01
5.929999999999358096e+01 1.196207117709549485e-03 7.482559529134921172e-01
5.939999999999356817e+01 1.991717785483625275e-06 7.491634725522675620e-01
5.949999999999355538e+01 1.393976613154234313e-03 7.481028699305098950e-01
5.959999999999354259e+01 5.350064966304269101e-03 7.450834978470278758e-01
5.969999999999353690e+01 1.183576107269977175e-02 7.401247733711819876e-01
5.979999999999352411e+01 2.080443173966274248e-02 7.332560342668503761e-01
5.989999999999351132e+01 3.219762559778429484e-02 7.245163470944963047e-01
5.999999999999350564e+01 4.594544788889804582e-02 7.139542683264098466e-01
6.009999999999349285e+01 6.196698802830559460e-02 7.016275600391737033e-01
6.019999999999348006e+01 8.017079702267497499e-02 6.876028619494553018e-01
6.029999999999346727e+01 1.004554116382849471e-01 6.719553217599951722e-01
6.039999999999345448e+01 1.227099220560599752e-01 6.547681859619879363e-01
6.049999999999344880e+01 1.468145796182914742e-01 6.361323534090389531e-01
6.059999999999343601e+01 1.726414411651404357e-01 6.161458941329058803e-01
6.069999999999342322e+01 2.000550463741878615e-01 5.949135360090004321e-01
6.079999999999341753e+01 2.289131244510113905e-01 5.725461220047278754e-01
6.089999999999340474e+01 2.590673264710492418e-01 5.491600408554625501e-01
6.099999999999339195e+01 2.903639796388374772e-01 5.248766341055454143e-01
6.109999999999337916e+01 3.226448597100760041e-01 4.998215825350814656e-01
6.119999999999336637e+01 3.557479778121427905e-01 4.741242750592196131e-01
6.129999999999336069e+01 3.895083778974198774e-01 4.479171632372947465e-01
6.139999999999334790e+01 4.237589410738550333e-01 4.213351045685841956e-01
6.149999999999333511e+01 4.583311930730365469e-01 3.945146977742687300e-01
6.159999999999332942e+01 4.930561111448245604e-01 3.675936132741198237e-01
6.169999999999331664e+01 5.277649267025074087e-01 3.407099220625861569e-01
6.179999999999330385e+01 5.622899200920123963e-01 3.140014261690470265e-01
6.189999999999329106e+01 5.964652039172050335e-01 2.876049938549040119e-01
6.199999999999327827e+01 6.301274914289316520e-01 2.616559026536935395e-01
6.209999999999327258e+01 6.631168465714661897e-01 2.362871932993391433e-01
6.219999999999325979e+01 6.952774123868150635e-01 2.116290375151388403e-01
6.229999999999324700e+01 7.264581145968137532e-01 1.878081225484606598e-01
6.239999999999324132e+01 7.565133373193595467e-01 1.649470552370073395e-01
6.249999999999322853e+01 7.853035680335003210e-01 1.431637882810161133e-01
6.259999999999321574e+01 8.126960090721239149e-01 1.225710712721711365e-01
6.269999999999320295e+01 8.385651531111298906e-01 1.032759288958682298e-01
6.279999999999319016e+01 8.627933203196691547e-01 8.537916857920835323e-02
6.289999999999318447e+01 8.852711550437197818e-01 6.897491970293272157e-02
6.299999999999317168e+01 9.058980801153769802e-01 5.415020633351425028e-02
6.309999999999315889e+01 9.245827071010207510e-01 4.098455526160562495e-02
6.319999999999315321e+01 9.412432010305397112e-01 2.954964095685221406e-02
6.329999999999314042e+01 9.558075983768892225e-01 1.990896886689872899e-02
6.339999999999312763e+01 9.682140772811580476e-01 1.211759830211630272e-02
6.349999999999311484e+01 9.784111792423449971e-01 6.221905957191852486e-03
6.359999999999310205e+01 9.863579817088189428e-01 2.259390927870332227e-03
6.369999999999309637e+01 9.920242212221406231e-01 2.585218863388254141e-04
6.379999999999308358e+01 9.953903669657303555e-01 2.386268828100302939e-04
6.389999999999307079e+01 9.964476447764367695e-01 2.209826044725971862e-03
6.399999999999306510e+01 9.951980118641714501e-01 6.173007249168806568e-03
6.409999999999305942e+01 9.916540826779567386e-01 1.211984464930972172e-02
6.419999999999303952e+01 9.858390065369817545e-01 2.003285974262547162e-02
6.429999999999301963e+01 9.777862978321544274e-01 2.988552447773436954e-02
6.439999999999301394e+01 9.675396197778047824e-01 4.164240570874620101e-02
6.449999999999300826e+01 9.551525228817306923e-01 5.525935012136094088e-02
6.459999999999300258e+01 9.406881394787247608e-01 7.068370857452670186e-02
6.469999999999298268e+01 9.242188358588875330e-01 8.785459862561900701e-02
6.479999999999297700e+01 9.058258237096329379e-01 1.067032038367356078e-01
6.489999999999295710e+01 8.855987327785370677e-01 1.271531082955686398e-01
6.499999999999295142e+01 8.636351468496776818e-01 1.491206646269500613e-01
6.509999999999294573e+01 8.400401053211117297e-01 1.725153936220033823e-01
6.519999999999292584e+01 8.149255728479173344e-01 1.972404134710397661e-01
6.529999999999292015e+01 7.884098797008427528e-01 2.231928964555433825e-01
6.539999999999290026e+01 7.606171356545051720e-01 2.502645508337081326e-01
6.549999999999289457e+01 7.316766203796805090e-01 2.783421255459209709e-01
6.559999999999288889e+01 7.017221534516118187e-01 3.073079352690205601e-01
6.569999999999286899e+01 6.708914472080959035e-01 3.370404032650662352e-01
6.579999999999286331e+01 6.393254457874879559e-01 3.674146194010663447e-01
6.589999999999285762e+01 6.071676537483351455e-01 3.983029106592554935e-01
6.599999999999283773e+01 5.745634577169816959e-01 4.295754214190309339e-01
6.609999999999283204e+01 5.416594445203802843e-01 4.611007007631489074e-01
6.619999999999282636e+01 5.086027192493016713e-01 4.927462940526294299e-01
6.629999999999280647e+01 4.755402266484892171e-01 5.243793360173188978e-01
6.639999999999280078e+01 4.426180791576811435e-01 5.558671426281143191e-01
6.649999999999278089e+01 4.099808948263604091e-01 5.870777990501170329e-01
6.659999999999277520e+01 3.777711482006471111e-01 6.178807410219829821e-01
6.669999999999276952e+01 3.461285371370173558e-01 6.481473270658463237e-01
6.679999999999274962e+01 3.151893683347287700e-01 6.777513990026158286e-01
6.689999999999274394e+01 2.850859642079537903e-01 7.065698283306017791e-01
6.699999999999272404e+01 2.559460935345116428e-01 7.344830461153761814e-01
6.709999999999271836e+01 2.278924281343254754e-01 7.613755541414600758e-01
6.719999999999271267e+01 2.010420276441740040e-01 7.871364151827083822e-01
6.729999999999269278e+01 1.755058542720459580e-01 8.116597203668896032e-01
6.739999999999268709e+01 1.513883192375779507e-01 8.348450317283083733e-01
6.749999999999268141e+01 1.287868624343481982e-01 8.565977981732417756e-01
6.759999999999266151e+01 1.077915666889152219e-01 8.768297432121003876e-01
6.769999999999265583e+01 8.848480783799335392e-02 8.954592229497256861e-01
6.779999999999265015e+01 7.094094170116650722e-02 9.124115529643759270e-01
6.789999999999263025e+01 5.522602888856570358e-02 9.276193028507119243e-01
6.799999999999262457e+01 4.139759825072181210e-02 9.410225573456038051e-01
6.809999999999260467e+01 2.950444964840889459e-02 9.525691431067563331e-01
6.819999999999259899e+01 1.958649659126393550e-02 9.622148203657545640e-01
6.829999999999259330e+01 1.167464916305956807e-02 9.699234388294856180e-01
6.839999999999257341e+01 5.790737515946245591e-03 9.756670573613442921e-01
6.849999999999256772e+01 1.947476073728354436e-03 9.794260271317359878e-01
6.859999999999254783e+01 1.484684338155565998e-04 9.811890380866985506e-01
6.869999999999254214e+01 3.882527974370613257e-04 9.809531287435888647e-01
6.879999999999253646e+01 2.652387587979131937e-03 9.787236594861008498e-01
6.889999999999251656e+01 6.917576738004500327e-03 9.745142496897876150e-01
6.899999999999251088e+01 1.315183393783383135e-02 9.683466791730099832e-01
6.909999999999250520e+01 2.131468494428823482e-02 9.602507546233052249e-01
6.919999999999248530e+01 3.135740684971211056e-02 9.502641418104974536e-01
6.929999999999247962e+01 4.322330301172472300e-02 9.384321645467794681e-01
6.939999999999247393e+01 5.684801214658740526e-02 9.248075715050104728e-01
6.949999999999245404e+01 7.215984989713106201e-02 9.094502721487005559e-01
6.959999999999244835e+01 8.908018100353844171e-02 8.924270431627432387e-01
6.969999999999242846e+01 1.075238200353184487e-01 8.738112069033888707e-01
6.979999999999242277e+01 1.273994584886062043e-01 8.536822835058580639e-01
6.989999999999241709e+01 1.486101159173409403e-01 8.321256183969142350e-01
6.999999999999239719e+01 1.710536126521022271e-01 8.092319870613100541e-01
7.009999999999239151e+01 1.946230615672975006e-01 7.850971790003304918e-01
7.019999999999237161e+01 2.192073762879439280e-01 7.598215628969963165e-01
7.029999999999236593e+01 2.446917931805880631e-01 7.335096350697593026e-01
7.039999999999236024e+01 2.709584044482311049e-01 7.062695533515517265e-01
7.049999999999234035e+01 2.978866996469454742e-01 6.782126585718092349e-01
7.059999999999233466e+01 3.253541129582515623e-01 6.494529858514400678e-01
7.069999999999232898e+01 3.532365735858298827e-01 6.201067679385076081e-01
7.079999999999230909e+01 3.814090566953604600e-01 5.902919328221037931e-01
7.089999999999230340e+01 4.097461323786987242e-01 5.601275978574286052e-01
7.099999999999229772e+01 4.381225101973361125e-01 5.297335626214588755e-01
7.109999999999227782e+01 4.664135769424109235e-01 4.992298026983460479e-01
7.119999999999227214e+01 4.944959253367302021e-01 4.687359665568813782e-01
7.129999999999225224e+01 5.222478714984157833e-01 4.383708776441512800e-01
7.139999999999224656e+01 5.495499590839778570e-01 4.082520437677955027e-01
7.149999999999224087e+01 5.762854481282293495e-01 3.784951757822589413e-01
7.159999999999222098e+01 6.023407867050830644e-01 3.492137175275919492e-01
7.169999999999221529e+01 6.276060636371315615e-01 3.205183888992144126e-01
7.179999999999219540e+01 6.519754405961318833e-01 2.925167438447306423e-01
7.189999999999218971e+01 6.753475620475946073e-01 2.653127450011404376e-01
7.199999999999218403e+01 6.976259416142710501e-01 2.390063565926413558e-01
7.209999999999216413e+01 7.187193235567965743e-01 2.136931571126863549e-01
7.219999999999215845e+01 7.385420181990369759e-01 1.894639732126839060e-01
7.229999999999215277e+01 7.570142102630876835e-01 1.664045361117880706e-01
7.239999999999213287e+01 7.740622392187248568e-01 1.445951617330159256e-01
7.249999999999212719e+01 7.896188509008091883e-01 1.241104556553071087e-01
7.259999999999212150e+01 8.036234197970205662e-01 1.050190438551793365e-01
7.269999999999210161e+01 8.160221415653862165e-01 8.738333009088529446e-02
7.279999999999209592e+01 8.267681954955137247e-01 7.125928066168084329e-02
7.289999999999207603e+01 8.358218767800590365e-01 5.669623715216335486e-02
7.299999999999207034e+01 8.431506986209886811e-01 4.373675764922677761e-02
7.309999999999206466e+01 8.487294643355628443e-01 3.241648679761393453e-02
7.319999999999204476e+01 8.525403097710863021e-01 2.276405493889667453e-02
7.329999999999203908e+01 8.545727164643638352e-01 1.480100646020783388e-02
7.339999999999201918e+01 8.548234961001990317e-01 8.541757362546949575e-03
7.349999999999201350e+01 8.532967469293445406e-01 3.993581945293931193e-03
7.359999999999200782e+01 8.500037828907914816e-01 1.156628393743519166e-03
7.369999999999198792e+01 8.449630362647897464e-01 2.396295066154679324e-05
7.379999999999198224e+01 8.381999347356551278e-01 5.816422511997399901e-04
7.389999999999197655e+01 8.297467537917792013e-01 2.808813303190953962e-03
7.399999999999195666e+01 8.196424454208126598e-01 6.677840502002149910e-03
7.409999999999195097e+01 8.079324440745468960e-01 1.215445898069667310e-02
7.419999999999194529e+01 7.946684508910832889e-01 1.919795351218066271e-02
7.429999999999192539e+01 7.799081971609796993e-01 2.776136210011551086e-02
7.439999999999191971e+01 7.637151880232967427e-01 3.779170331952623474e-02
7.449999999999189981e+01 7.461584273713172122e-01 4.923022639583603949e-02
7.459999999999189413e+01 7.273121249468078586e-01 6.201268294264872249e-02
7.469999999999188844e+01 7.072553865967385889e-01 7.606961921314102371e-02
7.479999999999186855e+01 6.860718886765055924e-01 9.132668765820320389e-02
7.489999999999186286e+01 6.638495375896720230e-01 1.077049765251573143e-01
7.499999999999184297e+01 6.406801154792182151e-01 1.251213561751615411e-01
7.509999999999183729e+01 6.166589131096952281e-01 1.434888407442261038e-01
7.519999999999183160e+01 5.918843510187294932e-01 1.627169637232137867e-01
7.529999999999181171e+01 5.664575900608005421e-01 1.827121659854521463e-01
7.539999999999180602e+01 5.404821325178819080e-01 2.033781947477533991e-01
7.549999999999180034e+01 5.140634150080573006e-01 2.246165119114082176e-01
7.559999999999178044e+01 4.873083944842355186e-01 2.463267101953785787e-01
7.569999999999177476e+01 4.603251286757714666e-01 2.684069354426840692e-01
7.579999999999176907e+01 4.332223523850902147e-01 2.907543134568889576e-01
7.589999999999174918e+01 4.061090511088483734e-01 3.132653797051813127e-01
7.599999999999174349e+01 3.790940335013916473e-01 3.358365102104987066e-01
7.609999999999172360e+01 3.522855042424711258e-01 3.583643519476387151e-01
7.619999999999171791e+01 3.257906389026103966e-01 3.807462510566464453e-01
7.629999999999171223e+01 2.997151624225252720e-01 4.028806771922588403e-01
7.639999999999169233e+01 2.741629328332198523e-01 4.246676423391875232e-01
7.649999999999168665e+01 2.492355318427046940e-01 4.460091124431342924e-01
7.659999999999166675e+01 2.250318639027033829e-01 4.668094102319235161e-01
7.669999999999166107e+01 2.016477653459796127e-01 4.869756076336873574e-01
7.679999999999165539e+01 1.791756251506025910e-01 5.064179062380115282e-01
7.689999999999163549e+01 1.577040188467426496e-01 5.250500042905233977e-01
7.699999999999162981e+01 1.373173570315213143e-01 5.427894487633266873e-01
7.709999999999162412e+01 1.180955499021985183e-01 5.595579710995720601e-01
7.719999999999160423e+01 1.001136891582935368e-01 5.752818052940427140e-01
7.729999999999159854e+01 8.344174855975847183e-02 5.898919870385221920e-01
7.739999999999159286e+01 6.814430436240247191e-02 6.033246327323583680e-01
7.749999999999157296e+01 5.428027678417269436e-02 6.155211972384063701e-01
7.759999999999156728e+01 4.190269358664949761e-02 6.264287093426139652e-01
7.769999999999154738e+01 3.105847678526143726e-02 6.359999839634719043e-01
7.779999999999154170e+01 2.178825342910990434e-02 6.441938102461979287e-01
7.789999999999153601e+01 1.412619131567606316e-02 6.509751147698353835e-01
7.799999999999151612e+01 8.099860426845845521e-03 6.563150991918692556e-01
7.809999999999151044e+01 3.730120789002168685e-03 6.601913517564121925e-01
7.819999999999149054e+01 1.031037370515617809e-03 6.625879321942834688e-01
7.829999999999148486e+01 9.822533738750703031e-06 6.634954296486463843e-01
7.839999999999147917e+01 6.668064546327505393e-04 6.629109933727918014e-01
7.849999999999145928e+01 2.995435810750692995e-03 6.608383360531311368e-01
7.859999999999145359e+01 6.982300917210189188e-03 6.572877097276159652e-01
7.869999999999144791e+01 1.260719136056635478e-02 6.522758543830491362e-01
7.879999999999142801e+01 1.984318004272206046e-02 6.458259194311576357e-01
7.889999999999142233e+01 2.865673540218613424e-02 6.379673583804402748e-01
7.899999999999141664e+01 3.900786142959474651e-02 6.287357971357320219e-01
7.909999999999139675e+01 5.085026494036879591e-02 6.181728764731827530e-01
7.919999999999139106e+01 6.413154941191417935e-02 6.063260693533569778e-01
7.929999999999137117e+01 7.879343453831223754e-02 5.932484738431504923e-01
7.939999999999136548e+01 9.477200050494453965e-02 5.789985825279179155e-01
7.949999999999135980e+01 1.119979558413053411e-01 5.636400293968473196e-01
7.959999999999133991e+01 1.303969275753265600e-01 5.472413152831280270e-01
7.969999999999133422e+01 1.498897722889826756e-01 5.298755130346982645e-01
7.979999999999131433e+01 1.703929065655538366e-01 5.116199536767233047e-01
7.989999999999130864e+01 1.918186552246053944e-01 4.925558949064205994e-01
7.999999999999130296e+01 2.140756156631617446e-01 4.727681733336340786e-01
8.009999999999128306e+01 2.370690365623784046e-01 4.523448419458671044e-01
8.019999999999127738e+01 2.607012091758720840e-01 4.313767943299335883e-01
8.029999999999127169e+01 2.848718693927508316e-01 4.099573772344010658e-01
8.039999999999125180e+01 3.094786087587045875e-01 3.881819930942292940e-01
8.049999999999124611e+01 3.344172926480178387e-01 3.661476941717596856e-01
8.059999999999124043e+01 3.595824837983545019e-01 3.439527699929670890e-01
8.069999999999122053e+01 3.848678694558806401e-01 3.216963297725976001e-01
8.079999999999121485e+01 4.101666904186899165e-01 2.994778815312882370e-01
8.089999999999119495e+01 4.353721703190479575e-01 2.773969096102849030e-01
8.099999999999118927e+01 4.603779435396774811e-01 2.555524522825952105e-01
8.109999999999118359e+01 4.850784802197076195e-01 2.340426811498440007e-01
8.119999999999116369e+01 5.093695068662591474e-01 2.129644839963555358e-01
8.129999999999115801e+01 5.331484211493033865e-01 1.924130527494426757e-01
8.139999999999113811e+01 5.563146995171056597e-01 1.724814781675832187e-01
8.149999999999113243e+01 5.787702963273253509e-01 1.532603528453929942e-01
8.159999999999112674e+01 6.004200332435314369e-01 1.348373840883366204e-01
8.169999999999110685e+01 6.211719776990179964e-01 1.172970181684392793e-01
8.179999999999110116e+01 6.409378092782989089e-01 1.007200774277596522e-01
8.189999999999109548e+01 6.596331729112265840e-01 8.518341164818109268e-02
8.199999999999107558e+01 6.771780178180543119e-01 7.075956505317937406e-02
8.209999999999106990e+01 6.934969211849340009e-01 5.751646025261867440e-02
8.219999999999106421e+01 7.085193955845180414e-01 4.551710038201384895e-02
8.229999999999104432e+01 7.221801791977212615e-01 3.481929062606072683e-02
8.239999999999103864e+01 7.344195079239680402e-01 2.547538025108950221e-02
8.249999999999101874e+01 7.451833685056988843e-01 1.753202620268282802e-02
8.259999999999101306e+01 7.544237318259607861e-01 1.102997925381261554e-02
8.269999999999100737e+01 7.620987655714051012e-01 6.003893614780145792e-03
8.279999999999098748e+01 7.681730254884601150e-01 2.482160839512022581e-03
8.289999999999098179e+01 7.726176244930709203e-01 4.867687833011521839e-04
8.299999999999096190e+01 7.754103789277605463e-01 3.318628505126495137e-05
8.309999999999095621e+01 7.765359312923596491e-01 1.130274162412148306e-03
8.319999999999095053e+01 7.759858488095834339e-01 3.780223021077785007e-03
8.329999999999093063e+01 7.737586972184694600e-01 7.978518289927828688e-03
8.339999999999092495e+01 7.698600892236472371e-01 1.371393280169217258e-02
8.349999999999091926e+01 7.643027070644644594e-01 2.096854714442730402e-02
8.359999999999089937e+01 7.571062987056549343e-01 2.971779791234952992e-02
8.369999999999089368e+01 7.482976471943132424e-01 3.993055388548231305e-02
8.379999999999088800e+01 7.379105127727798585e-01 5.156922006615617671e-02
8.389999999999086810e+01 7.259855473921049684e-01 6.458986939682910544e-02
8.399999999999086242e+01 7.125701813297414811e-01 7.894240187774469175e-02
8.409999999999084253e+01 6.977184816873325257e-01 9.457073069509634722e-02
8.419999999999083684e+01 6.814909826220946210e-01 1.114129948606732978e-01
8.429999999999083116e+01 6.639544872618761140e-01 1.294017977522244067e-01
8.439999999999081126e+01 6.451818413559031740e-01 1.484644708311708416e-01
8.449999999999080558e+01 6.252516788342706855e-01 1.685233617002950268e-01
8.459999999999078568e+01 6.042481395805373579e-01 1.894961455498113123e-01
8.469999999999078000e+01 5.822605598673560312e-01 2.112961589257872641e-01
8.479999999999077431e+01 5.593831360624139659e-01 2.338327546412860558e-01
8.489999999999075442e+01 5.357145623796956135e-01 2.570116765387420732e-01
8.499999999999074873e+01 5.113576436287083915e-01 2.807354527018327550e-01
8.509999999999074305e+01 4.864188840957838211e-01 3.049038056084351633e-01
8.519999999999072315e+01 4.610080538787107440e-01 3.294140776142733817e-01
8.529999999999071747e+01 4.352377341820993228e-01 3.541616700580607624e-01
8.539999999999071179e+01 4.092228432630514168e-01 3.790404941889029544e-01
8.549999999999069189e+01 3.830801448953263799e-01 4.039434320305890225e-01
8.559999999999068621e+01 3.569277413839974655e-01 4.287628052216866381e-01
8.569999999999066631e+01 3.308845533194645916e-01 4.533908498019577626e-01
8.579999999999066063e+01 3.050697883955985623e-01 4.777201948568289280e-01
8.589999999999065494e+01 2.796024017389880378e-01 5.016443428830829054e-01
8.599999999999063505e+01 2.546005502961173339e-01 5.250581497011864718e-01
8.609999999999062936e+01 2.301810439069458813e-01 5.478583017127217625e-01
8.619999999999060947e+01 2.064587957521552275e-01 5.699437882852536053e-01
8.629999999999060378e+01 1.835462749009490191e-01 5.912163670440595542e-01
8.639999999999059810e+01 1.615529637048745137e-01 6.115810198553532917e-01
8.649999999999057820e+01 1.405848227834502195e-01 6.309463973070851273e-01
8.659999999999057252e+01 1.207437663309947617e-01 6.492252495206686236e-01
8.669999999999056683e+01 1.021271504415910830e-01 6.663348411698276630e-01
8.679999999999054694e+01 8.482727710486247241e-02 6.821973486337313819e-01
8.689999999999054126e+01 6.893091646878700407e-02 6.967402372732307558e-01
8.699999999999053557e+01 5.451884990131099923e-02 7.098966168919745856e-01
8.709999999999051568e+01 4.166543630946163701e-02 7.216055735237257851e-01
8.719999999999050999e+01 3.043820409635561094e-02 7.318124757810108294e-01
8.729999999999049010e+01 2.089747105176853817e-02 7.404692540969759484e-01
8.739999999999048441e+01 1.309599438253877986e-02 7.475346513022028683e-01
8.749999999999047873e+01 7.078652993445486846e-03 7.529744430951147427e-01
8.759999999999045883e+01 2.882164027627480158e-03 7.567616270880052065e-01
8.769999999999045315e+01 5.348355658223434041e-04 7.588765792449848613e-01
8.779999999999043325e+01 5.635726484301796177e-05 7.593071766668809675e-01
8.789999999999042757e+01 1.457630585476101534e-03 7.580488858270685304e-01
8.799999999999042188e+01 4.740640116631547260e-03 7.551048155153248231e-01
8.809999999999040199e+01 9.898367344198341633e-03 7.504857339099511027e-01
8.819999999999039630e+01 1.691474803804738150e-02 7.442100493644961956e-01
8.829999999999039062e+01 2.576467423771370419e-02 7.363037546704659375e-01
8.839999999999037072e+01 3.641404160580795357e-02 7.268003347339831999e-01
8.849999999999036504e+01 4.881984268798948701e-02 7.157406377902874040e-01
8.859999999999035936e+01 6.293030637016573670e-02 7.031727104634430958e-01
8.869999999999033946e+01 7.868508355861068837e-02 6.891515971711331678e-01
8.879999999999033378e+01 9.601547882916564025e-02 6.737391045608090989e-01
8.889999999999031388e+01 1.148447275007600799e-01 6.570035318586043838e-01
8.899999999999030820e+01 1.350883172888543982e-01 6.390193681984936980e-01
8.909999999999030251e+01 1.566543533907213126e-01 6.198669581875170254e-01
8.919999999999028262e+01 1.794439655513262732e-01 5.996321371446859949e-01
8.929999999999027693e+01 2.033517553589824223e-01 5.784058376298121251e-01
8.939999999999025704e+01 2.282662817309122349e-01 5.562836690461691047e-01
8.949999999999025135e+01 2.540705822720685236e-01 5.333654722649942004e-01
8.959999999999024567e+01 2.806427279321063728e-01 5.097548513694123429e-01
8.969999999999022577e+01 3.078564081482584869e-01 4.855586847568199027e-01
8.979999999999022009e+01 3.355815434474697656e-01 4.608866179679682040e-01
8.989999999999021441e+01 3.636849222951100136e-01 4.358505407243549734e-01
8.999999999999019451e+01 3.920308588158208374e-01 4.105640507584661925e-01
9.009999999999018883e+01 4.204818678824996381e-01 3.851419071069193678e-01
9.019999999999018314e+01 4.488993539639468122e-01 3.596994756090974854e-01
9.029999999999016325e+01 4.771443100452499309e-01 3.343521694084461982e-01
9.039999999999015756e+01 5.050780228848257281e-01 3.092148872955324812e-01
9.049999999999013767e+01 5.325627808422952469e-01 2.844014527562766514e-01
9.059999999999013198e+01 5.594625805075846836e-01 2.600240565972260498e-01
9.069999999999012630e+01 5.856438283722088523e-01 2.361927060152342883e-01
9.079999999999010640e+01 6.109760338150284076e-01 2.130146829562135635e-01
9.089999999999010072e+01 6.353324897177736741e-01 1.905940145722940238e-01
9.099999999999008082e+01 6.585909370827938147e-01 1.690309585360376121e-01
9.109999999999007514e+01 6.806342100945376172e-01 1.484215059054048713e-01
9.119999999999006945e+01 7.013508581454160895e-01 1.288569041546631933e-01
9.129999999999004956e+01 7.206357414347631662e-01 1.104232028944803767e-01
9.139999999999004388e+01 7.383905968531013775e-01 9.320082469915304257e-02
9.149999999999003819e+01 7.545245709733842121e-01 7.726416334095179139e-02
9.159999999999001830e+01 7.689547170976330781e-01 6.268121160116223167e-02
9.169999999999001261e+01 7.816064534469524538e-01 4.951322068495751100e-02
9.179999999999000693e+01 7.924139797380607142e-01 3.781439311302887268e-02
9.189999999998998703e+01 8.013206495670112117e-01 2.763161079763454611e-02
9.199999999998998135e+01 8.082792962106842838e-01 1.900419983451475531e-02
9.209999999998996145e+01 8.132525096782491358e-01 1.196373335625362279e-02
9.219999999998995577e+01 8.162128630779198479e-01 6.533873596989882813e-03
9.229999999998995008e+01 8.171430866298152740e-01 2.730254114593058667e-03
9.239999999998993019e+01 8.160361879363189352e-01 5.604029048142315610e-04
9.249999999998992450e+01 8.128955174286185414e-01 2.370692406841773170e-05
9.259999999998990461e+01 8.077347782323751613e-01 1.111418314323034699e-03
9.269999999998989892e+01 8.005779800357223364e-01 3.806702396593160138e-03
9.279999999998989324e+01 7.914593369007431045e-01 8.084727270157517770e-03
9.289999999998987334e+01 7.804231093241615902e-01 1.391279462439582240e-02
9.299999999998986766e+01 7.675233912220967847e-01 2.125051114072828984e-02
9.309999999998986198e+01 7.528238428871947274e-01 3.004999963520424075e-02
9.319999999998984208e+01 7.363973713322750081e-01 4.025614886947812693e-02
9.329999999998983640e+01 7.183257597931280714e-01 5.180690074101403780e-02
9.339999999998983071e+01 6.986992485040555145e-01 6.463357335384252444e-02
9.349999999998981082e+01 6.776160691879306031e-01 7.866121827080972684e-02
9.359999999998980513e+01 6.551819360016236660e-01 9.380901005826547401e-02
9.369999999998978524e+01 6.315094959550332510e-01 1.099906660561422445e-01
9.379999999998977955e+01 6.067177420672432708e-01 1.271148941411672229e-01
9.389999999998977387e+01 5.809313927407155909e-01 1.450858661001472039e-01
9.399999999998975397e+01 5.542802410172245065e-01 1.638037140940618031e-01
9.409999999998974829e+01 5.268984775286930100e-01 1.831650475734407091e-01
9.419999999998972839e+01 4.989239910770840725e-01 2.030634879013633876e-01
9.429999999998972271e+01 4.704976508597947804e-01 2.233902178526252225e-01
9.439999999998971703e+01 4.417625744163431456e-01 2.440345430872696286e-01
9.449999999998969713e+01 4.128633853963268319e-01 2.648844626420811532e-01
9.459999999998969145e+01 3.839454652494412312e-01 2.858272454473400614e-01
9.469999999998968576e+01 3.551542029150873137e-01 3.067500098551269594e-01
9.479999999998966587e+01 3.266342465397740202e-01 3.275403031618314142e-01
9.489999999998966018e+01 2.985287611859246959e-01 3.480866781196428339e-01
9.499999999998965450e+01 2.709786964099263895e-01 3.682792634593853864e-01
9.509999999998963460e+01 2.441220674858217421e-01 3.880103254905406529e-01
9.519999999998962892e+01 2.180932539362070155e-01 4.071748179017947722e-01
9.529999999998960902e+01 1.930223189030051967e-01 4.256709169579777630e-01
9.539999999998960334e+01 1.690343527500888510e-01 4.434005393748950974e-01
9.549999999998959765e+01 1.462488441369653169e-01 4.602698402524957322e-01
9.559999999998957776e+01 1.247790816409714149e-01 4.761896885584048777e-01
9.569999999998957207e+01 1.047315888310705601e-01 4.910761177778457109e-01
9.579999999998955218e+01 8.620559551369134932e-02 5.048507494795776429e-01
9.589999999998954650e+01 6.929254767751949484e-02 5.174411876939007948e-01
9.599999999998954081e+01 5.407565846107002805e-02 5.287813821539610881e-01
9.609999999998952092e+01 4.062950225491145789e-02 5.388119586145821982e-01
9.619999999998951523e+01 2.901965382847163100e-02 5.474805146376676701e-01
9.629999999998950955e+01 1.930237414175382457e-02 5.547418794114904461e-01
9.639999999998948965e+01 1.152434426420605694e-02 5.605583363589394796e-01
9.649999999998948397e+01 5.722448578223897353e-03 5.648998074821119930e-01
9.659999999998947828e+01 1.923608193738895198e-03 5.677439985877258399e-01
9.669999999998945839e+01 1.446652446193118246e-04 5.690765047383367081e-01
9.679999999998945270e+01 3.923184782716731406e-04 5.688908754793817746e-01
9.689999999998943281e+01 2.663110288336506364e-03 5.671886395952990823e-01
9.699999999998942712e+01 6.943465078221384458e-03 5.639792893557580289e-01
9.709999999998942144e+01 1.320977858188584347e-02 5.592802244176763304e-01
9.719999999998940154e+01 2.142855750930240319e-02 5.531166557523017335e-01
9.729999999998939586e+01 3.155660862884560741e-02 5.455214701694541812e-01
9.739999999998937597e+01 4.354127614898675724e-02 5.365350562073445406e-01
9.749999999998937028e+01 5.732072601836081527e-02 5.262050923501226940e-01
9.759999999998936460e+01 7.282427552790102232e-02 5.145862987240025221e-01
9.769999999998934470e+01 8.997276637268014632e-02 5.017401536024601594e-01
9.779999999998933902e+01 1.086789791150196277e-01 4.877345762254209349e-01
9.789999999998933333e+01 1.288480867863019685e-01 4.726435776029495606e-01
9.799999999998931344e+01 1.503781451725257345e-01 4.565468811300371632e-01
9.809999999998930775e+01 1.731606171507993619e-01 4.395295149851207728e-01
9.819999999998930207e+01 1.970809282794341866e-01 4.216813784214550886e-01
9.829999999998928217e+01 2.220190506963755639e-01 4.030967841838461463e-01
9.839999999998927649e+01 2.478501122482156815e-01 3.838739793971007730e-01
9.849999999998925659e+01 2.744450276576349546e-01 3.641146473713659515e-01
9.859999999998925091e+01 3.016711484406105481e-01 3.439233928573110499e-01
9.869999999998924523e+01 3.293929282066213604e-01 3.234072133581075148e-01
9.879999999998922533e+01 3.574725999178824387e-01 3.026749591642046711e-01
9.889999999998921965e+01 3.857708616450533090e-01 2.818367848248474195e-01
9.899999999998919975e+01 4.141475673394844348e-01 2.610035948002422668e-01
9.909999999998919407e+01 4.424624191458462197e-01 2.402864860582263340e-01
9.919999999998918838e+01 4.705756578014193559e-01 2.197961903819296570e-01
9.929999999998916849e+01 4.983487477129589505e-01 1.996425191448869263e-01
9.939999999998916280e+01 5.256450533643149958e-01 1.799338132865385964e-01
9.949999999998915712e+01 5.523305037892689562e-01 1.607764011831658291e-01
9.959999999998913722e+01 5.782742419433548609e-01 1.422740670585483647e-01
9.969999999998913154e+01 6.033492559215584139e-01 1.245275325160267454e-01
9.979999999998912585e+01 6.274329890979243318e-01 1.076339536973608541e-01
9.989999999998910596e+01 6.504079264029629659e-01 9.168643648757791864e-02
