1.000000000000000000e+00 2.000000000000000000e+00 0.000000000000000000e+00
1.099999999999988987e+00 1.997600966425669977e+00 1.999200209271820381e-03
1.199999999999977973e+00 1.990415454574667065e+00 7.987208592536345492e-03
1.299999999999966960e+00 1.978478170372004907e+00 1.793529490511487287e-02
1.399999999999955946e+00 1.961846759884886104e+00 3.179573011807550892e-02
1.499999999999944933e+00 1.940601520184433992e+00 4.950201763378098835e-02
1.599999999999933920e+00 1.914844999657890012e+00 7.096921532303429592e-02
1.699999999999922906e+00 1.884701489867936841e+00 9.609434676355012306e-02
1.799999999999911893e+00 1.850316411581923948e+00 1.247568996254998369e-01
1.899999999999900879e+00 1.811855598116948629e+00 1.568194087268318937e-01
1.999999999999889866e+00 1.769504479639532057e+00 1.921281208700072185e-01
2.099999999999878852e+00 1.723467172546407244e+00 2.305137381759392590e-01
2.199999999999867839e+00 1.673965478511028948e+00 2.717922362510727385e-01
2.299999999999856826e+00 1.621237798215616976e+00 3.157657531626247294e-01
2.399999999999845812e+00 1.565537965206682092e+00 3.622235448556259119e-01
2.499999999999834799e+00 1.507134005688415934e+00 4.109430023263263010e-01
2.599999999999823785e+00 1.446306830431669521e+00 4.616907255704263413e-01
2.699999999999812772e+00 1.383348865292759688e+00 5.142236490539023874e-01
2.799999999999801759e+00 1.318562627134306720e+00 5.682902132080005497e-01
2.899999999999790745e+00 1.252259252190806471e+00 6.236315762335119528e-01
2.999999999999779732e+00 1.184756984148902959e+00 6.799828603090398715e-01
3.099999999999768718e+00 1.116379629396166973e+00 7.370744261365836936e-01
3.199999999999757705e+00 1.047454987036420038e+00 7.946331696302390002e-01
3.299999999999746692e+00 9.783132613876707184e-01 8.523838344494798491e-01
3.399999999999735678e+00 9.092854647419166270e-01 9.100503340132056751e-01
3.499999999999724665e+00 8.407018182060241873e-01 9.673570765903111157e-01
3.599999999999713651e+00 7.728901584337616315e-01 1.024030287057076993e+00
3.699999999999702638e+00 7.061743580156216726e-01 1.079799318936727426e+00
3.799999999999691624e+00 6.408727672101299788e-01 1.134397950389906873e+00
3.899999999999680611e+00 5.772966845826540405e-01 1.187565657915747863e+00
3.999999999999669598e+00 5.157488639548173381e-01 1.239048861636210530e+00
4.099999999999658584e+00 4.565220648805720094e-01 1.288602136185396763e+00
4.199999999999647571e+00 3.998976536299718165e-01 1.335989381398895004e+00
4.299999999999636557e+00 3.461442614033957144e-01 1.380984947205774693e+00
4.399999999999625544e+00 2.955165062007013566e-01 1.423374707350822943e+00
4.499999999999614531e+00 2.482537844447378073e-01 1.462957076835697201e+00
4.599999999999603517e+00 2.045791381023459032e-01 1.499543968245697245e+00
4.699999999999592504e+00 1.646982026629745799e-01 1.532961682431928319e+00
4.799999999999581490e+00 1.287982409266653916e-01 1.563051729346194740e+00
4.899999999999570477e+00 9.704726712047903603e-02 1.589671575169753659e+00
4.999999999999559464e+00 6.959326541007672395e-02 1.612695312236610112e+00
5.099999999999548450e+00 4.656350640100397759e-02 1.632014248636894260e+00
5.199999999999537437e+00 2.806396473592722915e-02 1.647537414775821496e+00
5.299999999999526423e+00 1.417884039194937211e-02 1.659191984570153267e+00
5.399999999999515410e+00 4.970185768877613715e-03 1.666923609379048266e+00
5.499999999999504396e+00 4.776401368626907100e-04 1.670696663194488618e+00
5.599999999999493383e+00 7.182724838346646584e-04 1.670494398042593032e+00
5.699999999999482370e+00 5.686533271360367028e-03 1.666319008986082206e+00
5.799999999999471356e+00 1.535431507525979178e-02 1.658191608549712592e+00
5.899999999999460343e+00 2.967112155684373948e-02 1.646152110834103288e+00
5.999999999999449329e+00 4.856434368479905367e-02 1.630259026009843959e+00
6.099999999999438316e+00 7.193964160910383543e-02 1.610589166319185361e+00
6.199999999999427303e+00 9.968143007944302303e-02 1.587237265133360831e+00
6.299999999999416289e+00 1.316534648040047495e-01 1.560315511029213065e+00
6.399999999999405276e+00 1.676995266625462555e-01 1.529952999249897694e+00
6.499999999999394262e+00 2.076442002227311956e-01 1.496295103312701880e+00
6.599999999999383249e+00 2.512937425631890931e-01 1.459502769894591712e+00
6.699999999999372235e+00 2.984370379820871499e-01 1.419751740496857595e+00
6.799999999999361222e+00 3.488466337696817798e-01 1.377231703727342049e+00
6.899999999999350209e+00 4.022798518472043838e-01 1.332145382362657449e+00
6.999999999999339195e+00 4.584799707256413392e-01 1.284707559660537513e+00
7.099999999999328182e+00 5.171774719181744251e-01 1.235144049666478061e+00
7.199999999999317168e+00 5.780913446499398312e-01 1.183690616520535643e+00
7.299999999999306155e+00 6.409304424487950458e-01 1.130591848000061184e+00
7.399999999999295142e+00 7.053948849748586936e-01 1.076099988740715885e+00
7.499999999999284128e+00 7.711774982533842193e-01 1.020473738759354321e+00
7.599999999999273115e+00 8.379652863143753905e-01 9.639770230507752613e-01
7.699999999999262101e+00 9.054409271191821151e-01 9.068777381603457810e-01
7.799999999999251088e+00 9.732842855623476952e-01 8.494464817231461851e-01
7.899999999999240075e+00 1.041173936282619561e+00 7.919552710336720258e-01
7.999999999999229061e+00 1.108788688998316729e+00 7.346762567421912804e-01
8.099999999999218048e+00 1.175809109093320703e+00 6.778804377857029495e-01
8.199999999999207034e+00 1.241919026235456247e+00 6.218363836401258338e-01
8.299999999999196021e+00 1.306807023886906061e+00 5.668089699281567695e-01
8.399999999999185007e+00 1.370167902689416906e+00 5.130581333436144975e-01
8.499999999999173994e+00 1.431704110852487499e+00 4.608376517426473473e-01
8.599999999999162981e+00 1.491127134860099845e+00 4.103939551208686809e-01
8.699999999999151967e+00 1.548158844018512781e+00 3.619649730346668481e-01
8.799999999999140954e+00 1.602532782618703244e+00 3.157790238384456383e-01
8.899999999999129940e+00 1.653995403748377946e+00 2.720537508990985009e-01
8.999999999999118927e+00 1.702307239096143121e+00 2.309951107132642845e-01
9.099999999999107914e+00 1.747243999405686754e+00 1.927964175970217076e-01
9.199999999999096900e+00 1.788597600590388303e+00 1.576374493376991315e-01
9.299999999999085887e+00 1.826177110883365984e+00 1.256836179003162912e-01
9.399999999999074873e+00 1.859809614790615795e+00 9.708520896307190617e-02
9.499999999999063860e+00 1.889340990016515454e+00 7.197669372399677357e-02
9.599999999999052847e+00 1.914636593961714706e+00 5.047611607120833926e-02
9.699999999999041833e+00 1.935581856820134172e+00 3.268455784716196161e-02
9.799999999999030820e+00 1.952082778760105386e+00 1.868568456352190030e-02
9.899999999999019806e+00 1.964066329127792887e+00 8.545373538908034722e-03
9.999999999999008793e+00 1.971480746078073443e+00 2.311426040019956638e-03
1.009999999999899778e+01 1.974295735512287431e+00 1.336460811471992243e-05
1.019999999999898677e+01 1.972502568673031975e+00 1.662316350191957734e-03
1.029999999999897575e+01 1.966114078226401496e+00 7.250982569045497789e-03
1.039999999999896474e+01 1.955164553132205940e+00 1.675369470058006918e-02
1.049999999999895373e+01 1.939709533078792347e+00 3.012655612235930203e-02
1.059999999999894271e+01 1.919825503722697668e+00 4.730766899611102416e-02
1.069999999999893170e+01 1.895609494428730057e+00 6.821744491069725580e-02
1.079999999999892069e+01 1.867178580661285059e+00 9.275899770278947520e-02
1.089999999999890967e+01 1.834669293610206031e+00 1.208186164517424527e-01
1.099999999999889866e+01 1.798236940056914035e+00 1.522663162749559873e-01
1.109999999999888765e+01 1.758054835898650969e+00 1.869564641918535219e-01
1.119999999999887663e+01 1.714313457136628083e+00 2.247284769801597692e-01
1.129999999999886562e+01 1.667219512505653034e+00 2.654075876185263971e-01
1.139999999999885461e+01 1.616994942274589508e+00 3.088056765979828033e-01
1.149999999999884359e+01 1.563875848076835551e+00 3.547221640892205263e-01
1.159999999999883258e+01 1.508111358935372737e+00 4.029449586786069126e-01
1.169999999999882156e+01 1.449962438924905950e+00 4.532514581312361290e-01
1.179999999999881055e+01 1.389700642175153655e+00 5.054095974066236119e-01
1.189999999999879954e+01 1.327606821141209537e+00 5.591789389435189994e-01
1.199999999999878852e+01 1.263969794269997005e+00 6.143118000431930792e-01
1.209999999999877751e+01 1.199084979363184589e+00 6.705544120199931069e-01
1.219999999999876650e+01 1.133252999078652401e+00 7.276481056511076018e-01
1.229999999999875548e+01 1.066778265125365222e+00 7.853305173466682554e-01
1.239999999999874447e+01 9.999675477878984253e-01 8.433368103758313028e-01
1.249999999999873346e+01 9.331285374678867095e-01 9.014009054287955847e-01
1.259999999999872244e+01 8.665684049536269695e-01 9.592567147605658429e-01
1.269999999999871143e+01 8.005923671123726937e-01 1.016639374158519127e+00
1.279999999999870042e+01 7.355022646672915165e-01 1.073286466999445077e+00
1.289999999999868940e+01 6.715951586441671894e-01 1.128939234706658024e+00
1.299999999999867839e+01 6.091619519747640821e-01 1.183343767996614559e+00
1.309999999999866738e+01 5.484860426128373989e-01 1.236252173402710541e+00
1.319999999999865636e+01 4.898420143609535926e-01 1.287423709689839102e+00
1.329999999999864535e+01 4.334943714169393614e-01 1.336625888925909278e+00
1.339999999999863434e+01 3.796963224375216606e-01 1.383635537149396466e+00
1.349999999999862332e+01 3.286886196747145217e-01 1.428239809770266877e+00
1.359999999999861231e+01 2.806984584765352952e-01 1.470237157062449507e+00
1.369999999999860130e+01 2.359384421539509058e-01 1.509438235345866186e+00
1.379999999999859028e+01 1.946056169055771778e-01 1.545666759717756689e+00
1.389999999999857927e+01 1.568805811591198196e-01 1.578760294473795733e+00
1.399999999999856826e+01 1.229266733367294778e-01 1.608570977653039691e+00
1.409999999999855724e+01 9.288924168245059343e-02 1.634966176459812015e+00
1.419999999999854623e+01 6.689499940407021839e-02 1.657829070637124591e+00
1.429999999999853522e+01 4.505146798140577391e-02 1.677059161211306604e+00
1.439999999999852420e+01 2.744651108098001072e-02 1.692572702378020377e+00
1.449999999999851319e+01 1.414796109336707679e-02 1.704303054660590622e+00
1.459999999999850218e+01 5.203339877534398847e-03 1.712200957845111615e+00
1.469999999999849116e+01 6.396748577002945918e-04 1.716234722567611781e+00
1.479999999999848015e+01 4.634111745922742305e-04 1.716390339815437427e+00
1.489999999999846914e+01 4.660420146629220238e-03 1.712671507983038799e+00
1.499999999999845812e+01 1.319610384950582922e-02 1.705099577513464970e+00
1.509999999999844711e+01 2.601559517697182508e-02 1.693713413533168621e+00
1.519999999999843610e+01 4.304405230329124560e-02 1.678569177277132951e+00
1.529999999999842508e+01 6.418704603106802076e-02 1.659740027473624480e+00
1.539999999999841407e+01 8.933103807868091051e-02 1.637315743229128095e+00
1.549999999999840306e+01 1.183439479416185519e-01 1.611402270322172647e+00
1.559999999999839204e+01 1.510758055535652844e-01 1.582121193161467154e+00
1.569999999999838103e+01 1.873594865774504126e-01 1.549609135015992178e+00
1.579999999999837001e+01 2.270115267766616429e-01 1.514017089445484077e+00
1.589999999999835900e+01 2.698330115532591722e-01 1.475509686183483771e+00
1.599999999999834799e+01 3.156105363946514752e-01 1.434264395022635474e+00
1.609999999999833875e+01 3.641172336459453374e-01 1.390470671536156999e+00
1.619999999999832596e+01 4.151138607211628528e-01 1.344329048734387300e+00
1.629999999999831317e+01 4.683499445872909561e-01 1.296050179002456115e+00
1.639999999999830393e+01 5.235649770972246042e-01 1.245853830889398939e+00
1.649999999999829470e+01 5.804896555198368890e-01 1.193967845524606997e+00
1.659999999999828191e+01 6.388471624073314148e-01 1.140627057614144846e+00
1.669999999999826912e+01 6.983544787674982324e-01 1.086072186135137896e+00
1.679999999999825988e+01 7.587237243560560618e-01 1.030548699970903037e+00
1.689999999999825064e+01 8.196635187866387895e-01 9.743056638462777030e-01
1.699999999999823785e+01 8.808803570654523130e-01 9.175945700026703067e-01
1.709999999999822506e+01 9.420799930949729228e-01 8.606681611106072882e-01
1.719999999999821583e+01 1.002968824663910796e+00 8.037792499515155065e-01
1.729999999999820659e+01 1.063255273434651205e+00 7.471795414080592002e-01
1.739999999999819380e+01 1.122651153476453390e+00 6.911184622792748700e-01
1.749999999999818101e+01 1.180873021943332768e+00 6.358420043966398483e-01
1.759999999999817177e+01 1.237643505593488902e+00 5.815915864437438687e-01
1.769999999999816254e+01 1.292692596957259354e+00 5.286029397864940860e-01
1.779999999999814975e+01 1.345758914114833171e+00 4.771050235024124619e-01
1.789999999999813696e+01 1.396590918214316801e+00 4.273189736510462078e-01
1.799999999999812772e+01 1.444948083066391220e+00 3.794570916605913835e-01
1.809999999999811848e+01 1.490602011377663016e+00 3.337218765144944199e-01
1.819999999999810569e+01 1.533337492440392857e+00 2.903051052103761132e-01
1.829999999999809290e+01 1.572953496371948034e+00 2.493869657296734488e-01
1.839999999999808367e+01 1.609264100297765010e+00 2.111352465041163862e-01
1.849999999999807443e+01 1.642099342194349498e+00 1.757045860940097404e-01
1.859999999999806164e+01 1.671305998447311314e+00 1.432357865047609868e-01
1.869999999999804885e+01 1.696748281540321424e+00 1.138551932646336418e-01
1.879999999999803961e+01 1.718308454668566965e+00 8.767414506732680579e-02
1.889999999999803038e+01 1.735887360456195072e+00 6.478849545280183919e-02
1.899999999999801759e+01 1.749404861367577224e+00 4.527820865618222002e-02
1.909999999999800480e+01 1.758800189810596493e+00 2.920703140302621792e-02
1.919999999999799556e+01 1.764032206358845833e+00 1.662224206840011778e-02
1.929999999999798632e+01 1.765079564950945867e+00 7.554478250787762840e-03
1.939999999999797353e+01 1.761940784359136813e+00 2.017643440433397172e-03
1.949999999999796074e+01 1.754634225664162495e+00 8.893087452760979736e-06
1.959999999999795151e+01 1.743197975908522324e+00 1.508699999746783253e-03
1.969999999999794227e+01 1.727689638550607754e+00 6.480998625940414051e-03
1.979999999999792948e+01 1.708186031768945456e+00 1.487340740621637819e-02
1.989999999999791669e+01 1.684782796108727609e+00 2.661752800565855490e-02
1.999999999999790745e+01 1.657593913383607509e+00 4.162931988229957858e-02
2.009999999999789821e+01 1.626751139164640980e+00 5.980954828723403921e-02
2.019999999999788542e+01 1.592403351596660022e+00 8.104430344855952095e-02
2.029999999999787264e+01 1.554715819675487776e+00 1.052055883560340521e-01
2.039999999999786340e+01 1.513869394497183940e+00 1.321519722410824382e-01
2.049999999999785416e+01 1.470059627358750953e+00 1.617293065383443029e-01
2.059999999999784137e+01 1.423495818930994750e+00 1.937714998218778295e-01
2.069999999999782858e+01 1.374400004051467672e+00 2.281013479329808968e-01
2.079999999999781934e+01 1.323005876990018814e+00 2.645314152583049250e-01
2.089999999999781011e+01 1.269557662324255931e+00 3.028649628782911218e-01
2.099999999999779732e+01 1.214308936813307760e+00 3.428969190873308870e-01
2.109999999999778453e+01 1.157521407899811061e+00 3.844148875900827433e-01
2.119999999999777529e+01 1.099463654668441759e+00 4.272001885045483283e-01
2.129999999999776605e+01 1.040409837275591443e+00 4.710289271497262731e-01
2.139999999999775326e+01 9.806383810069209117e-01 5.156730854703064360e-01
2.149999999999774047e+01 9.204306412497800238e-01 5.609016308463555811e-01
2.159999999999773124e+01 8.600695557522146650e-01 6.064816369597216816e-01
2.169999999999772200e+01 7.998382906057950326e-01 6.521794113354401068e-01
2.179999999999770921e+01 7.400188864178907089e-01 6.977616241508188821e-01
2.189999999999769642e+01 6.808909111402285941e-01 7.429964329043706739e-01
2.199999999999768718e+01 6.227301259892379370e-01 7.876545975605534489e-01
2.209999999999767795e+01 5.658071708323203497e-01 8.315105808392105891e-01
2.219999999999766516e+01 5.103862753198703528e-01 8.743436283928015529e-01
2.229999999999765237e+01 4.567240019233759774e-01 9.159388237189385329e-01
2.239999999999764313e+01 4.050680268848910193e-01 9.560881127781609701e-01
2.249999999999763389e+01 3.556559649029025771e-01 9.945912934413539963e-01
2.259999999999762110e+01 3.087142431711547008e-01 1.031256965060957320e+00
2.269999999999760831e+01 2.644570301479578500e-01 1.065903433659025179e+00
2.279999999999759908e+01 2.230852241735363506e-01 1.098359568441116707e+00
2.289999999999758984e+01 1.847855067634317228e-01 1.128465605585007081e+00
2.299999999999757705e+01 1.497294650955571516e-01 1.156073895507391702e+00
2.309999999999756426e+01 1.180727878760516603e-01 1.181049590092242640e+00
2.319999999999755502e+01 8.995453841475230250e-02 1.203271266652011118e+00
2.329999999999754579e+01 6.549650836979258040e-02 1.222631485705119925e+00
2.339999999999753300e+01 4.480265523168777686e-02 1.239037279970479855e+00
2.349999999999752021e+01 2.795862621326798692e-02 1.252410572319275550e+00
2.359999999999751097e+01 1.503137079527046283e-02 1.262688520763428413e+00
2.369999999999750173e+01 6.068843749163840319e-03 1.269823788918076790e+00
2.379999999999748894e+01 1.099800022316757119e-03 1.273784740735331100e+00
2.389999999999747615e+01 1.336824269035973099e-04 1.274555558673607703e+00
2.399999999999746692e+01 3.160602625847506401e-03 1.272136284836991926e+00
2.409999999999745768e+01 1.015141545845919466e-02 1.266542784992451987e+00
2.419999999999744489e+01 2.105788619756066363e-02 1.257806635745964075e+00
2.429999999999743210e+01 3.581294988093473158e-02 1.245974935529798433e+00
2.439999999999742286e+01 5.433106141503858677e-02 1.231110040420241525e+00
2.449999999999741362e+01 7.650863471033399199e-02 1.213289226170340296e+00
2.459999999999740083e+01 1.022245686772638162e-01 1.192604278195961376e+00
2.469999999999738804e+01 1.313408574921089977e-01 1.169161011601936195e+00
2.479999999999737881e+01 1.637032821343635536e-01 1.143078723673331520e+00
2.489999999999736957e+01 1.991421798046112412e-01 1.114489581579166888e+00
2.499999999999735678e+01 2.374732874547541839e-01 1.083537948351331659e+00
2.509999999999734399e+01 2.784986553039851542e-01 1.050379650495006256e+00
2.519999999999733475e+01 3.220076258753598042e-01 1.015181190870105832e+00
2.529999999999732552e+01 3.677778737700217460e-01 9.781189107420662499e-01
2.539999999999731273e+01 4.155765011019873501e-01 9.393781051489796807e-01
2.549999999999729994e+01 4.651611832468914853e-01 8.991520959500358678e-01
2.559999999999729070e+01 5.162813593131696521e-01 8.576412671258842879e-01
2.569999999999728146e+01 5.686794615274660680e-01 8.150520670792382738e-01
2.579999999999726867e+01 6.220921775369167017e-01 7.715959828417415789e-01
2.589999999999725588e+01 6.762517394700446882e-01 7.274884912245027646e-01
2.599999999999724665e+01 7.308872334685267980e-01 6.829479920588144015e-01
2.609999999999723741e+01 7.857259233009543653e-01 6.381947287549629699e-01
2.619999999999722462e+01 8.404945816021009986e-01 5.934497014666439973e-01
2.629999999999721183e+01 8.949208222417646130e-01 5.489335781776223389e-01
2.639999999999720259e+01 9.487344273228075497e-01 5.048656090337043656e-01
2.649999999999719336e+01 1.001668662333495385e+00 4.614625492244229799e-01
2.659999999999718057e+01 1.053461573034829124e+00 4.189375956690573610e-01
2.669999999999716778e+01 1.103857257755539889e+00 3.774993426930890461e-01
2.679999999999715854e+01 1.152607108884662557e+00 3.373507617815203474e-01
2.689999999999714930e+01 1.199471017502643511e+00 2.986882103746129058e-01
2.699999999999713651e+01 1.244218535273676540e+00 2.617004745243342589e-01
2.709999999999712372e+01 1.286629987929247987e+00 2.265678500605197154e-01
2.719999999999711449e+01 1.326497534913076537e+00 1.934612667222380955e-01
2.729999999999710525e+01 1.363626170018648054e+00 1.625414594961573922e-01
2.739999999999709246e+01 1.397834658145363340e+00 1.339581911678138504e-01
2.749999999999707967e+01 1.428956403609280779e+00 1.078495298370045485e-01
2.759999999999707043e+01 1.456840245785803400e+00 8.434118487564601363e-02
2.769999999999706120e+01 1.481351178219128872e+00 6.354590451588815192e-02
2.779999999999704841e+01 1.502370987708250727e+00 4.556293795083371512e-02
2.789999999999703562e+01 1.519798810282384061e+00 3.047756451035404934e-02
2.799999999999702638e+01 1.533551601381556440e+00 1.836069214240861058e-02
2.809999999999701714e+01 1.543564517990058782e+00 9.268527087115865232e-03
2.819999999999700435e+01 1.549791210902286887e+00 3.242316278842230851e-03
2.829999999999699156e+01 1.552204025748874505e+00 3.081636519876765454e-04
2.839999999999698233e+01 1.550794111862166647e+00 4.769211611617382479e-04
2.849999999999697309e+01 1.545571438518985818e+00 3.744154957559173852e-03
2.859999999999696030e+01 1.536564718557200004e+00 1.009018679263219004e-02
2.869999999999694751e+01 1.523821239823416329e+00 1.948021034930094361e-02
2.879999999999693827e+01 1.507406605366796937e+00 3.186448183188900912e-02
2.889999999999692903e+01 1.487404383748045067e+00 4.717858378049204909e-02
2.899999999999691624e+01 1.463915671274556685e+00 6.534376071545025533e-02
2.909999999999690345e+01 1.437058568418834614e+00 8.626732486482080464e-02
2.919999999999689422e+01 1.406967573092549717e+00 1.098431298837623110e-01
2.929999999999688498e+01 1.373792893867496367e+00 1.359521101417935640e-01
2.939999999999687219e+01 1.337699686629121532e+00 1.644628828328220105e-01
2.949999999999685940e+01 1.298867218528663159e+00 1.952324098562038535e-01
2.959999999999685016e+01 1.257487963452943225e+00 2.281067161255300735e-01
2.969999999999684093e+01 1.213766633578861054e+00 2.629216606872437634e-01
2.979999999999682814e+01 1.167919151881950945e+00 2.995037567752736885e-01
2.989999999999681535e+01 1.120171570768261793e+00 3.376710366907134109e-01
2.999999999999680611e+01 1.070758942254531387e+00 3.772339571798146718e-01
3.009999999999679687e+01 1.019924145361492229e+00 4.179963407896156724e-01
3.019999999999678408e+01 9.679166765896917157e-01 4.597563485076735512e-01
3.029999999999677129e+01 9.149914095250998303e-01 5.023074788463558482e-01
3.039999999999676206e+01 8.614073297674328389e-01 5.454395884062962496e-01
3.049999999999675282e+01 8.074262514894118281e-01 5.889399288560891454e-01
3.059999999999674003e+01 7.533115220166528569e-01 6.325941951909197503e-01
3.069999999999672724e+01 6.993267208711654304e-01 6.761875800847747531e-01
3.079999999999671800e+01 6.457343597356441922e-01 7.195058291288838337e-01
3.089999999999670877e+01 5.927945897843236445e-01 7.623362917532328087e-01
3.099999999999669598e+01 5.407639227774724278e-01 8.044689626553953588e-01
3.109999999999668319e+01 4.898939722386314588e-01 8.456975086189254531e-01
3.119999999999667395e+01 4.404302209215106290e-01 8.858202756818970292e-01
3.129999999999666471e+01 3.926108206339842255e-01 9.246412717223632116e-01
3.139999999999665192e+01 3.466654303123277159e-01 9.619711196572018341e-01
3.149999999999663913e+01 3.028140980405845117e-01 9.976279766028338658e-01
3.159999999999662990e+01 2.612661924781720102e-01 1.031438414524918690e+00
3.169999999999662066e+01 2.222193889052134219e-01 1.063238258099363565e+00
3.179999999999660787e+01 1.858587148117325227e-01 1.092873375727498875e+00
3.189999999999659508e+01 1.523556596531904228e-01 1.120200419885185150e+00
3.199999999999658584e+01 1.218673530652848030e-01 1.145087513245019117e+00
3.209999999999657661e+01 9.453581548407744006e-02 1.167414877283169616e+00
3.219999999999656382e+01 7.048728474877304084e-02 1.187075400371668588e+00
3.229999999999655103e+01 4.983162188136322501e-02 1.203975142663535447e+00
3.239999999999653824e+01 3.266179883711987919e-02 1.218033775393746465e+00
3.249999999999653255e+01 1.905347060830514874e-02 1.229184952546950260e+00
3.259999999999651976e+01 9.064633639907964183e-03 1.237376613181823570e+00
3.269999999999650697e+01 2.735372084623999885e-03 1.242571213045258638e+00
3.279999999999650129e+01 8.769298562216950590e-05 1.244745884464462327e+00
3.289999999999648850e+01 1.125451032878925896e-03 1.243892523858295185e+00
3.299999999999647571e+01 5.834363093729397903e-03 1.240017806568028513e+00
3.309999999999646292e+01 1.418211227319707626e-02 1.233143129069040667e+00
3.319999999999645013e+01 2.611854081674681513e-02 1.223304478980450360e+00
3.329999999999644444e+01 4.157593072951839414e-02 1.210552233647529619e+00
3.339999999999643165e+01 6.046937055399829314e-02 1.194950888422095625e+00
3.349999999999641886e+01 8.269720632461075027e-02 1.176578716109204503e+00
3.359999999999641318e+01 1.081415743048168981e-01 1.155527359389486364e+00
3.369999999999640039e+01 1.366690127120089027e-01 1.131901358349125308e+00
3.379999999999638760e+01 1.681311492501292304e-01 1.105817615567502132e+00
3.389999999999637481e+01 2.023654609001823423e-01 1.077404801518662136e+00
3.399999999999636202e+01 2.391961020685307304e-01 1.046802703325923956e+00
3.409999999999635634e+01 2.784347968610167423e-01 1.014161520189334587e+00
3.419999999999634355e+01 3.198817909420774153e-01 9.796411090560466217e-01
3.429999999999633076e+01 3.633268581505799677e-01 9.434101843485255268e-01
3.439999999999632507e+01 4.085503567829112948e-01 9.056454757787728571e-01
3.449999999999631228e+01 4.553243302158022088e-01 8.665308484794991273e-01
3.459999999999629949e+01 5.034136463332227196e-01 8.262563898606015700e-01
3.469999999999628670e+01 5.525771700374826345e-01 7.850174677512168353e-01
3.479999999999627391e+01 6.025689629732418062e-01 7.430137645257485213e-01
3.489999999999626823e+01 6.531395044669395800e-01 7.004482920159011972e-01
3.499999999999625544e+01 7.040369275916735781e-01 6.575263920999391276e-01
3.509999999999624265e+01 7.550082642021759272e-01 6.144547279175779364e-01
3.519999999999623697e+01 8.058006927530496633e-01 5.714402706992769421e-01
3.529999999999622418e+01 8.561627827079520969e-01 5.286892872049974157e-01
3.539999999999621139e+01 9.058457293807007371e-01 4.864063327583255658e-01
3.549999999999619860e+01 9.546045731028947046e-01 4.447932548210661863e-01
3.559999999999618581e+01 1.002199396705427903e+00 4.040482119918590853e-01
3.569999999999618012e+01 1.048396495420689023e+00 3.643647132257949450e-01
3.579999999999616733e+01 1.092969513457607622e+00 3.259306819607078465e-01
3.589999999999615454e+01 1.135700541682583609e+00 2.889275497039909824e-01
3.599999999999614886e+01 1.176381171041116724e+00 2.535293834765842691e-01
3.609999999999613607e+01 1.214813496586552244e+00 2.199020513350115891e-01
3.619999999999612328e+01 1.250811067241430985e+00 1.882024299932377187e-01
3.629999999999611049e+01 1.284199776691856698e+00 1.585776583499022840e-01
3.639999999999609770e+01 1.314818691126367067e+00 1.311644404902721495e-01
3.649999999999609201e+01 1.342520809846863727e+00 1.060884014789831437e-01
3.659999999999607923e+01 1.367173755129407198e+00 8.346349899129835992e-02
3.669999999999606644e+01 1.388660388071350615e+00 6.339149354658003832e-02
3.679999999999606075e+01 1.406879347538532388e+00 4.596147981139198091e-02
3.689999999999604796e+01 1.421745509718187250e+00 3.124948113123226026e-02
3.699999999999603517e+01 1.433190366185852715e+00 1.931810913185976961e-02
3.709999999999602238e+01 1.441162318810265131e+00 1.021628990422374615e-02
3.719999999999600959e+01 1.445626890235863549e+00 3.979057953858622550e-03
3.729999999999600391e+01 1.446566849113416930e+00 6.274187569388495200e-04
3.739999999999599112e+01 1.443982249678682939e+00 1.682804233620196035e-04
3.749999999999597833e+01 1.437890385706267926e+00 2.594454623774157705e-03
3.759999999999597264e+01 1.428325659300402339e+00 7.884726594015477319e-03
3.769999999999595985e+01 1.415339365407790817e+00 1.600399368891898544e-02
3.779999999999594706e+01 1.398999393358770327e+00 2.690347161935607856e-02
3.789999999999593427e+01 1.379389847160375826e+00 4.052096717365816919e-02
3.799999999999592148e+01 1.356610586660601747e+00 5.678121589859248808e-02
3.809999999999591580e+01 1.330776692104936876e+00 7.559628289782591160e-02
3.819999999999590301e+01 1.302017854975467070e+00 9.686602459836253509e-02
3.829999999999589022e+01 1.270477698367956654e+00 1.204786090399917742e-01
3.839999999999588454e+01 1.236313030510671096e+00 1.463110919600983384e-01
3.849999999999587175e+01 1.199693035344676861e+00 1.742300456780726536e-01
3.859999999999585896e+01 1.160798404399099981e+00 2.040922375313276305e-01
3.869999999999584617e+01 1.119820414468441161e+00 2.357453543796320661e-01
3.879999999999583338e+01 1.076959955860421259e+00 2.690287694768615512e-01
3.889999999999582769e+01 1.032426516214409729e+00 3.037743478120093488e-01
3.899999999999581490e+01 9.864371250944666825e-01 3.398072858425416065e-01
3.909999999999580211e+01 9.392152647419582667e-01 3.769469813866773156e-01
3.919999999999579643e+01 8.909897525213604785e-01 4.150079293053516305e-01
3.929999999999578364e+01 8.419936007149412260e-01 4.538006384923387038e-01
3.939999999999577085e+01 7.924628594148661609e-01 4.931325655992045975e-01
3.949999999999575806e+01 7.426354483225044989e-01 5.328090608556991237e-01
3.959999999999574527e+01 6.927499833000148044e-01 5.726343213016210631e-01
3.969999999999573959e+01 6.430446035203659649e-01 6.124123467254926068e-01
3.979999999999572680e+01 5.937558050361534390e-01 6.519478936090055132e-01
3.989999999999571401e+01 5.451172865320821348e-01 6.910474224012678190e-01
3.999999999999570832e+01 4.973588129407683911e-01 7.295200334985895152e-01
4.009999999999569553e+01 4.507051024891353674e-01 7.671783873738574622e-01
4.019999999999568274e+01 4.053747426010259058e-01 8.038396043993999429e-01
4.029999999999566995e+01 3.615791399151932484e-01 8.393261400183257281e-01
4.039999999999565716e+01 3.195215094851544535e-01 8.734666310599714656e-01
4.049999999999565148e+01 2.793959080091693026e-01 9.060967091522388328e-01
4.059999999999563869e+01 2.413863156983677427e-01 9.370597773586780699e-01
4.069999999999562590e+01 2.056657711285055923e-01 9.662077463678235834e-01
4.079999999999562021e+01 1.723955631376103137e-01 9.934017267691673814e-01
4.089999999999560742e+01 1.417244835298918926e-01 1.018512674186542899e+00
4.099999999999559464e+01 1.137881440272747596e-01 1.041421984277351998e+00
4.109999999999558185e+01 8.870836057492072213e-02 1.062022034867788012e+00
4.119999999999556906e+01 6.659260775883223127e-02 1.080216672763391506e+00
4.129999999999556337e+01 4.753354573313441078e-02 1.095921643056509964e+00
4.139999999999555058e+01 3.160862168416970347e-02 1.109064959040716669e+00
4.149999999999553779e+01 1.887974747980553786e-02 1.119587211144292160e+00
4.159999999999553211e+01 9.393054767678953032e-03 1.127441813598114351e+00
4.169999999999551932e+01 3.178728396781893822e-03 1.132595187865431896e+00
4.179999999999550653e+01 2.509186455263317009e-04 1.135026882173081564e+00
4.189999999999549374e+01 6.077323476050290043e-04 1.134729626800759394e+00
4.199999999999548095e+01 4.231302616795175851e-03 1.131709325102000507e+00
4.209999999999547526e+01 1.108793648526529806e-02 1.125984980543014657e+00
4.219999999999546247e+01 2.112833938872924616e-02 1.117588560359137784e+00
4.229999999999544968e+01 3.428791505787829458e-02 1.106564796736579259e+00
4.239999999999544400e+01 5.048713901075548710e-02 1.092970926728243475e+00
4.249999999999543121e+01 6.963200348670543771e-02 1.076876372407410409e+00
4.259999999999541842e+01 9.161453132121870346e-02 1.058362363048853227e+00
4.269999999999540563e+01 1.163133559335909201e-01 1.037521501402993929e+00
4.279999999999539284e+01 1.435943642881055970e-01 1.014457276393240237e+00
4.289999999999538716e+01 1.733113993944349063e-01 9.892835248178802887e-01
4.299999999999537437e+01 2.053070186379349904e-01 9.621238448767623908e-01
4.309999999999536158e+01 2.394133039735942825e-01 9.331109645663683283e-01
4.319999999999535589e+01 2.754527197828339768e-01 9.023860681914036563e-01
4.329999999999534310e+01 3.132390139788867045e-01 8.700980844366610345e-01
4.339999999999533031e+01 3.525781577561423741e-01 8.364029396092876878e-01
4.349999999999531752e+01 3.932693192126619497e-01 8.014627798214065679e-01
4.359999999999530473e+01 4.351058659325661715e-01 7.654451660142116420e-01
4.369999999999529905e+01 4.778763914979310967e-01 7.285222458410772761e-01
4.379999999999528626e+01 5.213657608079739214e-01 6.908699065239108927e-01
4.389999999999527347e+01 5.653561690175203935e-01 6.526669128695805622e-01
4.399999999999526779e+01 6.096282088663582677e-01 6.140940346878629441e-01
4.409999999999525500e+01 6.539619411566944818e-01 5.753331678853034203e-01
4.419999999999524221e+01 6.981379631475299608e-01 5.365664535220957543e-01
4.429999999999522942e+01 7.419384696727330253e-01 4.979753991076434905e-01
4.439999999999521663e+01 7.851483018504911149e-01 4.597400063839599538e-01
4.449999999999521094e+01 8.275559783407980818e-01 4.220379097926068579e-01
4.459999999999519815e+01 8.689547042185424841e-01 3.850435297524359424e-01
4.469999999999518536e+01 9.091433526634208340e-01 3.489272447837136748e-01
4.479999999999517968e+01 9.479274148289232871e-01 3.138545864060529600e-01
4.489999999999516689e+01 9.851199134284672754e-01 2.799854606079157371e-01
4.499999999999515410e+01 1.020542275779010355e+00 2.474733995412634058e-01
4.509999999999514131e+01 1.054025162263323878e+00 2.164648469309466694e-01
4.519999999999512852e+01 1.085409246407104122e+00 1.870984805096893300e-01
4.529999999999512283e+01 1.114545943026281627e+00 1.595045745954687400e-01
4.539999999999511004e+01 1.141298081167732681e+00 1.338044057198611581e-01
4.549999999999509726e+01 1.165540518855320729e+00 1.101097039941912187e-01
4.559999999999509157e+01 1.187160696947395122e+00 8.852215266714713593e-02
4.569999999999507878e+01 1.206059129725296941e+00 6.913293808388625006e-02
4.579999999999506599e+01 1.222149830149229288e+00 5.202235200249287483e-02
4.589999999999505320e+01 1.235360668044941601e+00 3.725944796269679143e-02
4.599999999999504041e+01 1.245633659819343153e+00 2.490175313264575419e-02
4.609999999999503473e+01 1.252925188640954923e+00 1.499503678576989685e-02
4.619999999999502194e+01 1.257206154361514505e+00 7.573136281378523189e-03
4.629999999999500915e+01 1.258462052799013797e+00 2.657841141525186732e-03
4.639999999999500346e+01 1.256692984343469099e+00 2.588355341676117929e-04
4.649999999999499067e+01 1.251913592189037638e+00 3.736991899721802540e-04
4.659999999999497788e+01 1.244152930829425241e+00 2.987966498778022242e-03
4.669999999999496509e+01 1.233454265789860171e+00 8.075243252996334997e-03
4.679999999999495230e+01 1.219874805889205494e+00 1.559738023042527878e-02
4.689999999999494662e+01 1.203485369647304015e+00 2.550470253942182727e-02
4.699999999999493383e+01 1.184369987753889575e+00 3.773629338631271507e-02
4.709999999999492104e+01 1.162625443817599580e+00 5.222033066965259263e-02
4.719999999999491536e+01 1.138360755894157084e+00 6.887447455947313946e-02
4.729999999999490257e+01 1.111696601560687725e+00 8.760630398336392843e-02
4.739999999999488978e+01 1.082764689565011151e+00 1.083137997159102361e-01
4.749999999999487699e+01 1.051707081310550240e+00 1.308858715549148233e-01
4.759999999999486420e+01 1.018675465665946467e+00 1.552029268678028762e-01
4.769999999999485851e+01 9.838303907895469269e-01 1.811374776054857083e-01
4.779999999999484572e+01 9.473404568466219366e-01 2.085547827094844930e-01
4.789999999999483293e+01 9.093814736625065454e-01 2.373135226828261557e-01
4.799999999999482725e+01 8.701355875035151621e-01 2.672665029547712789e-01
4.809999999999481446e+01 8.297903813000161444e-01 2.982613825473338642e-01
4.819999999999480167e+01 7.885379527333381544e-01 3.301414244453237945e-01
4.829999999999478888e+01 7.465739746910984298e-01 3.627462639842696235e-01
4.839999999999477609e+01 7.040967426562646514e-01 3.959126914995677038e-01
4.849999999999477041e+01 6.613062136348755171e-01 4.294754454297158852e-01
4.859999999999475762e+01 6.184030412465119086e-01 4.632680120322795192e-01
4.869999999999474483e+01 5.755876115963516337e-01 4.971234278562146613e-01
4.879999999999473914e+01 5.330590845218693419e-01 5.308750811182104679e-01
4.889999999999472635e+01 4.910144447604457563e-01 5.643575081521716719e-01
4.899999999999471356e+01 4.496475675154062990e-01 5.974071811412446920e-01
4.909999999999470077e+01 4.091483028090564522e-01 6.298632833986633761e-01
4.919999999999468798e+01 3.697015829013958199e-01 6.615684685406773013e-01
4.929999999999468230e+01 3.314865569254057953e-01 6.923695999851090521e-01
4.939999999999466951e+01 2.946757567407283784e-01 7.221184673200604642e-01
4.949999999999465672e+01 2.594342978427541802e-01 7.506724762103960114e-01
4.959999999999465103e+01 2.259191189810237088e-01 7.778953086508996195e-01
4.969999999999463824e+01 1.942782639406045453e-01 8.036575505295757704e-01
4.979999999999462545e+01 1.646502087272812831e-01 8.278372836316072458e-01
4.989999999999461266e+01 1.371632371667952377e-01 8.503206393988991252e-01
4.999999999999459988e+01 1.119348676882827437e-01 8.710023119501818512e-01
5.009999999999459419e+01 8.907133380733278649e-02 8.897860280725944371e-01
5.019999999999458140e+01 6.866712056031197553e-02 9.065849721104697334e-01
5.029999999999456861e+01 5.080455886795214732e-02 9.213221639001357710e-01
5.039999999999456293e+01 3.555347952448181109e-02 9.339307881293024138e-01
5.049999999999455014e+01 2.297092822030874504e-02 9.443544737400649813e-01
5.059999999999453735e+01 1.310094271242667231e-02 9.525475222362731476e-01
5.069999999999452456e+01 5.974392959208335400e-03 9.584750840050857423e-01
5.079999999999451177e+01 1.608884735808778369e-03 9.621132820126759855e-01
5.089999999999450608e+01 8.726945043565854704e-06 9.634492824891077722e-01
5.099999999999449329e+01 1.164962537276273240e-03 9.624813124698643474e-01
5.109999999999448050e+01 5.055462653136410557e-03 9.592186243160841785e-01
5.119999999999447482e+01 1.164508330609318604e-02 9.536814075881918651e-01
5.129999999999446203e+01 2.088588362938938875e-02 9.459006488964284420e-01
5.139999999999444924e+01 3.271740442489513151e-02 9.359179405983112376e-01
5.149999999999443645e+01 4.706700547140867108e-02 9.237852394532491962e-01
5.159999999999442366e+01 6.385025977795068253e-02 9.095645765781440462e-01
5.169999999999441798e+01 8.297140270502506576e-02 8.933277202784076776e-01
5.179999999999440519e+01 1.043238336247345605e-01 8.751557935427003443e-01
5.189999999999439240e+01 1.277906675502104017e-01 8.551388482051718309e-01
5.199999999999438671e+01 1.532453339367681744e-01 8.333753979744051854e-01
5.209999999999437392e+01 1.805522196435572213e-01 8.099719127176763234e-01
5.219999999999436113e+01 2.095673528444199352e-01 7.850422765679430093e-01
5.229999999999434834e+01 2.401391244933290536e-01 7.587072125809337653e-01
5.239999999999433555e+01 2.721090437813785679e-01 7.310936768235353211e-01
5.249999999999432987e+01 3.053125238725815094e-01 7.023342249071244936e-01
5.259999999999431708e+01 3.395796940718511236e-01 6.725663541046031924e-01
5.269999999999430429e+01 3.747362344649021737e-01 6.419318242923840456e-01
5.279999999999429861e+01 4.106042289736490103e-01 6.105759610508630919e-01
5.289999999999428582e+01 4.470030326937045606e-01 5.786469443298927207e-01
5.299999999999427303e+01 4.837501493245014439e-01 5.462950861441717709e-01
5.309999999999426024e+01 5.206621144651741862e-01 5.136721008028393154e-01
5.319999999999424745e+01 5.575553805313162581e-01 4.809303712037083511e-01
5.329999999999424176e+01 5.942471990526682069e-01 4.482222147272261759e-01
5.339999999999422897e+01 6.305564961319882755e-01 4.156991522571685249e-01
5.349999999999421618e+01 6.663047368918568747e-01 3.835111838277435736e-01
5.359999999999421050e+01 7.013167747950459496e-01 3.518060743526884027e-01
5.369999999999419771e+01 7.354216818094342356e-01 3.207286528340013154e-01
5.379999999999418492e+01 7.684535554878356711e-01 2.904201283694290980e-01
5.389999999999417213e+01 8.002522991535481189e-01 2.610174261886431535e-01
5.399999999999415934e+01 8.306643715209393042e-01 2.326525468394759766e-01
5.409999999999415365e+01 8.595435022336340714e-01 2.054519515249464134e-01
5.419999999999414086e+01 8.867513699773943436e-01 1.795359764553846882e-01
5.429999999999412807e+01 9.121582400114891520e-01 1.550182789316637277e-01
5.439999999999412239e+01 9.356435581641323607e-01 1.320053177131117195e-01
5.449999999999410960e+01 9.570964985548122694e-01 1.105958700505380171e-01
5.459999999999409681e+01 9.764164625384966767e-01 9.088058758000873427e-02
5.469999999999408402e+01 9.935135266029413437e-01 7.294159307816357185e-02
5.479999999999407123e+01 1.008308837208424125e+00 5.685211987664914174e-02
5.489999999999406555e+01 1.020734950815313846e+00 4.267619552044268211e-02
5.499999999999405276e+01 1.030736117619650560e+00 3.046837103671832733e-02
5.509999999999403997e+01 1.038268507789290140e+00 2.027349695524981177e-02
5.519999999999403428e+01 1.043300379278216727e+00 1.212654699188601103e-02
5.529999999999402149e+01 1.045812186581724035e+00 6.052490072722465850e-03
5.539999999999400870e+01 1.045796630082805434e+00 2.066211140482926596e-03
5.549999999999399591e+01 1.043258645934654227e+00 1.724809467891187870e-04
5.559999999999398312e+01 1.038215336707291270e+00 3.659747960352049056e-04
5.569999999999397744e+01 1.030695843322698035e+00 2.631339969364977077e-03
5.579999999999396465e+01 1.020741159081163474e+00 6.943311322130350793e-03
5.589999999999395186e+01 1.008403886868099342e+00 1.326687431621141264e-02
5.599999999999394618e+01 9.937479409023154409e-01 2.155747452089673555e-02
5.609999999999393339e+01 9.768481946563745133e-01 3.176127239373580102e-02
5.619999999999392060e+01 9.577900768374915108e-01 4.381544193695345590e-02
5.629999999999390781e+01 9.366691175702971384e-01 5.764851161676594338e-02
5.639999999999389502e+01 9.135904471569809004e-01 7.318074573313199105e-02
5.649999999999388933e+01 8.886682500196915191e-01 9.032456423721965666e-02
5.659999999999387654e+01 8.620251766424297246e-01 1.089849988140597498e-01
5.669999999999386375e+01 8.337917165261505836e-01 1.290601828791475281e-01
5.679999999999385807e+01 8.041055353565323971e-01 1.504418729812765088e-01
5.689999999999384528e+01 7.731107797478826704e-01 1.730159989601412485e-01
5.699999999999383249e+01 7.409573530780885209e-01 1.966632400769291744e-01
5.709999999999381970e+01 7.078001660586366039e-01 2.212596242199100505e-01
5.719999999999380691e+01 6.737983657999255804e-01 2.466771471857314713e-01
5.729999999999380123e+01 6.391145472212546030e-01 2.727844089498601687e-01
5.739999999999378844e+01 6.039139507345868685e-01 2.994472637696996009e-01
5.749999999999377565e+01 5.683636501804142371e-01 3.265294809073461257e-01
5.759999999999376996e+01 5.326317350320336486e-01 3.538934127207086777e-01
5.769999999999375717e+01 4.968864908963562810e-01 3.814006668474361206e-01
5.779999999999374438e+01 4.612955823348839357e-01 4.089127792002208439e-01
5.789999999999373159e+01 4.260252419997815343e-01 4.362918844997512591e-01
5.799999999999371880e+01 3.912394700364470457e-01 4.634013810984978221e-01
5.809999999999371312e+01 3.570992476359426404e-01 4.901065868871042341e-01
5.819999999999370033e+01 3.237617685360106856e-01 5.162753831344467637e-01
5.829999999999368754e+01 2.913796921657194061e-01 5.417788431824133166e-01
5.839999999999368185e+01 2.601004220064635497e-01 5.664918430034252550e-01
5.849999999999366906e+01 2.300654126027387725e-01 5.902936507306849601e-01
5.859999999999365627e+01 2.014095084992506557e-01 6.130684923844643697e-01
5.869999999999364348e+01 1.742603182103326653e-01 6.347060911478529244e-01
5.879999999999363069e+01 1.487376261394550425e-01 6.551021776829063503e-01
5.889999999999362501e+01 1.249528451672620166e-01 6.741589691332010581e-01
5.899999999999361222e+01 1.030085124127764901e-01 6.917856146202883139e-01
5.909999999999359943e+01 8.299783044795829012e-02 7.078986052144919938e-01
5.919999999999359375e+01 6.500425601045652091e-02 7.224221465439232270e-01
5.929999999999358096e+01 4.910113801571106690e-02 7.352884923946055862e-01
5.939999999999356817e+01 3.535140641713930415e-02 7.464382378538952922e-01
5.949999999999355538e+01 2.380731320511655230e-02 7.558205707510475824e-01
5.959999999999354259e+01 1.451022657165817499e-02 7.633934803611769349e-01
5.969999999999353690e+01 7.490479000635669876e-03 7.691239225473027741e-01
5.979999999999352411e+01 2.767269773475081879e-03 7.729879407364166344e-01
5.989999999999351132e+01 3.486221097045703356e-04 7.749707423402484308e-01
5.999999999999350564e+01 2.313948913071170346e-04 7.750667304505306499e-01
6.009999999999349285e+01 2.401348651186078348e-03 7.732794908596909433e-01
6.019999999999348006e+01 6.833265240461086631e-03 7.696217346729102848e-01
6.029999999999346727e+01 1.349112032806963450e-02 7.641151969935277011e-01
6.039999999999345448e+01 2.232830763057173928e-02 7.567904923750421453e-01
6.049999999999344880e+01 3.328791352134893161e-02 7.476869279416727965e-01
6.059999999999343601e+01 4.630304042784422897e-02 7.368522752785136021e-01
6.069999999999342322e+01 6.129717719408906557e-02 7.243425023900761373e-01
6.079999999999341753e+01 7.818461436483679916e-02 7.102214672134382623e-01
6.089999999999340474e+01 9.687090213807851569e-02 6.945605743505205432e-01
6.099999999999339195e+01 1.172533485353142446e-01 6.774383968573230996e-01
6.109999999999337916e+01 1.392215551553075970e-01 6.589402650872855371e-01
6.119999999999336637e+01 1.626579877069354307e-01 6.391578247357611042e-01
6.129999999999336069e+01 1.874385783618216228e-01 6.181885663729794755e-01
6.139999999999334790e+01 2.134333568283174887e-01 5.961353288803364903e-01
6.149999999999333511e+01 2.405071069243734927e-01 5.731057793168514713e-01
6.159999999999332942e+01 2.685200453208947402e-01 5.492118718484573225e-01
6.169999999999331664e+01 2.973285190370640318e-01 5.245692884576944603e-01
6.179999999999330385e+01 3.267857181965610480e-01 4.992968642284328351e-01
6.189999999999329106e+01 3.567424004995768394e-01 4.735160000601757457e-01
6.199999999999327827e+01 3.870476238279256798e-01 4.473500657125803470e-01
6.209999999999327258e+01 4.175494833812026241e-01 4.209237961142389128e-01
6.219999999999325979e+01 4.480958497410125752e-01 3.943626838866669537e-01
6.229999999999324700e+01 4.785351042760588869e-01 3.677923710376928002e-01
6.239999999999324132e+01 5.087168683337719433e-01 3.413380427682919382e-01
6.249999999999322853e+01 5.384927227159994612e-01 3.151238263108097626e-01
6.259999999999321574e+01 5.677169140021118832e-01 2.892721976775604609e-01
6.269999999999320295e+01 5.962470443677484466e-01 2.639033991465129514e-01
6.279999999999319016e+01 6.239447416448133943e-01 2.391348702428689466e-01
6.289999999999318447e+01 6.506763064847579381e-01 2.150806948977259103e-01
6.299999999999317168e+01 6.763133336144029339e-01 1.918510673718248627e-01
6.309999999999315889e+01 7.007333043152392804e-01 1.695517794288298463e-01
6.319999999999315321e+01 7.238201474158391102e-01 1.482837311278343284e-01
6.329999999999314042e+01 7.454647662493201210e-01 1.281424674774255257e-01
6.339999999999312763e+01 7.655655292107743648e-01 1.092177430582828845e-01
6.349999999999311484e+01 7.840287217357418958e-01 9.159311657512797522e-02
6.359999999999310205e+01 8.007689577198682240e-01 7.534557714426821928e-02
6.369999999999309637e+01 8.157095486051239019e-01 6.054520396081560646e-02
6.379999999999308358e+01 8.287828285728680022e-01 4.725486082020701611e-02
6.389999999999307079e+01 8.399304345032296837e-01 3.552992679289517647e-02
6.399999999999306510e+01 8.491035395839371391e-01 2.541806417021101952e-02
6.409999999999305942e+01 8.562630396827015655e-01 1.695902461397911717e-02
6.419999999999303952e+01 8.613796918270507641e-01 1.018449425343342582e-02
6.429999999999301963e+01 8.644342043714351442e-01 5.117978281509964235e-03
6.439999999999301394e+01 8.654172786636458170e-01 1.774725409282165451e-03
6.449999999999300826e+01 8.643296022585049698e-01 1.616923433813287521e-04
6.459999999999300258e+01 8.611817939588469750e-01 2.775482574237967087e-04
6.469999999999298268e+01 8.559943011944608493e-01 2.112719035791242681e-03
6.479999999999297700e+01 8.487972504760955550e-01 5.649470877473923569e-03
6.489999999999295710e+01 8.396302518843281604e-01 1.086203265997581248e-02
6.499999999999295142e+01 8.285421587698251766e-01 1.771675627939762326e-02
6.509999999999294573e+01 8.155907840510273621e-01 2.617231400359398830e-02
6.519999999999292584e+01 8.008425746986777005e-01 3.617993170167270456e-02
6.529999999999292015e+01 7.843722461904565346e-01 4.768365664569867296e-02
6.539999999999290026e+01 7.662623789029141541e-01 6.062065842023806744e-02
6.549999999999289457e+01 7.466029785851496792e-01 7.492156132308640248e-02
6.559999999999288889e+01 7.254910032181828283e-01 9.051080649648809984e-02
6.569999999999286899e+01 7.030298587200639604e-01 1.073070418937032422e-01
6.579999999999286331e+01 6.793288660932613743e-01 1.252235380608464621e-01
6.589999999999285762e+01 6.545027027391222552e-01 1.441686275994710498e-01
6.599999999999283773e+01 6.286708207751564581e-01 1.640461660717835446e-01
6.609999999999283204e+01 6.019568452913962586e-01 1.847560120181138688e-01
6.619999999999282636e+01 5.744879555638976454e-01 2.061945236759899214e-01
6.629999999999280647e+01 5.463942523149402097e-01 2.282550699210340872e-01
6.639999999999280078e+01 5.178081141600660020e-01 2.508285528949635301e-01
6.649999999999278089e+01 4.888635464230913774e-01 2.738039397409808839e-01
6.659999999999277520e+01 4.596955255204779878e-01 2.970688008376375921e-01
6.669999999999276952e+01 4.304393421243998819e-01 3.205098519027749226e-01
6.679999999999274962e+01 4.012299463042841574e-01 3.440134973352823589e-01
6.689999999999274394e+01 3.722012978214474521e-01 3.674663721693604557e-01
6.699999999999272404e+01 3.434857247123069279e-01 3.907558800363780671e-01
6.709999999999271836e+01 3.152132932389048459e-01 4.137707245631353503e-01
6.719999999999271267e+01 2.875111922158621325e-01 4.364014316798868753e-01
6.729999999999269278e+01 2.605031346376231460e-01 4.585408603693396090e-01
6.739999999999268709e+01 2.343087794309251237e-01 4.800846994565594605e-01
6.749999999999268141e+01 2.090431760449319443e-01 5.009319481209556502e-01
6.759999999999266151e+01 1.848162344660541634e-01 5.209853779021326181e-01
6.769999999999265583e+01 1.617322231069249772e-01 5.401519740735292174e-01
6.779999999999265015e+01 1.398892968699711192e-01 5.583433543690730083e-01
6.789999999999263025e+01 1.193790575262922982e-01 5.754761631693050550e-01
6.799999999999262457e+01 1.002861483810249948e-01 5.914724393826225057e-01
6.809999999999260467e+01 8.268788501803259194e-02 6.062599563944454095e-01
6.819999999999259899e+01 6.665392373025508244e-02 6.197725326021404912e-01
6.829999999999259330e+01 5.224596904866696256e-02 6.319503112038282744e-01
6.839999999999257341e+01 3.951752158353252081e-02 6.427400080669374294e-01
6.849999999999256772e+01 2.851366718703645178e-02 6.520951266622146969e-01
6.859999999999254783e+01 1.927090823831412170e-02 6.599761392169465335e-01
6.869999999999254214e+01 1.181703764057568176e-02 6.663506334077056170e-01
6.879999999999253646e+01 6.171055907199474340e-03 6.711934240851638034e-01
6.889999999999251656e+01 2.343131499927410266e-03 6.744866296965071895e-01
6.899999999999251088e+01 3.346043689602936971e-04 6.762197132441084557e-01
6.909999999999250520e+01 1.380324328524653601e-04 6.763894877916958315e-01
6.919999999999248530e+01 1.737280526555738582e-03 6.750000867029903873e-01
6.929999999999247962e+01 5.107651139935642445e-03 6.720628989667011277e-01
6.939999999999247393e+01 1.021605606748377491e-02 6.675964701296241977e-01
6.949999999999245404e+01 1.702122789377562631e-02 6.616263695245798715e-01
6.959999999999244835e+01 2.547397004943412202e-02 6.541850246386071710e-01
6.969999999999242846e+01 3.551744398980392209e-02 6.453115236225286377e-01
6.979999999999242277e+01 4.708749187412630821e-02 6.350513870909207936e-01
6.989999999999241709e+01 6.011299295755654498e-02 6.234563105052204346e-01
6.999999999999239719e+01 7.451625175258159983e-02 6.105838785674838620e-01
7.009999999999239151e+01 9.021341587105445592e-02 5.964972531791579158e-01
7.019999999999237161e+01 1.071149213239334097e-01 5.812648366395281041e-01
7.029999999999236593e+01 1.251259629331488155e-01 5.649599118686691179e-01
7.039999999999236024e+01 1.441469873997739404e-01 5.476602615397874185e-01
7.049999999999234035e+01 1.640742064753726581e-01 5.294477680977468514e-01
7.059999999999233466e+01 1.848001275987454228e-01 5.104079967210647384e-01
7.069999999999232898e+01 2.062140992896381309e-01 4.906297633549506210e-01
7.079999999999230909e+01 2.282028685339758944e-01 4.702046900029988596e-01
7.089999999999230340e+01 2.506511473522233246e-01 4.492267495118962284e-01
7.099999999999229772e+01 2.734421857135917455e-01 4.277918021228113710e-01
7.109999999999227782e+01 2.964583479445886405e-01 4.059971260869593146e-01
7.119999999999227214e+01 3.195816897798431921e-01 3.839409446577757845e-01
7.129999999999225224e+01 3.426945332173816361e-01 3.617219517757280234e-01
7.139999999999224656e+01 3.656800363686770750e-01 3.394388387515613337e-01
7.149999999999224087e+01 3.884227555352335326e-01 3.171898242358016651e-01
7.159999999999222098e+01 4.108091967997252181e-01 2.950721897296609830e-01
7.169999999999221529e+01 4.327283544876345811e-01 2.731818228522001069e-01
7.179999999999219540e+01 4.540722339381718098e-01 2.516127705249187607e-01
7.189999999999218971e+01 4.747363561147159294e-01 2.304568041729329886e-01
7.199999999999218403e+01 4.946202416941630209e-01 2.098029989689819963e-01
7.209999999999216413e+01 5.136278723879655894e-01 1.897373290644274180e-01
7.219999999999215845e+01 5.316681273770184069e-01 1.703422806601235240e-01
7.229999999999215277e+01 5.486551928795492250e-01 1.516964846704656755e-01
7.239999999999213287e+01 5.645089430160430410e-01 1.338743706262235378e-01
7.249999999999212719e+01 5.791552902913507106e-01 1.169458433468858055e-01
7.259999999999212150e+01 5.925265041743670302e-01 1.009759837911812091e-01
7.269999999999210161e+01 6.045614964248225975e-01 8.602477536683737769e-02
7.279999999999209592e+01 6.152060719906208286e-01 7.214685684723820547e-02
7.289999999999207603e+01 6.244131444770254502e-01 5.939130290451542782e-02
7.299999999999207034e+01 6.321429153715407701e-01 4.780143312675399353e-02
7.309999999999206466e+01 6.383630163946532043e-01 3.741465024145413515e-02
7.319999999999204476e+01 6.430486145313759616e-01 2.826230811965173631e-02
7.329999999999203908e+01 6.461824794871516842e-01 2.036960998547721752e-02
7.339999999999201918e+01 6.477550135014844557e-01 1.375553710505527001e-02
7.349999999999201350e+01 6.477642436354923428e-01 8.432808077942761590e-03
7.359999999999200782e+01 6.462157768373755218e-01 4.407868703563070333e-03
7.369999999999198792e+01 6.431227182711766188e-01 1.680912245973310631e-03
7.379999999999198224e+01 6.385055535715005171e-01 2.459297728577674582e-04
7.389999999999197655e+01 6.323919958605681568e-01 9.079009998565795345e-05
7.399999999999195666e+01 6.248167985343067166e-01 1.197348731002595900e-03
7.409999999999195097e+01 6.158215349827645957e-01 3.541585045113674821e-03
7.419999999999194529e+01 6.054543465681331282e-01 7.093766852555519718e-03
7.429999999999192539e+01 5.937696603297647480e-01 1.181864131039583356e-02
7.439999999999191971e+01 5.808278780245886841e-01 1.767565106973241137e-02
7.449999999999189981e+01 5.666950382419428944e-01 2.461917441030619935e-02
7.459999999999189413e+01 5.514424534521767951e-01 3.259878801051188657e-02
7.469999999999188844e+01 5.351463239586808918e-01 4.155955090010451936e-02
7.479999999999186855e+01 5.178873308233022943e-01 5.144230805025524350e-02
7.489999999999186286e+01 4.997502099238124718e-01 6.218401197103637368e-02
7.499999999999184297e+01 4.808233093797247282e-01 7.371806061076642547e-02
7.509999999999183729e+01 4.611981326492891053e-01 8.597464978469596120e-02
7.519999999999183160e+01 4.409688696534817542e-01 9.888113830293673856e-02
7.529999999999181171e+01 4.202319183260611046e-01 1.123624239194230962e-01
7.539999999999180602e+01 3.990853990174004218e-01 1.263413281851252512e-01
7.549999999999180034e+01 3.776286641981415060e-01 1.407389882597484543e-01
7.559999999999178044e+01 3.559618059128913936e-01 1.554752537175957960e-01
7.569999999999177476e+01 3.341851634280619820e-01 1.704690863734700801e-01
7.579999999999176907e+01 3.123988334978016201e-01 1.856389611557903996e-01
7.589999999999174918e+01 2.907021856405002103e-01 2.009032660638999102e-01
7.599999999999174349e+01 2.691933847764830245e-01 2.161806992668315885e-01
7.609999999999172360e+01 2.479689235208763776e-01 2.313906614302405351e-01
7.619999999999171791e+01 2.271231663621111341e-01 2.464536413964399653e-01
7.629999999999171223e+01 2.067479078779821400e-01 2.612915933905920474e-01
7.639999999999169233e+01 1.869319470560932839e-01 2.758283039820191296e-01
7.649999999999168665e+01 1.677606796877033624e-01 2.899897470940770439e-01
7.659999999999166675e+01 1.493157106994017214e-01 3.037044254286916378e-01
7.669999999999166107e+01 1.316744881715221083e-01 3.169036967514097247e-01
7.679999999999165539e+01 1.149099606708679777e-01 3.295220835700456430e-01
7.689999999999163549e+01 9.909025939541050987e-02 3.414975648331347591e-01
7.699999999999162981e+01 8.427840649235922299e-02 3.527718483743783606e-01
7.709999999999162412e+01 7.053205076936212847e-02 3.632906229338789261e-01
7.719999999999160423e+01 5.790323187166638436e-02 3.730037886971006578e-01
7.729999999999159854e+01 4.643817384693698508e-02 3.818656654065904488e-01
7.739999999999159286e+01 3.617710886490500127e-02 3.898351772199853960e-01
7.749999999999157296e+01 2.715413170219728445e-02 3.968760136075101252e-01
7.759999999999156728e+01 1.939708544377080277e-02 4.029567657071306264e-01
7.769999999999154738e+01 1.292747869293382236e-02 4.080510376799116323e-01
7.779999999999154170e+01 7.760434422291317448e-03 4.121375327347098216e-01
7.789999999999153601e+01 3.904670439132298942e-03 4.152001136183060548e-01
7.799999999999151612e+01 1.362511281670752321e-03 4.172278374942157142e-01
7.809999999999151044e+01 1.299312077769346143e-04 4.182149652587900945e-01
7.819999999999149054e+01 1.966277863482246261e-04 4.181609454685984995e-01
7.829999999999148486e+01 1.546125453912952337e-03 4.170703731756457699e-01
7.839999999999147917e+01 4.155908256215347374e-03 4.149529240863562563e-01
7.849999999999145928e+01 7.997580857061892604e-03 4.118232645788842405e-01
7.859999999999145359e+01 1.303705676528816790e-02 4.077009382247087643e-01
7.869999999999144791e+01 1.923477260591267141e-02 4.026102295705342171e-01
7.879999999999142801e+01 2.654592714402028569e-02 3.965800060408645744e-01
7.889999999999142233e+01 3.492074366003940916e-02 3.896435389206012179e-01
7.899999999999141664e+01 4.430475417358059609e-02 3.818383044692772454e-01
7.909999999999139675e+01 5.463910391985773995e-02 3.732057663085892596e-01
7.919999999999139106e+01 6.586087439903240415e-02 3.637911403026303780e-01
7.929999999999137117e+01 7.790342324383855988e-02 3.536431432270581987e-01
7.939999999999136548e+01 9.069673908614704627e-02 3.428137265887283291e-01
7.949999999999135980e+01 1.041678095476487598e-01 3.313577970184616861e-01
7.959999999999133991e+01 1.182410004346947097e-01 3.193329247109579772e-01
7.969999999999133422e+01 1.328384441819128459e-01 3.067990414307657510e-01
7.979999999999131433e+01 1.478804355643695001e-01 2.938181296399641207e-01
7.989999999999130864e+01 1.632858326827897888e-01 2.804539043320453118e-01
7.999999999999130296e+01 1.789724612214465826e-01 2.667714891767808405e-01
8.009999999999128306e+01 1.948575199830886728e-01 2.528370885939466017e-01
8.019999999999127738e+01 2.108579857205690189e-01 2.387176573788153122e-01
8.029999999999127169e+01 2.268910153081805936e-01 2.244805694979976896e-01
8.039999999999125180e+01 2.428743433301104870e-01 2.101932876644845294e-01
8.049999999999124611e+01 2.587266732059180785e-01 1.959230352810964193e-01
8.059999999999124043e+01 2.743680600237178857e-01 1.817364723154357986e-01
8.069999999999122053e+01 2.897202833122099475e-01 1.676993766364877347e-01
8.079999999999121485e+01 3.047072080495273338e-01 1.538763323010046979e-01
8.089999999999119495e+01 3.192551322825901705e-01 1.403304262320779483e-01
8.099999999999118927e+01 3.332931198121900640e-01 1.271229546768435914e-01
8.109999999999118359e+01 3.467533164877921181e-01 1.143131407710951258e-01
8.119999999999116369e+01 3.595712487507378707e-01 1.019578644724032784e-01
8.129999999999115801e+01 3.716861031644745350e-01 9.011140605179179808e-02
8.139999999999113811e+01 3.830409857751221891e-01 7.882520425826795851e-02
8.149999999999113243e+01 3.935831602557064435e-01 6.814763018880133638e-02
8.159999999999112674e+01 4.032642638988819805e-01 5.812377781195359611e-02
8.169999999999110685e+01 4.120405006414033511e-01 4.879527200425184258e-02
8.179999999999110116e+01 4.198728104197402278e-01 4.020009486622229400e-02
8.189999999999109548e+01 4.267270142789740817e-01 3.237243099065281043e-02
8.199999999999107558e+01 4.325739347778201904e-01 2.534253225809903962e-02
8.209999999999106990e+01 4.373894913563543541e-01 1.913660263618715759e-02
8.219999999999106421e+01 4.411547704544314663e-01 1.377670335886017200e-02
8.229999999999104432e+01 4.438560702940539948e-01 9.280678760834526128e-03
8.239999999999103864e+01 4.454849203570773741e-01 5.662102941256567934e-03
8.249999999999101874e+01 4.460380757122692219e-01 2.930247329397757308e-03
8.259999999999101306e+01 4.455174864630433440e-01 1.090069124737072384e-03
8.269999999999100737e+01 4.439302427017541297e-01 1.422204844333695075e-04
8.279999999999098748e+01 4.412884954695077133e-01 8.307823335432054678e-05
8.289999999999098179e+01 4.376093543293063659e-01 9.047937760613685787e-04
8.299999999999096190e+01 4.329147622642322557e-01 2.595362796799228957e-03
8.309999999999095621e+01 4.272313487136895627e-01 5.138714243063302947e-03
8.319999999999095053e+01 4.205902616546656758e-01 8.514818001097490541e-03
8.329999999999093063e+01 4.130269797272197452e-01 1.269981058811330693e-02
8.339999999999092495e+01 4.045811054854768218e-01 1.766613810640652385e-02
8.349999999999091926e+01 3.952961409363221490e-01 2.338271562936164449e-02
8.359999999999089937e+01 3.852192465989214831e-01 2.981510211866123666e-02
8.369999999999089368e+01 3.744009853851290592e-01 3.692568990640639204e-02
8.379999999999088800e+01 3.628950526590419834e-01 4.467390771536373234e-02
8.389999999999086810e+01 3.507579938878633841e-01 5.301643613550766770e-02
8.399999999999086242e+01 3.380489113396051293e-01 6.190743442561978671e-02
8.409999999999084253e+01 3.248291613233131869e-01 7.129877746513915704e-02
8.419999999999083684e+01 3.111620434956106074e-01 8.114030164387221744e-02
8.429999999999083116e+01 2.971124837836189303e-01 9.138005844556584822e-02
8.439999999999081126e+01 2.827467124869848525e-01 1.019645744561102074e-01
8.449999999999080558e+01 2.681319391324817891e-01 1.128391165080718933e-01
8.459999999999078568e+01 2.533360256536976163e-01 1.239479606603545447e-01
8.469999999999078000e+01 2.384271594627434265e-01 1.352346637053976897e-01
8.479999999999077431e+01 2.234735279662338203e-01 1.466423358961606860e-01
8.489999999999075442e+01 2.085429960563510710e-01 1.581139135907948801e-01
8.499999999999074873e+01 1.937027880803284252e-01 1.695924305254835340e-01
8.509999999999074305e+01 1.790191757548314222e-01 1.810212864437918401e-01
8.519999999999072315e+01 1.645571734510053452e-01 1.923445118346725491e-01
8.529999999999071747e+01 1.503802422266581618e-01 2.035070275616694402e-01
8.539999999999071179e+01 1.365500039271618227e-01 2.144548982002409676e-01
8.549999999999069189e+01 1.231259666166631683e-01 2.251355779413332370e-01
8.559999999999068621e+01 1.101652625339756275e-01 2.354981479646889309e-01
8.569999999999066631e+01 9.772239969706984775e-02 2.454935442356633302e-01
8.579999999999066063e+01 8.584902820281029023e-02 2.550747747343370952e-01
8.589999999999065494e+01 7.459372218875923166e-02 2.641971251849666857e-01
8.599999999999063505e+01 6.400177833859287124e-02 2.728183524164135010e-01
8.609999999999062936e+01 5.411503172486507168e-02 2.808988645511942273e-01
8.619999999999060947e+01 4.497168969142350398e-02 2.884018872897520236e-01
8.629999999999060378e+01 3.660618438417045234e-02 2.952936156302718440e-01
8.639999999999059810e+01 2.904904444299785324e-02 3.015433504377089680e-01
8.649999999999057820e+01 2.232678627035521515e-02 3.071236193543432358e-01
8.659999999999057252e+01 1.646182519362764107e-02 3.120102816213854435e-01
8.669999999999056683e+01 1.147240673947994352e-02 3.161826164622785762e-01
8.679999999999054694e+01 7.372558139630939165e-03 3.196233947580058854e-01
8.689999999999054126e+01 4.172060089014050475e-03 3.223189338269493720e-01
8.699999999999053557e+01 1.876438680069055344e-03 3.242591352021765849e-01
8.709999999999051568e+01 4.869773410194571219e-04 3.254375053809676066e-01
8.719999999999050999e+01 7.485122044862994274e-07 3.258511596004963207e-01
8.729999999999049010e+01 4.106647031434586433e-04 3.255008087738465727e-01
8.739999999999048441e+01 1.705548484522999286e-03 3.243907297971104220e-01
8.749999999999047873e+01 3.870220884111355911e-03 3.225287195153543895e-01
8.759999999999045883e+01 6.885607574113775803e-03 3.199260327071817289e-01
8.769999999999045315e+01 1.072886216004669338e-02 3.165973045210722092e-01
8.779999999999043325e+01 1.537350580817478836e-02 3.125604578623013552e-01
8.789999999999042757e+01 2.078958238020277294e-02 3.078365962973362291e-01
8.799999999999042188e+01 2.694382818054224388e-02 3.024498831018693212e-01
8.809999999999040199e+01 3.379985536332689999e-02 2.964274071386039933e-01
8.819999999999039630e+01 4.131834799354189985e-02 2.897990363048764673e-01
8.829999999999039062e+01 4.945726970956720869e-02 2.825972593395737475e-01
8.839999999999037072e+01 5.817208189289341247e-02 2.748570168266001312e-01
8.849999999999036504e+01 6.741597121522041602e-02 2.666155222719139295e-01
8.859999999999035936e+01 7.714008540347110088e-02 2.579120741694403418e-01
8.869999999999033946e+01 8.729377603943672126e-02 2.487878600031732945e-01
8.879999999999033378e+01 9.782484719295277131e-02 2.392857531601718657e-01
8.889999999999031388e+01 1.086798086757867349e-01 2.294501037524688536e-01
8.899999999999030820e+01 1.198041326971406029e-01 2.193265243631264683e-01
8.909999999999030251e+01 1.311425127017625258e-01 2.089616717454280959e-01
8.919999999999028262e+01 1.426391231768947554e-01 1.984030255115354635e-01
8.929999999999027693e+01 1.542378792256084430e-01 1.876986648512153910e-01
8.939999999999025704e+01 1.658826947201672286e-01 1.768970443185377550e-01
8.949999999999025135e+01 1.775177378711248477e-01 1.660467697189494940e-01
8.959999999999024567e+01 1.890876830742587444e-01 1.551963751181083817e-01
8.969999999999022577e+01 2.005379579292678738e-01 1.443941019779796942e-01
8.979999999999022009e+01 2.118149843598766402e-01 1.336876814062807894e-01
8.989999999999021441e+01 2.228664128058860661e-01 1.231241204808185136e-01
8.999999999999019451e+01 2.336413485017569680e-01 1.127494935824099320e-01
9.009999999999018883e+01 2.440905689053229910e-01 1.026087396374765898e-01
9.019999999999018314e+01 2.541667313909858339e-01 9.274546613607205503e-02
9.029999999999016325e+01 2.638245703783101970e-01 8.320176075108293157e-02
9.039999999999015756e+01 2.730210831232752211e-01 7.401801134244583025e-02
9.049999999999013767e+01 2.817157034615916378e-01 6.523273508365175222e-02
9.059999999999013198e+01 2.898704628553229190e-01 5.688241740015897302e-02
9.069999999999012630e+01 2.974501381597016159e-01 4.900136135753994232e-02
9.079999999999010640e+01 3.044223855933678169e-01 4.162154808435054865e-02
9.089999999999010072e+01 3.107578604628973284e-01 3.477250875898531268e-02
9.099999999999008082e+01 3.164303222625980405e-01 2.848120863282057116e-02
9.109999999999007514e+01 3.214167248392053589e-01 2.277194350331307807e-02
9.119999999999006945e+01 3.256972913817080539e-01 1.766624899078500163e-02
9.129999999999004956e+01 3.292555740670201070e-01 1.318282291208488534e-02
9.139999999999004388e+01 3.320784982625740733e-01 9.337460982743376811e-03
9.149999999999003819e+01 3.341563912551122617e-01 6.143006017664257544e-03
9.159999999999001830e+01 3.354829955460451041e-01 3.609310738468696038e-03
9.169999999999001261e+01 3.360554668190323113e-01 1.743214234065831045e-03
9.179999999999000693e+01 3.358743567537546548e-01 5.485320597948013929e-04
9.189999999998998703e+01 3.349435809236932515e-01 2.605990009255090012e-05
9.199999999998998135e+01 3.332703720781540757e-01 1.735906601604966044e-04
9.209999999998996145e+01 3.308652191708391088e-01 9.859447938862515425e-04
9.219999999998995577e+01 3.277417925541231125e-01 2.455013618522698584e-03
9.229999999998995008e+01 3.239168558154384980e-01 4.569815311578264566e-03
9.239999999998993019e+01 3.194101647834106661e-01 7.316563232244587163e-03
9.249999999998992450e+01 3.142443542834906789e-01 1.067874615870678494e-02
9.259999999998990461e+01 3.084448132680110422e-01 1.463721998400690366e-02
9.269999999998989892e+01 3.020395489896852137e-01 1.917031036701166008e-02
9.279999999998989324e+01 2.950590409284261639e-01 2.425392579157095371e-02
9.289999999998987334e+01 2.875360852165479986e-01 2.986168044634486887e-02
9.299999999998986766e+01 2.795056303418712029e-01 3.596502630018066221e-02
9.309999999998986198e+01 2.710046049356943931e-01 4.253339371344022624e-02
9.319999999998984208e+01 2.620717384796654170e-01 4.953433989433637941e-02
9.329999999998983640e+01 2.527473757851811942e-01 5.693370448159468938e-02
9.339999999998983071e+01 2.430732861183749483e-01 6.469577151002020576e-02
9.349999999998981082e+01 2.330924678552199758e-01 7.278343699470382622e-02
9.359999999998980513e+01 2.228489495625602113e-01 8.115838135209196835e-02
9.369999999998978524e+01 2.123875884056928842e-01 8.978124586216232328e-02
9.379999999998977955e+01 2.017538667846422717e-01 9.861181236564720010e-02
9.389999999998977387e+01 1.909936880999346664e-01 1.076091853836928236e-01
9.399999999998975397e+01 1.801531725418096530e-01 1.167319758439425981e-01
9.409999999998974829e+01 1.692784537874569284e-01 1.259384855977726536e-01
9.419999999998972839e+01 1.584154774775518026e-01 1.351868919171592964e-01
9.429999999998972271e+01 1.476098023261847025e-01 1.444354311671545155e-01
9.439999999998971703e+01 1.369064046976449234e-01 1.536425808609452881e-01
9.449999999998969713e+01 1.263494874603078022e-01 1.627672393183319244e-01
9.459999999998969145e+01 1.159822938999788694e-01 1.717689021663345861e-01
9.469999999998968576e+01 1.058469274459011150e-01 1.806078349404173500e-01
9.479999999998966587e+01 9.598417792889800404e-02 1.892452410691740361e-01
9.489999999998966018e+01 8.643335505584724687e-02 1.976434245511282384e-01
9.499999999998965450e+01 7.723212974625939808e-02 2.057659466613165067e-01
9.509999999998963460e+01 6.841638393609850155e-02 2.135777760577762252e-01
9.519999999998962892e+01 6.002006941123515932e-02 2.210454316907648764e-01
9.529999999998960902e+01 5.207507618817072692e-02 2.281371179553945694e-01
9.539999999998960334e+01 4.461111091318477329e-02 2.348228515654268711e-01
9.549999999998959765e+01 3.765558570311592496e-02 2.410745796668792296e-01
9.559999999998957776e+01 3.123351780158967542e-02 2.468662887517892035e-01
9.569999999998957207e+01 2.536744037446684100e-02 2.521741039758373382e-01
9.579999999998955218e+01 2.007732471687251330e-02 2.569763785281411472e-01
9.589999999998954650e+01 1.538051409269764434e-02 2.612537727471795357e-01
9.599999999998954081e+01 1.129166937540383372e-02 2.649893227235911031e-01
9.609999999998952092e+01 7.822726606859686099e-03 2.681684981774427046e-01
9.619999999998951523e+01 4.982866539042010538e-03 2.707792494453564180e-01
9.629999999998950955e+01 2.778496171895751630e-03 2.728120434609420664e-01
9.639999999998948965e+01 1.213242249711167335e-03 2.742598886593436425e-01
9.649999999998948397e+01 2.879566283148941646e-04 2.751183487848694043e-01
9.659999999998947828e+01 7.333763351593734440e-07 2.753855456279905023e-01
9.669999999998945839e+01 3.469374260333894094e-04 2.750621507642563857e-01
9.679999999998945270e+01 1.319244542874134550e-03 2.741513664139614281e-01
9.689999999998943281e+01 2.907692338314418930e-03 2.726588955865314468e-01
9.699999999998942712e+01 5.099742007400938359e-03 2.705929017170788375e-01
9.709999999998942144e+01 7.880350431830940305e-03 2.679639580453540559e-01
9.719999999998940154e+01 1.123205225028656336e-02 2.647849870283356388e-01
9.729999999998939586e+01 1.513505146124332484e-02 2.610711901172611538e-01
9.739999999998937597e+01 1.956732208916150614e-02 2.568399682672194984e-01
9.749999999998937028e+01 2.450471741313575008e-02 2.521108335839796766e-01
9.759999999998936460e+01 2.992108722773265117e-02 2.469053125454458153e-01
9.769999999998934470e+01 3.578840257901668570e-02 2.412468412677408469e-01
9.779999999998933902e+01 4.207688739468662398e-02 2.351606533146747835e-01
9.789999999998933333e+01 4.875515640574667325e-02 2.286736605768637798e-01
9.799999999998931344e+01 5.579035873855157923e-02 2.218143277706440264e-01
9.809999999998930775e+01 6.314832654007021540e-02 2.146125411304073416e-01
9.819999999998930207e+01 7.079372798582793391e-02 2.070994718858857331e-01
9.829999999998928217e+01 7.869022400981622034e-02 1.993074351346572348e-01
9.839999999998927649e+01 8.680062808745366010e-02 1.912697447332900313e-01
9.849999999998925659e+01 9.508706839804416389e-02 1.830205648425941023e-01
9.859999999998925091e+01 1.035111516902418177e-01 1.745947587722159466e-01
9.869999999998924523e+01 1.120341281747115614e-01 1.660277357749035121e-01
9.879999999998922533e+01 1.206170567704904356e-01 1.573552964458722891e-01
9.889999999998921965e+01 1.292209700369920389e-01 1.486134773825671662e-01
9.899999999998919975e+01 1.378070381312206938e-01 1.398383957594151739e-01
9.909999999998919407e+01 1.463367311397769377e-01 1.310660944675242912e-01
9.919999999998918838e+01 1.547719791474796158e-01 1.223323884626465186e-01
9.929999999998916849e+01 1.630753294191827629e-01 1.136727129555712423e-01
9.939999999998916280e+01 1.712101000875874690e-01 1.051219740673219327e-01
9.949999999998915712e+01 1.791405297589266921e-01 9.671440255760897775e-02
9.959999999998913722e+01 1.868319224687857993e-01 8.848341121833465384e-02
9.969999999998913154e+01 1.942507874425007386e-01 8.046145650583680364e-02
9.979999999998912585e+01 2.013649731393378495e-01 7.267990496429301006e-02
9.989999999998910596e+01 2.081437950848115115e-01 6.516890497043185959e-02
