1.000000000000000000e+00 2.000000000000000000e+00 0.000000000000000000e+00
1.099999999999988987e+00 1.997600966443236814e+00 1.999200209274577724e-03
1.199999999999977973e+00 1.990415455143095480e+00 7.987208592914152652e-03
1.299999999999966960e+00 1.978478174728456551e+00 1.793529491163780784e-02
1.399999999999955946e+00 1.961846778399913838e+00 3.179573016740241259e-02
1.499999999999944933e+00 1.940601577210539164e+00 4.950201787132964965e-02
1.599999999999933920e+00 1.914845143038821140e+00 7.096921618370648221e-02
1.699999999999922906e+00 1.884701803432210054e+00 9.609434932749355562e-02
1.799999999999911893e+00 1.850317031009240720e+00 1.247569062472662638e-01
1.899999999999900879e+00 1.811856730587777964e+00 1.568194240678625062e-01
1.999999999999889866e+00 1.769506427659925496e+00 1.921281535022640596e-01
2.099999999999878852e+00 1.723470362246553922e+00 2.305138029691592427e-01
2.199999999999867839e+00 1.673970492557595113e+00 2.717923578078760283e-01
2.299999999999856826e+00 1.621245413241474864e+00 3.157659706227982088e-01
2.399999999999845812e+00 1.565549193342453016e+00 3.622239184541062862e-01
2.499999999999834799e+00 1.507150139394525912e+00 4.109436221552647539e-01
2.599999999999823785e+00 1.446329489376694477e+00 4.616917230620313783e-01
2.699999999999812772e+00 1.383380043520306968e+00 5.142252117658220323e-01
2.799999999999801759e+00 1.318604738226897277e+00 5.682926035520502461e-01
2.899999999999790745e+00 1.252315169595962896e+00 6.236351548385924426e-01
2.999999999999779732e+00 1.184830073294082853e+00 6.799881147453704644e-01
3.099999999999768718e+00 1.116473767721214205e+00 7.370820057506243250e-01
3.199999999999757705e+00 1.047574567633816622e+00 7.946439272357225247e-01
3.299999999999746692e+00 9.784631755768130601e-01 8.523988755989647670e-01
3.399999999999735678e+00 9.094710586510192929e-01 9.100710745210131014e-01
3.499999999999724665e+00 8.409288182929800515e-01 9.673853088979262882e-01
3.599999999999713651e+00 7.731645608751493981e-01 1.024068255920611348e+00
3.699999999999702638e+00 7.065022770292934684e-01 1.079849806772472887e+00
3.799999999999691624e+00 6.412602376644865876e-01 1.134464372440571633e+00
3.899999999999680611e+00 5.777494146779309503e-01 1.187652167193879338e+00
3.999999999999669598e+00 5.162719343436540376e-01 1.239160463367632747e+00
4.099999999999658584e+00 4.571195713104711511e-01 1.288744811215600805e+00
4.199999999999647571e+00 4.005722910337449760e-01 1.336170217744329536e+00
4.299999999999636557e+00 3.468968483177750084e-01 1.381212278627145684e+00
4.399999999999625544e+00 2.963454494425504793e-01 1.423658257515827419e+00
4.499999999999614531e+00 2.491544851004611483e-01 1.463308107309777562e+00
4.599999999999603517e+00 2.055433410694710583e-01 1.499975428227124485e+00
4.699999999999592504e+00 1.657132932044906026e-01 1.533488357821745085e+00
4.799999999999581490e+00 1.298464929380243327e-01 1.563690388427887212e+00
4.899999999999570477e+00 9.810504904869137011e-02 1.590441107872627713e+00
4.999999999999559464e+00 7.063021098439603573e-02 1.613616859678921100e+00
5.099999999999548450e+00 4.754165851823113215e-02 1.633111319388723670e+00
5.199999999999537437e+00 2.893690197460859620e-02 1.648835984060835758e+00
5.299999999999526423e+00 1.489079669160922777e-02 1.660720572438101783e+00
5.399999999999515410e+00 5.455174788581245576e-03 1.668713333746405292e+00
5.499999999999504396e+00 6.585966865579191394e-04 1.672781263546860853e+00
5.599999999999493383e+00 5.062241873253349282e-04 1.672910225558070563e+00
5.699999999999482370e+00 4.979816256799544059e-03 1.669104978846573051e+00
5.799999999999471356e+00 1.403784798266307504e-02 1.661389110288376658e+00
5.899999999999460343e+00 2.761575248743628960e-02 1.649804872694043745e+00
5.999999999999449329e+00 4.562628487903847008e-02 1.634412929503357370e+00
6.099999999999438316e+00 6.796000661428898415e-02 1.615292007438143829e+00
6.199999999999427303e+00 9.448588794008748459e-02 1.592538459008786766e+00
6.299999999999416289e+00 1.250520253659081760e-01 1.566265737243611289e+00
6.399999999999405276e+00 1.594864704140954992e-01 1.536603785488289686e+00
6.499999999999394262e+00 1.975981651959395347e-01 1.503698345585657625e+00
6.599999999999383249e+00 2.391779796781628997e-01 1.467710188181727826e+00
6.699999999999372235e+00 2.839998448406929610e-01 1.428814269334454545e+00
6.799999999999361222e+00 3.318219752917456744e-01 1.387198817996256661e+00
6.899999999999350209e+00 3.823881743037657599e-01 1.343064359321979095e+00
6.999999999999339195e+00 4.354292136762596965e-01 1.296622679096352204e+00
7.099999999999328182e+00 4.906642803199869896e-01 1.248095734892094466e+00
7.199999999999317168e+00 5.478024810045265536e-01 1.197714519853395831e+00
7.299999999999306155e+00 6.065443963211855083e-01 1.145717885244274648e+00
7.399999999999295142e+00 6.665836745919466733e-01 1.092351328111362152e+00
7.499999999999284128e+00 7.276086562089868481e-01 1.037865750579073154e+00
7.599999999999273115e+00 7.893040187225295323e-01 9.825161974273903809e-01
7.699999999999262101e+00 8.513524329057425843e-01 9.265605786865159788e-01
7.799999999999251088e+00 9.134362200240383478e-01 8.702583840308788510e-01
7.899999999999240075e+00 9.752390006104131315e-01 8.138693957589574479e-01
7.999999999999229061e+00 1.036447325209373327e+00 7.576524071057647580e-01
8.099999999999218048e+00 1.096752277783564322e+00 7.018639525585964600e-01
8.199999999999207034e+00 1.155851042785926763e+00 6.467570567258607017e-01
8.299999999999196021e+00 1.213448427273275954e+00 5.925800081542844655e-01
8.399999999999185007e+00 1.269258329867287260e+00 5.395751642939369264e-01
8.499999999999173994e+00 1.323005148857310243e+00 4.879777935862164573e-01
8.599999999999162981e+00 1.374425122263487120e+00 4.380149603869932795e-01
8.699999999999151967e+00 1.423267593246239304e+00 3.899044581506576623e-01
8.799999999999140954e+00 1.469296194837270919e+00 3.438537959842803970e-01
8.899999999999129940e+00 1.512289948580927801e+00 3.000592433406514825e-01
8.999999999999118927e+00 1.552044272295892480e+00 2.587049372589270702e-01
9.099999999999107914e+00 1.588371892800271468e+00 2.199620561825556819e-01
9.199999999999096900e+00 1.621103660070702279e+00 1.839880639881246449e-01
9.299999999999085887e+00 1.650089259933676944e+00 1.509260274528402002e-01
9.399999999999074873e+00 1.675197823003168773e+00 1.209040099690301406e-01
9.499999999999063860e+00 1.696318428186822880e+00 9.403454388998955249e-02
9.599999999999052847e+00 1.713360499671015669e+00 7.041418346005844098e-02
9.699999999999041833e+00 1.726254096876693511e+00 5.012313984919457288e-02
9.799999999999030820e+00 1.734950097436921634e+00 3.322499937803647524e-02
9.899999999999019806e+00 1.739420273787695814e+00 1.976652558744973129e-02
9.999999999999008793e+00 1.739657264492537214e+00 9.777545378067726764e-03
1.009999999999899778e+01 1.735674441929894618e+00 3.270919022381242863e-03
1.019999999999898677e+01 1.727505678455262705e+00 2.425934367614622966e-04
1.029999999999897575e+01 1.715205013625556774e+00 6.717376950411412277e-04
1.039999999999896474e+01 1.698846225514329955e+00 4.520959370747434231e-03
1.049999999999895373e+01 1.678522309577038518e+00 1.173659991356760905e-02
1.059999999999894271e+01 1.654344868920016642e+00 2.224910689876275632e-02
1.069999999999893170e+01 1.626443420204366053e+00 3.597348063762637743e-02
1.079999999999892069e+01 1.594964619756501945e+00 5.280979230414501596e-02
1.089999999999890967e+01 1.560071414776640797e+00 7.264377041929832857e-02
1.099999999999889866e+01 1.521942124804474439e+00 9.534745224097992966e-02
1.109999999999888765e+01 1.480769458858404830e+00 1.207798963355340566e-01
1.119999999999887663e+01 1.436759473857709413e+00 1.487879523576060015e-01
1.129999999999886562e+01 1.390130480116700484e+00 1.792070838384873799e-01
1.139999999999885461e+01 1.341111899821356257e+00 2.118622395809106607e-01
1.149999999999884359e+01 1.289943084491675718e+00 2.465687690800733300e-01
1.159999999999883258e+01 1.236872097491831912e+00 2.831333772364734158e-01
1.169999999999882156e+01 1.182154467660739394e+00 3.213551134976665447e-01
1.179999999999881055e+01 1.126051920127954409e+00 3.610263904602123985e-01
1.189999999999879954e+01 1.068831090332880596e+00 4.019340268828574536e-01
1.199999999999878852e+01 1.010762227196221330e+00 4.438603100040888760e-01
1.209999999999877751e+01 9.521178913014530787e-01 4.865840720232000871e-01
1.219999999999876650e+01 8.931716538333953626e-01 5.298817755922253792e-01
1.229999999999875548e+01 8.341968018983291211e-01 5.735286031753550340e-01
1.239999999999874447e+01 7.754650557162051649e-01 6.172995451638561004e-01
1.249999999999873346e+01 7.172453030325953716e-01 6.609704816848430697e-01
1.259999999999872244e+01 6.598023559565753260e-01 7.043192531142011825e-01
1.269999999999871143e+01 6.033957352760971338e-01 7.471267143923920884e-01
1.279999999999870042e+01 5.482784871583343822e-01 7.891777683505553087e-01
1.289999999999868940e+01 4.946960369851123307e-01 8.302623733809478823e-01
1.299999999999867839e+01 4.428850849208118556e-01 8.701765209286314029e-01
1.309999999999866738e+01 3.930725476495789406e-01 9.087231784417055813e-01
1.319999999999865636e+01 3.454745505518969084e-01 9.457131935962233005e-01
1.329999999999864535e+01 3.002954744145351351e-01 9.809661558037989781e-01
1.339999999999863434e+01 2.577270605789839242e-01 1.014311211220777054e+00
1.349999999999862332e+01 2.179475782281638796e-01 1.045587827703309269e+00
1.359999999999861231e+01 1.811210572879489722e-01 1.074646506392271661e+00
1.369999999999860130e+01 1.473965901738591433e-01 1.101349436867764542e+00
1.379999999999859028e+01 1.169077053449057713e-01 1.125571093081351171e+00
1.389999999999857927e+01 8.977181533217840070e-02 1.147198767555436705e+00
1.399999999999856826e+01 6.608974159148610361e-02 1.166133041634864531e+00
1.409999999999855724e+01 4.594531818520020822e-02 1.182288189876503859e+00
1.419999999999854623e+01 2.940507593326421518e-02 1.195592516980143349e+00
1.429999999999853522e+01 1.651800828701581458e-02 1.205988625983498874e+00
1.439999999999852420e+01 7.315419777844112126e-03 1.213433616769667100e+00
1.449999999999851319e+01 1.810857479250158140e-03 1.217899214272777586e+00
1.459999999999850218e+01 1.255010390242345283e-07 1.219371826093392785e+00
1.469999999999849116e+01 1.861382113722696808e-03 1.217852529577120313e+00
1.479999999999848015e+01 7.355318685455740357e-03 1.213356988736866704e+00
1.489999999999846914e+01 1.642541920844344666e-02 1.205915301731115052e+00
1.499999999999845812e+01 2.899829880207317398e-02 1.195571779931470013e+00
1.509999999999844711e+01 4.498411921062142604e-02 1.182384659929703430e+00
1.519999999999843610e+01 6.427707896801868048e-02 1.166425750141147244e+00
1.529999999999842508e+01 8.675597558382665275e-02 1.147780013955515654e+00
1.539999999999841407e+01 1.122848368146895370e-01 1.126545091672314092e+00
1.549999999999840306e+01 1.407136178253664271e-01 1.102830763727944197e+00
1.559999999999839204e+01 1.718789608115819656e-01 1.076758357975859948e+00
1.569999999999838103e+01 2.056050134527940276e-01 1.048460104029206086e+00
1.579999999999837001e+01 2.417043023834090920e-01 1.018078437895837185e+00
1.589999999999835900e+01 2.799786577130244369e-01 9.857652603495805632e-01
1.599999999999834799e+01 3.202201844864020486e-01 9.516811526782891217e-01
1.609999999999833875e+01 3.622122768474315690e-01 9.159945536251340448e-01
1.619999999999832596e+01 4.057306705551521619e-01 8.788809015042967632e-01
1.629999999999831317e+01 4.505445293896107040e-01 8.405217456192407566e-01
1.639999999999830393e+01 4.964175608774650250e-01 8.011038312409283213e-01
1.649999999999829470e+01 5.431091566599438591e-01 7.608181625180359120e-01
1.659999999999828191e+01 5.903755527167300343e-01 7.198590477868886950e-01
1.669999999999826912e+01 6.379710045477361424e-01 6.784231318317778259e-01
1.679999999999825988e+01 6.856489723018722726e-01 6.367084197064127871e-01
1.689999999999825064e+01 7.331633107283024309e-01 5.949132967734853672e-01
1.699999999999823785e+01 7.802694587141429938e-01 5.532355496460166222e-01
1.709999999999822506e+01 8.267256230677034745e-01 5.118713927220086557e-01
1.719999999999821583e+01 8.722939511117694389e-01 4.710145049907832893e-01
1.729999999999820659e+01 9.167416865695359185e-01 4.308550817586645487e-01
1.739999999999819380e+01 9.598423031689461427e-01 3.915789058857845339e-01
1.749999999999818101e+01 1.001376610358430064e+00 3.533664430524705580e-01
1.759999999999817177e+01 1.041133825522324363e+00 3.163919654750405597e-01
1.769999999999816254e+01 1.078912607124991263e+00 2.808227083691035575e-01
1.779999999999814975e+01 1.114522043284812414e+00 2.468180633175445504e-01
1.789999999999813696e+01 1.147782590402551151e+00 2.145288125303722038e-01
1.799999999999812772e+01 1.178526956638185297e+00 1.840964077968041679e-01
1.809999999999811848e+01 1.206600925245637779e+00 1.556522977158623644e-01
1.819999999999810569e+01 1.231864113042475894e+00 1.293173065584293513e-01
1.829999999999809290e+01 1.254190659608866332e+00 1.052010678589865439e-01
1.839999999999808367e+01 1.273469843165574655e+00 8.340151556041078273e-02
1.849999999999807443e+01 1.289606619491364903e+00 6.400443524262063033e-02
1.859999999999806164e+01 1.302522080675762250e+00 4.708307765696438663e-02
1.869999999999804885e+01 1.312153830982999203e+00 3.269783646461623533e-02
1.879999999999803961e+01 1.318456277605631888e+00 2.089599174126062150e-02
1.889999999999803038e+01 1.321400834607287411e+00 1.171152046465446031e-02
1.899999999999801759e+01 1.320976038898297400e+00 5.164974847781785873e-03
1.909999999999800480e+01 1.317187577632124684e+00 1.263429021546051559e-03
1.919999999999799556e+01 1.310058226959434524e+00 4.942092780431952436e-07
1.929999999999798632e+01 1.299627702624400527e+00 1.356402173399378231e-03
1.939999999999797353e+01 1.285952423417824786e+00 5.298156354808013745e-03
1.949999999999796074e+01 1.269105189026352054e+00 1.177974977031144739e-02
1.959999999999795151e+01 1.249174774308812408e+00 2.074244838497251234e-02
1.969999999999794227e+01 1.226265442514432591e+00 3.211513833675509050e-02
1.979999999999792948e+01 1.200496380396869789e+00 4.581473506228363191e-02
1.989999999999791669e+01 1.172001058602712753e+00 6.174665205692037723e-02
1.999999999999790745e+01 1.140926521095797064e+00 7.980532670109198590e-02
2.009999999999789821e+01 1.107432607732824703e+00 9.987480029997176934e-02
2.019999999999788542e+01 1.071691114425038061e+00 1.218293492157528912e-01
2.029999999999787264e+01 1.033884895604842535e+00 1.455341637232920593e-01
2.039999999999786340e+01 9.942069139674070133e-01 1.708460709903691366e-01
2.049999999999785416e+01 9.528592426727425790e-01 1.976142983759670013e-01
2.059999999999784137e+01 9.100520253761603673e-01 2.256812730521995658e-01
2.069999999999782858e+01 8.660023996028318738e-01 2.548834537917599730e-01
2.079999999999781934e+01 8.209333891025071273e-01 2.850521906189308341e-01
2.089999999999781011e+01 7.750727709021080214e-01 3.160146079041303291e-01
2.099999999999779732e+01 7.286519228300044615e-01 3.475945063843586258e-01
2.109999999999778453e+01 6.819046573145862711e-01 3.796132795193882248e-01
2.119999999999777529e+01 6.350660472521704181e-01 4.118908395430760372e-01
2.129999999999776605e+01 5.883712497145564546e-01 4.442465485427746219e-01
2.139999999999775326e+01 5.420543332092851996e-01 4.765001498942625924e-01
2.149999999999774047e+01 4.963471141274243270e-01 5.084726953997275034e-01
2.159999999999773124e+01 4.514780079124105505e-01 5.399874635153727453e-01
2.169999999999772200e+01 4.076709003584270130e-01 5.708708641171378328e-01
2.179999999999770921e+01 3.651440443072736519e-01 6.009533253373633421e-01
2.189999999999769642e+01 3.241089868483034153e-01 6.300701581064721557e-01
2.199999999999768718e+01 2.847695319507742573e-01 6.580623941581654757e-01
2.209999999999767795e+01 2.473207432634582925e-01 6.847775933989059816e-01
2.219999999999766516e+01 2.119479916101588701e-01 7.100706166995841562e-01
2.229999999999765237e+01 1.788260514890273323e-01 7.338043603485983057e-01
2.239999999999764313e+01 1.481182506526567133e-01 7.558504485955992447e-01
2.249999999999763389e+01 1.199756766025062427e-01 7.760898809267317011e-01
2.259999999999762110e+01 9.453644357825592703e-02 7.944136309337822555e-01
2.269999999999760831e+01 7.192502335895384347e-02 8.107231938800089077e-01
2.279999999999759908e+01 5.225164291973094510e-02 8.249310803123498514e-01
2.289999999999758984e+01 3.561175170462549389e-02 8.369612533329564563e-01
2.299999999999757705e+01 2.208556098258021225e-02 8.467495074179993697e-01
2.309999999999756426e+01 1.173765745044344500e-02 8.542437869482883972e-01
2.319999999999755502e+01 4.616692932852790171e-03 8.594044429146941999e-01
2.329999999999754579e+01 7.551517046072203556e-04 8.622044265526230822e-01
2.339999999999753300e+01 1.691966263603222355e-04 8.626294189700887127e-01
2.349999999999752021e+01 2.858594939386433116e-03 8.606778961417965723e-01
2.359999999999751097e+01 8.806724210416018092e-03 8.563611289546855243e-01
2.369999999999750173e+01 1.798065855376001707e-02 8.497031183100741680e-01
2.379999999999748894e+01 3.033133488636931274e-02 8.407404656001737919e-01
2.389999999999747615e+01 4.579379859363853777e-02 8.295221792002422934e-01
2.399999999999746692e+01 6.428752760146493050e-02 8.161094179277064153e-01
2.409999999999745768e+01 8.571683346556879801e-02 8.005751727346855917e-01
2.419999999999744489e+01 1.099713377050209606e-01 7.830038882071267414e-01
2.429999999999743210e+01 1.369265212256847164e-01 7.634910257439201375e-01
2.439999999999742286e+01 1.664443443042782356e-01 7.421425705825344110e-01
2.449999999999741362e+01 1.983739342377218717e-01 7.190744851198043186e-01
2.459999999999740083e+01 2.325523374080382677e-01 6.944121112489771708e-01
2.469999999999738804e+01 2.688053321741552537e-01 6.682895246917145426e-01
2.479999999999737881e+01 3.069482986798813817e-01 6.408488445501312469e-01
2.489999999999736957e+01 3.467871413659728286e-01 6.122395015302080079e-01
2.499999999999735678e+01 3.881192596944689210e-01 5.826174685026593858e-01
2.509999999999734399e+01 4.307345623380747224e-01 5.521444572600544554e-01
2.519999999999733475e+01 4.744165198560251206e-01 5.209870855033819081e-01
2.529999999999732552e+01 5.189432506757398755e-01 4.893160182487253929e-01
2.539999999999731273e+01 5.640886350200553512e-01 4.573050879757813436e-01
2.549999999999729994e+01 6.096234512709417519e-01 4.251303979550866696e-01
2.559999999999729070e+01 6.553165291380330659e-01 3.929694132814352536e-01
2.569999999999728146e+01 7.009359139032566022e-01 3.610000442073127425e-01
2.579999999999726867e+01 7.462500359442847397e-01 3.293997264185852258e-01
2.589999999999725588e+01 7.910288796970810221e-01 2.983445029149171535e-01
2.599999999999724665e+01 8.350451461992164370e-01 2.680081121577478354e-01
2.609999999999723741e+01 8.780754033655178148e-01 2.385610871244172870e-01
2.619999999999722462e+01 9.199012181825811929e-01 2.101698698606889737e-01
2.629999999999721183e+01 9.603102650662581619e-01 1.829959460524024639e-01
2.639999999999720259e+01 9.990974047133956981e-01 1.571950040457897046e-01
2.649999999999719336e+01 1.036065727892034216e+00 1.329161226289950759e-01
2.659999999999718057e+01 1.071027558750747621e+00 1.103009917505415188e-01
2.669999999999716778e+01 1.103805412396049235e+00 8.948317019083747159e-02
2.679999999999715854e+01 1.134232901680822136e+00 7.058738402197263506e-02
2.689999999999714930e+01 1.162155588368636305e+00 5.372886949066940643e-02
2.699999999999713651e+01 1.187431774094844128e+00 3.901276373764402117e-02
2.709999999999712372e+01 1.209933226822773156e+00 2.653354652793640800e-02
2.719999999999711449e+01 1.229545838810282232e+00 1.637453590898747813e-02
2.729999999999710525e+01 1.246170212436144231e+00 8.607440439567537807e-03
2.739999999999709246e+01 1.259722170611401237e+00 3.291970343645546880e-03
2.749999999999707967e+01 1.270133188888817877e+00 4.755096403403756035e-04
2.759999999999707043e+01 1.277350746808555648e+00 1.928509860277263452e-04
2.769999999999706120e+01 1.281338596454704160e+00 2.465994639131589665e-03
2.779999999999704841e+01 1.282076946661014683e+00 7.304012623844619544e-03
2.789999999999703562e+01 1.279562561775501095e+00 1.470297882804468687e-02
2.799999999999702638e+01 1.273808774384294962e+00 2.464596542492310943e-02
2.809999999999701714e+01 1.264845411882096871e+00 3.710310565942116778e-02
2.819999999999700435e+01 1.252718637278607883e+00 5.203172269159501290e-02
2.829999999999699156e+01 1.237490705120645185e+00 6.937652384154692486e-02
2.839999999999698233e+01 1.219239633895662367e+00 8.906985923673856054e-02
2.849999999999697309e+01 1.198058796764760903e+00 1.110320435244823711e-01
2.859999999999696030e+01 1.174056432929742266e+00 1.351717389818145043e-01
2.869999999999694751e+01 1.147355082386049219e+00 1.613863980346073035e-01
2.879999999999693827e+01 1.118090947238174149e+00 1.895627628880008908e-01
2.889999999999692903e+01 1.086413183147848294e+00 2.195774196748775942e-01
2.899999999999691624e+01 1.052483124865236652e+00 2.512974042472619352e-01
2.909999999999690345e+01 1.016473450131153200e+00 2.845808564712795641e-01
2.919999999999689422e+01 9.785672865609742477e-01 3.192777196388760230e-01
2.929999999999688498e+01 9.389572664019152359e-01 3.552304813811137940e-01
2.939999999999687219e+01 8.978445343118466315e-01 3.922749522599799921e-01
2.949999999999685940e+01 8.554377135341866278e-01 4.302410780279393721e-01
2.959999999999685016e+01 8.119518360329067708e-01 4.689537813794736332e-01
2.969999999999684093e+01 7.676072423185062998e-01 5.082338288754958411e-01
2.979999999999682814e+01 7.226284568230469940e-01 5.478987186015684685e-01
2.989999999999681535e+01 6.772430447856728764e-01 5.877635840258993438e-01
2.999999999999680611e+01 6.316804566784545161e-01 6.276421094494206709e-01
3.009999999999679687e+01 5.861708662397919767e-01 6.673474523929610047e-01
3.019999999999678408e+01 5.409440081909233644e-01 7.066931682451819130e-01
3.029999999999677129e+01 4.962280216842957503e-01 7.454941324922900181e-01
3.039999999999676206e+01 4.522483054762191368e-01 7.835674558814270663e-01
3.049999999999675282e+01 4.092263907260828559e-01 8.207333879145626288e-01
3.059999999999674003e+01 3.673788372019565207e-01 8.568162041494965520e-01
3.069999999999672724e+01 3.269161585162971284e-01 8.916450728770574097e-01
3.079999999999671800e+01 2.880417818287241416e-01 9.250548968688726559e-01
3.089999999999670877e+01 2.509510472315992780e-01 9.568871260305267246e-01
3.099999999999669598e+01 2.158302517837029644e-01 9.869905369613004575e-01
3.109999999999668319e+01 1.828557428762729031e-01 1.015221975604126525e+00
3.119999999999667395e+01 1.521930653072035566e-01 1.041447059376726880e+00
3.129999999999666471e+01 1.239961661052190606e-01 1.065540835394405805e+00
3.139999999999665192e+01 9.840666078952921281e-02 1.087388391633330675e+00
3.149999999999663913e+01 7.555316437475327607e-02 1.106885418137742327e+00
3.159999999999662990e+01 5.555069003963743202e-02 1.123938715639139829e+00
3.169999999999662066e+01 3.850011797574758726e-02 1.138466649233418337e+00
3.179999999999660787e+01 2.448773652160505382e-02 1.150399545049407335e+00
3.189999999999659508e+01 1.358485727435694221e-02 1.159680028137255237e+00
3.199999999999658584e+01 5.847505458235034356e-03 1.166263300103798528e+00
3.209999999999657661e+01 1.316186420545726720e-03 1.170117355330312581e+00
3.219999999999656382e+01 1.572872591866910104e-05 1.171223134911698160e+00
3.229999999999655103e+01 1.955203930470950265e-03 1.169574617765688940e+00
3.239999999999653824e+01 7.127922742491278607e-03 1.165178848667733913e+00
3.249999999999653255e+01 1.551150691708594494e-02 1.158055903268313758e+00
3.259999999999651976e+01 2.706803589044242883e-02 1.148238790455540892e+00
3.269999999999650697e+01 4.174426683589586851e-02 1.135773292712623395e+00
3.279999999999650129e+01 5.947192651907975969e-02 1.120717745417087796e+00
3.289999999999648850e+01 8.016807304284924440e-02 1.103142756302573746e+00
3.299999999999647571e+01 1.037355253040813385e-01 1.083130866581122564e+00
3.309999999999646292e+01 1.300633577321774481e-01 1.060776155484293826e+00
3.319999999999645013e+01 1.590274576428178099e-01 1.036183790237338087e+00
3.329999999999644444e+01 1.904911423184216523e-01 1.009469523720137651e+00
3.339999999999643165e+01 2.243058327169797916e-01 9.807591423020447507e-01
3.349999999999641886e+01 2.603117805137348251e-01 9.501878665541907409e-01
3.359999999999641318e+01 2.983388449931356212e-01 9.178997077507802249e-01
3.369999999999640039e+01 3.382073161310759635e-01 8.840467832620199085e-01
3.379999999999638760e+01 3.797287800408644109e-01 8.487885941221985364e-01
3.389999999999637481e+01 4.227070227975441297e-01 8.122912682167111598e-01
3.399999999999636202e+01 4.669389685084556207e-01 7.747267726865747495e-01
3.409999999999635634e+01 5.122156473609450478e-01 7.362720992783297058e-01
3.419999999999634355e+01 5.583231892520161832e-01 6.971084264853454338e-01
3.429999999999633076e+01 6.050438384959466731e-01 6.574202624292456720e-01
3.439999999999632507e+01 6.521569850069728336e-01 6.173945725112700567e-01
3.449999999999631228e+01 6.994402072760402822e-01 5.772198959299094101e-01
3.459999999999629949e+01 7.466703223997267491e-01 5.370854552088485390e-01
3.469999999999628670e+01 7.936244383781274614e-01 4.971802629067159640e-01
3.479999999999627391e+01 8.400810038799130242e-01 4.576922296923825462e-01
3.489999999999626823e+01 8.858208506769449375e-01 4.188072779578518867e-01
3.499999999999625544e+01 9.306282239778905785e-01 3.807084651148200383e-01
3.509999999999624265e+01 9.742917959432207953e-01 3.435751206724332873e-01
3.519999999999623697e+01 1.016605657740277113e+00 3.075820011282554556e-01
3.529999999999622418e+01 1.057370285597559079e+00 2.728984666192251218e-01
3.539999999999621139e+01 1.096393476442533377e+00 2.396876831768401384e-01
3.549999999999619860e+01 1.133491248852511957e+00 2.081058543097812907e-01
3.559999999999618581e+01 1.168488705217119339e+00 1.783014854989208586e-01
3.569999999999618012e+01 1.201220851196165729e+00 1.504146850362723109e-01
3.579999999999616733e+01 1.231533368762610436e+00 1.245765044686451273e-01
3.589999999999615454e+01 1.259283339338397978e+00 1.009083217225296703e-01
3.599999999999614886e+01 1.284339913765627728e+00 7.952126978854806572e-02
3.609999999999613607e+01 1.306584926099163324e+00 6.051571363207382259e-02
3.619999999999612328e+01 1.325913448461624400e+00 4.398077777420544843e-02
3.629999999999611049e+01 1.342234284465575245e+00 2.999392675304453360e-02
3.639999999999609770e+01 1.355470398973493529e+00 1.862060043241294677e-02
3.649999999999609201e+01 1.365559282246175954e+00 9.913905872690108312e-03
3.659999999999607923e+01 1.372453246803269078e+00 3.914367219372037222e-03
3.669999999999606644e+01 1.376119655607916936e+00 6.497347987948034250e-04
3.679999999999606075e+01 1.376541080469934064e+00 1.348543393399123777e-04
3.689999999999604796e+01 1.373715389852839808e+00 2.371596960755925024e-03
3.699999999999603517e+01 1.367655765561400338e+00 7.348850295450081588e-03
3.709999999999602238e+01 1.358390648080439744e+00 1.504257082457168167e-02
3.719999999999600959e+01 1.345963610633562180e+00 2.541589722961206180e-02
3.729999999999600391e+01 1.330433162328835905e+00 3.841932427808126410e-02
3.739999999999599112e+01 1.311872481061945983e+00 5.399093648081493280e-02
3.749999999999597833e+01 1.290369077149525978e+00 7.205670047946441392e-02
3.759999999999597264e+01 1.266024388973621351e+00 9.253081484731540129e-02
3.769999999999595985e+01 1.238953312223203040e+00 1.153161157152654687e-01
3.779999999999594706e+01 1.209283664627371024e+00 1.403045363694955527e-01
3.789999999999593427e+01 1.177155588382033491e+00 1.673776187085252443e-01
3.799999999999592148e+01 1.142720892776685648e+00 1.964070741967732514e-01
3.809999999999591580e+01 1.106142339829183197e+00 2.272553917104634114e-01
3.819999999999590301e+01 1.067592876036257854e+00 2.597764894403444269e-01
3.829999999999589022e+01 1.027254813635400055e+00 2.938164077969865895e-01
3.839999999999588454e+01 9.853189650582721004e-01 3.292140400578474346e-01
3.849999999999587175e+01 9.419837345262773720e-01 3.658018973024786957e-01
3.859999999999585896e+01 8.974541709983296922e-01 4.034069040066911582e-01
3.869999999999584617e+01 8.519409869241023614e-01 4.418512205041862928e-01
3.879999999999583338e+01 8.056595474835831494e-01 4.809530883827984327e-01
3.889999999999582769e+01 7.588288351976190116e-01 5.205276947567701873e-01
3.899999999999581490e+01 7.116703949812485108e-01 5.603880512524245239e-01
3.909999999999580211e+01 6.644072648676493387e-01 6.003458834597293903e-01
3.919999999999579643e+01 6.172628977646446025e-01 6.402125265385041342e-01
3.929999999999578364e+01 5.704600797075897178e-01 6.797998226281970480e-01
3.939999999999577085e+01 5.242198501436899916e-01 7.189210156889193071e-01
3.949999999999575806e+01 4.787604298192811303e-01 7.573916394069931668e-01
3.959999999999574527e+01 4.342961618461618212e-01 7.950303938259247749e-01
3.969999999999573959e+01 3.910364714855559254e-01 8.316600064113256474e-01
3.979999999999572680e+01 3.491848501188384302e-01 8.671080733370077898e-01
3.989999999999571401e+01 3.089378687613670849e-01 9.012078768698987830e-01
3.999999999999570832e+01 2.704842263268211755e-01 9.337991748587067820e-01
4.009999999999569553e+01 2.340038376621546012e-01 9.647289584652564143e-01
4.019999999999568274e+01 1.996669661458703726e-01 9.938521744470930619e-01
4.029999999999566995e+01 1.676334053822894632e-01 1.021032408479917164e+00
4.039999999999565716e+01 1.380517142267710662e-01 1.046142526211532031e+00
4.049999999999565148e+01 1.110585090507099637e-01 1.069065268962321458e+00
4.059999999999563869e+01 8.677781679847179630e-02 1.089693801221530922e+00
4.069999999999562590e+01 6.532049200844189385e-02 1.107932207342811948e+00
4.079999999999562021e+01 4.678370057066034982e-02 1.123695935107664301e+00
4.089999999999560742e+01 3.125047257721327854e-02 1.136912184102171652e+00
4.099999999999559464e+01 1.878932619602328991e-02 1.147520237136174792e+00
4.109999999999558185e+01 9.453964067342701325e-03 1.155471733230441389e+00
4.119999999999556906e+01 3.283043290930714661e-03 1.160730880994708114e+00
4.129999999999556337e+01 3.000196457238942785e-04 1.163274611519185875e+00
4.139999999999555058e+01 5.130662672812923240e-04 1.163092670207630297e+00
4.149999999999553779e+01 3.915066605983208090e-03 1.160187647282781898e+00
4.159999999999553211e+01 1.048368110452194309e-02 1.154574946991940188e+00
4.169999999999551932e+01 2.018148666988398357e-02 1.146282695840296073e+00
4.179999999999550653e+01 3.295618767505423263e-02 1.135351590468131278e+00
4.189999999999549374e+01 4.874089691067147456e-02 1.121834686072318732e+00
4.199999999999548095e+01 6.745448461746801627e-02 1.105797126546937736e+00
4.209999999999547526e+01 8.900199346638100473e-02 1.087315817788336192e+00
4.219999999999546247e+01 1.132751171136660850e-01 1.066479045860433628e+00
4.229999999999544968e+01 1.401527397418975418e-01 1.043386041967504729e+00
4.239999999999544400e+01 1.695015338012230977e-01 1.018146496413909752e+00
4.249999999999543121e+01 2.011766129870701247e-01 9.908800239540568322e-01
4.259999999999541842e+01 2.350222373268743004e-01 9.617155831452192105e-01
4.269999999999540563e+01 2.708725670956959597e-01 9.307908525185808468e-01
4.279999999999539284e+01 3.085524621376722343e-01 8.982515665641657154e-01
4.289999999999538716e+01 3.478783230313299280e-01 8.642508147058701740e-01
4.299999999999537437e+01 3.886589704025334990e-01 8.289483065955072227e-01
4.309999999999536158e+01 4.306965585547271602e-01 7.925096072083910315e-01
4.319999999999535589e+01 4.737875194531719347e-01 7.551053453518702385e-01
4.329999999999534310e+01 5.177235329660138108e-01 7.169103993182299739e-01
4.339999999999533031e+01 5.622925191319855243e-01 6.781030635206665158e-01
4.349999999999531752e+01 6.072796480927989959e-01 6.388642000361531847e-01
4.359999999999530473e+01 6.524683631999602662e-01 5.993763790555223236e-01
4.369999999999529905e+01 6.976414126854664222e-01 5.598230122980806245e-01
4.379999999999528626e+01 7.425818851720731306e-01 5.203874834868645882e-01
4.389999999999527347e+01 7.870742442046820830e-01 4.812522800042093873e-01
4.399999999999526779e+01 8.309053569003472806e-01 4.425981298504682582e-01
4.409999999999525500e+01 8.738655117613224332e-01 4.046031480130241609e-01
4.419999999999524221e+01 9.157494206614986698e-01 3.674419963179988979e-01
4.429999999999522942e+01 9.563572000176644439e-01 3.312850607818221271e-01
4.439999999999521663e+01 9.954953261893355609e-01 2.962976504031752945e-01
4.449999999999521094e+01 1.032977560219747959e+00 2.626392212401134074e-01
4.459999999999519815e+01 1.068625837139236312e+00 2.304626294997110247e-01
4.469999999999518536e+01 1.102271115198197649e+00 1.999134172305038759e-01
4.479999999999517968e+01 1.133754180583470328e+00 1.711291340499780378e-01
4.489999999999516689e+01 1.162926403394654917e+00 1.442386981643672406e-01
4.499999999999515410e+01 1.189650440921890651e+00 1.193617997415669929e-01
4.509999999999514131e+01 1.213800884556674342e+00 9.660834948792434984e-02
4.519999999999512852e+01 1.235264846996749544e+00 7.607797505076469013e-02
4.529999999999512283e+01 1.253942486754105579e+00 5.785956762713587859e-02
4.539999999999511004e+01 1.269747467350074599e+00 4.203088090450528280e-02
4.549999999999509726e+01 1.282607348970479011e+00 2.865818419295517241e-02
4.559999999999509157e+01 1.292463910752182032e+00 1.779597133382551308e-02
4.569999999999507878e+01 1.299273402283994461e+00 9.486726686957314830e-03
4.579999999999506599e+01 1.303006723307471137e+00 3.760749210831853574e-03
4.589999999999505320e+01 1.303649531013443053e+00 6.360353581469210468e-04
4.599999999999504041e+01 1.301202274724799102e+00 1.182212156636508428e-04
4.609999999999503473e+01 1.295680158144897121e+00 2.200584023380160875e-03
4.619999999999502194e+01 1.287113029726093538e+00 6.864102915660218185e-03
4.629999999999500915e+01 1.275545202069108042e+00 1.407757843758994896e-02
4.639999999999500346e+01 1.261035201607345613e+00 2.379781010490395615e-02
4.649999999999499067e+01 1.243655450153265285e+00 3.596983099668762951e-02
4.659999999999497788e+01 1.223491880189734315e+00 5.052719809789912170e-02
4.669999999999496509e+01 1.200643486076539146e+00 6.739233684481631126e-02
4.679999999999495230e+01 1.175221813613430477e+00 8.647693807150615142e-02
4.689999999999494662e+01 1.147350390653164798e+00 1.076824053108680068e-01
4.699999999999493383e+01 1.117164101698736811e+00 1.309003501696683058e-01
4.709999999999492104e+01 1.084808509640879270e+00 1.560131332751472921e-01
4.719999999999491536e+01 1.050439128002242484e+00 1.828944480809045481e-01
4.729999999999490257e+01 1.014220647255572150e+00 2.114099446237530933e-01
4.739999999999488978e+01 9.763261189638871018e-01 2.414178901398241206e-01
4.749999999999487699e+01 9.369361016692884236e-01 2.727698632814936630e-01
4.759999999999486420e+01 8.962377726161828706e-01 3.053114785219478988e-01
4.769999999999485851e+01 8.544240095468355056e-01 3.388831371989836083e-01
4.779999999999484572e+01 8.116924469422882593e-01 3.733208015271409219e-01
4.789999999999483293e+01 7.682445112091015327e-01 4.084567878041924227e-01
4.799999999999482725e+01 7.242844394168719280e-01 4.441205749512638357e-01
4.809999999999481446e+01 6.800182862889551094e-01 4.801396244570446670e-01
4.819999999999480167e+01 6.356529242204763674e-01 5.163402077468136619e-01
4.829999999999478888e+01 5.913950411570364496e-01 5.525482369643451852e-01
4.839999999999477609e+01 5.474501412018060176e-01 5.885900951444318352e-01
4.849999999999477041e+01 5.040215528327065542e-01 6.242934617582109880e-01
4.859999999999475762e+01 4.613094496027383418e-01 6.594881296418128036e-01
4.869999999999474483e+01 4.195098881619067077e-01 6.940068093642264291e-01
4.879999999999473914e+01 3.788138683813637164e-01 7.276859171558828221e-01
4.889999999999472635e+01 3.394064202731142399e-01 7.603663426040656592e-01
4.899999999999471356e+01 3.014657222892899169e-01 7.918941924262856702e-01
4.909999999999470077e+01 2.651622554441219193e-01 8.221215067553770961e-01
4.919999999999468798e+01 2.306579975377592018e-01 8.509069445108256025e-01
4.929999999999468230e+01 1.981056615684753663e-01 8.781164345904939328e-01
4.939999999999466951e+01 1.676479822014027010e-01 9.036237897933239172e-01
4.949999999999465672e+01 1.394170539188795688e-01 9.273112805754053500e-01
4.959999999999465103e+01 1.135337242086861681e-01 9.490701659487487118e-01
4.969999999999463824e+01 9.010704485596338076e-02 9.688011790552396585e-01
4.979999999999462545e+01 6.923378409063159211e-02 9.864149651834757115e-01
4.989999999999461266e+01 5.099800200909516967e-02 1.001832470239305994e+00
4.999999999999459988e+01 3.547069133727552559e-02 1.014985277944151054e+00
5.009999999999459419e+01 2.270948523388237675e-02 1.025815894295602160e+00
5.019999999999458140e+01 1.275843345152605571e-02 1.034277978101262763e+00
5.029999999999456861e+01 5.647847780312847434e-03 1.040336516678044276e+00
5.039999999999456293e+01 1.394217298035435202e-03 1.043967946088289578e+00
5.049999999999455014e+01 1.935451926814336504e-07 1.045160215575648310e+00
5.059999999999453735e+01 1.454645335981417237e-03 1.043912796146593269e+00
5.069999999999452456e+01 5.732782511208417246e-03 1.040236633533508481e+00
5.079999999999451177e+01 1.279634753974766802e-02 1.034154046054065468e+00
5.089999999999450608e+01 2.259387348538922577e-02 1.025698568165305913e+00
5.099999999999449329e+01 3.506100647955592842e-02 1.014914740777851376e+00
5.109999999999448050e+01 5.012089048101126681e-02 1.001857849666937250e+00
5.119999999999447482e+01 6.768461176494386389e-02 9.865936135624882031e-01
5.129999999999446203e+01 8.765170026895692523e-02 9.691978237545235686e-01
5.139999999999444924e+01 1.099106846353022082e-01 9.497559372719763804e-01
5.149999999999443645e+01 1.343396975296972384e-01 9.283626259162315320e-01
5.159999999999442366e+01 1.608071275892786756e-01 9.051212836303017539e-01
5.169999999999441798e+01 1.891723141565639088e-01 8.801434948712250073e-01
5.179999999999440519e+01 2.192862807943772863e-01 8.535484668239405881e-01
5.189999999999439240e+01 2.509925034470468774e-01 8.254624284454656902e-01
5.199999999999438671e+01 2.841277090173325304e-01 7.960179994645995016e-01
5.209999999999437392e+01 3.185227000625807103e-01 7.653535325778231257e-01
5.219999999999436113e+01 3.540032012793108973e-01 7.336124321803305648e-01
5.229999999999434834e+01 3.903907234362964385e-01 7.009424530530784514e-01
5.239999999999433555e+01 4.275034404335188998e-01 6.674949824868565695e-01
5.249999999999432987e+01 4.651570752033294953e-01 6.334243093715639095e-01
5.259999999999431708e+01 5.031657902258444004e-01 5.988868838051730759e-01
5.269999999999430429e+01 5.413430785062313122e-01 5.640405707880807862e-01
5.279999999999429861e+01 5.795026509440344142e-01 5.290439015643424447e-01
5.289999999999428582e+01 6.174593161229041671e-01 4.940553261494701198e-01
5.299999999999427303e+01 6.550298486502580397e-01 4.592324705493009418e-01
5.309999999999426024e+01 6.920338422850736970e-01 4.247314021235924497e-01
5.319999999999424745e+01 7.282945442043490258e-01 3.907059064850055830e-01
5.329999999999424176e+01 7.636396668740407234e-01 3.573067792457239045e-01
5.339999999999422897e+01 7.979021741061697037e-01 3.246811358329400599e-01
5.349999999999421618e+01 8.309210380061669010e-01 2.929717424935837644e-01
5.359999999999421050e+01 8.625419636355674546e-01 2.623163714911270206e-01
5.369999999999419771e+01 8.926180783441338695e-01 2.328471833728203988e-01
5.379999999999418492e+01 9.210105828565243735e-01 2.046901390461918491e-01
5.389999999999417213e+01 9.475893613432367912e-01 1.779644442559069062e-01
5.399999999999415934e+01 9.722335478496020311e-01 1.527820288916778568e-01
5.409999999999415365e+01 9.948320466225358816e-01 1.292470633885555997e-01
5.419999999999414086e+01 1.015284004044585853e+00 1.074555143015402531e-01
5.429999999999412807e+01 1.033499230074994779e+00 8.749474094745694763e-02
5.439999999999412239e+01 1.049398567298759799e+00 6.944313480932101657e-02
5.449999999999410960e+01 1.062914205904508247e+00 5.336980319330492106e-02
5.459999999999409681e+01 1.073989943148305093e+00 3.933429841488498419e-02
5.469999999999408402e+01 1.082581386111123534e+00 2.738639357156070347e-02
5.479999999999407123e+01 1.088656096824293984e+00 1.756590573424435600e-02
5.489999999999406555e+01 1.092193679120136540e+00 9.902567159889725731e-03
5.499999999999405276e+01 1.093185806855073272e+00 4.415944894715196668e-03
5.509999999999403997e+01 1.091636193456416493e+00 1.115408902129425440e-03
5.519999999999403428e+01 1.087560503053726535e+00 1.486131098938140545e-07
5.529999999999402149e+01 1.080986203767226872e+00 1.059237560934587824e-03
5.539999999999400870e+01 1.071952364041578010e+00 4.271745527942662213e-03
5.549999999999399591e+01 1.060509393223137531e+00 9.606897400952389005e-03
5.559999999999398312e+01 1.046718727886400524e+00 1.702427770536005941e-02
5.569999999999397744e+01 1.030652465709550381e+00 2.647407956719362646e-02
5.579999999999396465e+01 1.012392948986405417e+00 3.789739663875477810e-02
5.589999999999395186e+01 9.920323001306307065e-01 5.122655631825541456e-02
5.599999999999394618e+01 9.696719117826374523e-01 6.638549239813690273e-02
5.609999999999393339e+01 9.454218943640393391e-01 8.329015509172915666e-02
5.619999999999392060e+01 9.194004841392995342e-01 1.018489562144698490e-01
5.629999999999390781e+01 8.917334150385666236e-01 1.219632471351180664e-01
5.639999999999389502e+01 8.625532576646054439e-01 1.435278269645228477e-01
5.649999999999388933e+01 8.319987290590096229e-01 1.664314783163260425e-01
5.659999999999387654e+01 8.002139769258207469e-01 1.905575278547085305e-01
5.669999999999386375e+01 7.673478421186216147e-01 2.157844287402814476e-01
5.679999999999385807e+01 7.335531032743388691e-01 2.419863619968015134e-01
5.689999999999384528e+01 6.989857075439540601e-01 2.690338537485533754e-01
5.699999999999383249e+01 6.638039914041610201e-01 2.967944052213528638e-01
5.709999999999381970e+01 6.281678955574497847e-01 3.251331323588216859e-01
5.719999999999380691e+01 5.922381779272096747e-01 3.539134118818769714e-01
5.729999999999380123e+01 5.561756287336971916e-01 3.829975306090619425e-01
5.739999999999378844e+01 5.201402916002225707e-01 4.122473348644476454e-01
5.749999999999377565e+01 4.842906945821078835e-01 4.415248768213217434e-01
5.759999999999376996e+01 4.487830949360410160e-01 4.706930546701592610e-01
5.769999999999375717e+01 4.137707413551431346e-01 4.996162435519196920e-01
5.779999999999374438e+01 3.794031572851082612e-01 5.281609142689549508e-01
5.789999999999373159e+01 3.458254488091719314e-01 5.561962368673651902e-01
5.799999999999371880e+01 3.131776404441019013e-01 5.835946662844759825e-01
5.809999999999371312e+01 2.815940420278623124e-01 6.102325073663908972e-01
5.819999999999370033e+01 2.512026497008600368e-01 6.359904566842672358e-01
5.829999999999368754e+01 2.221245837866953898e-01 6.607541187167228491e-01
5.839999999999368185e+01 1.944735661691690543e-01 6.844144941134721050e-01
5.849999999999366906e+01 1.683554395357159394e-01 7.068684379151458641e-01
5.859999999999365627e+01 1.438677306194736105e-01 7.280190857738320087e-01
5.869999999999364348e+01 1.210992593204874429e-01 7.477762463970529794e-01
5.879999999999363069e+01 1.001297953240449096e-01 7.660567586258328898e-01
5.889999999999362501e+01 8.102976356309267436e-02 7.827848117478414247e-01
5.899999999999361222e+01 6.385999959212536325e-02 7.978922278496040077e-01
5.909999999999359943e+01 4.867155565534261874e-02 8.113187052120480747e-01
5.919999999999359375e+01 3.550555794345068572e-02 8.230120219638458190e-01
5.929999999999358096e+01 2.439311524365967918e-02 8.329281994126770394e-01
5.939999999999356817e+01 1.535527889801063979e-02 8.410316246911371252e-01
5.949999999999355538e+01 8.403053698643227210e-03 8.472951325554187729e-01
5.959999999999354259e+01 3.537459066698176238e-03 8.517000463930373133e-01
5.969999999999353690e+01 7.496395864921503874e-04 8.542361786949294045e-01
5.979999999999352411e+01 2.102370013445930768e-05 8.549017914526215733e-01
5.989999999999351132e+01 1.323529111815882012e-03 8.537035171386272436e-01
5.999999999999350564e+01 4.619813207151291304e-03 8.506562411191544992e-01
6.009999999999349285e+01 9.863566562788580322e-03 8.457829465319235407e-01
6.019999999999348006e+01 1.699984740637513689e-02 8.391145228395090472e-01
6.029999999999346727e+01 2.596545468814770441e-02 8.306895394353445150e-01
6.039999999999345448e+01 3.668933724394207035e-02 8.205539858377087770e-01
6.049999999999344880e+01 4.909303636636928869e-02 8.087609801536931320e-01
6.059999999999343601e+01 6.309115895686315256e-02 7.953704476321830086e-01
6.069999999999342322e+01 7.859187830723385337e-02 7.804487712482992556e-01
6.079999999999341753e+01 9.549745945548743231e-02 7.640684163745330437e-01
6.089999999999340474e+01 1.137048059776492176e-01 7.463075316923062363e-01
6.099999999999339195e+01 1.331060250150810087e-01 7.272495285851485747e-01
6.109999999999337916e+01 1.535890072958440156e-01 7.069826413260174025e-01
6.119999999999336637e+01 1.750380188885452271e-01 6.855994704322475597e-01
6.129999999999336069e+01 1.973343014278301777e-01 6.631965116064336696e-01
6.139999999999334790e+01 2.203566775715478376e-01 6.398736727135236890e-01
6.149999999999333511e+01 2.439821584911222863e-01 6.157337812646642705e-01
6.159999999999332942e+01 2.680865502561461944e-01 5.908820848816794813e-01
6.169999999999331664e+01 2.925450560528490840e-01 5.654257472104050608e-01
6.179999999999330385e+01 3.172328712717294996e-01 5.394733417290410449e-01
6.189999999999329106e+01 3.420257686106054074e-01 5.131343458663916168e-01
6.199999999999327827e+01 3.668006704657763573e-01 4.865186378001465917e-01
6.209999999999327258e+01 3.914362060230602292e-01 4.597359982497181141e-01
6.219999999999325979e+01 4.158132506110008841e-01 4.328956195116984151e-01
6.229999999999324700e+01 4.398154450389239467e-01 4.061056239109732680e-01
6.239999999999324132e+01 4.633296928110285373e-01 3.794725937540311400e-01
6.249999999999322853e+01 4.862466332824612048e-01 3.531011147792919580e-01
6.259999999999321574e+01 5.084610890028979924e-01 3.270933349952757641e-01
6.269999999999320295e+01 5.298724856746505063e-01 3.015485406923612000e-01
6.279999999999319016e+01 5.503852433365934438e-01 2.765627512977739122e-01
6.289999999999318447e+01 5.699091375673499549e-01 2.522283346243051061e-01
6.299999999999317168e+01 5.883596296841142603e-01 2.286336439406617682e-01
6.309999999999315889e+01 6.056581650896027957e-01 2.058626781622625856e-01
6.319999999999315321e+01 6.217324390973485437e-01 1.839947663321479521e-01
6.329999999999314042e+01 6.365166297328105349e-01 1.631042774282219499e-01
6.339999999999312763e+01 6.499515971731152364e-01 1.432603563999551577e-01
6.349999999999311484e+01 6.619850496468465684e-01 1.245266872015038245e-01
6.359999999999310205e+01 6.725716757675820334e-01 1.069612834542698204e-01
6.369999999999309637e+01 6.816732434181310696e-01 9.061630723642491447e-02
6.379999999999308358e+01 6.892586654458441320e-01 7.553791636324125314e-02
6.389999999999307079e+01 6.953040325569663782e-01 6.176614038979522797e-02
6.399999999999306510e+01 6.997926139279112556e-01 4.933478543691483670e-02
6.409999999999305942e+01 7.027148261707419907e-01 3.827136781315727126e-02
6.419999999999303952e+01 7.040681714029268790e-01 2.859707628016238887e-02
6.429999999999301963e+01 7.038571452824109453e-01 2.032676268658126922e-02
6.439999999999301394e+01 7.020931159713651448e-01 1.346896057716853549e-02
6.449999999999300826e+01 6.987941750907563643e-01 8.025931268786501774e-03
6.459999999999300258e+01 6.939849618194672276e-01 3.993736774803450032e-03
6.469999999999298268e+01 6.876964613823185468e-01 1.362338853474578167e-03
6.479999999999297700e+01 6.799657792514430810e-01 1.157233550445850573e-04
6.489999999999295710e+01 6.708358924634013620e-01 2.320489467264216755e-04
6.499999999999295142e+01 6.603553795282404160e-01 1.683819204674105166e-03
6.509999999999294573e+01 6.485781304674531622e-01 4.438076977883500737e-03
6.519999999999292584e+01 6.355630385819306394e-01 8.456619850914720918e-03
6.529999999999292015e+01 6.213736755985383997e-01 1.369623546067002748e-02
6.539999999999290026e+01 6.060779518913929076e-01 2.010895535741262161e-02
6.549999999999289457e+01 5.897477635070823565e-01 2.764232604204022378e-02
6.559999999999288889e+01 5.724586277536597434e-01 3.623969576038234275e-02
6.569999999999286899e+01 5.542893091289949892e-01 4.584051559128406172e-02
6.579999999999286331e+01 5.353214373739366705e-01 5.638065332844793831e-02
6.589999999999285762e+01 5.156391194350365970e-01 6.779271862649501046e-02
6.599999999999283773e+01 4.953285471103695548e-01 8.000639785965606154e-02
6.609999999999283204e+01 4.744776021301150282e-01 9.294879712655913784e-02
6.619999999999282636e+01 4.531754603947318882e-01 1.065447918270465699e-01
6.629999999999280647e+01 4.315121970510919502e-01 1.207173812363547677e-01
6.639999999999280078e+01 4.095783940390448907e-01 1.353880465084091600e-01
6.649999999999278089e+01 3.874647516829790583e-01 1.504771105528147079e-01
6.659999999999277520e+01 3.652617058368167746e-01 1.659040982498289074e-01
6.669999999999276952e+01 3.430590520206419081e-01 1.815880954926129276e-01
6.679999999999274962e+01 3.209455779090055749e-01 1.974481055775638705e-01
6.689999999999274394e+01 2.990087054500513153e-01 2.134034014996934459e-01
6.699999999999272404e+01 2.773341438110037971e-01 2.293738727515274856e-01
6.709999999999271836e+01 2.560055542591036515e-01 2.452803652696378955e-01
6.719999999999271267e+01 2.351042280018252051e-01 2.610450132226996289e-01
6.729999999999269278e+01 2.147087779256476869e-01 2.765915613888822455e-01
6.739999999999268709e+01 1.948948450892088735e-01 2.918456769260730499e-01
6.749999999999268141e+01 1.757348207482460900e-01 3.067352493989142781e-01
6.759999999999266151e+01 1.572975846139753608e-01 3.211906779878268559e-01
6.769999999999265583e+01 1.396482599760701382e-01 3.351451448691363799e-01
6.779999999999265015e+01 1.228479862563411767e-01 3.485348738219126719e-01
6.789999999999263025e+01 1.069537094991731413e-01 3.612993731831329880e-01
6.799999999999262457e+01 9.201799124993977064e-02 3.733816623428972692e-01
6.809999999999260467e+01 7.808883622346504683e-02 3.847284810399302368e-01
6.819999999999259899e+01 6.520953911887351906e-02 3.952904807896329697e-01
6.829999999999259330e+01 5.341855089607230184e-02 4.050223978472327624e-01
6.839999999999257341e+01 4.274936479010717910e-02 4.138832071831994308e-01
6.849999999999256772e+01 3.323042230243685585e-02 4.218362570196851902e-01
6.859999999999254783e+01 2.488503937152622067e-02 4.288493835524323505e-01
6.869999999999254214e+01 1.773135288732928874e-02 4.348950055572318729e-01
6.879999999999253646e+01 1.178228767470816674e-02 4.399501986567057044e-01
6.889999999999251656e+01 7.045544027812863062e-03 4.439967490984393361e-01
6.899999999999251088e+01 3.523605830187925749e-03 4.470211869750344569e-01
6.909999999999250520e+01 1.213769242953566512e-03 4.490147988941871060e-01
6.919999999999248530e+01 1.081918851722740016e-04 4.499736201843511640e-01
6.929999999999247962e+01 1.939623659888282980e-04 4.498984068033310968e-01
6.939999999999247393e+01 1.453189957315835024e-03 4.487945871944688525e-01
6.949999999999245404e+01 3.863114118827945271e-03 4.466721944151886281e-01
6.959999999999244835e+01 7.396233504351512264e-03 4.435457789420315655e-01
6.969999999999242846e+01 1.202045399116351797e-02 4.394343026337991232e-01
6.979999999999242277e+01 1.769925518228581893e-02 4.343610144120709782e-01
6.989999999999241709e+01 2.439187473783541518e-02 4.283533082937154290e-01
6.999999999999239719e+01 3.205350979641696796e-02 4.214425644835345652e-01
7.009999999999239151e+01 4.063553465287465805e-02 4.136639743061034102e-01
7.019999999999237161e+01 5.008573376625241602e-02 4.050563498235531523e-01
7.029999999999236593e+01 6.034854908321569261e-02 3.956619190513723794e-01
7.039999999999236024e+01 7.136534057892167382e-02 3.855261077427798444e-01
7.049999999999234035e+01 8.307465884118357680e-02 3.746973087702630267e-01
7.059999999999233466e+01 9.541252845574117736e-02 3.632266401822589197e-01
7.069999999999232898e+01 1.083127408920390444e-01 3.511676930597458779e-01
7.079999999999230909e+01 1.217071555402829824e-01 3.385762703368013771e-01
7.089999999999230340e+01 1.355260075135734654e-01 3.255101177845675098e-01
7.099999999999229772e+01 1.496982208018419191e-01 3.120286483853462189e-01
7.109999999999227782e+01 1.641517253493711970e-01 2.981926613468884324e-01
7.119999999999227214e+01 1.788137766228041214e-01 2.840640570218913030e-01
7.129999999999225224e+01 1.936112762420962585e-01 2.697055490090263796e-01
7.139999999999224656e+01 2.084710922616147266e-01 2.551803747140893863e-01
7.149999999999224087e+01 2.233203777121841316e-01 2.405520056490779712e-01
7.159999999999222098e+01 2.380868860451941793e-01 2.258838587382135665e-01
7.169999999999221529e+01 2.526992821570985814e-01 2.112390098870351174e-01
7.179999999999219540e+01 2.670874477146405468e-01 1.966799110510911719e-01
7.189999999999218971e+01 2.811827795470664415e-01 1.822681120176523617e-01
7.199999999999218403e+01 2.949184799208517394e-01 1.680639880842747791e-01
7.209999999999216413e+01 3.082298375636564058e-01 1.541264747851872341e-01
7.219999999999215845e+01 3.210544983568599520e-01 1.405128107783958635e-01
7.229999999999215277e+01 3.333327246696963231e-01 1.272782899650906907e-01
7.239999999999213287e+01 3.450076423618198551e-01 1.144760238668921237e-01
7.249999999999212719e+01 3.560254745365245554e-01 1.021567152377543669e-01
7.259999999999212150e+01 3.663357611801451030e-01 9.036844383472580899e-02
7.269999999999210161e+01 3.758915638799120162e-01 7.915646521602381913e-02
7.279999999999209592e+01 3.846496548678636218e-01 6.856302337672627589e-02
7.289999999999207603e+01 3.925706896947095959e-01 5.862717797054921992e-02
7.299999999999207034e+01 3.996193628971393963e-01 4.938464680282094593e-02
7.309999999999206466e+01 4.057645460796943104e-01 4.086766421329346421e-02
7.319999999999204476e+01 4.109794078964636443e-01 3.310485589901191600e-02
7.329999999999203908e+01 4.152415154786417983e-01 2.612113065730925845e-02
7.339999999999201918e+01 4.185329169211016720e-01 1.993758945667910634e-02
7.349999999999201350e+01 4.208402045096576449e-01 1.457145216979744036e-02
7.359999999999200782e+01 4.221545584371197424e-01 1.003600222803052375e-02
7.369999999999198792e+01 4.224717708317556331e-01 6.340549380765985593e-03
7.379999999999198224e+01 4.217922499906581191e-01 3.490410666328028558e-03
7.389999999999197655e+01 4.201210047867857678e-01 1.486909623972808986e-03
7.399999999999195666e+01 4.174676092914303971e-01 3.273936991219693966e-04
7.409999999999195097e+01 4.138461477286968226e-01 5.269716697505107376e-06
7.419999999999194529e+01 4.092751399525469402e-01 5.100572204715516722e-04
7.429999999999192539e+01 4.037774477104976723e-01 1.827459400076360090e-03
7.439999999999191971e+01 3.973801620312543137e-01 3.939451251947022337e-03
7.449999999999189981e+01 3.901144721435522711e-01 6.824384546294846345e-03
7.459999999999189413e+01 3.820155164067657316e-01 1.045710909946612026e-02
7.469999999999188844e+01 3.731222158001777922e-01 1.480910978001053445e-02
7.479999999999186855e+01 3.634770905896385629e-01 1.984865860763090906e-02
7.489999999999186286e+01 3.531260608561168080e-01 2.554098123726191924e-02
7.499999999999184297e+01 3.421182316404038914e-01 3.184843705589798790e-02
7.509999999999183729e+01 3.305056635252942021e-01 3.873071205790209331e-02
7.519999999999183160e+01 3.183431295461425781e-01 4.614502360534878528e-02
7.529999999999181171e+01 3.056878593890908213e-01 5.404633612397775899e-02
7.539999999999180602e+01 2.925992719075340420e-01 6.238758673272851163e-02
7.549999999999180034e+01 2.791386970567047432e-01 7.111991975574216696e-02
7.559999999999178044e+01 2.653690884195161748e-01 8.019292902071130380e-02
7.569999999999177476e+01 2.513547275662316727e-01 8.955490680668275194e-02
7.579999999999176907e+01 2.371609215621875433e-01 9.915309826802691517e-02
7.589999999999174918e+01 2.228536950054803845e-01 1.089339601303090654e-01
7.599999999999174349e+01 2.084994780420433014e-01 1.188434224276636031e-01
7.609999999999172360e+01 1.941647918662705308e-01 1.288271520311020935e-01
7.619999999999171791e+01 1.799159332683884227e-01 1.388308167030127271e-01
7.629999999999171223e+01 1.658186598371046150e-01 1.488003484053542214e-01
7.639999999999169233e+01 1.519378774598675874e-01 1.586822045881045307e-01
7.649999999999168665e+01 1.383373317881878839e-01 1.684236261903572229e-01
7.659999999999166675e+01 1.250793053448732151e-01 1.779728910996183355e-01
7.669999999999166107e+01 1.122243219450431706e-01 1.872795618360254544e-01
7.679999999999165539e+01 9.983086008151266511e-02 1.962947262552904582e-01
7.689999999999163549e+01 8.795507688681987457e-02 2.049712301006251514e-01
7.699999999999162981e+01 7.665054422804534751e-02 2.132639002763773994e-01
7.709999999999162412e+01 6.596799841758217708e-02 2.211297577656935187e-01
7.719999999999160423e+01 5.595510493233726151e-02 2.285282191719596734e-01
7.729999999999159854e+01 4.665623942858612705e-02 2.354212859265740199e-01
7.739999999999159286e+01 3.811228621906576769e-02 2.417737202740558311e-01
7.749999999999157296e+01 3.036045524669861093e-02 2.475532072210202272e-01
7.759999999999156728e+01 2.343411844705503913e-02 2.527305017130056508e-01
7.769999999999154738e+01 1.736266624200701394e-02 2.572795603862238489e-01
7.779999999999154170e+01 1.217138475292049715e-02 2.611776573279573910e-01
7.789999999999153601e+01 7.881354166109128326e-03 2.644054833654189696e-01
7.799999999999151612e+01 4.509368528829319454e-03 2.669472284941752371e-01
7.809999999999151044e+01 2.067877103741011090e-03 2.687906471461051217e-01
7.819999999999149054e+01 5.649472659285999926e-04 2.699271060874512407e-01
7.829999999999148486e+01 4.248791450526088765e-06 2.703516148264262786e-01
7.839999999999147917e+01 3.850592618032992959e-04 2.700628384977705188e-01
7.849999999999145928e+01 1.702290195941730689e-03 2.690630932770544104e-01
7.859999999999145359e+01 3.946533421466863478e-03 2.673583244614285426e-01
7.869999999999144791e+01 7.104127109629621364e-03 2.649580674329397034e-01
7.879999999999142801e+01 1.115724082476172128e-02 2.618753917981840873e-01
7.889999999999142233e+01 1.608397887707499821e-02 2.581268290720492575e-01
7.899999999999141664e+01 2.185850121746568328e-02 2.537322843424268393e-01
7.909999999999139675e+01 2.845116107271470837e-02 2.487149324201708978e-01
7.919999999999139106e+01 3.582865848777719991e-02 2.431010990409277484e-01
7.929999999999137117e+01 4.395420891693952586e-02 2.369201277445092402e-01
7.939999999999136548e+01 5.278772598572435693e-02 2.302042331133432040e-01
7.949999999999135980e+01 6.228601752898505622e-02 2.229883411032434481e-01
7.959999999999133991e+01 7.240299399557080517e-02 2.153099172487486224e-01
7.969999999999133422e+01 8.308988829565976120e-02 2.072087835703516623e-01
7.979999999999131433e+01 9.429548615111120469e-02 1.987269250529958009e-01
7.989999999999130864e+01 1.059663659921734613e-01 1.899082866042781648e-01
7.999999999999130296e+01 1.180471474242510005e-01 1.807985614358229853e-01
8.009999999999128306e+01 1.304807472666825729e-01 1.714449718444796267e-01
8.019999999999127738e+01 1.432086421407360588e-01 1.618960433978589020e-01
8.029999999999127169e+01 1.561711365584460831e-01 1.522013735551003555e-01
8.039999999999125180e+01 1.693076354356289892e-01 1.424113957751444448e-01
8.049999999999124611e+01 1.825569199253190555e-01 1.325771401831336571e-01
8.059999999999124043e+01 1.958574254405223147e-01 1.227499918795741662e-01
8.069999999999122053e+01 2.091475207097770184e-01 1.129814479872063571e-01
8.079999999999121485e+01 2.223657866869206967e-01 1.033228745358697465e-01
8.089999999999119495e+01 2.354512941187627550e-01 9.382526428732568258e-02
8.099999999999118927e+01 2.483438785601590482e-01 8.453899659824061497e-02
8.109999999999118359e+01 2.609844116207202802e-01 7.551360041135954382e-02
8.119999999999116369e+01 2.733150672250984070e-01 6.679752145207072667e-02
8.129999999999115801e+01 2.852795816773925353e-01 5.843789468919541319e-02
8.139999999999113811e+01 2.968235063335284418e-01 5.048032309588636884e-02
8.149999999999113243e+01 3.078944517078618381e-01 4.296866371875378982e-02
8.159999999999112674e+01 3.184423218700283553e-01 3.594482203016016036e-02
8.169999999999110685e+01 3.284195380243842277e-01 2.944855550123927357e-02
8.179999999999110116e+01 3.377812502098730962e-01 2.351728729072476501e-02
8.189999999999109548e+01 3.464855361066837003e-01 1.818593089799223211e-02
8.199999999999107558e+01 3.544935859954160273e-01 1.348672657761514591e-02
8.209999999999106990e+01 3.617698729750680187e-01 9.449090257746442512e-03
8.219999999999106421e+01 3.682823076157750730e-01 6.099475645649925920e-03
8.229999999999104432e+01 3.740023762936748319e-01 3.461250141469112817e-03
8.239999999999103864e+01 3.789052625345707970e-01 1.554585115659097572e-03
8.249999999999101874e+01 3.829699507729995012e-01 3.963610370685541405e-04
8.259999999999101306e+01 3.861793120203170226e-01 8.786759456144825779e-08
8.269999999999100737e+01 3.885201710255629659e-01 3.758410660485993920e-04
8.279999999999098748e+01 3.899833546044256805e-01 1.530213468710985708e-03
8.289999999999098179e+01 3.905637209105941032e-01 3.466283237390440329e-03
8.299999999999096190e+01 3.902601695224288680e-01 6.183597988041362147e-03
8.309999999999095621e+01 3.890756323209269563e-01 9.678175134537966504e-03
8.319999999999095053e+01 3.870170452411151873e-01 1.394251840349353296e-02
8.329999999999093063e+01 3.840953010836459236e-01 1.896565039751156242e-02
8.339999999999092495e+01 3.803251836845647493e-01 2.473316100639509976e-02
8.349999999999091926e+01 3.757252838457512678e-01 3.122727138917951589e-02
8.359999999999089937e+01 3.703178975378851878e-01 3.842691317482628544e-02
8.369999999999089368e+01 3.641289069912481691e-01 4.630782245648059486e-02
8.379999999999088800e+01 3.571876453909221816e-01 5.484264808407866149e-02
8.389999999999086810e+01 3.495267459889289663e-01 6.400107369289750880e-02
8.399999999999086242e+01 3.411819765353474310e-01 7.374995284217533698e-02
8.409999999999084253e+01 3.321920600116935463e-01 8.405345657857096753e-02
8.419999999999083684e+01 3.225984827231518914e-01 9.487323268411008981e-02
8.429999999999083116e+01 3.124452908667855189e-01 1.061685758180956340e-01
8.439999999999081126e+01 3.017788767450234055e-01 1.178966077172215188e-01
8.449999999999080558e+01 2.906477558311734710e-01 1.300124665783085054e-01
8.459999999999078568e+01 2.791023359210492716e-01 1.424695047137972959e-01
8.469999999999078000e+01 2.671946796173635952e-01 1.552194935405804277e-01
8.479999999999077431e+01 2.549782613958768152e-01 1.682128349402630119e-01
8.489999999999075442e+01 2.425077204921519958e-01 1.813987780100808078e-01
8.499999999999074873e+01 2.298386108266588235e-01 1.947256402115726537e-01
8.509999999999074305e+01 2.170271491559816468e-01 2.081410319161560163e-01
8.519999999999072315e+01 2.041299626002223144e-01 2.215920833443350002e-01
8.529999999999071747e+01 1.912038366513107712e-01 2.350256728969461473e-01
8.539999999999071179e+01 1.783054647194727282e-01 2.483886558823112101e-01
8.549999999999069189e+01 1.654912002221055611e-01 2.616280926543370633e-01
8.559999999999068621e+01 1.528168121677292157e-01 2.746914751885380923e-01
8.569999999999066631e+01 1.403372451358843032e-01 2.875269511406169931e-01
8.579999999999066063e+01 1.281063845037285209e-01 3.000835444515715378e-01
8.589999999999065494e+01 1.161768277248453746e-01 3.123113715846853045e-01
8.599999999999063505e+01 1.045996624234179911e-01 3.241618525057393674e-01
8.609999999999062936e+01 9.342425203070080231e-02 3.355879155426482185e-01
8.619999999999060947e+01 8.269802965904150815e-02 3.465441952912708956e-01
8.629999999999060378e+01 7.246630088234413958e-02 3.569872227634521833e-01
8.639999999999059810e+01 6.277205607043825908e-02 3.668756070070146591e-01
8.649999999999057820e+01 5.365579290678457874e-02 3.761702074613397229e-01
8.659999999999057252e+01 4.515534970423433492e-02 3.848342963497329849e-01
8.669999999999056683e+01 3.730575012014007014e-02 3.928337104471211760e-01
8.679999999999054694e+01 3.013905985915745628e-02 4.001369916042900599e-01
8.689999999999054126e+01 2.368425593756026334e-02 4.067155154517710369e-01
8.699999999999053557e+01 1.796710906582940637e-02 4.125436077530604262e-01
8.709999999999051568e+01 1.301007968491346006e-02 4.175986479242514982e-01
8.719999999999050999e+01 8.832228164663667377e-03 4.218611592888519835e-01
8.729999999999049010e+01 5.449139639551517193e-03 4.253148856893447793e-01
8.739999999999048441e+01 2.872863915777817967e-03 4.279468541327539066e-01
8.749999999999047873e+01 1.111870834940781707e-03 4.297474232064358302e-01
8.759999999999045883e+01 1.710214220776997644e-04 4.307103170609692389e-01
8.769999999999045315e+01 5.155508024304228306e-05 4.308326448190130664e-01
8.779999999999043325e+01 7.510930201527983617e-04 4.301149053347961826e-01
8.789999999999042757e+01 2.263658032435211624e-03 4.285609772947528429e-01
8.799999999999042188e+01 4.579710622577852844e-03 4.261780947164183764e-01
8.809999999999040199e+01 7.686201435860787710e-03 4.229768079721964447e-01
8.819999999999039630e+01 1.156663980272908641e-02 4.189709305320547528e-01
8.829999999999039062e+01 1.620117813559993070e-02 4.141774716871158279e-01
8.839999999999037072e+01 2.156671180753952366e-02 4.086165555845878705e-01
8.849999999999036504e+01 2.763699404312737473e-02 4.023113269698796457e-01
8.859999999999035936e+01 3.438276525360538238e-02 3.952878440953858652e-01
8.869999999999033946e+01 4.177189615372333548e-02 3.875749593198887788e-01
8.879999999999033378e+01 4.976954390754523977e-02 3.792041879786697822e-01
8.889999999999031388e+01 5.833832046645952979e-02 3.702095661632568424e-01
8.899999999999030820e+01 6.743847218556023315e-02 3.606274981004575220e-01
8.909999999999030251e+01 7.702806973542587754e-02 3.504965938692455318e-01
8.919999999999028262e+01 8.706320726553566647e-02 3.398574982385565990e-01
8.929999999999027693e+01 9.749820972442084510e-02 3.287527114474549927e-01
8.939999999999025704e+01 1.082858471993338456e-01 3.172264027842839340e-01
8.949999999999025135e+01 1.193775551059465811e-01 3.053242178511195726e-01
8.959999999999024567e+01 1.307236590361698092e-01 2.930930804230600928e-01
8.969999999999022577e+01 1.422736030588723777e-01 2.805809898316463102e-01
8.979999999999022009e+01 1.539761802647640343e-01 2.678368148153850159e-01
8.989999999999021441e+01 1.657797643525248665e-01 2.549100847879108844e-01
8.999999999999019451e+01 1.776325410672395522e-01 2.418507794780493658e-01
9.009999999999018883e+01 1.894827383250086705e-01 2.287091178938497615e-01
9.019999999999018314e+01 2.012788538880243838e-01 2.155353475549791620e-01
9.029999999999016325e+01 2.129698794923913507e-01 2.023795349266606924e-01
9.039999999999015756e+01 2.245055203750224437e-01 1.892913579707578564e-01
9.049999999999013767e+01 2.358364091967366516e-01 1.763199017090639475e-01
9.059999999999013198e+01 2.469143134148792662e-01 1.635134576683693886e-01
9.069999999999012630e+01 2.576923352187260319e-01 1.509193280469954823e-01
9.079999999999010640e+01 2.681251032066818141e-01 1.385836354103833212e-01
9.089999999999010072e+01 2.781689550513501974e-01 1.265511386862373522e-01
9.099999999999008082e+01 2.877821104694215371e-01 1.148650561908071965e-01
9.109999999999007514e+01 2.969248338860501213e-01 1.035668963756605360e-01
9.119999999999006945e+01 3.055595862557914932e-01 9.269629693992610664e-02
9.129999999999004956e+01 3.136511655765524265e-01 8.229087290668758714e-02
9.139999999999004388e+01 3.211668357056037815e-01 7.238607421378795426e-02
9.149999999999003819e+01 3.280764431586652430e-01 6.301505332038685736e-02
9.159999999999001830e+01 3.343525216435245251e-01 5.420854327954582885e-02
9.169999999999001261e+01 3.399703841467106580e-01 4.599474667645506165e-02
9.179999999999000693e+01 3.449082024571638594e-01 3.839923578003495014e-02
9.189999999998998703e+01 3.491470740719651022e-01 3.144486420415655570e-02
9.199999999998998135e+01 3.526710764874336212e-01 2.515169032292351864e-02
9.209999999998996145e+01 3.554673089322460400e-01 1.953691263359277550e-02
9.219999999998995577e+01 3.575259216500013548e-01 1.461481720982956908e-02
9.229999999998995008e+01 3.588401328839581628e-01 1.039673733840975993e-02
9.239999999998993019e+01 3.594062337587301537e-01 6.891025383522757231e-03
9.249999999998992450e+01 3.592235812924336469e-01 4.103036875182103013e-03
9.259999999998990461e+01 3.582945798056079711e-01 2.035126771715043813e-03
9.269999999998989892e+01 3.566246510259736269e-01 6.866578012185719799e-04
9.279999999998989324e+01 3.542221932136641604e-01 5.402074315165265043e-05
9.289999999998987334e+01 3.510985296582296855e-01 1.306664690807705497e-04
9.299999999998986766e+01 3.472678469190935147e-01 9.071495210264297893e-04
9.309999999998986198e+01 3.427471232013182822e-01 2.371182966921160217e-03
9.319999999998984208e+01 3.375560472763086128e-01 4.507704235457766530e-03
9.329999999998983640e+01 3.317169283720813877e-01 7.298951597095082282e-03
9.339999999998983071e+01 3.252545974709235010e-01 1.072455092425638606e-02
9.349999999998981082e+01 3.181963004658142080e-01 1.476161233181258817e-02
9.359999999998980513e+01 3.105715836353487580e-01 1.938483626880115399e-02
9.369999999998978524e+01 3.024121719078433634e-01 2.456662860411475136e-02
9.379999999998977955e+01 2.937518403916867249e-01 3.027722422239279357e-02
9.389999999998977387e+01 2.846262796552997409e-01 3.648481862188749508e-02
9.399999999998975397e+01 2.750729552454824201e-01 4.315570698343031836e-02
9.409999999998974829e+01 2.651309619357787861e-01 5.025443015875531022e-02
9.419999999998972839e+01 2.548408731991455012e-01 5.774392700770518416e-02
9.429999999998972271e+01 2.442445863999461730e-01 6.558569249680575031e-02
9.439999999998971703e+01 2.333851642004640403e-01 7.373994095647101732e-02
9.449999999998969713e+01 2.223066726762815970e-01 8.216577388097391632e-02
9.459999999998969145e+01 2.110540166327020128e-01 9.082135164386030690e-02
9.469999999998968576e+01 1.996727726122005386e-01 9.966406849165461435e-02
9.479999999998966587e+01 1.882090200805479341e-01 1.086507301711421708e-01
9.489999999998966018e+01 1.767091712751322485e-01 1.177377335390947660e-01
9.499999999998965450e+01 1.652198001971602326e-01 1.268812474992258577e-01
9.509999999998963460e+01 1.537874712259405252e-01 1.360373946080288832e-01
9.519999999998962892e+01 1.424585678307365155e-01 1.451624326907265672e-01
9.529999999998960902e+01 1.312791218538560400e-01 1.542129358084582125e-01
9.539999999998960334e+01 1.202946438367197418e-01 1.631459739208874771e-01
9.549999999998959765e+01 1.095499548594395106e-01 1.719192905917452385e-01
9.559999999998957776e+01 9.908902036328852414e-02 1.804914780907303784e-01
9.569999999998957207e+01 8.895478642489247634e-02 1.888221492523039502e-01
9.579999999998955218e+01 7.918901895055750761e-02 1.968721054611212995e-01
9.589999999998954650e+01 6.983214625780329032e-02 2.046035001438867018e-01
9.599999999998954081e+01 6.092310551051132589e-02 2.119799971607080891e-01
9.609999999998952092e+01 5.249919347183443913e-02 2.189669235020775262e-01
9.619999999998951523e+01 4.459592203635080743e-02 2.255314157143345211e-01
9.629999999998950955e+01 3.724687899882392350e-02 2.316425594936059040e-01
9.639999999998948965e+01 3.048359451154516661e-02 2.372715219077129734e-01
9.649999999998948397e+01 2.433541367528126512e-02 2.423916757267810251e-01
9.659999999998947828e+01 1.882937570018834370e-02 2.469787153660170931e-01
9.669999999998945839e+01 1.399010006296483311e-02 2.510107639689092007e-01
9.679999999998945270e+01 9.839680074640234919e-03 2.544684711851549763e-01
9.689999999998943281e+01 6.397584260336314568e-03 2.573351012254072034e-01
9.699999999998942712e+01 3.680565937909712360e-03 2.595966108047297327e-01
9.709999999998942144e+01 1.702581367157386411e-03 2.612417166170528660e-01
9.719999999998940154e+01 4.747168253951212558e-04 2.622619520150999417e-01
9.729999999998939586e+01 5.124948990881118286e-06 2.626517126044512485e-01
9.739999999998937597e+01 2.989706642704163613e-04 2.624082904940113203e-01
9.749999999998937028e+01 1.358387015230722245e-03 2.615318969820803474e-01
9.759999999998936460e+01 3.182441179962403315e-03 2.600256734935338376e-01
9.769999999998934470e+01 5.767110952636038401e-03 2.578956906217970135e-01
9.779999999998933902e+01 9.105271953336754875e-03 2.551509351677175852e-01
9.789999999998933333e+01 1.318669581375147941e-02 2.518032851085050816e-01
9.799999999998931344e+01 1.799805957244669796e-02 2.478674724687841002e-01
9.809999999998930775e+01 2.352296649871581449e-02 2.433610341094105400e-01
9.819999999998930207e+01 2.974197854825409021e-02 2.383042504906801307e-01
9.829999999998928217e+01 3.663266063639469827e-02 2.327200725109639656e-01
9.839999999998927649e+01 4.416963689463664078e-02 2.266340365660374778e-01
9.849999999998925659e+01 5.232465905293906538e-02 2.200741680193234184e-01
9.859999999998925091e+01 6.106668706257777079e-02 2.130708733199613292e-01
9.869999999998924523e+01 7.036198204197878503e-02 2.056568210522986828e-01
9.879999999998922533e+01 8.017421158944228188e-02 1.978668122489590231e-01
9.889999999998921965e+01 9.046456746209981248e-02 1.897376403474438089e-01
9.899999999998919975e+01 1.011918955687677035e-01 1.813079412203116025e-01
9.909999999998919407e+01 1.123128381656469388e-01 1.726180337583966551e-01
9.919999999998918838e+01 1.237819880780129667e-01 1.637097515361463917e-01
9.929999999998916849e+01 1.355520546982191821e-01 1.546262661386051396e-01
9.939999999998916280e+01 1.475740414309724136e-01 1.454119027786204554e-01
9.949999999998915712e+01 1.597974341724429925e-01 1.361119488820506374e-01
9.959999999998913722e+01 1.721704003194829136e-01 1.267724563658478854e-01
9.969999999998913154e+01 1.846399977132477666e-01 1.174400383806387532e-01
9.979999999998912585e+01 1.971523928260272285e-01 1.081616613329873106e-01
9.989999999998910596e+01 2.096530874052862370e-01 9.898443304430053213e-02
