1.000000000000000000e+00 2.000000000000000000e+00 0.000000000000000000e+00
1.099999999999988987e+00 1.997600966434535774e+00 1.999200209273151348e-03
1.199999999999977973e+00 1.990415454884800539e+00 7.987208592738064342e-03
1.299999999999966960e+00 1.978478172904027277e+00 1.793529490880774180e-02
1.399999999999955946e+00 1.961846771256794852e+00 3.179573014744619536e-02
1.499999999999944933e+00 1.940601556919834492e+00 4.950201778169403821e-02
1.599999999999933920e+00 1.914845095845136402e+00 7.096921588036160522e-02
1.699999999999922906e+00 1.884701707465039400e+00 9.609434848109503491e-02
1.799999999999911893e+00 1.850316853431153596e+00 1.247569041914289023e-01
1.899999999999900879e+00 1.811856423579555342e+00 1.568194195637218069e-01
1.999999999999889866e+00 1.769505922606519954e+00 1.921281443795363197e-01
2.099999999999878852e+00 1.723469561409617601e+00 2.305137855826678572e-01
2.199999999999867839e+00 1.673969257509181796e+00 2.717923262189287370e-01
2.299999999999856826e+00 1.621243549405215756e+00 3.157659153770588922e-01
2.399999999999845812e+00 1.565546430141241396e+00 3.622238247803600819e-01
2.499999999999834799e+00 1.507146105748362164e+00 4.109434673547394112e-01
2.599999999999823785e+00 1.446323684609203131e+00 4.616914727970710675e-01
2.699999999999812772e+00 1.383371804134745808e+00 5.142248148903471039e-01
2.799999999999801759e+00 1.318593201462143316e+00 5.682919850583797450e-01
2.899999999999790745e+00 1.252299235173306879e+00 6.236342064283545428e-01
2.999999999999779732e+00 1.184808365290922927e+00 6.799866824692488709e-01
3.099999999999768718e+00 1.116444599034829732e+00 7.370798741064712445e-01
3.199999999999757705e+00 1.047535910012823201e+00 7.946407990716580771e-01
3.299999999999746692e+00 9.784126386718312585e-01 8.523943471393635729e-01
3.399999999999735678e+00 9.094058819530097537e-01 9.100646048223068885e-01
3.499999999999724665e+00 8.408458801707294761e-01 9.673761830529585826e-01
3.599999999999713651e+00 7.730604091701041014e-01 1.024055541365624489e+00
3.699999999999702638e+00 7.063731858112788364e-01 1.079832302109932085e+00
3.799999999999691624e+00 6.411022947804090322e-01 1.134440548282003247e+00
3.899999999999680611e+00 5.775586446332207080e-01 1.187620098639731392e+00
3.999999999999669598e+00 5.160444608395605703e-01 1.239117753887928330e+00
4.099999999999658584e+00 4.568518234168549297e-01 1.288688507865153099e+00
4.199999999999647571e+00 4.002612565162731451e-01 1.336096717845530302e+00
4.299999999999636557e+00 3.465403770546733875e-01 1.381117228273489150e+00
4.399999999999625544e+00 2.959426091785791191e-01 1.423536442493411824e+00
4.499999999999614531e+00 2.487059709942142094e-01 1.463153337299470724e+00
4.599999999999603517e+00 2.050519396095148161e-01 1.499780415421811730e+00
4.699999999999592504e+00 1.651844001095287007e-01 1.533244591386744515e+00
4.799999999999581490e+00 1.292886836288055785e-01 1.563388006526659435e+00
4.899999999999570477e+00 9.753069919579442082e-02 1.590068769278689453e+00
4.999999999999559464e+00 7.005616351098911676e-02 1.613161617288483951e+00
5.099999999999548450e+00 4.698993228197820282e-02 1.632558498240968659e+00
5.199999999999537437e+00 2.843543618314430671e-02 1.648169066741143052e+00
5.299999999999526423e+00 1.447422393632859239e-02 1.659921095007099057e+00
5.399999999999515410e+00 5.165614427310557394e-03 1.667760795556314513e+00
5.499999999999504396e+00 5.464591846915221743e-04 1.671653054524966153e+00
5.599999999999493383e+00 6.310159576834497566e-04 1.671581574691478389e+00
5.699999999999482370e+00 5.410933540702401838e-03 1.667548927740082787e+00
5.799999999999471356e+00 1.485534741001264848e-02 1.659576515738197644e+00
5.899999999999460343e+00 2.891108516437969345e-02 1.647704442255321755e+00
5.999999999999449329e+00 4.750298020131935722e-02 1.631991293992907099e+00
6.099999999999438316e+00 7.053429151634707517e-02 1.612513834231329657e+00
6.199999999999427303e+00 9.788722698721129267e-02 1.589366609822717935e+00
6.299999999999416289e+00 1.294235670016742612e-01 1.562661473878500740e+00
6.399999999999405276e+00 1.649853848073949691e-01 1.532527026701341999e+00
6.499999999999394262e+00 2.043958595086673435e-01 1.499107977896049437e+00
6.599999999999383249e+00 2.474601772083440121e-01 1.462564432964855277e+00
6.699999999999372235e+00 2.939665153961723565e-01 1.423071108045542044e+00
6.799999999999361222e+00 3.436871053171174917e-01 1.380816476779272550e+00
6.899999999999350209e+00 3.963793667177241686e-01 1.336001853603220324e+00
6.999999999999339195e+00 4.517871090645526055e-01 1.288840418056215187e+00
7.099999999999328182e+00 5.096417930568336585e-01 1.239556184938009453e+00
7.199999999999317168e+00 5.696638460171083995e-01 1.188382925410215396e+00
7.299999999999306155e+00 6.315640245393342456e-01 1.135563044330271998e+00
7.399999999999295142e+00 6.950448176016300605e-01 1.081346419300646122e+00
7.499999999999284128e+00 7.598018832126828270e-01 1.025989207069378795e+00
7.599999999999273115e+00 8.255255115591382253e-01 9.697526230486649412e-01
7.699999999999262101e+00 8.919021075485026318e-01 9.129016998215594425e-01
7.799999999999251088e+00 9.586156856071281762e-01 8.557040305766465682e-01
7.899999999999240075e+00 1.025349369590050186e+00 7.984285034584133189e-01
7.999999999999229061e+00 1.091786890688573042e+00 7.413440328351089681e-01
8.099999999999218048e+00 1.157614076283743243e+00 6.847182934748695660e-01
8.199999999999207034e+00 1.222520322792078007e+00 6.288164635798423330e-01
8.299999999999196021e+00 1.286200045669971592e+00 5.738999825605534122e-01
8.399999999999185007e+00 1.348354099907622672e+00 5.202253293371265075e-01
8.499999999999173994e+00 1.408691164521777894e+00 4.680428268330548147e-01
8.599999999999162981e+00 1.466929084780050241e+00 4.175954781790165993e-01
8.699999999999151967e+00 1.522796166122916794e+00 3.691178399725478232e-01
8.799999999999140954e+00 1.576032414026130812e+00 3.228349377424136191e-01
8.899999999999129940e+00 1.626390714333386889e+00 2.789612285484615595e-01
8.999999999999118927e+00 1.673637948903794470e+00 2.376996154062381572e-01
9.099999999999107914e+00 1.717556041761804764e+00 1.992405179648934765e-01
9.199999999999096900e+00 1.757942931284201871e+00 1.637610035871305547e-01
9.299999999999085887e+00 1.794613464335595543e+00 1.314239826817767964e-01
9.399999999999074873e+00 1.827400208653080282e+00 1.023774718265992728e-01
9.499999999999063860e+00 1.856154180179172108e+00 7.675392789041435293e-02
9.599999999999052847e+00 1.880745482455469464e+00 5.466965602256940171e-02
9.699999999999041833e+00 1.901063855608881914e+00 3.622429402589941866e-02
9.799999999999030820e+00 1.917019132898020173e+00 2.150037526729409870e-02
9.899999999999019806e+00 1.928541603208639099e+00 1.056297191068372547e-02
9.999999999999008793e+00 1.935582278335854944e+00 3.459419881497936746e-03
1.009999999999899778e+01 1.938113064318694123e+00 2.191265918604048588e-04
1.019999999999898677e+01 1.936126836535016826e+00 8.534620732700297276e-04
1.029999999999897575e+01 1.929637418694763573e+00 5.355733780204487496e-03
1.039999999999896474e+01 1.918679466298190972e+00 1.370124494567274281e-02
1.049999999999895373e+01 1.903308255549224670e+00 2.584743598990957292e-02
1.059999999999894271e+01 1.883599379125778350e+00 4.173410810783167307e-02
1.069999999999893170e+01 1.859648350611180057e+00 6.128372779122351344e-02
1.079999999999892069e+01 1.831570119784373230e+00 8.440181067944324544e-02
1.089999999999890967e+01 1.799498501342315260e+00 1.109773827791605272e-01
1.099999999999889866e+01 1.763585519990989559e+00 1.408835167512784980e-01
1.109999999999888765e+01 1.724000675189925724e+00 1.739779406321942667e-01
1.119999999999887663e+01 1.680930129161401609e+00 2.101037160390435421e-01
1.129999999999886562e+01 1.634575822088633945e+00 2.490899826064290334e-01
1.139999999999885461e+01 1.585154518716997973e+00 2.907527651137463698e-01
1.149999999999884359e+01 1.532896790843456536e+00 3.348958394934420935e-01
1.159999999999883258e+01 1.478045940425644078e+00 3.813116536570093085e-01
1.169999999999882156e+01 1.420856868275996332e+00 4.297822988429578772e-01
1.179999999999881055e+01 1.361594893502229286e+00 4.800805269765884287e-01
1.189999999999879954e+01 1.300534529048028798e+00 5.319708093386270598e-01
1.199999999999878852e+01 1.237958218836441082e+00 5.852104316675244000e-01
1.209999999999877751e+01 1.174155042166729945e+00 6.395506206699178575e-01
1.219999999999876650e+01 1.109419391118247056e+00 6.947376967848409857e-01
1.229999999999875548e+01 1.044049626814276488e+00 7.505142479439501635e-01
1.239999999999874447e+01 9.783467204610546419e-01 8.066203189843659249e-01
1.249999999999873346e+01 9.126128851259519559e-01 8.627946113145402718e-01
1.259999999999872244e+01 8.471502042402897503e-01 9.187756873957361181e-01
1.269999999999871143e+01 7.822592628124457326e-01 9.743031745888777184e-01
1.279999999999870042e+01 7.182377873166546633e-01 1.029118962930480219e+00
1.289999999999868940e+01 6.553793001780785499e-01 1.082968391431180066e+00
1.299999999999867839e+01 5.939717947087665983e-01 1.135601417551983960e+00
1.309999999999866738e+01 5.342964362626161368e-01 1.186773764592220504e+00
1.319999999999865636e+01 4.766262952647501994e-01 1.236248041825874999e+00
1.329999999999864535e+01 4.212251176415975906e-01 1.283794832349483661e+00
1.339999999999863434e+01 3.683461380219013592e-01 1.329193743753110724e+00
1.349999999999862332e+01 3.182309409021404911e-01 1.372234416892332165e+00
1.359999999999861231e+01 2.711083747727904836e-01 1.412717488230101237e+00
1.369999999999860130e+01 2.271935239792685080e-01 1.450455501426986427e+00
1.379999999999859028e+01 1.866867428505543935e-01 1.485273764086739723e+00
1.389999999999857927e+01 1.497727563642571036e-01 1.517011145808185191e+00
1.399999999999856826e+01 1.166198313317116653e-01 1.545520813964105455e+00
1.409999999999855724e+01 8.737902178338936843e-02 1.570670903900941662e+00
1.419999999999854623e+01 6.218349191083386018e-02 1.592345120555002769e+00
1.429999999999853522e+01 4.114791958040091985e-02 1.610443268782540516e+00
1.439999999999852420e+01 2.436798307726361842e-02 1.624881710029029591e+00
1.449999999999851319e+01 1.191993336647787123e-02 1.635593743289855517e+00
1.459999999999850218e+01 3.860253774272240628e-03 1.642529908657254234e+00
1.469999999999849116e+01 2.254085987316168239e-04 1.645658212098718431e+00
1.479999999999848015e+01 1.031681757373593966e-03 1.644964270463677547e+00
1.489999999999846914e+01 6.275106172108054284e-03 1.640451376078573942e+00
1.499999999999845812e+01 1.593148418223240895e-02 1.632140480652107595e+00
1.509999999999844711e+01 2.995649886611831403e-02 1.620070098570062012e+00
1.519999999999843610e+01 4.828591574451385898e-02 1.604296130032349499e+00
1.529999999999842508e+01 7.083587393539758637e-02 1.584891604834873347e+00
1.539999999999841407e+01 9.750326543433353310e-02 1.561946347960994297e+00
1.549999999999840306e+01 1.281662008073190251e-01 1.535566568496860018e+00
1.559999999999839204e+01 1.626845592072457825e-01 1.505874373728953719e+00
1.569999999999838103e+01 2.009006202614500303e-01 1.473007210614501794e+00
1.579999999999837001e+01 2.426397750286892474e-01 1.437117237145126847e+00
1.589999999999835900e+01 2.877113128885926407e-01 1.398370626431196362e+00
1.599999999999834799e+01 3.359092809085956199e-01 1.356946806643783976e+00
1.609999999999833875e+01 3.870134119298724862e-01 1.313037640226903502e+00
1.619999999999832596e+01 4.407901173285556640e-01 1.266846546076852320e+00
1.629999999999831317e+01 4.969935401387762797e-01 1.218587568628693996e+00
1.639999999999830393e+01 5.553666639727076193e-01 1.168484398041569561e+00
1.649999999999829470e+01 6.156424729364647908e-01 1.116769345883139142e+00
1.659999999999828191e+01 6.775451575233504276e-01 1.063682280924103329e+00
1.669999999999826912e+01 7.407913612646398471e-01 1.009469529834094548e+00
1.679999999999825988e+01 8.050914627336309692e-01 9.543827477279679394e-01
1.689999999999825064e+01 8.701508873340952910e-01 8.986777636601398500e-01
1.699999999999823785e+01 9.356714431530988030e-01 8.426134062778911638e-01
1.709999999999822506e+01 1.001352675034616446e+00 7.864503149441428587e-01
1.719999999999821583e+01 1.066893230914331303e+00 7.304497417166451179e-01
1.729999999999820659e+01 1.131992234374277206e+00 6.748723496176018966e-01
1.739999999999819380e+01 1.196350657306505916e+00 6.199770126595308684e-01
1.749999999999818101e+01 1.259672686533694685e+00 5.660196230934718686e-01
1.759999999999817177e+01 1.321667078220791325e+00 5.132519113285345380e-01
1.769999999999816254e+01 1.382048493916508525e+00 4.619202839227577462e-01
1.779999999999814975e+01 1.440538812109487088e+00 4.122646849793685231e-01
1.789999999999813696e+01 1.496868409244721754e+00 3.645174861854107440e-01
1.799999999999812772e+01 1.550777404251250768e+00 3.189024106144111581e-01
1.809999999999811848e+01 1.602016860757885075e+00 2.756334952687930495e-01
1.819999999999810569e+01 1.650349941339188220e+00 2.349140971755209750e-01
1.829999999999809290e+01 1.695553008327258970e+00 1.969359476561899081e-01
1.839999999999808367e+01 1.737416665951394545e+00 1.618782591838758556e-01
1.849999999999807443e+01 1.775746738823295701e+00 1.299068890047199165e-01
1.859999999999806164e+01 1.810365182074740398e+00 1.011735634506596149e-01
1.869999999999804885e+01 1.841110918763092741e+00 7.581516659616760467e-02
1.879999999999803961e+01 1.867840600505589199e+00 5.395309662279144242e-02
1.889999999999803038e+01 1.890429287657854118e+00 3.569269294827293049e-02
1.899999999999801759e+01 1.908771045738302918e+00 2.112273685578700683e-02
1.909999999999800480e+01 1.922779455193121656e+00 1.031502802404233275e-02
1.919999999999799556e+01 1.932388032012592127e+00 3.324039012769827717e-03
1.929999999999798632e+01 1.937550557122373895e+00 1.866494019102630673e-04
1.939999999999797353e+01 1.938241312904818159e+00 9.219609186219683040e-04
1.949999999999796074e+01 1.934455225636256825e+00 5.531194515635240797e-03
1.959999999999795151e+01 1.926207913049836407e+00 1.399766998945432134e-02
1.969999999999794227e+01 1.913535636668182605e+00 2.628686834902527539e-02
1.979999999999792948e+01 1.896495158971063466e+00 4.234657676657242742e-02
1.989999999999791669e+01 1.875163505879728909e+00 6.210711556397774391e-02
1.999999999999790745e+01 1.849637635449163264e+00 8.548164631196172869e-02
2.009999999999789821e+01 1.820034014065746053e+00 1.123665597468525568e-01
2.019999999999788542e+01 1.786488101832137465e+00 1.426419418428192532e-01
2.029999999999787264e+01 1.749153749211474596e+00 1.761721160166140887e-01
2.039999999999786340e+01 1.708202507376539669e+00 2.128062590898729678e-01
2.049999999999785416e+01 1.663822855070520079e+00 2.523790882907311905e-01
2.059999999999784137e+01 1.616219345148790065e+00 2.947116162439346043e-01
2.069999999999782858e+01 1.565611674321313096e+00 3.396119705790582866e-01
2.079999999999781934e+01 1.512233679951829890e+00 3.868762744782545115e-01
2.089999999999781011e+01 1.456332268112287887e+00 4.362895841927915130e-01
2.099999999999779732e+01 1.398166277414150560e+00 4.876268792807714747e-01
2.109999999999778453e+01 1.338005283461060513e+00 5.406541010574772432e-01
2.119999999999777529e+01 1.276128349073623935e+00 5.951292345095523517e-01
2.129999999999776605e+01 1.212822725743862406e+00 6.508034287000441509e-01
2.139999999999775326e+01 1.148382512059924254e+00 7.074221504906836877e-01
2.149999999999774047e+01 1.083107275118754709e+00 7.647263662288295016e-01
2.159999999999773124e+01 1.017300641197835587e+00 8.224537458880284424e-01
2.169999999999772200e+01 9.512688621958133028e-01 8.803398840228142674e-01
2.179999999999770921e+01 8.853193645616217466e-01 9.381195317872236261e-01
2.189999999999769642e+01 8.197592876167583142e-01 9.955278341923751162e-01
2.199999999999768718e+01 7.548940183278838312e-01 1.052301566722234627e+00
2.209999999999767795e+01 6.910257297060411474e-01 1.108180365405762480e+00
2.219999999999766516e+01 6.284519300859119362e-01 1.162907944449057318e+00
2.229999999999765237e+01 5.674640305808275054e-01 1.216233295565118722e+00
2.239999999999764313e+01 5.083459379995705074e-01 1.267911863209374213e+00
2.249999999999763389e+01 4.513726804607356979e-01 1.317706690017643067e+00
2.259999999999762110e+01 3.968090728419362834e-01 1.365389526878979964e+00
2.269999999999760831e+01 3.449084290498095062e-01 1.410741902222871103e+00
2.279999999999759908e+01 2.959113279033628308e-01 1.453556145292631552e+00
2.289999999999758984e+01 2.500444391763859686e-01 1.493636358389234697e+00
2.299999999999757705e+01 2.075194160545983935e-01 1.530799333307647503e+00
2.309999999999756426e+01 1.685318599286950159e-01 1.564875407464600521e+00
2.319999999999755502e+01 1.332603630664831174e-01 1.595709255498724888e+00
2.329999999999754579e+01 1.018656342944482956e-01 1.623160612450078366e+00
2.339999999999753300e+01 7.448971236942486529e-02 1.647104924956348748e+00
2.349999999999752021e+01 5.125527124287911768e-02 1.667433927266749549e+00
2.359999999999751097e+01 3.226502091626157198e-02 1.684056139238714778e+00
2.369999999999750173e+01 1.760120706088943304e-02 1.696897283885482777e+00
2.379999999999748894e+01 7.325212034537687163e-03 1.705900622430476465e+00
2.389999999999747615e+01 1.477259373887649654e-03 1.711027205248251359e+00
2.399999999999746692e+01 7.622328129943465160e-05 1.712256037484258586e+00
2.409999999999745768e+01 3.119544060425723589e-03 1.709584158577939661e+00
2.419999999999744489e+01 1.058324989140053615e-02 1.703026635337686390e+00
2.429999999999743210e+01 2.242208477638019462e-02 1.692616468651954031e+00
2.439999999999742286e+01 3.856974193295632097e-02 1.678404414345548545e+00
2.449999999999741362e+01 5.893920136924440251e-02 1.660458719120808446e+00
2.459999999999740083e+01 8.342316984252745593e-02 1.638864772937746350e+00
2.469999999999738804e+01 1.118946208853227320e-01 1.613724679607433377e+00
2.479999999999737881e+01 1.442074320805602217e-01 1.585156747766083729e+00
2.489999999999736957e+01 1.801971162827840367e-01 1.553294904800137433e+00
2.499999999999735678e+01 2.196816430163155143e-01 1.518288036658887341e+00
2.509999999999734399e+01 2.624623458359190420e-01 1.480299256863411461e+00
2.519999999999733475e+01 3.083249110118527758e-01 1.439505108356922358e+00
2.529999999999732552e+01 3.570404425009560678e-01 1.396094702179195846e+00
2.539999999999731273e+01 4.083665977894056498e-01 1.350268797243188379e+00
2.549999999999729994e+01 4.620487888446145330e-01 1.302238825785508647e+00
2.559999999999729070e+01 5.178214420906593896e-01 1.252225869320229501e+00
2.569999999999728146e+01 5.754093110331058858e-01 1.200459590164296708e+00
2.579999999999726867e+01 6.345288348952781154e-01 1.147177123815573685e+00
2.589999999999725588e+01 6.948895364051368428e-01 1.092621937649744357e+00
2.599999999999724665e+01 7.561954516756943523e-01 1.037042661560278134e+00
2.609999999999723741e+01 8.181465849693275727e-01 9.806918962958168784e-01
2.619999999999722462e+01 8.804403810158876187e-01 9.238250053515730809e-01
2.629999999999721183e+01 9.427732074748998992e-01 8.666988963407256108e-01
2.639999999999720259e+01 1.004841840092612903e+00 8.095707978140922467e-01
2.649999999999719336e+01 1.066344943102229159e+00 7.526970375094937937e-01
2.659999999999718057e+01 1.126984537457569768e+00 6.963318279917298792e-01
2.669999999999716778e+01 1.186467449565002719e+00 6.407260655964964746e-01
2.679999999999715854e+01 1.244506733300238199e+00 5.861261485144279026e-01
2.689999999999714930e+01 1.300823058249228392e+00 5.327728197422221257e-01
2.699999999999713651e+01 1.355146057302725415e+00 4.809000404956251806e-01
2.709999999999712372e+01 1.407215626962974087e+00 4.307338995121184899e-01
2.719999999999711449e+01 1.456783173976419432e+00 3.824915634846758894e-01
2.729999999999710525e+01 1.503612802196583109e+00 3.363802736501777524e-01
2.739999999999709246e+01 1.547482433894887377e+00 2.925963933177983534e-01
2.749999999999707967e+01 1.588184860083948324e+00 2.513245108589124976e-01
2.759999999999707043e+01 1.625528714776800721e+00 2.127366023960944319e-01
2.769999999999706120e+01 1.659339368497606326e+00 1.769912581237349236e-01
2.779999999999704841e+01 1.689459736762296993e+00 1.442329758695614084e-01
2.789999999999703562e+01 1.715750999665914822e+00 1.145915251663556511e-01
2.799999999999702638e+01 1.738093229158065744e+00 8.818138474669862115e-02
2.809999999999701714e+01 1.756385921034935738e+00 6.510125600525203116e-02
2.819999999999700435e+01 1.770548429135379465e+00 4.543365459075257573e-02
2.829999999999699156e+01 1.780520299713796994e+00 2.924458189946384234e-02
2.839999999999698233e+01 1.786261504436317482e+00 1.658327784145770256e-02
2.849999999999697309e+01 1.787752570944494801e+00 7.482055845146128904e-03
2.859999999999696030e+01 1.784994610435184814e+00 1.956220654627376012e-03
2.869999999999694751e+01 1.778009242206362917e+00 4.069060762202160824e-06
2.879999999999693827e+01 1.766838415638658732e+00 1.606973292616077024e-03
2.889999999999692903e+01 1.751544130595016124e+00 6.729546382741744860e-03
2.899999999999691624e+01 1.732208057743748641e+00 1.531988840984618676e-02
2.909999999999690345e+01 1.708931060828576376e+00 2.730991211772916191e-02
2.919999999999689422e+01 1.681832623426067430e+00 4.261574601204531909e-02
2.929999999999688498e+01 1.651050183243568670e+00 6.113821264856034166e-02
2.939999999999687219e+01 1.616738377515480440e+00 8.276337945020832698e-02
2.949999999999685940e+01 1.579068203544105042e+00 1.073631790274879177e-01
2.959999999999685016e+01 1.538226098912337081e+00 1.347960956297629409e-01
2.969999999999684093e+01 1.494412946346561188e+00 1.649079140257797560e-01
2.979999999999682814e+01 1.447843008645570917e+00 1.975325268021916603e-01
2.989999999999681535e+01 1.398742799491732969e+00 2.324927957807210455e-01
2.999999999999680611e+01 1.347349896337591169e+00 2.696014629908204396e-01
3.009999999999679687e+01 1.293911701891681698e+00 3.086621063944197108e-01
3.019999999999678408e+01 1.238684161030475517e+00 3.494701353473603223e-01
3.029999999999677129e+01 1.181930440211555133e+00 3.918138205972355181e-01
3.039999999999676206e+01 1.123919576673697795e+00 4.354753534613471921e-01
3.049999999999675282e+01 1.064925104866053518e+00 4.802319287036884154e-01
3.059999999999674003e+01 1.005223667661575560e+00 5.258568455351263493e-01
3.069999999999672724e+01 9.450936199618302780e-01 5.721206210968449168e-01
3.079999999999671800e+01 8.848136323097264277e-01 6.187921107574148039e-01
3.089999999999670877e+01 8.246613020810987793e-01 6.656396295522154505e-01
3.099999999999669598e+01 7.649117797247825257e-01 7.124320691258888560e-01
3.109999999999668319e+01 7.058364173781065398e-01 7.589400046033422109e-01
3.119999999999667395e+01 6.477014469895331361e-01 8.049367859043139450e-01
3.129999999999666471e+01 5.907666948379162175e-01 8.501996081424857410e-01
3.139999999999665192e+01 5.352843390576310645e-01 8.945105559005244178e-01
3.149999999999663913e+01 4.814977164578534419e-01 9.376576163490394356e-01
3.159999999999662990e+01 4.296401845637326522e-01 9.794356563852885111e-01
3.169999999999662066e+01 3.799340444204515888e-01 1.019647359193629921e+00
3.179999999999660787e+01 3.325895292805329806e-01 1.058104115880279972e+00
3.189999999999659508e+01 2.878038638533548244e-01 1.094626868111399087e+00
3.199999999999658584e+01 2.457603983309952500e-01 1.129046897967771690e+00
3.209999999999657661e+01 2.066278209242544683e-01 1.161206561543588700e+00
3.219999999999656382e+01 1.705594521488375537e-01 1.190959963135841182e+00
3.229999999999655103e+01 1.376926235980094615e-01 1.218173567207041286e+00
3.239999999999653824e+01 1.081481434285653381e-01 1.242726745650423847e+00
3.249999999999653255e+01 8.202985027554585140e-02 1.264512258241969223e+00
3.259999999999651976e+01 5.942425679928541732e-02 1.283436664523983861e+00
3.269999999999650697e+01 4.040028356197892384e-02 1.299420665731304547e+00
3.279999999999650129e+01 2.500908343046006135e-02 1.312399375735850304e+00
3.289999999999648850e+01 1.328395621215962448e-02 1.322322520359639597e+00
3.299999999999647571e+01 5.240352753787117131e-03 1.329154564763520785e+00
3.309999999999646292e+01 8.759672705627281029e-04 1.332874768990077730e+00
3.319999999999645013e+01 1.709162298611552984e-04 1.333477172086042550e+00
3.329999999999644444e+01 3.088001689365299594e-03 1.330970505589111674e+00
3.339999999999643165e+01 9.573056588376508899e-03 1.325378037493775585e+00
3.349999999999641886e+01 1.955536911357626945e-02 1.316737348144660924e+00
3.359999999999641318e+01 3.294818290897717772e-02 1.305100039824080849e+00
3.369999999999640039e+01 4.964926957534320645e-02 1.290531382097052537e+00
3.379999999999638760e+01 6.954156960812576949e-02 1.273109895270711389e+00
3.389999999999637481e+01 9.249389765562868182e-02 1.252926874591149264e+00
3.399999999999636202e+01 1.183617077412517510e-01 1.230085858061974458e+00
3.409999999999635634e+01 1.469879138852958345e-01 1.204702040994107159e+00
3.419999999999634355e+01 1.782037613829164369e-01 1.176901640626508927e+00
3.429999999999633076e+01 2.118297438446452852e-01 1.146821214343001660e+00
3.439999999999632507e+01 2.476765609844078508e-01 1.114606935197157256e+00
3.449999999999631228e+01 2.855461120452572610e-01 1.080413828609798621e+00
3.459999999999629949e+01 3.252325196847625777e-01 1.044404974240163986e+00
3.469999999999628670e+01 3.665231790993505601e-01 1.006750677152428386e+00
3.479999999999627391e+01 4.091998271461311232e-01 9.676276124873265383e-01
3.489999999999626823e+01 4.530396262245831029e-01 9.272179479296176474e-01
3.499999999999625544e+01 4.978162577039241254e-01 8.857084483116136608e-01
3.509999999999624265e+01 5.433010197251336715e-01 8.432895667278934582e-01
3.519999999999623697e+01 5.892639242689999834e-01 8.001545265487456371e-01
3.529999999999622418e+01 6.354747884618102693e-01 7.564983987139656252e-01
3.539999999999621139e+01 6.817043151866774009e-01 7.125171786610768887e-01
3.549999999999619860e+01 7.277251581812632653e-01 6.684068671970089248e-01
3.559999999999618581e+01 7.733129669311563648e-01 6.243625595573886189e-01
3.569999999999618012e+01 8.182474068139081735e-01 5.805775468172627019e-01
3.579999999999616733e+01 8.623131501035008473e-01 5.372424337135541794e-01
3.589999999999615454e+01 9.053008336245377263e-01 4.945442768261260058e-01
3.599999999999614886e+01 9.470079790293806088e-01 4.526657469279194990e-01
3.609999999999613607e+01 9.872398718774062498e-01 4.117843191667977520e-01
3.619999999999612328e+01 1.025810395912649442e+00 3.720714945771723681e-01
3.629999999999611049e+01 1.062542819166991892e+00 3.336920562412973301e-01
3.639999999999609770e+01 1.097270528763567787e+00 2.968033632274293399e-01
3.649999999999609201e+01 1.129837711549987800e+00 2.615546852285431378e-01
3.659999999999607923e+01 1.160099977964947238e+00 2.280865806101221027e-01
3.669999999999606644e+01 1.187924926818440641e+00 1.965303203479453198e-01
3.679999999999606075e+01 1.213192648960716991e+00 1.670073601029536947e-01
3.689999999999604796e+01 1.235796168110899984e+00 1.396288624360192687e-01
3.699999999999603517e+01 1.255641817419320683e+00 1.144952709149147513e-01
3.709999999999602238e+01 1.272649550652775741e+00 9.169593760998445697e-02
3.719999999999600959e+01 1.286753187196012727e+00 7.130880521386592785e-02
3.729999999999600391e+01 1.297900590378995300e+00 5.340014475684726897e-02
3.739999999999599112e+01 1.306053778951872246e+00 3.802434962360692894e-02
3.749999999999597833e+01 1.311188971829749361e+00 2.522378631022660286e-02
3.759999999999597264e+01 1.313296566541479971e+00 1.502870209448239729e-02
3.769999999999595985e+01 1.312381052103884782e+00 7.457189527927871042e-03
3.779999999999594706e+01 1.308460857334503569e+00 2.515207396937738094e-03
3.789999999999593427e+01 1.301568135897347878e+00 1.966575424217603511e-04
3.799999999999592148e+01 1.291748489638729014e+00 4.835166757259161093e-04
3.809999999999591580e+01 1.279060632037688494e+00 3.346022082125036084e-03
3.819999999999590301e+01 1.263575993834829658e+00 8.742909864402270345e-03
3.829999999999589022e+01 1.245378273149074344e+00 1.662170414817919564e-02
3.839999999999588454e+01 1.224562932609970733e+00 2.691905544880726295e-02
3.849999999999587175e+01 1.201236646256044871e+00 3.956112618757953725e-02
3.859999999999585896e+01 1.175516699147465927e+00 5.446402114368398967e-02
3.869999999999584617e+01 1.147530342838306572e+00 7.153426043817297242e-02
3.879999999999583338e+01 1.117414110033959629e+00 9.066929246861006597e-02
3.889999999999582769e+01 1.085313091929770879e+00 1.117580440476327874e-01
3.899999999999581490e+01 1.051380181885913423e+00 1.346815048477711663e-01
3.909999999999580211e+01 1.015775289237846657e+00 1.593133431168934910e-01
3.919999999999579643e+01 9.786645271748756203e-01 1.855205495069715549e-01
3.929999999999578364e+01 9.402193787345329845e-01 2.131641057510016979e-01
3.939999999999577085e+01 9.006158450624316414e-01 2.420996748330213610e-01
3.949999999999575806e+01 8.600335801682363890e-01 2.721783092204084764e-01
3.959999999999574527e+01 8.186550164710314492e-01 3.032471736715196542e-01
3.969999999999573959e+01 7.766644854684737753e-01 3.351502790905764306e-01
3.979999999999572680e+01 7.342473378821687824e-01 3.677292238797095214e-01
3.989999999999571401e+01 6.915890676238911627e-01 4.008239392344416507e-01
3.999999999999570832e+01 6.488744438931205449e-01 4.342734348401844913e-01
4.009999999999569553e+01 6.062866556583383915e-01 4.679165414620440333e-01
4.019999999999568274e+01 5.640064726821946151e-01 5.015926469663962717e-01
4.029999999999566995e+01 5.222114271364084459e-01 5.351424223823925130e-01
4.039999999999565716e+01 4.810750197072846124e-01 5.684085346936812444e-01
4.049999999999565148e+01 4.407659539196864262e-01 6.012363431523843893e-01
4.059999999999563869e+01 4.014474022109179030e-01 6.334745760236683010e-01
4.069999999999562590e+01 3.632763070641846781e-01 6.649759848001077778e-01
4.079999999999562021e+01 3.264027202685327866e-01 6.955979730719267229e-01
4.089999999999560742e+01 2.909691831106303583e-01 7.252031973951671429e-01
4.099999999999559464e+01 2.571101500265745576e-01 7.536601376728087054e-01
4.109999999999558185e+01 2.249514579529709735e-01 7.808436347411313871e-01
4.119999999999556906e+01 1.946098433184179910e-01 8.066353930455526511e-01
4.129999999999556337e+01 1.661925083138987846e-01 8.309244464856109236e-01
4.139999999999555058e+01 1.397967377767435349e-01 8.536075857127658484e-01
4.149999999999553779e+01 1.155095677200702886e-01 8.745897453715728576e-01
4.159999999999553211e+01 9.340750624324038742e-02 8.937843499891806598e-01
4.169999999999551932e+01 7.355630726905816597e-02 9.111136174279126365e-01
4.179999999999550653e+01 5.601079727509192252e-02 9.265088190329003881e-01
4.189999999999549374e+01 4.081475491951279400e-02 9.399104958206923044e-01
4.199999999999548095e+01 2.800084320872998217e-02 9.512686302673116767e-01
4.209999999999547526e+01 1.759059361554195927e-02 9.605427734626984515e-01
4.219999999999546247e+01 9.594441333009748676e-03 9.677021276105108871e-01
4.229999999999544968e+01 4.011810640599459098e-03 9.727255840498368888e-01
4.239999999999544400e+01 8.312491653680863539e-04 9.756017171757768169e-01
4.249999999999543121e+01 3.060964115593441316e-05 9.763287348301252777e-01
4.259999999999541842e+01 1.577277602125120356e-03 9.749143859163944548e-01
4.269999999999540563e+01 5.428443292507328932e-03 9.713758261749098066e-01
4.279999999999539284e+01 1.153141593099940403e-02 9.657394432283579189e-01
4.289999999999538716e+01 1.982397833479924987e-02 9.580406421689805496e-01
4.299999999999537437e+01 3.023477978385326337e-02 9.483235931206793756e-01
4.309999999999536158e+01 4.268376488955908515e-02 9.366409423555491776e-01
4.319999999999535589e+01 5.708263612356413719e-02 9.230534886855789045e-01
4.329999999999534310e+01 7.333534756060085258e-02 9.076298269832985266e-01
4.339999999999533031e+01 9.133862729493774646e-02 8.904459608052509578e-01
4.349999999999531752e+01 1.109825259025000871e-01 8.715848862072858028e-01
4.359999999999530473e+01 1.321509882409358516e-01 8.511361489412933024e-01
4.369999999999529905e+01 1.547224458081426501e-01 8.291953773182140219e-01
4.379999999999528626e+01 1.785704268166909692e-01 8.058637931016960909e-01
4.389999999999527347e+01 2.035641810883668523e-01 7.812477028689983616e-01
4.399999999999526779e+01 2.295693168301366494e-01 7.554579723359409194e-01
4.409999999999525500e+01 2.564484463221770039e-01 7.286094861901761810e-01
4.419999999999524221e+01 2.840618375288391229e-01 7.008205960151568936e-01
4.429999999999522942e+01 3.122680686391355875e-01 6.722125589109833044e-01
4.439999999999521663e+01 3.409246825502810219e-01 6.429089694313422365e-01
4.449999999999521094e+01 3.698888383313753137e-01 6.130351874589893280e-01
4.459999999999519815e+01 3.990179567412327488e-01 5.827177646279698697e-01
4.469999999999518536e+01 4.281703569259818210e-01 5.520838718812888235e-01
4.479999999999517968e+01 4.572058814887909328e-01 5.212607307159931036e-01
4.489999999999516689e+01 4.859865072051962054e-01 4.903750506239494822e-01
4.499999999999515410e+01 5.143769387503508428e-01 4.595524751776877137e-01
4.509999999999514131e+01 5.422451829138753565e-01 4.289170391436765706e-01
4.519999999999512852e+01 5.694631008958146445e-01 3.985906389284460949e-01
4.529999999999512283e+01 5.959069364089385479e-01 3.686925185727123466e-01
4.539999999999511004e+01 6.214578174534965971e-01 3.393387734134078459e-01
4.549999999999509726e+01 6.460022297804539626e-01 3.106418734264405623e-01
4.559999999999509157e+01 6.694324602195262930e-01 2.827102081487991581e-01
4.569999999999507878e+01 6.916470082109646977e-01 2.556476549580081747e-01
4.579999999999506599e+01 7.125509640564451352e-01 2.295531723570263805e-01
4.589999999999505320e+01 7.320563525790891868e-01 2.045204197793850931e-01
4.599999999999504041e+01 7.500824410644255646e-01 1.806374052890358795e-01
4.609999999999503473e+01 7.665560105424931159e-01 1.579861624049203050e-01
4.619999999999502194e+01 7.814115896564991504e-01 1.366424571319662384e-01
4.629999999999500915e+01 7.945916505543695330e-01 1.166755261292048845e-01
4.639999999999500346e+01 8.060467664324875159e-01 9.814784679121385524e-02
4.649999999999499067e+01 8.157357305487801247e-01 8.111493986453235938e-02
4.659999999999497788e+01 8.236256367147094526e-01 6.562520506452002023e-02
4.669999999999496509e+01 8.296919214642010099e-01 5.171979000181203823e-02
4.679999999999495230e+01 8.339183682804203190e-01 3.943249257286052245e-02
4.689999999999494662e+01 8.362970744454412131e-01 2.878969681506134831e-02
4.699999999999493383e+01 8.368283812510518560e-01 1.981034207603472527e-02
4.709999999999492104e+01 8.355207684799670353e-01 1.250592519829307400e-02
4.719999999999491536e+01 8.323907142282678251e-01 6.880535276341654544e-03
4.729999999999490257e+01 8.274625212894072268e-01 2.930920403442200707e-03
4.739999999999488978e+01 8.207681114677616296e-01 6.465856906308085949e-04
4.749999999999487699e+01 8.123467893151989916e-01 9.921711824908653669e-06
4.759999999999486420e+01 8.022449769071158254e-01 9.963624063350888255e-04
4.769999999999485851e+01 7.905159213780610372e-01 3.574571354551012159e-03
4.779999999999484572e+01 7.772193770301634164e-01 7.706655234273982781e-03
4.789999999999483293e+01 7.624212639058837171e-01 1.334840316459139260e-02
4.799999999999482725e+01 7.461933047798245955e-01 2.044955055162500646e-02
4.809999999999481446e+01 7.286126425756421776e-01 2.895406596615306485e-02
4.819999999999480167e+01 7.097614402484200280e-01 3.880045950718993136e-02
4.829999999999478888e+01 6.897264651977330630e-01 4.992211103827137036e-02
4.839999999999477609e+01 6.685986602858523531e-01 6.224761662430202541e-02
4.849999999999477041e+01 6.464727035336226280e-01 7.570115144656598682e-02
4.859999999999475762e+01 6.234465585564374912e-01 9.020284743169613983e-02
4.869999999999474483e+01 5.996210177800104235e-01 1.056691837967790176e-01
4.879999999999473914e+01 5.750992404476513720e-01 1.220133886876102469e-01
4.889999999999472635e+01 5.499862873924289408e-01 1.391458500694441602e-01
4.899999999999471356e+01 5.243886545073769279e-01 1.569745340203166362e-01
4.909999999999470077e+01 4.984138067984763554e-01 1.754054085744631286e-01
4.919999999999468798e+01 4.721697148547722711e-01 1.943428712689835303e-01
4.929999999999468230e+01 4.457643955153166027e-01 2.136901785584645053e-01
4.939999999999466951e+01 4.193054584571881960e-01 2.333498752817187993e-01
4.949999999999465672e+01 3.928996603688413303e-01 2.532242223899625611e-01
4.959999999999465103e+01 3.666524683135319873e-01 2.732156211774191545e-01
4.969999999999463824e+01 3.406676338245300251e-01 2.932270322933480111e-01
4.979999999999462545e+01 3.150467792107825571e-01 3.131623878581126230e-01
4.989999999999461266e+01 2.898889974840235251e-01 3.329269950545785117e-01
4.999999999999459988e+01 2.652904672512912398e-01 3.524279296218452151e-01
5.009999999999459419e+01 2.413440838448675518e-01 3.715744177366354650e-01
5.019999999999458140e+01 2.181391078883052059e-01 3.902782048341722487e-01
5.029999999999456861e+01 1.957608324195795890e-01 4.084539099872928070e-01
5.039999999999456293e+01 1.742902696126448492e-01 4.260193645393214879e-01
5.049999999999455014e+01 1.538038580545579848e-01 4.428959337608648905e-01
5.059999999999453735e+01 1.343731914482812762e-01 4.590088203850948845e-01
5.069999999999452456e+01 1.160647695218079006e-01 4.742873489588024793e-01
5.079999999999451177e+01 9.893977183054367130e-02 4.886652300368346524e-01
5.089999999999450608e+01 8.305385504607457059e-02 5.020808033361117140e-01
5.099999999999449329e+01 6.845697422714951130e-02 5.144772590606409013e-01
5.109999999999448050e+01 5.519322847212120020e-02 5.258028367018876548e-01
5.119999999999447482e+01 4.330073125496920056e-02 5.360110007170547641e-01
5.129999999999446203e+01 3.281150565064158697e-02 5.450605925839396848e-01
5.139999999999444924e+01 2.375140456165069150e-02 5.529159588295223804e-01
5.149999999999443645e+01 1.614005596575945195e-02 5.595470547273224682e-01
5.159999999999442366e+01 9.990833116558199903e-03 5.649295234575177904e-01
5.169999999999441798e+01 5.310849544227218277e-03 5.690447506183518023e-01
5.179999999999440519e+01 2.100978623810800198e-03 5.718798940778703210e-01
5.189999999999439240e+01 3.558974029398498189e-04 5.734278892454535148e-01
5.199999999999438671e+01 6.415431031946413156e-05 5.736874299402434652e-01
5.209999999999437392e+01 1.208260300239537505e-03 5.726629251221364569e-01
5.219999999999436113e+01 3.764802926661231942e-03 5.703644318430219906e-01
5.229999999999434834e+01 7.704582782563673335e-03 5.668075648612492801e-01
5.239999999999433555e+01 1.299277168564996754e-02 5.620133834502036851e-01
5.249999999999432987e+01 1.958909193950603839e-02 5.560082560117025618e-01
5.259999999999431708e+01 2.744801594912807743e-02 5.488237031878065997e-01
5.269999999999430429e+01 3.651898542066623482e-02 5.404962202396703663e-01
5.279999999999429861e+01 4.674664932639396864e-02 5.310670795386158716e-01
5.289999999999428582e+01 5.807111976698234312e-02 5.205821140857727070e-01
5.299999999999427303e+01 7.042824481308701534e-02 5.090914830450415929e-01
5.309999999999426024e+01 8.374989735717457140e-02 4.966494203405479313e-01
5.319999999999424745e+01 9.796427895393029772e-02 4.833139674317392109e-01
5.329999999999424176e+01 1.129962375733625651e-01 4.691466914386110965e-01
5.339999999999422897e+01 1.287675981355392574e-01 4.542123898443156116e-01
5.349999999999421618e+01 1.451975046393853275e-01 4.385787830543372845e-01
5.359999999999421050e+01 1.622027726415738169e-01 4.223161961385745178e-01
5.369999999999419771e+01 1.796982507849930744e-01 4.054972311258708828e-01
5.379999999999418492e+01 1.975971900217806665e-01 3.881964312580283294e-01
5.389999999999417213e+01 2.158116191225328828e-01 3.704899386448171072e-01
5.399999999999415934e+01 2.342527250144221251e-01 3.524551467886649636e-01
5.409999999999415365e+01 2.528312364450292504e-01 3.341703494711164013e-01
5.419999999999414086e+01 2.714578094296038469e-01 3.157143875089638563e-01
5.429999999999412807e+01 2.900434129046928211e-01 2.971662949006159127e-01
5.439999999999412239e+01 3.084997129855474030e-01 2.786049458854882310e-01
5.449999999999410960e+01 3.267394542046149764e-01 2.601087044399625903e-01
5.459999999999409681e+01 3.446768360990890567e-01 2.417550777233184456e-01
5.469999999999408402e+01 3.622278835127600294e-01 2.236203749733202961e-01
5.479999999999407123e+01 3.793108089853071685e-01 2.057793733288235949e-01
5.489999999999406555e+01 3.958463656176776091e-01 1.883049920294257162e-01
5.499999999999405276e+01 4.117581888283732838e-01 1.712679764061839083e-01
5.509999999999403997e+01 4.269731254485065186e-01 1.547365930373936771e-01
5.519999999999403428e+01 4.414215486467373828e-01 1.387763373941973688e-01
5.529999999999402149e+01 4.550376572260825259e-01 1.234496552481985782e-01
5.539999999999400870e+01 4.677597578919300281e-01 1.088156790517813277e-01
5.549999999999399591e+01 4.795305291570709505e-01 9.492998043720783652e-02
5.559999999999398312e+01 4.902972656227328474e-01 8.184433990825128180e-02
5.569999999999397744e+01 5.000121014515249707e-01 6.960653472193911728e-02
5.579999999999396465e+01 5.086322119367788774e-01 5.826014587637552006e-02
5.589999999999395186e+01 5.161199921597240392e-01 4.784438503433442735e-02
5.599999999999394618e+01 5.224432118269104475e-01 3.839394212190463951e-02
5.609999999999393339e+01 5.275751454789077144e-01 2.993885424749515023e-02
5.619999999999392060e+01 5.314946773720111706e-01 2.250439648830849723e-02
5.629999999999390781e+01 5.341863804448169217e-01 1.611099499105891203e-02
5.639999999999389502e+01 5.356405689015214522e-01 1.077416272989134907e-02
5.649999999999388933e+01 5.358533240661702557e-01 6.504458159064088578e-03
5.659999999999387654e+01 5.348264932885288259e-01 3.307466890450915051e-03
5.669999999999386375e+01 5.325676618168416754e-01 1.183806417419066030e-03
5.679999999999385807e+01 5.290900976868448957e-01 1.291537973174828040e-04
5.689999999999384528e+01 5.244126698162061562e-01 1.342960953688404862e-04
5.699999999999383249e+01 5.185597396369783230e-01 1.185203283741987279e-03
5.709999999999381970e+01 5.115610267418256862e-01 3.263123181545647591e-03
5.719999999999380691e+01 5.034514491638002465e-01 6.344697915076835323e-03
5.729999999999380123e+01 4.942709390563029825e-01 1.040210127348116173e-02
5.739999999999378844e+01 4.840642346791798056e-01 1.540319623368696655e-02
5.749999999999377565e+01 4.728806497391607744e-01 2.131171183066451688e-02
5.759999999999376996e+01 4.607738212654428067e-01 2.808743845540147277e-02
5.769999999999375717e+01 4.478014373306417606e-01 3.568644057405510883e-02
5.779999999999374438e+01 4.340249460470849141e-01 4.406128577815936198e-02
5.789999999999373159e+01 4.195092473805674960e-01 5.316128899802952806e-02
5.799999999999371880e+01 4.043223694233404886e-01 6.293277064026145395e-02
5.809999999999371312e+01 3.885351308579114704e-01 7.331932734570047183e-02
5.819999999999370033e+01 3.722207914177343979e-01 8.426211400717634192e-02
5.829999999999368754e+01 3.554546922155505384e-01 9.570013563673963886e-02
5.839999999999368185e+01 3.383138878551875672e-01 1.075705476303543823e-01
5.849999999999366906e+01 3.208767722790425436e-01 1.198089629447751797e-01
5.859999999999365627e+01 3.032227003206213189e-01 1.323497646756321144e-01
5.869999999999364348e+01 2.854316069370532727e-01 1.451264225089568261e-01
5.879999999999363069e+01 2.675836260867642813e-01 1.580718115097437260e-01
5.889999999999362501e+01 2.497587111954641670e-01 1.711185317102534298e-01
5.899999999999361222e+01 2.320362591181166501e-01 1.841992269687742212e-01
5.909999999999359943e+01 2.144947394582324418e-01 1.972469015844960094e-01
5.919999999999359375e+01 1.972113310492317473e-01 2.101952331775722438e-01
5.929999999999358096e+01 1.802615673364711124e-01 2.229788803736019454e-01
5.939999999999356817e+01 1.637189923235953526e-01 2.355337838690105545e-01
5.949999999999355538e+01 1.476548286666406473e-01 2.477974594984287127e-01
5.959999999999354259e+01 1.321376594112906033e-01 2.597092819744373782e-01
5.969999999999353690e+01 1.172331247770443674e-01 2.712107580273731555e-01
5.979999999999352411e+01 1.030036352949894735e-01 2.822457877337410381e-01
5.989999999999351132e+01 8.950810250724665351e-02 2.927609128888765677e-01
5.999999999999350564e+01 7.680168833246436844e-02 3.027055513509828155e-01
6.009999999999349285e+01 6.493557409790512436e-02 3.120322163590497633e-01
6.019999999999348006e+01 5.395675013147370469e-02 3.206967199071475982e-01
6.029999999999346727e+01 4.390782669873800892e-02 3.286583593403168968e-01
6.039999999999345448e+01 3.482686696043459096e-02 3.358800864228895233e-01
6.049999999999344880e+01 2.674724251471572584e-02 3.423286582199209782e-01
6.059999999999343601e+01 1.969751197630372277e-02 3.479747692217560195e-01
6.069999999999342322e+01 1.370132293175803026e-02 3.527931642352167829e-01
6.079999999999341753e+01 8.777337496095601738e-03 3.567627316594752518e-01
6.089999999999340474e+01 4.939181581929593008e-03 3.598665768574764168e-01
6.099999999999339195e+01 2.195417877905031512e-03 3.620920754318348589e-01
6.109999999999337916e+01 5.495424194083901566e-04 3.634309063073699053e-01
6.119999999999336637e+01 4.521573721232126216e-09 3.638790646182294974e-01
6.129999999999336069e+01 5.402497334286565905e-04 3.634368544916262156e-01
6.139999999999334790e+01 2.158785363214206412e-03 3.621088619125952812e-01
6.149999999999333511e+01 4.839268019412088125e-03 3.599039079446933465e-01
6.159999999999332942e+01 8.560612510682446413e-03 3.568349826704125816e-01
6.169999999999331664e+01 1.329712135168105609e-02 3.529191603007573730e-01
6.179999999999330385e+01 1.901863403149660695e-02 3.481774959850885698e-01
6.189999999999329106e+01 2.569069511804435157e-02 3.426349049321900098e-01
6.199999999999327827e+01 3.327474019604458738e-02 3.363200245274725608e-01
6.209999999999327258e+01 4.172829856868980752e-02 3.292650602027502038e-01
6.219999999999325979e+01 5.100521159451409936e-02 3.215056158798855757e-01
6.229999999999324700e+01 6.105586548132650726e-02 3.130805098710333079e-01
6.239999999999324132e+01 7.182743731900136097e-02 3.040315771749707574e-01
6.249999999999322853e+01 8.326415310165190264e-02 2.944034591585825700e-01
6.259999999999321574e+01 9.530755646787222868e-02 2.842433816588276208e-01
6.269999999999320295e+01 1.078967868740510205e-01 2.736009225806149692e-01
6.279999999999319016e+01 1.209688659101526981e-01 2.625277701004511965e-01
6.289999999999318447e+01 1.344589904686062654e-01 2.510774726158592207e-01
6.299999999999317168e+01 1.483008314847689135e-01 2.393051816040951407e-01
6.309999999999315889e+01 1.624268369795912881e-01 2.272673885737103716e-01
6.319999999999315321e+01 1.767685381524462807e-01 2.150216573059993141e-01
6.329999999999314042e+01 1.912568572909671138e-01 2.026263525931426279e-01
6.339999999999312763e+01 2.058224162868922680e-01 1.901403666850442487e-01
6.349999999999311484e+01 2.203958445692139889e-01 1.776228446560716434e-01
6.359999999999310205e+01 2.349080852881625381e-01 1.651329099001984380e-01
6.369999999999309637e+01 2.492906986063879449e-01 1.527293909538031680e-01
6.379999999999308358e+01 2.634761609734039278e-01 1.404705508337585618e-01
6.389999999999307079e+01 2.773981592798774876e-01 1.284138200623296810e-01
6.399999999999306510e+01 2.909918788058938888e-01 1.166155345297072848e-01
6.409999999999305942e+01 3.041942838936260718e-01 1.051306793223146935e-01
6.419999999999303952e+01 3.169443902914119149e-01 9.401263961649618250e-02
6.429999999999301963e+01 3.291835281302523675e-01 8.331295970666023620e-02
6.439999999999301394e+01 3.408555945105429807e-01 7.308111120149550499e-02
6.449999999999300826e+01 3.519072946922164880e-01 6.336427138358141642e-02
6.459999999999300258e+01 3.622883709021805787e-01 5.420711268485049056e-02
6.469999999999298268e+01 3.719518177924766578e-01 4.565160418439890427e-02
6.479999999999297700e+01 3.808540836120377082e-01 3.773682598486988865e-02
6.489999999999295710e+01 3.889552561840838307e-01 3.049879727002249852e-02
6.499999999999295142e+01 3.962192328201653568e-01 2.397031878824456078e-02
6.509999999999294573e+01 4.026138733479517340e-01 1.818083044575809909e-02
6.519999999999292584e+01 4.081111354802317015e-01 1.315628462818473760e-02
6.529999999999292015e+01 4.126871918162743902e-01 8.919035800971324493e-03
6.539999999999290026e+01 4.163225278340638713e-01 5.487746867522925835e-03
6.549999999999289457e+01 4.190020203115188968e-01 2.877312689386119730e-03
6.559999999999288889e+01 4.207149956987671358e-01 1.098801095485314261e-03
6.569999999999286899e+01 4.214552680596156953e-01 1.594116278065645564e-04
6.579999999999286331e+01 4.212211562989690572e-01 6.245218925748684334e-05
6.589999999999285762e+01 4.200154805005474890e-01 8.073336762648433088e-04
6.599999999999283773e+01 4.178455373104343340e-01 2.389582594412920265e-03
6.609999999999283204e+01 4.147230544158432286e-01 4.800871570600043735e-03
6.619999999999282636e+01 4.106641242869674135e-01 8.029067590316399036e-03
6.629999999999280647e+01 4.056891174659554844e-01 1.205829770426367770e-02
6.639999999999280078e+01 3.998225758040295230e-01 1.686903186518393799e-02
6.649999999999278089e+01 3.930930861616839800e-01 2.243818247399128468e-02
6.659999999999277520e+01 3.855331351979821020e-01 2.873922013461083225e-02
6.669999999999276952e+01 3.771789459797524890e-01 3.574230503981924711e-02
6.679999999999274962e+01 3.680702972411531437e-01 4.341443333642410612e-02
6.689999999999274394e+01 3.582503262154251300e-01 5.171959774750707617e-02
6.699999999999272404e+01 3.477653160471096960e-01 6.061896166290915711e-02
6.709999999999271836e+01 3.366644688659336526e-01 7.007104584675903636e-02
6.719999999999271267e+01 3.249996656743685541e-01 8.003192685294871489e-02
6.729999999999269278e+01 3.128252142565696725e-01 9.045544618661818803e-02
6.739999999999268709e+01 3.001975863684592238e-01 1.012934292014332077e-01
6.749999999999268141e+01 2.871751455093829453e-01 1.124959126799101178e-01
6.759999999999266151e+01 2.738178666091572455e-01 1.240113800063781246e-01
6.769999999999265583e+01 2.601870489914295814e-01 1.357870028099854298e-01
6.779999999999265015e+01 2.463450239923112295e-01 1.477688879285006252e-01
6.789999999999263025e+01 2.323548586269285066e-01 1.599023285225333879e-01
6.799999999999262457e+01 2.182800567035340089e-01 1.721320581537925665e-01
6.809999999999260467e+01 2.041842587869804326e-01 1.844025066308581096e-01
6.819999999999259899e+01 1.901309424104058177e-01 1.966580564209689796e-01
6.829999999999259330e+01 1.761831239284504802e-01 2.088432984269137094e-01
6.839999999999257341e+01 1.624030633928059686e-01 2.209032859336723109e-01
6.849999999999256772e+01 1.488519738184819474e-01 2.327837855410838930e-01
6.859999999999254783e+01 1.355897361890124608e-01 2.444315239147669128e-01
6.869999999999254214e+01 1.226746215283225361e-01 2.557944292093334293e-01
6.879999999999253646e+01 1.101630213393604146e-01 2.668218660449382940e-01
6.889999999999251656e+01 9.810918767981721689e-02 2.774648629499468222e-01
6.899999999999251088e+01 8.656498410891140527e-02 2.876763312188961863e-01
6.909999999999250520e+01 7.557964869873036451e-02 2.974112741783276337e-01
6.919999999999248530e+01 6.519957025637974912e-02 3.066269858979928098e-01
6.929999999999247962e+01 5.546807885030780733e-02 3.152832384379375408e-01
6.939999999999247393e+01 4.642525167423239285e-02 3.233424567771056024e-01
6.949999999999245404e+01 3.810773521528189323e-02 3.307698806300143901e-01
6.959999999999244835e+01 3.054858461880391798e-02 3.375337124230944896e-01
6.969999999999242846e+01 2.377712106098771316e-02 3.436052507696470415e-01
6.979999999999242277e+01 1.781880785192923797e-02 3.489590088562674608e-01
6.989999999999241709e+01 1.269514589618409885e-02 3.535728172279256620e-01
6.999999999999239719e+01 8.423589035995533367e-03 3.574279105373602272e-01
7.009999999999239151e+01 5.017479694615189188e-03 3.605089979066654071e-01
7.019999999999237161e+01 2.486005124279283378e-03 3.628043166298687838e-01
7.029999999999236593e+01 8.341744465392181718e-04 3.643056690316686663e-01
7.039999999999236024e+01 6.281655270251613598e-05 3.650084423823360957e-01
7.049999999999234035e+01 1.685988103851154319e-04 3.649116118541288478e-01
7.059999999999233466e+01 1.144066399810985757e-03 3.640177265919831151e-01
7.069999999999232898e+01 2.977701981828428587e-03 3.623328790556568646e-01
7.079999999999230909e+01 5.654005279911443992e-03 3.598666578748495604e-01
7.089999999999230340e+01 9.153592041945157742e-03 3.566320845415280605e-01
7.099999999999229772e+01 1.345331173553618136e-02 3.526455343438781864e-01
7.109999999999227782e+01 1.852638322405397719e-02 3.479266420239072732e-01
7.119999999999227214e+01 2.434254757056257545e-02 3.424981927147759952e-01
7.129999999999225224e+01 3.086823702416053791e-02 3.363859987849492361e-01
7.139999999999224656e+01 3.806675915851061992e-02 3.296187632820126168e-01
7.149999999999224087e+01 4.589849505647693867e-02 3.222279307323960285e-01
7.159999999999222098e+01 5.432111036762704570e-02 3.142475261091782213e-01
7.169999999999221529e+01 6.328977800766948103e-02 3.057139828333973464e-01
7.179999999999219540e+01 7.275741122046550102e-02 2.966659607208136373e-01
7.189999999999218971e+01 8.267490568424855357e-02 2.871441548281515321e-01
7.199999999999218403e+01 9.299138931373013284e-02 2.771910961883949920e-01
7.209999999999216413e+01 1.036544783891090449e-01 2.668509454551782900e-01
7.219999999999215845e+01 1.146105386307369189e-01 2.561692805012489305e-01
7.229999999999215277e+01 1.258049498344280537e-01 2.451928790346088738e-01
7.239999999999213287e+01 1.371823726868783566e-01 2.339694973087075025e-01
7.249999999999212719e+01 1.486870163922772159e-01 2.225476460116025956e-01
7.259999999999212150e+01 1.602629057605892970e-01 2.109763644196051280e-01
7.269999999999210161e+01 1.718541464334714663e-01 1.993049938983367519e-01
7.279999999999209592e+01 1.834051869569053861e-01 1.875829518242693450e-01
7.289999999999207603e+01 1.948610764474548174e-01 1.758595069866664418e-01
7.299999999999207034e+01 2.061677166437222153e-01 1.641835575090478949e-01
7.309999999999206466e+01 2.172721071841578200e-01 1.526034123070884041e-01
7.319999999999204476e+01 2.281225830071730853e-01 1.411665770692493160e-01
7.329999999999203908e+01 2.386690428288197052e-01 1.299195457145343457e-01
7.339999999999201918e+01 2.488631677174569234e-01 1.189075982440503526e-01
7.349999999999201350e+01 2.586586288523419763e-01 1.081746058613363287e-01
7.359999999999200782e+01 2.680112836244908370e-01 9.776284419242332879e-02
7.369999999999198792e+01 2.768793593133170861e-01 8.771281538758839147e-02
7.379999999999198224e+01 2.852236236482292853e-01 7.806307983610531742e-02
7.389999999999197655e+01 2.930075416454345216e-01 6.885009817099574381e-02
7.399999999999195666e+01 3.001974181891096660e-01 6.010808418480526050e-02
7.409999999999195097e+01 3.067625259091467105e-01 5.186886921902173625e-02
7.419999999999194529e+01 3.126752179882810179e-01 4.416177852971663043e-02
7.429999999999192539e+01 3.179110256138624191e-01 3.701352007091326946e-02
7.439999999999191971e+01 3.224487398691660012e-01 3.044808607471813020e-02
7.449999999999189981e+01 3.262704779380102837e-01 2.448666774454202194e-02
7.459999999999189413e+01 3.293617335733642348e-01 1.914758331441579475e-02
7.469999999999188844e+01 3.317114118528912692e-01 1.444621966432874105e-02
7.479999999999186855e+01 3.333118483160360523e-01 1.039498761870277441e-02
7.489999999999186286e+01 3.341588126426489058e-01 7.003290992843140723e-03
7.499999999999184297e+01 3.342514970961115717e-01 4.277509390959030426e-03
7.509999999999183729e+01 3.335924900112218205e-01 2.220994699134927475e-03
7.519999999999183160e+01 3.321877346624818594e-01 8.340811578384405315e-04
7.529999999999181171e+01 3.300464738954452248e-01 1.141088412611747892e-04
7.539999999999180602e+01 3.271811809511573910e-01 5.546031526751310579e-05
7.549999999999180034e+01 3.236074769526722239e-01 6.496101920538286875e-04
7.559999999999178044e+01 3.193440355616228299e-01 1.885187247959440064e-03
7.569999999999177476e+01 3.144124753453046983e-01 3.748048721315437853e-03
7.579999999999176907e+01 3.088372404254280390e-01 6.221366359856286138e-03
7.589999999999174918e+01 3.026454700093687000e-01 9.285723742138434975e-03
7.599999999999174349e+01 2.958668574281919650e-01 1.291922435464612495e-02
7.609999999999172360e+01 2.885334993326399977e-01 1.709760986591444057e-02
7.619999999999171791e+01 2.806797357194482090e-01 2.179438800109024035e-02
7.629999999999171223e+01 2.723419814831923857e-01 2.698096938488522140e-02
7.639999999999169233e+01 2.635585502105184941e-01 3.262681268807939711e-02
7.649999999999168665e+01 2.543694709546184263e-01 3.869957738239234585e-02
7.659999999999166675e+01 2.448162987482185859e-01 4.516528338095351924e-02
7.669999999999166107e+01 2.349419196348595529e-01 5.198847681679972382e-02
7.679999999999165539e+01 2.247903510178727859e-01 5.913240118969610021e-02
7.689999999999163549e+01 2.144065381467600562e-01 6.655917309254509584e-02
7.699999999999162981e+01 2.038361475794203959e-01 7.422996171241490193e-02
7.709999999999162412e+01 1.931253584772352483e-01 8.210517128822132638e-02
7.719999999999160423e+01 1.823206526059380772e-01 9.014462569729966845e-02
7.729999999999159854e+01 1.714686039303073839e-01 9.830775433649514838e-02
7.739999999999159286e+01 1.606156687024436758e-01 1.065537784602154231e-01
7.749999999999157296e+01 1.498079769523693316e-01 1.148418971384885662e-01
7.759999999999156728e+01 1.390911262955332461e-01 1.231314720014337338e-01
7.769999999999154738e+01 1.285099789726775743e-01 1.313822099448896663e-01
7.779999999999154170e+01 1.181084630346679598e-01 1.395543429823088988e-01
7.789999999999153601e+01 1.079293785768346697e-01 1.476088044437153801e-01
7.799999999999151612e+01 9.801420991362726209e-02 1.555074007407016845e-01
7.809999999999151044e+01 8.840294456556656300e-02 1.632129779391104096e-01
7.819999999999149054e+01 7.913389990562058607e-02 1.706895824069070422e-01
7.829999999999148486e+01 7.024355828138796609e-02 1.779026148344217406e-01
7.839999999999147917e+01 6.176641139312764178e-02 1.848189769573838903e-01
7.849999999999145928e+01 5.373481466520572958e-02 1.914072103492154842e-01
7.859999999999145359e+01 4.617885230080152892e-02 1.976376266894252498e-01
7.869999999999144791e+01 3.912621365674338186e-02 2.034824289564765298e-01
7.879999999999142801e+01 3.260208151721142450e-02 2.089158230400619265e-01
7.889999999999142233e+01 2.662903278276307351e-02 2.139141193148958453e-01
7.899999999999141664e+01 2.122695202465016764e-02 2.184558237684087190e-01
7.909999999999139675e+01 1.641295828471046880e-02 2.225217183273130173e-01
7.919999999999139106e+01 1.220134542837051500e-02 2.260949300815052743e-01
7.929999999999137117e+01 8.603536283614278066e-03 2.291609891590400128e-01
7.939999999999136548e+01 5.628050722197616706e-03 2.317078750625728434e-01
7.949999999999135980e+01 3.280487762181928581e-03 2.337260513339749490e-01
7.959999999999133991e+01 1.563521693102483835e-03 2.352084884722678293e-01
7.969999999999133422e+01 4.769121478325141512e-04 2.361506750861917803e-01
7.979999999999131433e+01 1.752796882120069008e-05 2.365506173209698249e-01
7.989999999999130864e+01 1.793846415799606967e-04 2.364088266547890171e-01
7.999999999999130296e+01 9.536949956181764920e-04 2.357282962161637296e-01
8.009999999999128306e+01 2.328932803034012688e-03 2.345144658276639982e-01
8.019999999999127738e+01 4.290908838161430414e-03 2.327751760345270204e-01
8.029999999999127169e+01 6.822858898543427385e-03 2.305206114269814088e-01
8.039999999999125180e+01 9.905543228479559217e-03 2.277632336145466729e-01
8.049999999999124611e+01 1.351735673188163636e-02 2.245177042564550085e-01
8.059999999999124043e+01 1.763444931152299833e-02 2.208007985963737485e-01
8.069999999999122053e+01 2.223085562724408729e-02 2.166313099906005957e-01
8.079999999999121485e+01 2.727863352659852525e-02 2.120299459566695188e-01
8.089999999999119495e+01 3.274801036789536796e-02 2.070192163042144651e-01
8.099999999999118927e+01 3.860753642781378225e-02 2.016233139414531916e-01
8.109999999999118359e+01 4.482424456371374155e-02 1.958679889786512363e-01
8.119999999999116369e+01 5.136381528457151929e-02 1.897804167744386872e-01
8.129999999999115801e+01 5.819074637383908621e-02 1.833890605916096983e-01
8.139999999999113811e+01 6.526852620272359518e-02 1.767235295473554568e-01
8.149999999999113243e+01 7.255980987252001746e-02 1.698144325550290656e-01
8.159999999999112674e+01 8.002659733040040635e-02 1.626932289667415432e-01
8.169999999999110685e+01 8.763041261310126895e-02 1.553920766308273249e-01
8.179999999999110116e+01 9.533248338775816844e-02 1.479436780830948317e-01
8.189999999999109548e+01 1.030939199777039239e-01 1.403811255894371612e-01
8.199999999999107558e+01 1.108758930832102196e-01 1.327377457545821093e-01
8.209999999999106990e+01 1.186398094325792629e-01 1.250469444051031942e-01
8.219999999999106421e+01 1.263474846263453188e-01 1.173420524449381719e-01
8.229999999999104432e+01 1.339613124677626332e-01 1.096561733696420765e-01
8.239999999999103864e+01 1.414444301038144669e-01 1.020220331100959582e-01
8.249999999999101874e+01 1.487608783337308616e-01 9.447183285875018766e-02
8.259999999999101306e+01 1.558757564756613201e-01 8.703710551149275443e-02
8.269999999999100737e+01 1.627553712154569954e-01 7.974857633555203218e-02
8.279999999999098748e+01 1.693673788960279314e-01 7.263602844959979321e-02
8.289999999999098179e+01 1.756809207388406180e-01 6.572817367573403902e-02
8.299999999999096190e+01 1.816667505232235080e-01 5.905252929459364059e-02
8.309999999999095621e+01 1.872973542819370840e-01 5.263530120513949806e-02
8.319999999999095053e+01 1.925470616037762150e-01 4.650127395905508110e-02
8.329999999999093063e+01 1.973921481671252476e-01 4.067370810685104476e-02
8.339999999999092495e+01 2.018109291590925725e-01 3.517424525839457639e-02
8.349999999999091926e+01 2.057838432680229868e-01 3.002282122540604614e-02
8.359999999999089937e+01 2.092935269676695076e-01 2.523758757657113688e-02
8.369999999999089368e+01 2.123248788446289448e-01 2.083484189868076500e-02
8.379999999999088800e+01 2.148651137520654619e-01 1.682896701840948597e-02
8.389999999999086810e+01 2.169038066070505533e-01 1.323237940030070302e-02
8.399999999999086242e+01 2.184329256821845311e-01 1.005548689628543713e-02
8.409999999999084253e+01 2.194468552777380510e-01 7.306655981523039502e-03
8.419999999999083684e+01 2.199424076974310638e-01 4.992188570175906323e-03
8.429999999999083116e+01 2.199188244883447940e-01 3.116308463152016664e-03
8.439999999999081126e+01 2.193777669451005274e-01 1.681157438066153411e-03
8.449999999999080558e+01 2.183232959189798372e-01 6.868009497347100359e-04
8.459999999999078568e+01 2.167618410153301922e-01 1.312433676000700569e-04
8.469999999999078000e+01 2.147021593049907584e-01 1.045263475459110380e-05
8.479999999999077431e+01 2.121552837208433850e-01 3.183941918432433866e-04
8.489999999999075442e+01 2.091344613547898856e-01 1.047073968257949874e-03
8.499999999999074873e+01 2.056550819173026956e-01 2.186590202869450380e-03
8.509999999999074305e+01 2.017345966659596368e-01 3.725193817268116804e-03
8.519999999999072315e+01 1.973924281566603045e-01 5.649357026288918775e-03
8.529999999999071747e+01 1.926498712150084558e-01 7.943849833673168048e-03
8.539999999999071179e+01 1.875299855700933438e-01 1.059182402528250667e-02
8.549999999999069189e+01 1.820574806353520703e-01 1.357490423845253424e-02
8.559999999999068621e+01 1.762585929625565540e-01 1.687328565417783172e-02
8.569999999999066631e+01 1.701609569332773464e-01 2.046583782883935193e-02
8.579999999999066063e+01 1.637934692890896937e-01 2.433021415450490124e-02
8.589999999999065494e+01 1.571861481353951651e-01 2.844296641141087420e-02
8.599999999999063505e+01 1.503699870842600539e-01 3.277966385340274486e-02
8.609999999999062936e+01 1.433768052290657069e-01 3.731501624686593688e-02
8.619999999999060947e+01 1.362390936677854714e-01 4.202300026621207801e-02
8.629999999999060378e+01 1.289898593117109193e-01 4.687698863431347812e-02
8.639999999999059810e+01 1.216624667329464921e-01 5.184988138482628933e-02
8.649999999999057820e+01 1.142904788163403157e-01 5.691423861445687321e-02
8.659999999999057252e+01 1.069074969898058947e-01 6.204241408796416779e-02
8.669999999999056683e+01 9.954700181126566183e-02 6.720668905616938860e-02
8.679999999999054694e+01 9.224219469027357399e-02 7.237940564809054733e-02
8.689999999999054126e+01 8.502584151819508884e-02 7.753309920219425555e-02
8.699999999999053557e+01 7.793011897201318483e-02 8.264062890907557246e-02
8.709999999999051568e+01 7.098646424404626842e-02 8.767530614782238774e-02
8.719999999999050999e+01 6.422542893240029693e-02 9.261101991205772377e-02
8.729999999999049010e+01 5.767653780541694142e-02 9.742235873770437038e-02
8.739999999999048441e+01 5.136815312759687724e-02 1.020847285640783114e-01
8.749999999999047873e+01 4.532734520425349412e-02 1.065744659819944928e-01
8.759999999999045883e+01 3.957976976822432519e-02 1.108689463476939391e-01
8.769999999999045315e+01 3.414955279384494086e-02 1.149466862685297325e-01
8.779999999999043325e+01 2.905918328184508084e-02 1.187874399969168077e-01
8.789999999999042757e+01 2.432941451374967881e-02 1.223722893007511414e-01
8.799999999999042188e+01 1.997917422621274877e-02 1.256837264131379639e-01
8.809999999999040199e+01 1.602548410499353426e-02 1.287057297005335110e-01
8.819999999999039630e+01 1.248338894514962327e-02 1.314238317259306954e-01
8.829999999999039062e+01 9.365895769203545426e-03 1.338251794232960534e-01
8.839999999999037072e+01 6.683923138938735985e-03 1.358985861400371087e-01
8.849999999999036504e+01 4.446260839600845068e-03 1.376345753451666543e-01
8.859999999999035936e+01 2.659540058266893214e-03 1.390254158434736653e-01
8.869999999999033946e+01 1.328214121502774509e-03 1.400651483780891438e-01
8.879999999999033378e+01 4.545498016844817129e-04 1.407496035468915330e-01
8.889999999999031388e+01 3.862914703910258593e-05 1.410764110002557803e-01
8.899999999999030820e+01 7.836173803183097927e-05 1.410449999306191970e-01
8.909999999999030251e+01 5.695072225443861521e-04 1.406565909055471630e-01
8.919999999999028262e+01 1.505707934720465534e-03 1.399141791371217858e-01
8.929999999999027693e+01 2.878531357604950571e-03 1.388225093209763117e-01
8.939999999999025704e+01 4.677522147934706949e-03 1.373880422166291471e-01
8.949999999999025135e+01 6.890263402700439604e-03 1.356189131790256353e-01
8.959999999999024567e+01 9.502446811358143328e-03 1.335248828871684057e-01
8.969999999999022577e+01 1.249795130470941588e-02 1.311172805508862282e-01
8.979999999999022009e+01 1.585892978127819569e-02 1.284089399095131867e-01
8.989999999999021441e+01 1.956590346429006380e-02 1.254141283680314523e-01
8.999999999999019451e+01 2.359786341672368698e-02 1.221484696459542579e-01
9.009999999999018883e+01 2.793237871814824996e-02 1.186288603416918441e-01
9.019999999999018314e+01 3.254571078478673413e-02 1.148733808415789981e-01
9.029999999999016325e+01 3.741293329314418492e-02 1.109012010261379716e-01
9.039999999999015756e+01 4.250805714756096532e-02 1.067324812485640484e-01
9.049999999999013767e+01 4.780415991257634667e-02 1.023882690800523854e-01
9.059999999999013198e+01 5.327351911252536237e-02 9.789039233436333531e-02
9.069999999999012630e+01 5.888774878266951618e-02 9.326134889946005591e-02
9.079999999999010640e+01 6.461793863903157742e-02 8.852419391768372170e-02
9.089999999999010072e+01 7.043479521769296925e-02 8.370242486643068858e-02
9.099999999999008082e+01 7.630878431936403972e-02 7.881986510022848114e-02
9.109999999999007514e+01 8.221027408144038207e-02 7.390054642080598479e-02
9.119999999999006945e+01 8.810967798846437715e-02 6.896859124555296261e-02
9.129999999999004956e+01 9.397759712302244939e-02 6.404809494530327996e-02
9.139999999999004388e+01 9.978496095351413464e-02 5.916300892040953635e-02
9.149999999999003819e+01 1.055031659534845651e-01 5.433702497963416311e-02
9.159999999999001830e+01 1.111042113491846062e-01 4.959346157830830243e-02
9.169999999999001261e+01 1.165608312997136603e-01 4.495515246199903447e-02
9.179999999999000693e+01 1.218466228263213880e-01 4.044433824841586061e-02
9.189999999998998703e+01 1.269361688254082021e-01 3.608256146375772577e-02
9.199999999998998135e+01 1.318051555238114458e-01 3.189056553081563022e-02
9.209999999998996145e+01 1.364304837647808410e-01 2.788819818377289220e-02
9.219999999998995577e+01 1.407903735483438390e-01 2.409431976026096475e-02
9.229999999998995008e+01 1.448644612915074292e-01 2.052671679380367945e-02
9.239999999998993019e+01 1.486338893197967359e-01 1.720202130020222556e-02
9.249999999998992450e+01 1.520813871531077333e-01 1.413563611969687224e-02
9.259999999998990461e+01 1.551913442042029689e-01 1.134166664287760730e-02
9.269999999998989892e+01 1.579498735666265696e-01 8.832859212983313474e-03
9.279999999998989324e+01 1.603448666301155179e-01 6.620546460309314693e-03
9.289999999998987334e+01 1.623660383241940230e-01 4.714599786501388196e-03
9.299999999998986766e+01 1.640049628539222981e-01 3.123389177672923102e-03
9.309999999998986198e+01 1.652550998547894501e-01 1.853750485930918479e-03
9.319999999998984208e+01 1.661118109555982381e-01 9.109602793300604308e-04
9.329999999998983640e+01 1.665723667977695166e-01 2.987183207187412868e-04
9.339999999998983071e+01 1.666359446169292380e-01 1.913769675798659999e-05
9.349999999998981082e+01 1.663036165457332516e-01 7.274257977819237699e-05
9.359999999998980513e+01 1.655783288472275350e-01 4.584735673586499559e-04
9.369999999998978524e+01 1.644648723332552687e-01 1.173700507774987816e-03
9.379999999998977955e+01 1.629698442637856903e-01 2.214242683948319801e-03
9.389999999998977387e+01 1.611016020595454623e-01 3.574396194411180814e-03
9.399999999998975397e+01 1.588702091927806093e-01 5.246968337207526083e-03
9.409999999998974829e+01 1.562873736490916765e-01 7.223318771691628407e-03
9.419999999998972839e+01 1.533663793770744244e-01 9.493407203947633669e-03
9.429999999998972271e+01 1.501220111633377319e-01 1.204584731411727054e-02
9.439999999998971703e+01 1.465704733876691812e-01 1.486796661832088910e-02
9.449999999998969713e+01 1.427293031275088386e-01 1.794587193410330031e-02
9.459999999998969145e+01 1.386172780933647986e-01 2.126452009658674411e-02
9.469999999998968576e+01 1.342543198867714727e-01 2.480779355251362672e-02
9.479999999998966587e+01 1.296613930808178938e-01 2.855858044151204228e-02
9.489999999998966018e+01 1.248604006308743214e-01 3.249885875781324818e-02
9.499999999998965450e+01 1.198740761286104378e-01 3.660978417171237981e-02
9.509999999998963460e+01 1.147258734174355088e-01 4.087178107792511367e-02
9.519999999998962892e+01 1.094398540913851109e-01 4.526463642800217929e-02
9.529999999998960902e+01 1.040405734017381678e-01 4.976759589593201388e-02
9.539999999998960334e+01 9.855296509729830068e-02 5.435946192006825550e-02
9.549999999998959765e+01 9.300222572350175243e-02 5.901869316063607096e-02
9.559999999998957776e+01 8.741369890398521802e-02 6.372350491026662622e-02
9.569999999998957207e+01 8.181276012371271888e-02 6.845196999521792336e-02
9.579999999998955218e+01 7.622470252662572054e-02 7.318211970742091732e-02
9.589999999998954650e+01 7.067462423143811012e-02 7.789204431191880384e-02
9.599999999998954081e+01 6.518731765772849129e-02 8.255999268084955600e-02
9.609999999998952092e+01 5.978716133946133937e-02 8.716447061371417060e-02
9.619999999998951523e+01 5.449801468535020454e-02 9.168433741434166284e-02
9.629999999998950955e+01 4.934311612477325359e-02 9.609890030747360312e-02
9.639999999998948965e+01 4.434498505414937591e-02 1.003880062921213151e-01
9.649999999998948397e+01 3.952532797235613210e-02 1.045321310453464214e-01
9.659999999998947828e+01 3.490494916494940592e-02 1.085124645072445132e-01
9.669999999998945839e+01 3.050366626612798643e-02 1.123109927976870676e-01
9.679999999998945270e+01 2.634023099494841799e-02 1.159105761353980552e-01
9.689999999998943281e+01 2.243225532878264858e-02 1.192950224519285923e-01
9.699999999998942712e+01 1.879614334293223596e-02 1.224491564154521483e-01
9.709999999998942144e+01 1.544702891123236020e-02 1.253588836027902387e-01
9.719999999998940154e+01 1.239871942889359153e-02 1.280112495823916008e-01
9.729999999998939586e+01 9.663645686270715823e-03 1.303944936951207390e-01
9.739999999998937597e+01 7.252817991182246467e-03 1.324980973448078025e-01
9.749999999998937028e+01 5.175788608152486446e-03 1.343128266355118061e-01
9.759999999998936460e+01 3.440620555903804462e-03 1.358307692173583991e-01
9.769999999998934470e+01 2.053862779664768125e-03 1.370453652278910972e-01
9.779999999998933902e+01 1.020531692604460848e-03 1.379514322407020543e-01
9.789999999998933333e+01 3.440990608571632215e-04 1.385451841573556719e-01
9.799999999998931344e+01 2.648618911373817523e-05 1.388242440031809410e-01
9.809999999998930775e+01 6.806434838132834715e-05 1.387876506111461461e-01
9.819999999998930207e+01 4.676613740065739956e-04 1.384358592015182965e-01
9.829999999998928217e+01 1.222574350037177772e-03 1.377707358881249122e-01
9.839999999998927649e+01 2.328588285072238744e-03 1.367955461645962434e-01
9.849999999998925659e+01 3.780000674482442060e-03 1.355149374463956446e-01
9.859999999998925091e+01 5.569651833828665084e-03 1.339349157660592315e-01
9.869999999998924523e+01 7.688960878016709577e-03 1.320628167408314235e-01
9.879999999998922533e+01 1.012796720981961295e-02 1.299072709527812897e-01
9.889999999998921965e+01 1.287537736949300252e-02 1.274781639022725399e-01
9.899999999998919975e+01 1.591861708400384157e-02 1.247865907159802085e-01
9.909999999998919407e+01 1.924388833973768656e-02 1.218448058105770365e-01
9.919999999998918838e+01 2.283623128620059298e-02 1.186661677326633912e-01
9.929999999998916849e+01 2.667959076026036117e-02 1.152650794143195434e-01
9.939999999998916280e+01 3.075688720092148443e-02 1.116569241023884496e-01
9.949999999998915712e+01 3.505009170355830733e-02 1.078579972366660589e-01
9.959999999998913722e+01 3.954030494040605692e-02 1.038854345700026549e-01
9.969999999998913154e+01 4.420783965091212159e-02 9.975713683840736756e-02
9.979999999998912585e+01 4.903230638216211218e-02 9.549169130531294514e-02
9.989999999998910596e+01 5.399270213596877449e-02 9.110829051726752892e-02
