1.000000000000000000e+00 2.000000000000000000e+00 0.000000000000000000e+00
1.099999999999988987e+00 1.997600966372063747e+00 1.999200209262938163e-03
1.199999999999977973e+00 1.990415452844918498e+00 7.987208591383018058e-03
1.299999999999966960e+00 1.978478157301650109e+00 1.793529488541813210e-02
1.399999999999955946e+00 1.961846705446375738e+00 3.179572997135542145e-02
1.499999999999944933e+00 1.940601356931039856e+00 4.950201694103462113e-02
1.599999999999933920e+00 1.914844602726595069e+00 7.096921287447342797e-02
1.699999999999922906e+00 1.884700656410727815e+00 9.609433968434968887e-02
1.799999999999911893e+00 1.850314842470082377e+00 1.247568819767749387e-01
1.899999999999900879e+00 1.811852885083767850e+00 1.568193694765793456e-01
1.999999999999889866e+00 1.769500101170700557e+00 1.921280411810483701e-01
2.099999999999878852e+00 1.723460501747832385e+00 2.305135880388467784e-01
2.199999999999867839e+00 1.673955805885749104e+00 2.717919705996708069e-01
2.299999999999856826e+00 1.621224371745483728e+00 3.157653077471512804e-01
2.399999999999845812e+00 1.565520049371114775e+00 3.622228323112843262e-01
2.499999999999834799e+00 1.507110960094443453e+00 4.109419090569890187e-01
2.599999999999823785e+00 1.446278207582996744e+00 4.616891102658954305e-01
2.699999999999812772e+00 1.383314525754451241e+00 5.142213438620295562e-01
2.799999999999801759e+00 1.318522868973550199e+00 5.682870287889717487e-01
2.899999999999790745e+00 1.252214950167822582e+00 6.236273121171664879e-01
2.999999999999779732e+00 1.184709732716027197e+00 6.799773221530190925e-01
3.099999999999768718e+00 1.116331882212023840e+00 7.370674516325339543e-01
3.199999999999757705e+00 1.047410184450803250e+00 7.946246649180469523e-01
3.299999999999746692e+00 9.782759362425869076e-01 8.523738229691872892e-01
3.399999999999735678e+00 9.092613159137324930e-01 9.100390197415616500e-01
3.499999999999724665e+00 8.406977406027751343e-01 9.673449235692832548e-01
3.599999999999713651e+00 7.729142176954157950e-01 1.024018117019930063e+00
3.699999999999702638e+00 7.062356979615185271e-01 1.079788428665770628e+00
3.799999999999691624e+00 6.409814381495193558e-01 1.134390250205786321e+00
3.899999999999680611e+00 5.774633809609719393e-01 1.187563832386007379e+00
3.999999999999669598e+00 5.159845604614475834e-01 1.239056553215018841e+00
4.099999999999658584e+00 4.568375410832786199e-01 1.288624152046737192e+00
4.199999999999647571e+00 4.003028984396664325e-01 1.336031923217007922e+00
4.299999999999636557e+00 3.466477501925453453e-01 1.381055863056784627e+00
4.399999999999625544e+00 2.961243452036468882e-01 1.423483764283555386e+00
4.499999999999614531e+00 2.489687191409757916e-01 1.463116251977232274e+00
4.599999999999603517e+00 2.053994246160189274e-01 1.499767755587423812e+00
4.699999999999592504e+00 1.656163437837814556e-01 1.533267411689489101e+00
4.799999999999581490e+00 1.297995911472415165e-01 1.563459892513947347e+00
4.899999999999570477e+00 9.810851406547223263e-02 1.590206155606658012e+00
4.999999999999559464e+00 7.068079816545223826e-02 1.613384110350125633e+00
5.099999999999548450e+00 4.763168449616350664e-02 1.632889197473650800e+00
5.199999999999537437e+00 2.905330483319768647e-02 1.648634878110781132e+00
5.299999999999526423e+00 1.501414103712129730e-02 1.660553029423774696e+00
5.399999999999515410e+00 5.558613782968287002e-03 1.668594244306861762e+00
5.499999999999504396e+00 7.068053065582496170e-04 1.672728033187946606e+00
5.599999999999493383e+00 4.543200527172923105e-04 1.672942926500926575e+00
5.699999999999482370e+00 4.772286259374571016e-03 1.669246476953409664e+00
5.799999999999471356e+00 1.360750057169105888e-02 1.661665161306268290e+00
5.899999999999460343e+00 2.688271675627450577e-02 1.650244181972654767e+00
5.999999999999449329e+00 4.449707848536477162e-02 1.635047169357683794e+00
6.099999999999438316e+00 6.632669499636842381e-02 1.616155786475276690e+00
6.199999999999427303e+00 9.222535721841820799e-02 1.593669237995193111e+00
6.299999999999416289e+00 1.220253907137834881e-01 1.567703686484159586e+00
6.399999999999405276e+00 1.555386405288037011e-01 1.538391579208540749e+00
6.499999999999394262e+00 1.925575818110626392e-01 1.505880889446768345e+00
6.599999999999383249e+00 2.328565488512466530e-01 1.470334276822510056e+00
6.699999999999372235e+00 2.761930740750921376e-01 1.431928171694029084e+00
6.799999999999361222e+00 3.223093274695741361e-01 1.390851789132739880e+00
6.899999999999350209e+00 3.709336459971918631e-01 1.347306078468620383e+00
6.999999999999339195e+00 4.217821417611042345e-01 1.301502614787757750e+00
7.099999999999328182e+00 4.745603770380621422e-01 1.253662439112156690e+00
7.199999999999317168e+00 5.289650938219943033e-01 1.204014854290552883e+00
7.299999999999306155e+00 5.846859852110651845e-01 1.152796183863333601e+00
7.399999999999295142e+00 6.414074958424141881e-01 1.100248501340669982e+00
7.499999999999284128e+00 6.988106386160540806e-01 1.046618337449495950e+00
7.599999999999273115e+00 7.565748151516161757e-01 9.921553729613962203e-01
7.699999999999262101e+00 8.143796277727086697e-01 9.371111247101419073e-01
7.799999999999251088e+00 8.719066712951220044e-01 8.817376323497067014e-01
7.899999999999240075e+00 9.288412934875456273e-01 8.262861532911734974e-01
7.999999999999229061e+00 9.848743137525012292e-01 7.710058731004240107e-01
8.099999999999218048e+00 1.039703690313675377e+00 7.161426384288912539e-01
8.199999999999207034e+00 1.093036126977029232e+00 6.619377193083163524e-01
8.299999999999196021e+00 1.144588611316648796e+00 6.086266073605205440e-01
8.399999999999185007e+00 1.194089876924439686e+00 5.564378561602842943e-01
8.499999999999173994e+00 1.241281783109900561e+00 5.055919696561436139e-01
8.599999999999162981e+00 1.285920606151045531e+00 4.563003441931759996e-01
8.699999999999151967e+00 1.327778236855499783e+00 4.087642693059252430e-01
8.799999999999140954e+00 1.366643279789833798e+00 3.631739920590544290e-01
8.899999999999129940e+00 1.402322050074740423e+00 3.197078493076238037e-01
8.999999999999118927e+00 1.434639464134414677e+00 2.785314718352804864e-01
9.099999999999107914e+00 1.463439821218666781e+00 2.397970639061769715e-01
9.199999999999096900e+00 1.488587472920246180e+00 2.036427613333555431e-01
9.299999999999085887e+00 1.509967378290743678e+00 1.701920707296266932e-01
9.399999999999074873e+00 1.527485542519572581e+00 1.395533921614579287e-01
9.499999999999063860e+00 1.541069337526651761e+00 1.118196269741193044e-01
9.599999999999052847e+00 1.550667703216636495e+00 8.706787209905528235e-02
9.699999999999041833e+00 1.556251228579208945e+00 6.535920169028716642e-02
9.799999999999030820e+00 1.557812112312959352e+00 4.673853646729097394e-02
9.899999999999019806e+00 1.555364003186688437e+00 3.123460066842162833e-02
9.999999999999008793e+00 1.548941720966805269e+00 1.885996604233308380e-02
1.009999999999899778e+01 1.538600859400017118e+00 9.611181827158348651e-03
1.019999999999898677e+01 1.524417273472534751e+00 3.468989190931637268e-03
1.029999999999897575e+01 1.506486453943157278e+00 3.986181345992113314e-04
1.039999999999896474e+01 1.484922792960893467e+00 3.501643943994724758e-04
1.049999999999895373e+01 1.459858745424400084e+00 3.259043427163803557e-03
1.059999999999894271e+01 1.431443891580437722e+00 9.046518124289536916e-03
1.069999999999893170e+01 1.399843907195757575e+00 1.762029648201235421e-02
1.079999999999892069e+01 1.365239448434186542e+00 2.887519506152566931e-02
1.089999999999890967e+01 1.327824959316442621e+00 4.269386370672999254e-02
1.099999999999889866e+01 1.287807410312744594e+00 5.894756665398147299e-02
1.109999999999888765e+01 1.245404977194531249e+00 7.749701487102567121e-02
1.119999999999887663e+01 1.200845669751409606e+00 9.819324420430848577e-02
1.129999999999886562e+01 1.154365920328184192e+00 1.208785336982235309e-01
1.139999999999885461e+01 1.106209142370929710e+00 1.453873582781241847e-01
1.149999999999884359e+01 1.056624269265431959e+00 1.715473698628039168e-01
1.159999999999883258e+01 1.005864283722831765e+00 1.991804008922597735e-01
1.169999999999882156e+01 9.541847478015658135e-01 2.281034842223005066e-01
1.179999999999881055e+01 9.018423433815941914e-01 2.581298833485906052e-01
1.189999999999879954e+01 8.490934325138288497e-01 2.890701269771041582e-01
1.199999999999878852e+01 7.961926465861741686e-01 3.207330420544827199e-01
1.209999999999877751e+01 7.433915126837903342e-01 3.529267795047348333e-01
1.219999999999876650e+01 6.909371248932486553e-01 3.854598270908440871e-01
1.229999999999875548e+01 6.390708676287172318e-01 4.181420040202679655e-01
1.239999999999874447e+01 5.880271973592040569e-01 4.507854321442309464e-01
1.249999999999873346e+01 5.380324884010171393e-01 4.832054788577508364e-01
1.259999999999872244e+01 4.893039477346987631e-01 5.152216670812013177e-01
1.269999999999871143e+01 4.420486031124254422e-01 5.466585480000747399e-01
1.279999999999870042e+01 3.964623680611797929e-01 5.773465325476750953e-01
1.289999999999868940e+01 3.527291867607033060e-01 6.071226779339056190e-01
1.299999999999867839e+01 3.110202611927757599e-01 6.358314258507832273e-01
1.309999999999866738e+01 2.714933624234929233e-01 6.633252893195774602e-01
1.319999999999865636e+01 2.342922273893457419e-01 6.894654854802543253e-01
1.329999999999864535e+01 1.995460421168362419e-01 7.141225119635777885e-01
1.339999999999863434e+01 1.673690119020523892e-01 7.371766648254959309e-01
1.349999999999862332e+01 1.378600186122132809e-01 7.585184963625761778e-01
1.359999999999861231e+01 1.111023649369275307e-01 7.780492114652113322e-01
1.369999999999860130e+01 8.716360510359773273e-02 7.956810015000305158e-01
1.379999999999859028e+01 6.609546127512615221e-02 8.113373150482056095e-01
1.389999999999857927e+01 4.793382455821809662e-02 8.249530651539807025e-01
1.399999999999856826e+01 3.269883926144216690e-02 8.364747730656172386e-01
1.409999999999855724e+01 2.039506874815570636e-02 8.458606487743057789e-01
1.419999999999854623e+01 1.101174092477478009e-02 8.530806089742702936e-01
1.429999999999853522e+01 4.523071086994914780e-03 8.581162333779881468e-01
1.439999999999852420e+01 8.886595139440811716e-04 8.609606606314520461e-01
1.449999999999851319e+01 5.396085281260032174e-05 8.616184253688167205e-01
1.459999999999850218e+01 1.950821976555166311e-03 8.601052382396650042e-01
1.469999999999849116e+01 6.498084628451933180e-03 8.564477110196087040e-01
1.479999999999848015e+01 1.360224879504903783e-02 8.506830291857587767e-01
1.489999999999846914e+01 2.315819237996145571e-02 8.428585745914596306e-01
1.499999999999845812e+01 3.504994239301467002e-02 8.330315011132943814e-01
1.509999999999844711e+01 4.915149253075797725e-02 8.212682663652344228e-01
1.519999999999843610e+01 6.532766171461354410e-02 8.076441227765370767e-01
1.529999999999842508e+01 8.343498788027262081e-02 7.922425715084917552e-01
1.539999999999841407e+01 1.033226510859307223e-01 7.751547828428879683e-01
1.549999999999840306e+01 1.248334198340512735e-01 7.564789868058086064e-01
1.559999999999839204e+01 1.478046143894340692e-01 7.363198378960148505e-01
1.569999999999838103e+01 1.720690808298846464e-01 7.147877578652114261e-01
1.579999999999837001e+01 1.974561695880054923e-01 6.919982605466501457e-01
1.589999999999835900e+01 2.237927123364363002e-01 6.680712627524504343e-01
1.599999999999834799e+01 2.509039912312118203e-01 6.431303852507612717e-01
1.609999999999833875e+01 2.786146947588908906e-01 6.173022478028582505e-01
1.619999999999832596e+01 3.067498547261882647e-01 5.907157621781906620e-01
1.629999999999831317e+01 3.351357592797597484e-01 5.635014269808624743e-01
1.639999999999830393e+01 3.636008372405654110e-01 5.357906280119137943e-01
1.649999999999829470e+01 3.919765094717372333e-01 5.077149477607046935e-01
1.659999999999828191e+01 4.200980034607071367e-01 4.794054874710111380e-01
1.669999999999826912e+01 4.478051277724263146e-01 4.509922050602768739e-01
1.679999999999825988e+01 4.749430035117004900e-01 4.226032719911019253e-01
1.689999999999825064e+01 5.013627504054286588e-01 3.943644520034085277e-01
1.699999999999823785e+01 5.269221255695345496e-01 3.663985044156494730e-01
1.709999999999822506e+01 5.514861134497719419e-01 3.388246144982350883e-01
1.719999999999821583e+01 5.749274658180678621e-01 3.117578532131048963e-01
1.729999999999820659e+01 5.971271910479417633e-01 2.853086684014407570e-01
1.739999999999819380e+01 6.179749921957259362e-01 2.595824092921231174e-01
1.749999999999818101e+01 6.373696536614520403e-01 2.346788859933992000e-01
1.759999999999817177e+01 6.552193764059622838e-01 2.106919654244174545e-01
1.769999999999816254e+01 6.714420618533852858e-01 1.877092049401643814e-01
1.779999999999814975e+01 6.859655447231045589e-01 1.658115247050624963e-01
1.789999999999813696e+01 6.987277751095420930e-01 1.450729196756856132e-01
1.799999999999812772e+01 7.096769501786824863e-01 1.255602118623656283e-01
1.809999999999811848e+01 7.187715958813716277e-01 1.073328433526777315e-01
1.819999999999810569e+01 7.259805991020076288e-01 9.044271039576141924e-02
1.829999999999809290e+01 7.312831906872520049e-01 7.493403866518076606e-02
1.839999999999808367e+01 7.346688798275481380e-01 6.084329963798290608e-02
1.849999999999807443e+01 7.361373403173150365e-01 4.819916784971759599e-02
1.859999999999806164e+01 7.356982492961429143e-01 3.702251860703022895e-02
1.869999999999804885e+01 7.333710791817165120e-01 2.732646556262485066e-02
1.879999999999803961e+01 7.291848436477557094e-01 1.911643738039192630e-02
1.889999999999803038e+01 7.231777986846769091e-01 1.239029254231472851e-02
1.899999999999801759e+01 7.153970999948017218e-01 7.138471173846422033e-03
1.909999999999800480e+01 7.058984182272034502e-01 3.344182591094476981e-03
1.919999999999799556e+01 6.947455138374774020e-01 9.836271030033308469e-04
1.929999999999798632e+01 6.820097736602548366e-01 2.625043569620849986e-05
1.939999999999797353e+01 6.677697115971434894e-01 4.350289859295195676e-04
1.949999999999796074e+01 6.521104361461904642e-01 2.166783957873939705e-03
1.959999999999795151e+01 6.351230878141741476e-01 5.172522293925405426e-03
1.969999999999794227e+01 6.169042497512398082e-01 9.397802177808186816e-03
1.979999999999792948e+01 5.975553352265396967e-01 1.478312076860987048e-02
1.989999999999791669e+01 5.771819558008204343e-01 2.126432171929118833e-02
1.999999999999790745e+01 5.558932742526393467e-01 2.877301994403408045e-02
2.009999999999789821e+01 5.338013464645655626e-01 3.723704102699797874e-02
2.019999999999788542e+01 5.110204565727793913e-01 4.658087261131857448e-02
2.029999999999787264e+01 4.876664497245769003e-01 5.672612507259804093e-02
2.039999999999786340e+01 4.638560667747030353e-01 6.759199876557885067e-02
2.049999999999785416e+01 4.397062851796558203e-01 7.909575513675524971e-02
2.059999999999784137e+01 4.153336702291643423e-01 9.115318901833591170e-02
2.069999999999782858e+01 3.908537405839071499e-01 1.036790994604363386e-01
2.079999999999781934e+01 3.663803518794240266e-01 1.165877565170505420e-01
2.089999999999781011e+01 3.420251019108840329e-01 1.297933614764588961e-01
2.099999999999779732e+01 3.178967606437124171e-01 1.432104981171225810e-01
2.109999999999778453e+01 2.941007280022612247e-01 1.567545726738850953e-01
2.119999999999777529e+01 2.707385220892228883e-01 1.703422403155022968e-01
2.129999999999776605e+01 2.479073001782494956e-01 1.838918160610331087e-01
2.139999999999775326e+01 2.256994145175913458e-01 1.973236681986342278e-01
2.149999999999774047e+01 2.042020046806809208e-01 2.105605924134008600e-01
2.159999999999773124e+01 1.834966279090663455e-01 2.235281649810731130e-01
2.169999999999772200e+01 1.636589286140443522e-01 2.361550735383850519e-01
2.179999999999770921e+01 1.447583479385964600e-01 2.483734241000123688e-01
2.189999999999769642e+01 1.268578740302299945e-01 2.601190231526882557e-01
2.199999999999768718e+01 1.100138334382965849e-01 2.713316338205589151e-01
2.209999999999767795e+01 9.427572382519772143e-02 2.819552052601491665e-01
2.219999999999766516e+01 7.968608796651704962e-02 2.919380746070283084e-01
2.229999999999765237e+01 6.628042881152451660e-02 3.012331409611331279e-01
2.239999999999764313e+01 5.408716517743807767e-02 3.097980110605937365e-01
2.249999999999763389e+01 4.312762746003786368e-02 3.175951164546780836e-01
2.259999999999762110e+01 3.341609255581629023e-02 3.245918021467565917e-01
2.269999999999760831e+01 2.495985700832117904e-02 3.307603868332692487e-01
2.279999999999759908e+01 1.775934721231475777e-02 3.360781950182447630e-01
2.289999999999758984e+01 1.180826533523766583e-02 3.405275614310023236e-01
2.299999999999757705e+01 7.093769447090485930e-03 3.440958083175496007e-01
2.309999999999756426e+01 3.596686188963321533e-03 3.467751963153221650e-01
2.319999999999755502e+01 1.291754159102130551e-03 3.485628497501155887e-01
2.329999999999754579e+01 1.478960556657258891e-04 3.494606573200388366e-01
2.339999999999753300e+01 1.285174893736642620e-04 3.494751492464811538e-01
2.349999999999752021e+01 1.191830268979280748e-03 3.486173520795141090e-01
2.359999999999751097e+01 3.291197869445202945e-03 3.469026224447920859e-01
2.369999999999750173e+01 6.375500717917584846e-03 3.443504611075218769e-01
2.379999999999748894e+01 1.038951887649375468e-02 3.409843088082032403e-01
2.389999999999747615e+01 1.527432966313263529e-02 3.368313253953098552e-01
2.399999999999746692e+01 2.096771773202520464e-02 3.319221538372494895e-01
2.409999999999745768e+01 2.740459513079705062e-02 3.262906707475412560e-01
2.419999999999744489e+01 3.451742886219281992e-02 3.199737250932913057e-01
2.429999999999743210e+01 4.223667349999608162e-02 3.130108667887416818e-01
2.439999999999742286e+01 5.049120644051555140e-02 3.054440668933106062e-01
2.449999999999741362e+01 5.920876340957132583e-02 2.973174311450421659e-01
2.459999999999740083e+01 6.831637188809147609e-02 2.886769085607016616e-01
2.469999999999738804e+01 7.774078016603640229e-02 2.795699968279450887e-01
2.479999999999737881e+01 8.740887978206059172e-02 2.700454461975588805e-01
2.489999999999736957e+01 9.724811915584208322e-02 2.601529635621765424e-01
2.499999999999735678e+01 1.071869062701311520e-01 2.499429183748140271e-01
2.509999999999734399e+01 1.171549983125085431e-01 2.394660520231001177e-01
2.519999999999733475e+01 1.270838762429540580e-01 2.287731922272590035e-01
2.529999999999732552e+01 1.369071023159231237e-01 2.179149739770276650e-01
2.539999999999731273e+01 1.465606586561048752e-01 2.069415684609878237e-01
2.549999999999729994e+01 1.559832650697637324e-01 1.959024213730758968e-01
2.559999999999729070e+01 1.651166743695899330e-01 1.848460019052700631e-01
2.569999999999728146e+01 1.739059436051034746e-01 1.738195636524571264e-01
2.579999999999726867e+01 1.822996797224621102e-01 1.628689185649294657e-01
2.589999999999725588e+01 1.902502583321430685e-01 1.520382249873923342e-01
2.599999999999724665e+01 1.977140144365297225e-01 1.413697907196983794e-01
2.609999999999723741e+01 2.046514041667242267e-01 1.309038919255327005e-01
2.619999999999722462e+01 2.110271367938601483e-01 1.206786086001111341e-01
2.629999999999721183e+01 2.168102765138419930e-01 1.107296771894556026e-01
2.639999999999720259e+01 2.219743137533832511e-01 1.010903608307938267e-01
2.649999999999719336e+01 2.264972060043366209e-01 9.179133755817149576e-02
2.659999999999718057e+01 2.303613884568734282e-01 8.286060669135279777e-02
2.669999999999716778e+01 2.335537549683873171e-01 7.432341349843089862e-02
2.679999999999715854e+01 2.360656101627780779e-01 6.620219209780781044e-02
2.689999999999714930e+01 2.378925937058479212e-01 5.851652644113874285e-02
2.699999999999713651e+01 2.390345780337280734e-01 5.128312909977308931e-02
2.709999999999712372e+01 2.394955410261419559e-01 4.451583746230990818e-02
2.719999999999711449e+01 2.392834153035511280e-01 3.822562684223354545e-02
2.729999999999710525e+01 2.384099159901199583e-01 3.242063989296047055e-02
2.739999999999709246e+01 2.368903489164431997e-01 2.710623163368994226e-02
2.749999999999707967e+01 2.347434013402728281e-01 2.228502930430622392e-02
2.759999999999707043e+01 2.319909173356764498e-01 1.795700619121471872e-02
2.769999999999706120e+01 2.286576600477751853e-01 1.411956849939979657e-02
2.779999999999704841e+01 2.247710630284727451e-01 1.076765428865388702e-02
2.789999999999703562e+01 2.203609728637738463e-01 7.893843444595580183e-03
2.799999999999702638e+01 2.154593852782224761e-01 5.488477617177116123e-03
2.809999999999701714e+01 2.101001768582486662e-01 3.539789030925065243e-03
2.819999999999700435e+01 2.043188344790559663e-01 2.034037051877577145e-03
2.829999999999699156e+01 1.981521844497396712e-01 9.556513856657048453e-04
2.839999999999698233e+01 1.916381233138477469e-01 2.873807791810395712e-04
2.849999999999697309e+01 1.848153521553553835e-01 1.044610429756685271e-05
2.859999999999696030e+01 1.777231161698896444e-01 1.046967158520664009e-04
2.869999999999694751e+01 1.704009511619277162e-01 5.487689971337256743e-04
2.879999999999693827e+01 1.628884385274886049e-01 1.320246034128054512e-03
2.889999999999692903e+01 1.552249701719052577e-01 2.395817394350947035e-03
2.899999999999691624e+01 1.474495246976264551e-01 3.751438026935645723e-03
2.909999999999690345e+01 1.396004560727017452e-01 5.362485347347509430e-03
2.919999999999689422e+01 1.317152958589758172e-01 7.203913622289915067e-03
2.929999999999688498e+01 1.238305699363324158e-01 9.250404827639547439e-03
2.939999999999687219e+01 1.159816305070649201e-01 1.147651521406726528e-02
2.949999999999685940e+01 1.082025040019729961e-01 1.385681688090995359e-02
2.959999999999685016e+01 1.005257553379697300e-01 1.636603372806888848e-02
2.969999999999684093e+01 9.298236879746472894e-02 1.897917122773656179e-02
2.979999999999682814e+01 8.560164561479409462e-02 2.167163953150682068e-02
2.989999999999681535e+01 7.841111816829711423e-02 2.441936950331170114e-02
2.999999999999680611e+01 7.143648049065824679e-02 2.719892134349220086e-02
3.009999999999679687e+01 6.470153463081391998e-02 2.998758554334003332e-02
3.019999999999678408e+01 5.822815223115118677e-02 3.276347598141199358e-02
3.029999999999677129e+01 5.203625052925890671e-02 3.550561504218334441e-02
3.039999999999676206e+01 4.614378185871401833e-02 3.819401070288581251e-02
3.049999999999675282e+01 4.056673561117889182e-02 4.080972559500062324e-02
3.059999999999674003e+01 3.531915153742313379e-02 4.333493810213543546e-02
3.069999999999672724e+01 3.041314320834443211e-02 4.575299560521662451e-02
3.079999999999671800e+01 2.585893043142596659e-02 4.804846002872108918e-02
3.089999999999670877e+01 2.166487942276685424e-02 5.020714587782391936e-02
3.099999999999669598e+01 1.783754956877920197e-02 5.221615098589531961e-02
3.109999999999668319e+01 1.438174567302120260e-02 5.406388021460283022e-02
3.119999999999667395e+01 1.130057466857515777e-02 5.574006236613045923e-02
3.129999999999666471e+01 8.595505880686759442e-03 5.723576057791132654e-02
3.139999999999665192e+01 6.266434042917718404e-03 5.854337647724622284e-02
3.149999999999663913e+01 4.311744396870773391e-03 5.965664837537978937e-02
3.159999999999662990e+01 2.728379334789436585e-03 6.057064377998479243e-02
3.169999999999662066e+01 1.511906169945980392e-03 6.128174650235531512e-02
3.179999999999660787e+01 6.565857359530802729e-04 6.178763863120463606e-02
3.189999999999659508e+01 1.554416180000692824e-04 6.208727764070967603e-02
3.199999999999658584e+01 3.299022233730191486e-07 6.218086889599793582e-02
3.209999999999657661e+01 1.820093908794634928e-04 6.206983381616811013e-02
3.219999999999656382e+01 6.902122687932878099e-04 6.175677395304007833e-02
3.229999999999655103e+01 1.513715220179946653e-03 6.124543124363433094e-02
3.239999999999653824e+01 2.640410985202748095e-03 6.054064469610177107e-02
3.249999999999653255e+01 4.057380314711404694e-03 5.964830377186482874e-02
3.259999999999651976e+01 5.750964232859821605e-03 5.857529873151425676e-02
3.269999999999650697e+01 7.706836455158785557e-03 5.732946821734707238e-02
3.279999999999650129e+01 9.910075739127416350e-03 5.591954435115575189e-02
3.289999999999648850e+01 1.234523787179233646e-02 5.435509563143250261e-02
3.299999999999647571e+01 1.499642692867948247e-02 5.264646791826178840e-02
3.309999999999646292e+01 1.784736537834353751e-02 5.080472379688583118e-02
3.319999999999645013e+01 2.088146256023516376e-02 4.884158061080094010e-02
3.329999999999644444e+01 2.408188103611015596e-02 4.676934745249967246e-02
3.339999999999643165e+01 2.743160030979822916e-02 4.460086139346210871e-02
3.349999999999641886e+01 3.091347742929426504e-02 4.234942322505190482e-02
3.359999999999641318e+01 3.451030402923483537e-02 4.002873296819473709e-02
3.369999999999640039e+01 3.820485944100836945e-02 3.765282539219635960e-02
3.379999999999638760e+01 4.197995958923163989e-02 3.523600576270217999e-02
3.389999999999637481e+01 4.581850150459845089e-02 3.279278601517339464e-02
3.399999999999636202e+01 4.970350340905931724e-02 3.033782152518478895e-02
3.409999999999635634e+01 5.361814046523519922e-02 2.788584862030581493e-02
3.419999999999634355e+01 5.754577642125015269e-02 2.545162295176197145e-02
3.429999999999633076e+01 6.146999151881781670e-02 2.304985881839119802e-02
3.439999999999632507e+01 6.537460716015171258e-02 2.069516951153145892e-02
3.449999999999631228e+01 6.924370794129684759e-02 1.840200872851675828e-02
3.459999999999629949e+01 7.306166175115501316e-02 1.618461308532131299e-02
3.469999999999628670e+01 7.681313870119706178e-02 1.405694574604091258e-02
3.479999999999627391e+01 8.048312968755755303e-02 1.203264117937838558e-02
3.489999999999626823e+01 8.405696539239258802e-02 1.012495104994127169e-02
3.499999999999625544e+01 8.752033650347573746e-02 8.346691255485795546e-03
3.509999999999624265e+01 9.085931587130480214e-02 6.710190129883302455e-03
3.519999999999623697e+01 9.406038323229533316e-02 5.227237845263564033e-03
3.529999999999622418e+01 9.711045300911660960e-02 3.909037064901401716e-03
3.539999999999621139e+01 9.999690555768163402e-02 2.766154920150807814e-03
3.549999999999619860e+01 1.027076220724933708e-01 1.808476409103672430e-03
3.559999999999618581e+01 1.052310231911519761e-01 1.045159340578196002e-03
3.569999999999618012e+01 1.075561111648596774e-01 4.845909733404140394e-04
3.579999999999616733e+01 1.096725152882875448e-01 1.343465259083455223e-04
3.589999999999615454e+01 1.115705401194872770e-01 1.149755726332690508e-06
3.599999999999614886e+01 1.132412158724124401e-01 9.083582679431053992e-05
3.609999999999613607e+01 1.146763502387156131e-01 4.083167010434585122e-04
3.619999999999612328e+01 1.158685807960962710e-01 9.575493000435787716e-04
3.629999999999611049e+01 1.168114270912498226e-01 1.741506689415665702e-03
3.639999999999609770e+01 1.174993414500652283e-01 2.762152538228244449e-03
3.649999999999609201e+01 1.179277575650744397e-01 4.020419099554596240e-03
3.659999999999607923e+01 1.180931359426203170e-01 5.516188946362128413e-03
3.669999999999606644e+01 1.179930053550670571e-01 7.248280679369723846e-03
3.679999999999606075e+01 1.176259995360218608e-01 9.214438800985965197e-03
3.689999999999604796e+01 1.169918884722533636e-01 1.141132792270584985e-02
3.699999999999603517e+01 1.160916037811925844e-01 1.383453144328666840e-02
3.709999999999602238e+01 1.149272578101024622e-01 1.647855480267190753e-02
3.719999999999600959e+01 1.135021562464490347e-01 1.933683338305723295e-02
3.729999999999600391e+01 1.118208041818383874e-01 2.240174509470657660e-02
3.739999999999599112e+01 1.098889057172141581e-01 2.566462765132195359e-02
3.749999999999597833e+01 1.077133573294608293e-01 2.911580050865648570e-02
3.759999999999597264e+01 1.053022353337454559e-01 3.274459141182276684e-02
3.769999999999595985e+01 1.026647778668635935e-01 3.653936747154876846e-02
3.779999999999594706e+01 9.981136188270235687e-02 4.048757066856127629e-02
3.789999999999593427e+01 9.675347568869317738e-02 4.457575766806973205e-02
3.799999999999592148e+01 9.350368756133931036e-02 4.878964381338914830e-02
3.809999999999591580e+01 9.007561096103867959e-02 5.311415115890499861e-02
3.819999999999590301e+01 8.648386682154060590e-02 5.753346039732198242e-02
3.829999999999589022e+01 8.274404332240678506e-02 6.203106653427674366e-02
3.839999999999588454e+01 7.887265346534871879e-02 6.658983816403127309e-02
3.849999999999587175e+01 7.488709067348557624e-02 7.119208020242492885e-02
3.859999999999585896e+01 7.080558251961523164e-02 7.581959993684293797e-02
3.869999999999584617e+01 6.664714257231892092e-02 8.045377625636930541e-02
3.879999999999583338e+01 6.243152023064412609e-02 8.507563192830334964e-02
3.889999999999582769e+01 5.817914830561201484e-02 8.966590878818500587e-02
3.899999999999581490e+01 5.391108800383286742e-02 9.420514570923130271e-02
3.909999999999580211e+01 4.964897088011714643e-02 9.867375921262996896e-02
3.919999999999579643e+01 4.541493725502872975e-02 1.030521265716741464e-01
3.929999999999578364e+01 4.123157054421623668e-02 1.073206712505890698e-01
3.939999999999577085e+01 3.712182692051060190e-02 1.114599505013399994e-01
3.949999999999575806e+01 3.310895972950449878e-02 1.154507449205591230e-01
3.959999999999574527e+01 2.921643810583572989e-02 1.192741497418652596e-01
3.969999999999573959e+01 2.546785929030184054e-02 1.229116676084341525e-01
3.979999999999572680e+01 2.188685422771803613e-02 1.263453025355024129e-01
3.989999999999571401e+01 1.849698613024988725e-02 1.295576547343744167e-01
3.999999999999570832e+01 1.532164181940908095e-02 1.325320159279885501e-01
4.009999999999569553e+01 1.238391580965447249e-02 1.352524647449684370e-01
4.019999999999568274e+01 9.706487264299573300e-03 1.377039617346650091e-01
4.029999999999566995e+01 7.311490137038540588e-03 1.398724435013049827e-01
4.039999999999565716e+01 5.220377005587656209e-03 1.417449154118900212e-01
4.049999999999565148e+01 3.453777303370322242e-03 1.433095422914291706e-01
4.059999999999563869e+01 2.031350856070956220e-03 1.445557364814349655e-01
4.069999999999562590e+01 9.716378270655109343e-04 1.454742426042219816e-01
4.079999999999562021e+01 2.919063640319790199e-04 1.460572183484611375e-01
4.089999999999560742e+01 7.999413075836669617e-06 1.462983105708053067e-01
4.099999999999559464e+01 1.341823212193115364e-04 1.461927259957012670e-01
4.109999999999558185e+01 6.829929780558357524e-04 1.457372957917391632e-01
4.119999999999556906e+01 1.665096348096998949e-03 1.449305333084719982e-01
4.129999999999556337e+01 3.089145312715096611e-03 1.437726842729773469e-01
4.139999999999555058e+01 4.961649771215562166e-03 1.422657687719449671e-01
4.149999999999553779e+01 7.286855941936408280e-03 1.404136143811415827e-01
4.159999999999553211e+01 1.006663775491983132e-02 1.382218798515237879e-01
4.169999999999551932e+01 1.330040213723288241e-02 1.356980688179316719e-01
4.179999999999550653e+01 1.698500986148521186e-02 1.328515330634445768e-01
4.189999999999549374e+01 2.111471345952327730e-02 1.296934649472517853e-01
4.199999999999548095e+01 2.568111350036875531e-02 1.262368786875069371e-01
4.209999999999547526e+01 3.067313429870456229e-02 1.224965802796640635e-01
4.219999999999546247e+01 3.607701986352677970e-02 1.184891259256091733e-01
4.229999999999544968e+01 4.187635062259795898e-02 1.142327689468998903e-01
4.239999999999544400e+01 4.805208117436241683e-02 1.097473952556311666e-01
4.249999999999543121e+01 5.458259903292545651e-02 1.050544475565419744e-01
4.259999999999541842e+01 6.144380405103552767e-02 1.001768385533528261e-01
4.269999999999540563e+01 6.860920793892862080e-02 9.513885352828349573e-02
4.279999999999539284e+01 7.605005304956606593e-02 8.996604275561372044e-02
4.289999999999538716e+01 8.373544938020657802e-02 8.468510429645462190e-02
4.299999999999537437e+01 9.163252855074854875e-02 7.932375780132681908e-02
4.309999999999536158e+01 9.970661336496572380e-02 7.391061001926449436e-02
4.319999999999535589e+01 1.079214014430148194e-01 6.847501277570920697e-02
4.329999999999534310e+01 1.162391613340476026e-01 6.304691423676689332e-02
4.339999999999533031e+01 1.246209394740261933e-01 5.765670432375116783e-02
4.349999999999531752e+01 1.330267763442532503e-01 5.233505517970022530e-02
4.359999999999530473e+01 1.414159302063182633e-01 4.711275761913313181e-02
4.369999999999529905e+01 1.497471068338629141e-01 4.202055451380745654e-02
4.379999999999528626e+01 1.579786937259095858e-01 3.708897208185087807e-02
4.389999999999527347e+01 1.660689973621597426e-01 3.234815005553190459e-02
4.399999999999526779e+01 1.739764821438668230e-01 2.782767170512394361e-02
4.409999999999525500e+01 1.816600097457529706e-01 2.355639469370821026e-02
4.419999999999524221e+01 1.890790776813522367e-01 1.956228373074964458e-02
4.429999999999522942e+01 1.961940559502873549e-01 1.587224598152942381e-02
4.439999999999521663e+01 2.029664206884375099e-01 1.251197017593881113e-02
4.449999999999521094e+01 2.093589837778031815e-01 9.505770343356015686e-03
4.459999999999519815e+01 2.153361173924395744e-01 6.876435081240931703e-03
4.469999999999518536e+01 2.208639724594242126e-01 4.645083243232801459e-03
4.479999999999517968e+01 2.259106900024062392e-01 2.831026908047802257e-03
4.489999999999516689e+01 2.304466043131534470e-01 1.451642463031208594e-03
4.499999999999515410e+01 2.344444368671436962e-01 5.222506054469555192e-04
4.509999999999514131e+01 2.378794798678839639e-01 5.600603011304585148e-05
4.519999999999512852e+01 2.407297682773458236e-01 6.379753336258010745e-05
4.529999999999512283e+01 2.429762391704645696e-01 5.541592200759602000e-04
4.539999999999511004e+01 2.446028772459850620e-01 1.533193452362448901e-03
4.549999999999509726e+01 2.455968453389900108e-01 3.004506125068565851e-03
4.559999999999509157e+01 2.459485988135079459e-01 4.969154794528449909e-03
4.569999999999507878e+01 2.456519827711768356e-01 7.425610122856210471e-03
4.579999999999506599e+01 2.447043110939860489e-01 1.036973103077095011e-02
4.589999999999505320e+01 2.431064264444433298e-01 1.379475387783654812e-02
4.599999999999504041e+01 2.408627404755754320e-01 1.769129591052389858e-02
4.609999999999503473e+01 2.379812536509515186e-01 2.204737313642315608e-02
4.619999999999502194e+01 2.344735542375351589e-01 2.684843269795150061e-02
4.629999999999500915e+01 2.303547962105346458e-01 3.207739973196085947e-02
4.639999999999500346e+01 2.256436559879508308e-01 3.771473861363388441e-02
4.649999999999499067e+01 2.203622680950626522e-01 4.373852839492974043e-02
4.659999999999497788e+01 2.145361400347410019e-01 5.012455216067817493e-02
4.669999999999496509e+01 2.081940468084891860e-01 5.684639993967261634e-02
4.679999999999495230e+01 2.013679056871078288e-01 6.387558472531831844e-02
4.689999999999494662e+01 1.940926319714425807e-01 7.118167108015173439e-02
4.699999999999493383e+01 1.864059766053286771e-01 7.873241572264982890e-02
4.709999999999492104e+01 1.783483466102049886e-01 8.649391942251705157e-02
4.719999999999491536e+01 1.699626093989090592e-01 9.443078946290482667e-02
4.729999999999490257e+01 1.612938821017265989e-01 1.025063118650852978e-01
4.739999999999488978e+01 1.523893070989285337e-01 1.106826325126088750e-01
4.749999999999487699e+01 1.432978150079568802e-01 1.189209462581273663e-01
4.759999999999486420e+01 1.340698764193804515e-01 1.271816930472104146e-01
4.769999999999485851e+01 1.247572437206603962e-01 1.354247600491423620e-01
4.779999999999484572e+01 1.154126843909268479e-01 1.436096887448086445e-01
4.789999999999483293e+01 1.060897071962120658e-01 1.516958858875538108e-01
4.799999999999482725e+01 9.684228276486210596e-02 1.596428372225962566e-01
4.809999999999481446e+01 8.772456007609109874e-02 1.674103228267014853e-01
4.819999999999480167e+01 7.879058045006342992e-02 1.749586329108156757e-01
4.829999999999478888e+01 7.009399068383828646e-02 1.822487829159191164e-01
4.839999999999477609e+01 6.168775702960493240e-02 1.892427267267340618e-01
4.849999999999477041e+01 5.362388175633649862e-02 1.959035668288069687e-01
4.859999999999475762e+01 4.595312406795367538e-02 2.021957602442634172e-01
4.869999999999474483e+01 3.872472716595608960e-02 2.080853190987458634e-01
4.879999999999473914e+01 3.198615323622302359e-02 2.135400046979754052e-01
4.889999999999472635e+01 2.578282810531351554e-02 2.185295140280781867e-01
4.899999999999471356e+01 2.015789724628499688e-02 2.230256576366808907e-01
4.909999999999470077e+01 1.515199471693035732e-02 2.270025279062089785e-01
4.919999999999468798e+01 1.080302648297607089e-02 2.304366567902252916e-01
4.929999999999468230e+01 7.145969416956908515e-03 2.333071621535535711e-01
4.939999999999466951e+01 4.212687073017744310e-03 2.355958819321875286e-01
4.949999999999465672e+01 2.031763123810646863e-03 2.372874954096052258e-01
4.959999999999465103e+01 6.283531144046609895e-04 2.383696309917598399e-01
4.969999999999463824e+01 2.405494767386515638e-05 2.388329599502861389e-01
4.979999999999462545e+01 2.367982748383544998e-04 2.386712756925156997e-01
4.989999999999461266e+01 1.280752733065268663e-03 2.378815582043718180e-01
4.999999999999459988e+01 3.166254758729003960e-03 2.364640233984221518e-01
5.009999999999459419e+01 5.899752518880890806e-03 2.344221571808142446e-01
5.019999999999458140e+01 9.483768352459936296e-03 2.317627341279186737e-01
5.029999999999456861e+01 1.391687800293878695e-02 2.284958207343352754e-01
5.039999999999456293e+01 1.919370585967983267e-02 2.246347632582195442e-01
5.049999999999455014e+01 2.530493540802466676e-02 2.201961602468119339e-01
5.059999999999453735e+01 3.223733411765294238e-02 2.151998198757952285e-01
5.069999999999452456e+01 3.997379207160159376e-02 2.096687022795553079e-01
5.079999999999451177e+01 4.849337374916339038e-02 2.036288470880978363e-01
5.089999999999450608e+01 5.777138251674972247e-02 1.971092864192345306e-01
5.099999999999449329e+01 6.777943754208273774e-02 1.901419436062908308e-01
5.109999999999448050e+01 7.848556301778071564e-02 1.827615179686289670e-01
5.119999999999447482e+01 8.985428974897785581e-02 1.750053559627103017e-01
5.129999999999446203e+01 1.018467693136817648e-01 1.669133090798027297e-01
5.139999999999444924e+01 1.144209011336248943e-01 1.585275788905098349e-01
5.149999999999443645e+01 1.275314728859710256e-01 1.498925496730571238e-01
5.159999999999442366e+01 1.411303147357342858e-01 1.410546091045666028e-01
5.169999999999441798e+01 1.551664678669908704e-01 1.320619575425499015e-01
5.179999999999440519e+01 1.695863677362438315e-01 1.229644064784777002e-01
5.189999999999439240e+01 1.843340423620970503e-01 1.138131668044229799e-01
5.199999999999438671e+01 1.993513258044033176e-01 1.046606275996265351e-01
5.209999999999437392e+01 2.145780867786552804e-01 9.556012621245525696e-02
5.219999999999436113e+01 2.299524721062908839e-01 8.656571048570027571e-02
5.229999999999434834e+01 2.454111644282859217e-01 7.773189404562624860e-02
5.239999999999433555e+01 2.608896533203021728e-01 6.911340564759300975e-02
5.249999999999432987e+01 2.763225186573574632e-01 6.076493364002998054e-02
5.259999999999431708e+01 2.916437247957902046e-01 5.274086667255152572e-02
5.269999999999430429e+01 3.067869238856544833e-01 4.509503183127665238e-02
5.279999999999429861e+01 3.216857664084495361e-01 3.788043143251729195e-02
5.289999999999428582e+01 3.362742168644383689e-01 3.114897974440121106e-02
5.299999999999427303e+01 3.504868724177165329e-01 2.495124093236181229e-02
5.309999999999426024e+01 3.642592822515103301e-01 1.933616953946906344e-02
5.319999999999424745e+01 3.775282653922736875e-01 1.435085481459833640e-02
5.329999999999424176e+01 3.902322248275121308e-01 1.004027019186537299e-02
5.339999999999422897e+01 4.023114558642401639e-01 6.447029203345598126e-03
5.349999999999421618e+01 4.137084468454521047e-01 3.611149075490093473e-03
5.359999999999421050e+01 4.243681705486341826e-01 1.569823218819805946e-03
5.369999999999419771e+01 4.342383648247242212e-01 3.572037722808522257e-04
5.379999999999418492e+01 4.432698012800277976e-01 4.195309701079299884e-06
5.389999999999417213e+01 4.514165410493309327e-01 5.382607579855801586e-04
5.399999999999415934e+01 4.586361769351343098e-01 1.983240516706081830e-03
5.409999999999415365e+01 4.648900613910899593e-01 4.359185708180559130e-03
5.419999999999414086e+01 4.701435199917743946e-01 7.682206427302538422e-03
5.429999999999412807e+01 4.743660501484494030e-01 1.196433580222681752e-02
5.439999999999412239e+01 4.775315049000948830e-01 1.721341062119291498e-02
5.449999999999410960e+01 4.796182616234238028e-01 2.343296922736660959e-02
5.459999999999409681e+01 4.806093754719063527e-01 3.062216733250167425e-02
5.469999999999408402e+01 4.804927172728846174e-01 3.877571235062752392e-02
5.479999999999407123e+01 4.792610954917964072e-01 4.788381680420172176e-02
5.489999999999406555e+01 4.769123617271219251e-01 5.793217130564110029e-02
5.499999999999405276e+01 4.734494990329901065e-01 6.890193756567260241e-02
5.509999999999403997e+01 4.688806922023180390e-01 8.076976182496752033e-02
5.519999999999403428e+01 4.632193789838238152e-01 9.350780904537916993e-02
5.529999999999402149e+01 4.564842810735764145e-01 1.070838181308659820e-01
5.539999999999400870e+01 4.486994136220534557e-01 1.214611783737829659e-01
5.549999999999399591e+01 4.398940719438321212e-01 1.365990272402478056e-01
5.559999999999398312e+01 4.301027941151230882e-01 1.524523695166361270e-01
5.569999999999397744e+01 4.193652981997573748e-01 1.689722177391670133e-01
5.579999999999396465e+01 4.077263929586915636e-01 1.861057537197436940e-01
5.589999999999395186e+01 3.952358610700006381e-01 2.037965108645950485e-01
5.599999999999394618e+01 3.819483141108749313e-01 2.219845768593132207e-01
5.609999999999393339e+01 3.679230188221249698e-01 2.406068161659410121e-01
5.619999999999392060e+01 3.532236944836639192e-01 2.595971116464858008e-01
5.629999999999390781e+01 3.379182815582095767e-01 2.788866244956915152e-01
5.639999999999389502e+01 3.220786821046980331e-01 2.984040715342668459e-01
5.649999999999388933e+01 3.057804728069868916e-01 3.180760187870269595e-01
5.659999999999387654e+01 2.891025917925107436e-01 3.378271901471306959e-01
5.669999999999386375e+01 2.721270007274479985e-01 3.575807898134805707e-01
5.679999999999385807e+01 2.549383239491265774e-01 3.772588370809126790e-01
5.689999999999384528e+01 2.376234666364786530e-01 3.967825119676735568e-01
5.699999999999383249e+01 2.202712142147211227e-01 4.160725100782878272e-01
5.709999999999381970e+01 2.029718153409561521e-01 4.350494050262367907e-01
5.719999999999380691e+01 1.858165509265901072e-01 4.536340166793356166e-01
5.729999999999380123e+01 1.688972917197723855e-01 4.717477834393669633e-01
5.739999999999378844e+01 1.523060470052169380e-01 4.893131367279215937e-01
5.749999999999377565e+01 1.361345069857195500e-01 5.062538758228165570e-01
5.759999999999376996e+01 1.204735813958360546e-01 5.224955411690599405e-01
5.769999999999375717e+01 1.054129368744142897e-01 5.379657842799862033e-01
5.779999999999374438e+01 9.104053559315367083e-02 5.525947323430778768e-01
5.789999999999373159e+01 7.744217761248438359e-02 5.663153456518800200e-01
5.799999999999371880e+01 6.470104941577946300e-02 5.790637660009154697e-01
5.809999999999371312e+01 5.289728106320910200e-02 5.907796542038060705e-01
5.819999999999370033e+01 4.210751440550456609e-02 6.014065149242885377e-01
5.829999999999368754e+01 3.240448480506492174e-02 6.108920070509907818e-01
5.839999999999368185e+01 2.385661882142481316e-02 6.191882378932445086e-01
5.849999999999366906e+01 1.652765032462341285e-02 6.262520395340106516e-01
5.859999999999365627e+01 1.047625749465559870e-02 6.320452257436223187e-01
5.869999999999364348e+01 5.755723139621572032e-03 6.365348279387179620e-01
5.879999999999363069e+01 2.413620710015607507e-03 6.396933087624045999e-01
5.889999999999362501e+01 4.915282932662814585e-04 6.414987519649418823e-01
5.899999999999361222e+01 2.477273387756072053e-05 6.419350273837762799e-01
5.909999999999359943e+01 1.042205835084345032e-03 6.409919299506486867e-01
5.919999999999359375e+01 3.566014355021354925e-03 6.386652917961597176e-01
5.929999999999358096e+01 7.611565214426849364e-03 6.349570666750614656e-01
5.939999999999356817e+01 1.318728698744848181e-02 6.298753861004391386e-01
5.949999999999355538e+01 2.029458835917286735e-02 6.234345867432956600e-01
5.959999999999354259e+01 2.892781381325417595e-02 6.156552088312594595e-01
5.969999999999353690e+01 3.907423637330987437e-02 6.065639654582507534e-01
5.979999999999352411e+01 5.071408677798670828e-02 5.961936828922156373e-01
5.989999999999351132e+01 6.382061803797732524e-02 5.845832121444790586e-01
5.999999999999350564e+01 7.836020392153340841e-02 5.717773122276116338e-01
6.009999999999349285e+01 9.429246955926361140e-02 5.578265056872182548e-01
6.019999999999348006e+01 1.115704520655008275e-01 5.427869071344564311e-01
6.029999999999346727e+01 1.301407888544015568e-01 5.267200256365868194e-01
6.039999999999345448e+01 1.499439311953817966e-01 5.096925419336456597e-01
6.049999999999344880e+01 1.709143805093587820e-01 4.917760615439688010e-01
6.059999999999343601e+01 1.929809449580336123e-01 4.730468448977060980e-01
6.069999999999342322e+01 2.160670140188901689e-01 4.535855156972005697e-01
6.079999999999341753e+01 2.400908489627225084e-01 4.334767487441696376e-01
6.089999999999340474e+01 2.649658874463539093e-01 4.128089385047813975e-01
6.099999999999339195e+01 2.906010607851969296e-01 3.916738496973503625e-01
6.109999999999337916e+01 3.169011228603626495e-01 3.701662511973916603e-01
6.119999999999336637e+01 3.437669900224861186e-01 3.483835345553226714e-01
6.129999999999336069e+01 3.710960917559570360e-01 3.264253184227091653e-01
6.139999999999334790e+01 3.987827322422086707e-01 3.043930401837617317e-01
6.149999999999333511e+01 4.267184632869942540e-01 2.823895360942711985e-01
6.159999999999332942e+01 4.547924693350871572e-01 2.605186112435371459e-01
6.169999999999331664e+01 4.828919654672611528e-01 2.388846006772408215e-01
6.179999999999330385e+01 5.109026093539162927e-01 2.175919230542036620e-01
6.189999999999329106e+01 5.387089281076260505e-01 1.967446282557715753e-01
6.199999999999327827e+01 5.661947608418866906e-01 1.764459404275678933e-01
6.209999999999327258e+01 5.932437174972213789e-01 1.567977980033829488e-01
6.219999999999325979e+01 6.197396541535861170e-01 1.379003923444157564e-01
6.229999999999324700e+01 6.455671646154432786e-01 1.198517067163288180e-01
6.239999999999324132e+01 6.706120875535360737e-01 1.027470574233025208e-01
6.249999999999322853e+01 6.947620279301535140e-01 8.667863901490635570e-02
6.259999999999321574e+01 7.179068908514417702e-01 7.173507557791077016e-02
6.269999999999320295e+01 7.399394253970446034e-01 5.800098021432104761e-02
6.279999999999319016e+01 7.607557754047440390e-01 4.555652488633318148e-02
6.289999999999318447e+01 7.802560336558567178e-01 3.447702287391062742e-02
6.299999999999317168e+01 7.983447954390915369e-01 2.483252613826882060e-02
6.309999999999315889e+01 8.149317070863610901e-01 1.668743991047011779e-02
6.319999999999315321e+01 8.299320047860838656e-01 1.010015682730868759e-02
6.329999999999314042e+01 8.432670388017442509e-01 5.122712913715118943e-03
6.339999999999312763e+01 8.548647781649918453e-01 1.800467661725088393e-03
6.349999999999311484e+01 8.646602909645999535e-01 1.718103798791822793e-04
6.359999999999310205e+01 8.725961955264597281e-01 2.678948846428821353e-04
6.369999999999309637e+01 8.786230780546709918e-01 2.112404478128100498e-03
6.379999999999308358e+01 8.826998726754029523e-01 5.721349006189116633e-03
6.389999999999307079e+01 8.847942002739589418e-01 1.110289562039774511e-02
6.399999999999306510e+01 8.848826630261947823e-01 1.825723467953127219e-02
6.409999999999305942e+01 8.829510920782458472e-01 2.717648202439425231e-02
6.419999999999303952e+01 8.789947463985248177e-01 3.784461864759314231e-02
6.429999999999301963e+01 8.730184614011684552e-01 5.023746856086203777e-02
6.439999999999301394e+01 8.650367464975236009e-01 6.432271544006530617e-02
6.449999999999300826e+01 8.550738312520004270e-01 8.005995840553303822e-02
6.459999999999300258e+01 8.431636602956119608e-01 9.740080707532507154e-02
6.469999999999298268e+01 8.293498375672363476e-01 1.162890158144607028e-01
6.479999999999297700e+01 8.136855208051090305e-01 1.366606568954012169e-01
6.489999999999295710e+01 7.962332674915311159e-01 1.584443320858216209e-01
6.499999999999295142e+01 7.770648336756945662e-01 1.815614219904662374e-01
6.509999999999294573e+01 7.562609272413155503e-01 2.059263722936635621e-01
6.519999999999292584e+01 7.339109172855677876e-01 2.314470158796675114e-01
6.529999999999292015e+01 7.101125013104404582e-01 2.580249296477938881e-01
6.539999999999290026e+01 6.849713319315889892e-01 2.855558246875071204e-01
6.549999999999289457e+01 6.586006047789537687e-01 3.139299683360831650e-01
6.559999999999288889e+01 6.311206092172438886e-01 3.430326365045975323e-01
6.569999999999286899e+01 6.026582434593962256e-01 3.727445945275970063e-01
6.579999999999286331e+01 5.733464955976826927e-01 4.029426046670324668e-01
6.589999999999285762e+01 5.433238920388658855e-01 4.334999582787336658e-01
6.599999999999283773e+01 5.127339148142247005e-01 4.642870305322882585e-01
6.609999999999283204e+01 4.817243892499440405e-01 4.951718554594675692e-01
6.619999999999282636e+01 4.504468435234446066e-01 5.260207189938649330e-01
6.629999999999280647e+01 4.190558417142183911e-01 5.566987675533667801e-01
6.639999999999280078e+01 3.877082920696213186e-01 5.870706296099629240e-01
6.649999999999278089e+01 3.565627323586045838e-01 6.170010475871141598e-01
6.659999999999277520e+01 3.257785943674206819e-01 6.463555173235665530e-01
6.669999999999276952e+01 2.955154498066264179e-01 6.750009322476551166e-01
6.679999999999274962e+01 2.659322401367482658e-01 7.028062293172612218e-01
6.689999999999274394e+01 2.371864930809123861e-01 7.296430336969524921e-01
6.699999999999272404e+01 2.094335288680326534e-01 7.553862990728860138e-01
6.709999999999271836e+01 1.828256595354541547e-01 7.799149404415982589e-01
6.719999999999271267e+01 1.575113849085550410e-01 8.031124561596273415e-01
6.729999999999269278e+01 1.336345891599880209e-01 8.248675360035115922e-01
6.739999999999268709e+01 1.113337421268118937e-01 8.450746519681752167e-01
6.749999999999268141e+01 9.074110982271380021e-02 8.636346285274530965e-01
6.759999999999266151e+01 7.198197881838921952e-02 8.804551890937574177e-01
6.769999999999265583e+01 5.517389936865300937e-02 8.954514754502204132e-01
6.779999999999265015e+01 4.042595233372032332e-02 9.085465369792158352e-01
6.789999999999263025e+01 2.783804506752532090e-02 9.196717865945900350e-01
6.799999999999262457e+01 1.750024152173845771e-02 9.287674203812207319e-01
6.809999999999260467e+01 9.492131834510380076e-03 9.357827980728217199e-01
6.819999999999259899e+01 3.882246632705483279e-03 9.406767816495115175e-01
6.829999999999259330e+01 7.275211717110392296e-04 9.434180295075225153e-01
6.839999999999257341e+01 7.281426431290925793e-05 9.439852438567385429e-01
6.849999999999256772e+01 1.950486708572611149e-03 9.423673692203434760e-01
6.859999999999254783e+01 6.380043613937395018e-03 9.385637401591833129e-01
6.869999999999254214e+01 1.336784464701063109e-02 9.325841766078803996e-01
6.879999999999253646e+01 2.290688577733835177e-02 9.244490254980739508e-01
6.889999999999251656e+01 3.497665560500598514e-02 9.141891476469944378e-01
6.899999999999251088e+01 4.954306880345522857e-02 9.018458492080528854e-01
6.909999999999250520e+01 6.655847862201086373e-02 8.874707573124634985e-01
6.919999999999248530e+01 8.596176977388615692e-02 8.711256398682960533e-01
6.929999999999247962e+01 1.076785323983230624e-01 8.528821698316272348e-01
6.939999999999247393e+01 1.316213171428228523e-01 8.328216346094458045e-01
6.949999999999245404e+01 1.576899707740009315e-01 8.110345916043153469e-01
6.959999999999244835e+01 1.857720511064257229e-01 7.876204712501929661e-01
6.969999999999242846e+01 2.157433194469572935e-01 7.626871292272843217e-01
6.979999999999242277e+01 2.474683081966771170e-01 7.363503498679581094e-01
6.989999999999241709e+01 2.808009607403024743e-01 7.087333030788200983e-01
6.999999999999239719e+01 3.155853402867115354e-01 6.799659574028139586e-01
7.009999999999239151e+01 3.516564039073601378e-01 6.501844521257984510e-01
7.019999999999237161e+01 3.888408376483310502e-01 6.195304315979240917e-01
7.029999999999236593e+01 4.269579482641175927e-01 5.881503451821740169e-01
7.039999999999236024e+01 4.658206068314603709e-01 5.561947164692359058e-01
7.049999999999234035e+01 5.052362392390072898e-01 5.238173856023600194e-01
7.059999999999233466e+01 5.450078583106394703e-01 4.911747287402096207e-01
7.069999999999232898e+01 5.849351320893467765e-01 4.584248588488339937e-01
7.079999999999230909e+01 6.248154825854996819e-01 4.257268121583535070e-01
7.089999999999230340e+01 6.644452090632185781e-01 3.932397247404031404e-01
7.099999999999229772e+01 7.036206297016308620e-01 3.611220037646425407e-01
7.109999999999227782e+01 7.421392352173367124e-01 3.295304980697091324e-01
7.119999999999227214e+01 7.798008477766452673e-01 2.986196727420065700e-01
7.129999999999225224e+01 8.164087782593600906e-01 2.685407924256765777e-01
7.139999999999224656e+01 8.517709746720355524e-01 2.394411180951002416e-01
7.149999999999224087e+01 8.857011542590816910e-01 2.114631220003957701e-01
7.159999999999222098e+01 9.180199116378181534e-01 1.847437254473746904e-01
7.169999999999221529e+01 9.485557951051799552e-01 1.594135639930994441e-01
7.179999999999219540e+01 9.771463431493826457e-01 1.355962845266279193e-01
7.189999999999218971e+01 1.003639073168454354e+00 1.134078785569627018e-01
7.199999999999218403e+01 1.027892414462078241e+00 9.295605584943496258e-02
7.209999999999216413e+01 1.049776577748889217e+00 7.433966233278711810e-02
7.219999999999215845e+01 1.069174353771641162e+00 5.764814594542161386e-02
7.229999999999215277e+01 1.085981834001493063e+00 4.296107379879294391e-02
7.239999999999213287e+01 1.100109047044042887e+00 3.034770371153521981e-02
7.249999999999212719e+01 1.111480505077940162e+00 1.986661281146467548e-02
7.259999999999212150e+01 1.120035655516687045e+00 1.156538551709805109e-02
7.269999999999210161e+01 1.125729234058361339e+00 5.480362800272110639e-03
7.279999999999209592e+01 1.128531516361948928e+00 1.636454201530128383e-03
7.289999999999207603e+01 1.128428466724008539e+00 4.701362553751947996e-05
7.299999999999207034e+01 1.125421783317517077e+00 7.137794913764590509e-04
7.309999999999206466e+01 1.119528840738571729e+00 3.626879358149538192e-03
7.319999999999204476e+01 1.110782531770696302e+00 8.764898696714594137e-03
7.329999999999203908e+01 1.099231011382959533e+00 1.609501303980643075e-02
7.339999999999201918e+01 1.084937346986363460e+00 2.557318232141440537e-02
7.349999999999201350e+01 1.067979079866890890e+00 3.714440581751402015e-02
7.359999999999200782e+01 1.048447703466394820e+00 5.074303572888824027e-02
7.369999999999198792e+01 1.026448064766112056e+00 6.629314710647786490e-02
7.379999999999198224e+01 1.002097695454276849e+00 8.370896151333115376e-02
7.389999999999197655e+01 9.755260798007605594e-01 1.028953215464426252e-01
7.399999999999195666e+01 9.468738662444470267e-01 1.237482131067127733e-01
7.409999999999195097e+01 9.162920296212188065e-01 1.461553321057467436e-01
7.419999999999194529e+01 8.839409907491242446e-01 1.699966921324331526e-01
7.429999999999192539e+01 8.499896997620344230e-01 1.951452694674421784e-01
7.439999999999191971e+01 8.146146891783703214e-01 2.214676817269074505e-01
7.449999999999189981e+01 7.779991022321000038e-01 2.488248963350455645e-01
7.459999999999189413e+01 7.403317015151260616e-01 2.770729649622478141e-01
7.469999999999188844e+01 7.018058625199566913e-01 3.060637800216138849e-01
7.479999999999186855e+01 6.626185562429156573e-01 3.356458492833374052e-01
7.489999999999186286e+01 6.229693246582438393e-01 3.656650846447480618e-01
7.499999999999184297e+01 5.830592525986227903e-01 3.959656010784777247e-01
7.509999999999183729e+01 5.430899394074655273e-01 4.263905217723104046e-01
7.519999999999183160e+01 5.032624736626487572e-01 4.567827854690525990e-01
7.529999999999181171e+01 4.637764143057076516e-01 4.869859520153225207e-01
7.539999999999180602e+01 4.248287816425599939e-01 5.168450021348426349e-01
7.549999999999180034e+01 3.866130618914371819e-01 5.462071274542689148e-01
7.559999999999178044e+01 3.493182292219546570e-01 5.749225068345781287e-01
7.569999999999177476e+01 3.131277895334136918e-01 6.028450650965121449e-01
7.579999999999176907e+01 2.782188505256022459e-01 6.298332102827137735e-01
7.589999999999174918e+01 2.447612229037664233e-01 6.557505456703441871e-01
7.599999999999174349e+01 2.129165577915841934e-01 6.804665528432140009e-01
7.609999999999172360e+01 1.828375255842459857e-01 7.038572422541122808e-01
7.619999999999171791e+01 1.546670415325293035e-01 7.258057678534308721e-01
7.629999999999171223e+01 1.285375432935091933e-01 7.462030025399105648e-01
7.639999999999169233e+01 1.045703255016978694e-01 7.649480713925946862e-01
7.649999999999168665e+01 8.287493610613015649e-02 7.819488398799382400e-01
7.659999999999166675e+01 6.354863878492496287e-02 7.971223545032480873e-01
7.669999999999166107e+01 4.667594520202553859e-02 8.103952336184677696e-01
7.679999999999165539e+01 3.232822022732212419e-02 8.217040064878339267e-01
7.689999999999163549e+01 2.056336252365352502e-02 8.309953989389201601e-01
7.699999999999162981e+01 1.142556213903468502e-02 8.382265643446676906e-01
7.709999999999162412e+01 4.945135957762284221e-03 8.433652589827013157e-01
7.719999999999160423e+01 1.138441089838669942e-03 8.463899611788295863e-01
7.729999999999159854e+01 7.865542175251580336e-06 8.472899339810845420e-01
7.739999999999159286e+01 1.541894843229776185e-03 8.460652314479940594e-01
7.749999999999157296e+01 5.715252706093251235e-03 8.427266489547975414e-01
7.759999999999156728e+01 1.248911332971421213e-02 8.372956182296988903e-01
7.769999999999154738e+01 2.181138256338498518e-02 8.298040481208325270e-01
7.779999999999154170e+01 3.361704489862939876e-02 8.202941123628879616e-01
7.789999999999153601e+01 4.782857310112836186e-02 8.088179858596190597e-01
7.799999999999151612e+01 6.435639724257406769e-02 7.954375312281142252e-01
7.809999999999151044e+01 8.309942992197975886e-02 7.802239375554861356e-01
7.819999999999149054e+01 1.039456445566866866e-01 7.632573135134101960e-01
7.829999999999148486e+01 1.267727037507212495e-01 7.446262371481676690e-01
7.839999999999147917e+01 1.514486348857948528e-01 7.244272648270534409e-01
7.849999999999145928e+01 1.778325502017464588e-01 7.027644019781463802e-01
7.859999999999145359e+01 2.057754087141571986e-01 6.797485384017994958e-01
7.869999999999144791e+01 2.351208173347452135e-01 6.554968510767872347e-01
7.879999999999142801e+01 2.657058684993664488e-01 6.301321775195003472e-01
7.889999999999142233e+01 2.973620114562053884e-01 6.037823628918576047e-01
7.899999999999141664e+01 3.299159541195784140e-01 5.765795841836988123e-01
7.909999999999139675e+01 3.631905920545933086e-01 5.486596549299064263e-01
7.919999999999139106e+01 3.970059607332738216e-01 5.201613140448047012e-01
7.929999999999137117e+01 4.311802067114818282e-01 4.912255024770701972e-01
7.939999999999136548e+01 4.655305728370947582e-01 4.619946314967577905e-01
7.949999999999135980e+01 4.998743920409639552e-01 4.326118465212472342e-01
7.959999999999133991e+01 5.340300837151572555e-01 4.032202904624297424e-01
7.969999999999133422e+01 5.678181461728226687e-01 3.739623706333967124e-01
7.979999999999131433e+01 6.010621382480051400e-01 3.449790332788325586e-01
7.989999999999130864e+01 6.335896427592426772e-01 3.164090497917491085e-01
7.999999999999130296e+01 6.652332043472047873e-01 2.883883186403523591e-01
8.009999999999128306e+01 6.958312341382507649e-01 2.610491869568249412e-01
8.019999999999127738e+01 7.252288737779645222e-01 2.345197956260560435e-01
8.029999999999127169e+01 7.532788116494035791e-01 2.089234515621685717e-01
8.039999999999125180e+01 7.798420445193966488e-01 1.843780306706020999e-01
8.049999999999124611e+01 8.047885784533407305e-01 1.609954147667344293e-01
8.059999999999124043e+01 8.279980635752652862e-01 1.388809654618512746e-01
8.069999999999122053e+01 8.493603581098370103e-01 1.181330377359002676e-01
8.079999999999121485e+01 8.687760181040181662e-01 9.884253560020414553e-02
8.089999999999119495e+01 8.861567102467265977e-01 8.109251191666354275e-02
8.099999999999118927e+01 9.014255462615911041e-01 6.495781408887087160e-02
8.109999999999118359e+01 9.145173384017618590e-01 5.050477698209477478e-02
8.119999999999116369e+01 9.253787765960730383e-01 3.779096406772929073e-02
8.129999999999115801e+01 9.339685287480532505e-01 2.686495743176920553e-02
8.139999999999113811e+01 9.402572665526448548e-01 1.776619693963305338e-02
8.149999999999113243e+01 9.442276199432190209e-01 1.052486851781631559e-02
8.159999999999112674e+01 9.458740638988689664e-01 5.161841199570961665e-03
8.169999999999110685e+01 9.452027418206455645e-01 1.688652291047881447e-03
8.179999999999110116e+01 9.422312300205002433e-01 1.075397481519543846e-04
8.189999999999109548e+01 9.369882480619285969e-01 4.115206143332706865e-04
8.199999999999107558e+01 9.295133197565648153e-01 2.584514156174451838e-03
8.209999999999106990e+01 9.198563895643151467e-01 6.601508146520695605e-03
8.219999999999106421e+01 9.080773989946254732e-01 1.242876658297921953e-02
8.229999999999104432e+01 8.942458273691079595e-01 2.002407699112796965e-02
8.239999999999103864e+01 8.784402010180460962e-01 2.933703534452032288e-02
8.249999999999101874e+01 8.607475746509710701e-01 4.030936653504137157e-02
8.259999999999101306e+01 8.412629883062557878e-01 5.287527824469934884e-02
8.269999999999100737e+01 8.200889029438387379e-01 6.696184600087055905e-02
8.279999999999098748e+01 7.973346174337014869e-01 8.248942713885529243e-02
8.289999999999098179e+01 7.731156694164719179e-01 9.937210134620490243e-02
8.299999999999096190e+01 7.475532222810993277e-01 1.175181354204191259e-01
8.309999999999095621e+01 7.207734403238593712e-01 1.368304698345573778e-01
8.319999999999095053e+01 6.929068540329730297e-01 1.572072246721073485e-01
8.329999999999093063e+01 6.640877173690423740e-01 1.785422224630752730e-01
8.339999999999092495e+01 6.344533588921698053e-01 2.007255254279252110e-01
8.349999999999091926e+01 6.041435286065230947e-01 2.236439846140518273e-01
8.359999999999089937e+01 5.732997424479233661e-01 2.471817983913986438e-01
8.369999999999089368e+01 5.420646264182550356e-01 2.712210777624896596e-01
8.379999999999088800e+01 5.105812624635522878e-01 2.956424159344785974e-01
8.389999999999086810e+01 4.789925382877082694e-01 3.203254596019556311e-01
8.399999999999086242e+01 4.474405033878488536e-01 3.451494793974651532e-01
8.409999999999084253e+01 4.160657336740537504e-01 3.699939369826404367e-01
8.419999999999083684e+01 3.850067071007602371e-01 3.947390462808451628e-01
8.429999999999083116e+01 3.543991927740872683e-01 4.192663263858166789e-01
8.439999999999081126e+01 3.243756560159478108e-01 4.434591437297915606e-01
8.449999999999080558e+01 2.950646818560447304e-01 4.672032411481203962e-01
8.459999999999078568e+01 2.665904193894427232e-01 4.903872515472647575e-01
8.469999999999078000e+01 2.390720493834901095e-01 5.129031939572109566e-01
8.479999999999077431e+01 2.126232774441519646e-01 5.346469498375413520e-01
8.489999999999075442e+01 1.873518549641476350e-01 5.555187176016712636e-01
8.499999999999074873e+01 1.633591299747652603e-01 5.754234434283783672e-01
8.509999999999074305e+01 1.407396299136030315e-01 5.942712265433887087e-01
8.519999999999072315e+01 1.195806782030833654e-01 6.119776972742211330e-01
8.529999999999071747e+01 9.996204641171706207e-02 6.284643663108594458e-01
8.539999999999071179e+01 8.195564363950512410e-02 6.436589437392583601e-01
8.549999999999069189e+01 6.562524463177239753e-02 6.574956265611315853e-01
8.559999999999068621e+01 5.102625797820770082e-02 6.699153535575989027e-01
8.569999999999066631e+01 3.820553559510055791e-02 6.808660265159565128e-01
8.579999999999066063e+01 2.720122451364800908e-02 6.903026969976095994e-01
8.589999999999065494e+01 1.804266180472331033e-02 6.981877179949350642e-01
8.599999999999063505e+01 1.075031325650854970e-02 7.044908599975607810e-01
8.609999999999062936e+01 5.335756184745709708e-03 7.091893911683102569e-01
8.619999999999060947e+01 1.801706495007674531e-03 7.122681215112153241e-01
8.629999999999060378e+01 1.420898328907127799e-04 7.137194110988971385e-01
8.639999999999059810e+01 3.421563535601380166e-04 7.135431426151913614e-01
8.649999999999057820e+01 2.378638320262576201e-03 7.117466586573751863e-01
8.659999999999057252e+01 6.219949407695352962e-03 7.083446644277888726e-01
8.669999999999056683e+01 1.182642424717272704e-02 7.033590966294246405e-01
8.679999999999054694e+01 1.915059641433212306e-02 6.968189595597813479e-01
8.689999999999054126e+01 2.813751273541251208e-02 6.887601295666742063e-01
8.699999999999053557e+01 3.872508148414143675e-02 6.792251291960135218e-01
8.709999999999051568e+01 5.084445176683161788e-02 6.682628725097902178e-01
8.719999999999050999e+01 6.442042115725087059e-02 6.559283831950915022e-01
8.729999999999049010e+01 7.937186845228423604e-02 6.422824872054950784e-01
8.739999999999048441e+01 9.561220828044419973e-02 6.273914817891327322e-01
8.749999999999047873e+01 1.130498642122274300e-01 6.113267828459195696e-01
8.759999999999045883e+01 1.315887569957677194e-01 5.941645526329263349e-01
8.769999999999045315e+01 1.511288045735872387e-01 5.759853098929864634e-01
8.779999999999043325e+01 1.715664306235611392e-01 5.568735245203905171e-01
8.789999999999042757e+01 1.927950785052298388e-01 5.369171988997993861e-01
8.799999999999042188e+01 2.147057276745952537e-01 5.162074380611074709e-01
8.809999999999040199e+01 2.371874098492854910e-01 4.948380107842753617e-01
8.819999999999039630e+01 2.601277224498428908e-01 4.729049037657646615e-01
8.829999999999039062e+01 2.834133371059551765e-01 4.505058709254459726e-01
8.839999999999037072e+01 3.069305012832422852e-01 4.277399798907309814e-01
8.849999999999036504e+01 3.305655313515305505e-01 4.047071576430042450e-01
8.859999999999035936e+01 3.542052956669294317e-01 3.815077372557875157e-01
8.869999999999033946e+01 3.777376864708166804e-01 3.582420075941580295e-01
8.879999999999033378e+01 4.010520796101673668e-01 3.350097677816933350e-01
8.889999999999031388e+01 4.240397812551181533e-01 3.119098881775632659e-01
8.899999999999030820e+01 4.465944609206914384e-01 2.890398795425322964e-01
8.909999999999030251e+01 4.686125701973601898e-01 2.664954720100928265e-01
8.919999999999028262e+01 4.899937466508181294e-01 2.443702054174070326e-01
8.929999999999027693e+01 5.106412023772780584e-01 2.227550324896580836e-01
8.939999999999025704e+01 5.304620966894445511e-01 2.017379363146572235e-01
8.949999999999025135e+01 5.493678923739231390e-01 1.814035634859618162e-01
8.959999999999024567e+01 5.672746949036800990e-01 1.618328742368213002e-01
8.969999999999022577e+01 5.841035739149499362e-01 1.431028108305553992e-01
8.979999999999022009e+01 5.997808661767773941e-01 1.252859854162306774e-01
8.989999999999021441e+01 6.142384591934704208e-01 1.084503884990778294e-01
8.999999999999019451e+01 6.274140544975870259e-01 9.265911911470021967e-02
9.009999999999018883e+01 6.392514096104758847e-01 7.797013773136085568e-02
9.019999999999018314e+01 6.497005575828750379e-01 6.443604283635777363e-02
9.029999999999016325e+01 6.587180029732183639e-01 5.210387208981272916e-02
9.039999999999015756e+01 6.662668930857591487e-01 4.101492885051412352e-02
9.049999999999013767e+01 6.723171632723408120e-01 3.120463479487547986e-02
9.059999999999013198e+01 6.768456551050709979e-01 2.270240925984218575e-02
9.069999999999012630e+01 6.798362062469880396e-01 1.553157584430736073e-02
9.079999999999010640e+01 6.812797108951391678e-01 9.709296701029108967e-03
9.089999999999010072e+01 6.811741497326548878e-01 5.246534841748659236e-03
9.099999999999008082e+01 6.795245884136955627e-01 2.148044663054643304e-03
9.109999999999007514e+01 6.763431437168635485e-01 4.123907789976577758e-04
9.119999999999006945e+01 6.716489166299742797e-01 3.199511933912429069e-05
9.129999999999004956e+01 6.654678917880290090e-01 9.932121198352828004e-04
9.139999999999004388e+01 6.578328028638790181e-01 3.276431693659817308e-03
9.149999999999003819e+01 6.487829637146054207e-01 6.856209531657266217e-03
9.159999999999001830e+01 6.383640653169219137e-01 1.170142413434760789e-02
9.169999999999001261e+01 6.266279387784835508e-01 1.777545983140740513e-02
9.179999999999000693e+01 6.136322849893086628e-01 2.503641489585959473e-02
9.189999999998998703e+01 5.994403717803127307e-01 3.343733371163074009e-02
9.199999999998998135e+01 5.841206997745134188e-01 4.292646180596084576e-02
9.209999999998996145e+01 5.677466384533146337e-01 5.344752241398676579e-02
9.219999999998995577e+01 5.503960343071370165e-01 6.494001310336458554e-02
9.229999999998995008e+01 5.321507932880875646e-01 7.733952085407211352e-02
9.239999999998993019e+01 5.130964401287434473e-01 9.057805386428555150e-02
9.249999999998992450e+01 4.933216574237010987e-01 1.045843882401115976e-01
9.259999999998990461e+01 4.729178076771757833e-01 1.192844276257001707e-01
9.269999999998989892e+01 4.519784417995285075e-01 1.346015737449920702e-01
9.279999999998989324e+01 4.305987977653322196e-01 1.504571057562844316e-01
9.289999999998987334e+01 4.088752933279015678e-01 1.667705662696866986e-01
9.299999999998986766e+01 3.869050168056835104e-01 1.834601518460237113e-01
9.309999999998986198e+01 3.647852200070662576e-01 2.004431057838054475e-01
9.319999999998984208e+01 3.426128173425428969e-01 2.176361110108473995e-01
9.329999999998983640e+01 3.204838950781461193e-01 2.349556809278455782e-01
9.339999999998983071e+01 2.984932345164004186e-01 2.523185461026972165e-01
9.349999999998981082e+01 2.767338526520027875e-01 2.696420347854537880e-01
9.359999999998980513e+01 2.552965635434998881e-01 2.868444453038875852e-01
9.369999999998978524e+01 2.342695632810940232e-01 3.038454085060587340e-01
9.379999999998977955e+01 2.137380410209752390e-01 3.205662385372178291e-01
9.389999999998977387e+01 1.937838181135743965e-01 3.369302703708059732e-01
9.399999999998975397e+01 1.744850168897352782e-01 3.528631826564721519e-01
9.409999999998974829e+01 1.559157601993823306e-01 3.682933045939514316e-01
9.419999999998972839e+01 1.381459023370647798e-01 3.831519056956341762e-01
9.429999999998972271e+01 1.212407915512347251e-01 3.973734674494849850e-01
9.439999999998971703e+01 1.052610639331149622e-01 4.108959360447596576e-01
9.449999999998969713e+01 9.026246812649872664e-02 4.236609554664891863e-01
9.459999999998969145e+01 7.629572000132550658e-02 4.356140804017970547e-01
9.469999999998968576e+01 6.340638619726907121e-02 4.467049685292735495e-01
9.479999999998966587e+01 5.163479527167058603e-02 4.568875518816854497e-01
9.489999999998966018e+01 4.101597507914413882e-02 4.661201870801510716e-01
9.499999999998965450e+01 3.157961496523824241e-02 4.743657843349459724e-01
9.509999999998963460e+01 2.335005136791159369e-02 4.815919151960579847e-01
9.519999999998962892e+01 1.634627547960304864e-02 4.877708991131490257e-01
9.529999999998960902e+01 1.058196172022341647e-02 4.928798689342300809e-01
9.539999999998960334e+01 6.065515895061787330e-03 4.969008155339891819e-01
9.549999999998959765e+01 2.800142049868647228e-03 4.998206118197184855e-01
9.559999999998957776e+01 7.839271755801124246e-04 5.016310164150979967e-01
9.569999999998957207e+01 9.943045921779758580e-06 5.023286573727759885e-01
9.579999999998955218e+01 4.663645817890523545e-04 5.019149963170318474e-01
9.589999999998954650e+01 2.136604218316949001e-03 5.003962734681178803e-01
9.599999999998954081e+01 4.999461797320136312e-03 4.977834340521875567e-01
9.609999999998952092e+01 9.029289515350308673e-03 4.940920366558041454e-01
9.619999999998951523e+01 1.419617142464280057e-02 4.893421441405115258e-01
9.629999999998950955e+01 2.046611691209907283e-02 4.835581977934245157e-01
9.639999999998948965e+01 2.780126747413192920e-02 4.767688754507984350e-01
9.649999999998948397e+01 3.616011596885969348e-02 4.690069343933903068e-01
9.659999999998947828e+01 4.549773737012353242e-02 4.603090398765195546e-01
9.669999999998945839e+01 5.576602987930681654e-02 4.507155802158143709e-01
9.679999999998945270e+01 6.691396508182095859e-02 4.402704694084382253e-01
9.689999999998943281e+01 7.888784567540102488e-02 4.290209383213104410e-01
9.699999999998942712e+01 9.163156915784047285e-02 4.170173155232518303e-01
9.709999999998942144e+01 1.050868957510448232e-01 4.043127988749125046e-01
9.719999999998940154e+01 1.191937187645257801e-01 3.909632190201129953e-01
9.729999999998939586e+01 1.338903355700708508e-01 3.770267959372483602e-01
9.739999999998937597e+01 1.491137173741576560e-01 3.625638897186780896e-01
9.749999999998937028e+01 1.647997760361327724e-01 3.476367467389728794e-01
9.759999999998936460e+01 1.808836262879356949e-01 3.323092423590038313e-01
9.769999999998934470e+01 1.972998418603394977e-01 3.166466212852488971e-01
9.779999999998933902e+01 2.139827042061482609e-01 3.007152366675104882e-01
9.789999999998933333e+01 2.308664427246061857e-01 2.845822889750346252e-01
9.799999999998931344e+01 2.478854656244609544e-01 2.683155656376355336e-01
9.809999999998930775e+01 2.649745808059826291e-01 2.519831823834579598e-01
9.819999999998930207e+01 2.820692063838380892e-01 2.356533271440229282e-01
9.829999999998928217e+01 2.991055707054706136e-01 2.193940073361253518e-01
9.839999999998927649e+01 3.160209019304052735e-01 2.032728012682732954e-01
9.849999999998925659e+01 3.327536074211815409e-01 1.873566143606649470e-01
9.859999999998925091e+01 3.492434433470965605e-01 1.717114408107807411e-01
9.869999999998924523e+01 3.654316750139183778e-01 1.564021312857436508e-01
9.879999999998922533e+01 3.812612285040650750e-01 1.414921671753912036e-01
9.889999999998921965e+01 3.966768342432938632e-01 1.270434419003537707e-01
9.899999999998919975e+01 4.116251630981944687e-01 1.131160497340238935e-01
9.909999999998919407e+01 4.260549555671172550e-01 9.976808256950561726e-02
9.919999999998918838e+01 4.399171445479571618e-01 8.705543503842456954e-02
9.929999999998916849e+01 4.531649720685478888e-01 7.503161837060841333e-02
9.939999999998916280e+01 4.657541002466977220e-01 6.374758336836336414e-02
9.949999999998915712e+01 4.776427166196797747e-01 5.325155285738936151e-02
9.959999999998913722e+01 4.887916338553704443e-01 4.358886396558475651e-02
9.969999999998913154e+01 4.991643837327958133e-01 3.480182057143238472e-02
9.979999999998912585e+01 5.087273051683508518e-01 2.692955625297328154e-02
9.989999999998910596e+01 5.174496259706068413e-01 2.000790805657906568e-02
