1.000000000000000000e+00 2.000000000000000000e+00 0.000000000000000000e+00
1.099999999999988987e+00 1.997600966451421156e+00 1.999200209275988488e-03
1.199999999999977973e+00 1.990415455399592748e+00 7.987208593086230282e-03
1.299999999999966960e+00 1.978478176608484684e+00 1.793529491450891050e-02
1.399999999999955946e+00 1.961846785960821515e+00 3.179573018819466246e-02
1.499999999999944933e+00 1.940601598974730058e+00 4.950201796641787166e-02
1.599999999999933920e+00 1.914845193445797067e+00 7.096921650765702916e-02
1.699999999999922906e+00 1.884701903238831910e+00 9.609435022477393062e-02
1.799999999999911893e+00 1.850317205800505516e+00 1.247569083738589296e-01
1.899999999999900879e+00 1.811857006478502674e+00 1.568194285194822735e-01
1.999999999999889866e+00 1.769506823242416038e+00 1.921281618984939099e-01
2.099999999999878852e+00 1.723470875891593534e+00 2.305138174062286716e-01
2.199999999999867839e+00 1.673971084298476963e+00 2.717923805460120690e-01
2.299999999999856826e+00 1.621245980686127686e+00 3.157660033189497173e-01
2.399999999999845812e+00 1.565549541357092123e+00 3.622239606867113104e-01
2.499999999999834799e+00 1.507149943680463400e+00 4.109436689174099655e-01
2.599999999999823785e+00 1.446328254513017164e+00 4.616917608260847627e-01
2.699999999999812772e+00 1.383377056558821483e+00 5.142252126456887673e-01
2.799999999999801759e+00 1.318599019472949330e+00 5.682925170174460971e-01
2.899999999999790745e+00 1.252305422783739797e+00 6.236348963673937762e-01
2.999999999999779732e+00 1.184814637931561609e+00 6.799875507437996847e-01
3.099999999999768718e+00 1.116450576925208882e+00 7.370809340262033382e-01
3.199999999999757705e+00 1.047541115267267342e+00 7.946420522846285861e-01
3.299999999999746692e+00 9.784164969193672734e-01 8.523957779620452424e-01
3.399999999999735678e+00 9.094077291602336022e-01 9.100661734860170382e-01
3.499999999999724665e+00 8.408449752275856115e-01 9.673778178709832032e-01
3.599999999999713651e+00 7.730559526373655954e-01 1.024057129867145255e+00
3.699999999999702638e+00 7.063643450356338338e-01 1.079833681233763887e+00
3.799999999999691624e+00 6.410882353621376595e-01 1.134441493770314446e+00
3.899999999999680611e+00 5.775385679875520983e-01 1.187620313824187868e+00
3.999999999999669598e+00 5.160176473352927617e-01 1.239116858110413277e+00
4.099999999999658584e+00 4.568176803071616332e-01 1.288686024825894894e+00
4.199999999999647571e+00 4.002193696051036809e-01 1.336092064216664488e+00
4.299999999999636557e+00 3.464905647818150025e-01 1.381109702960622521e+00
4.399999999999625544e+00 2.958849775565861040e-01 1.423525216961583961e+00
4.499999999999614531e+00 2.486409676063232599e-01 1.463137447406682945e+00
4.599999999999603517e+00 2.049804046856139317e-01 1.499758755222957873e+00
4.699999999999592504e+00 1.651076125425141872e-01 1.533215909376066000e+00
4.799999999999581490e+00 1.292083996865295847e-01 1.563350904782485173e+00
4.899999999999570477e+00 9.744918162755468460e-02 1.590021705951556674e+00
4.999999999999559464e+00 6.997619874707303178e-02 1.613102912847903525e+00
5.099999999999548450e+00 4.691483348413884313e-02 1.632486345840906017e+00
5.199999999999537437e+00 2.836903002341147062e-02 1.648081547010833203e+00
5.299999999999526423e+00 1.442081916193481937e-02 1.659816195491202295e+00
5.399999999999515410e+00 5.129950508811339724e-03 1.667636434950869440e+00
5.499999999999504396e+00 5.336336394702771236e-04 1.671507111743809393e+00
5.599999999999493383e+00 6.463892871429607022e-04 1.671411922700734465e+00
5.699999999999482370e+00 5.460011110530922813e-03 1.667353471967888412e+00
5.799999999999471356e+00 1.494363803171240568e-02 1.659353236751375693e+00
5.899999999999460343e+00 2.904393659448157097e-02 1.647451442260834398e+00
5.999999999999449329e+00 4.768539225341326265e-02 1.631706846592776206e+00
6.099999999999438316e+00 7.077070797062022522e-02 1.612196436725201076e+00
6.199999999999427303e+00 9.818130797308567692e-02 1.589015037234154271e+00
6.299999999999416289e+00 1.297779440111514193e-01 1.562274833751988279e+00
6.399999999999405276e+00 1.654014009607897573e-01 1.532104813610211114e+00
6.499999999999394262e+00 2.048732981313046431e-01 1.498650126497395707e+00
6.599999999999383249e+00 2.479969821776621119e-01 1.462071368354397993e+00
6.699999999999372235e+00 2.945585070764618618e-01 1.422543792091911508e+00
6.799999999999361222e+00 3.443276962071948888e-01 1.380256449061909585e+00
6.899999999999350209e+00 3.970592811887191376e-01 1.335411265549419246e+00
6.999999999999339195e+00 4.524941117566960158e-01 1.288222058854132435e+00
7.099999999999328182e+00 5.103604306329104778e-01 1.238913497814917664e+00
7.199999999999317168e+00 5.703752070323843126e-01 1.187720012894263100e+00
7.299999999999306155e+00 6.322455221826013272e-01 1.134884661171003062e+00
7.399999999999295142e+00 6.956699999897663078e-01 1.080657951798594807e+00
7.499999999999284128e+00 7.603402757824194724e-01 1.025296637667309385e+00
7.599999999999273115e+00 8.259424958947089168e-01 9.690624791598274612e-01
7.699999999999262101e+00 8.921588407177042379e-01 9.122209860129760761e-01
7.799999999999251088e+00 9.586690637499595269e-01 8.550401433931290596e-01
7.899999999999240075e+00 1.025152039122569247e+00 7.977891283532690947e-01
7.999999999999229061e+00 1.091287310048012937e+00 7.407370228768327403e-01
8.099999999999218048e+00 1.156756630658956952e+00 6.841515297139890706e-01
8.199999999999207034e+00 1.221245493756629719e+00 6.282976971889930873e-01
8.299999999999196021e+00 1.284444637073193674e+00 5.734366591014582459e-01
8.399999999999185007e+00 1.346051520783056787e+00 5.198243957571971885e-01
8.499999999999173994e+00 1.405771769151558104e+00 4.677105220468804059e-01
8.599999999999162981e+00 1.463320569408677940e+00 4.173371083489887945e-01
8.699999999999151967e+00 1.518424021163929494e+00 3.689375398596418942e-01
8.799999999999140954e+00 1.570820429931794493e+00 3.227354197532596447e-01
8.899999999999129940e+00 1.620261538637010057e+00 2.789435213547490910e-01
8.999999999999118927e+00 1.666513691282006882e+00 2.377627942527296423e-01
9.099999999999107914e+00 1.709358923307630729e+00 1.993814290132120970e-01
9.199999999999096900e+00 1.748595973555067795e+00 1.639739848565670566e-01
9.299999999999085887e+00 1.784041213127585790e+00 1.317005843481521832e-01
9.399999999999074873e+00 1.815529486873033838e+00 1.027061788176713703e-01
9.499999999999063860e+00 1.842914863648408730e+00 7.711988787297224812e-02
9.599999999999052847e+00 1.866071291975453406e+00 5.505441600743748304e-02
9.699999999999041833e+00 1.884893158176153438e+00 3.660554892113570408e-02
9.799999999999030820e+00 1.899295744554966969e+00 2.185173178422910797e-02
9.899999999999019806e+00 1.909215585686898420e+00 1.085373127093426822e-02
9.999999999999008793e+00 1.914610721377457692e+00 3.654382783452134187e-03
1.009999999999899778e+01 1.915460845364273634e+00 2.784238711406234238e-04
1.019999999999898677e+01 1.911767349335700583e+00 7.324144323690448891e-04
1.029999999999897575e+01 1.903553262361650233e+00 5.004743866878650325e-03
1.039999999999896474e+01 1.890863086328961273e+00 1.306572492736185649e-02
1.049999999999895373e+01 1.873762528485707790e+00 2.486777360228854122e-02
1.059999999999894271e+01 1.852338132686383032e+00 4.034567394975410032e-02
1.069999999999893170e+01 1.826696811426673950e+00 5.941692639633593814e-02
1.079999999999892069e+01 1.796965281219753185e+00 8.198217761758995470e-02
1.089999999999890967e+01 1.763289404337560873e+00 1.079257297296070256e-01
1.099999999999889866e+01 1.725833440376301375e+00 1.371161261462466863e-01
1.109999999999888765e+01 1.684779211536804988e+00 1.694068110954285167e-01
1.119999999999887663e+01 1.640325185912754558e+00 2.046368594426300758e-01
1.129999999999886562e+01 1.592685483464362672e+00 2.426317731413593082e-01
1.139999999999885461e+01 1.542088809714091013e+00 2.832043403212871624e-01
1.149999999999884359e+01 1.488777322531755543e+00 3.261555527350315509e-01
1.159999999999883258e+01 1.433005437687025596e+00 3.712755770173937209e-01
1.169999999999882156e+01 1.375038579119485016e+00 4.183447749659307546e-01
1.179999999999881055e+01 1.315151880124967754e+00 4.671347678305132201e-01
1.189999999999879954e+01 1.253628841877312494e+00 5.174095394033871864e-01
1.199999999999878852e+01 1.190759955880852150e+00 5.689265725312965261e-01
1.209999999999877751e+01 1.126841297108547524e+00 6.214380135266012184e-01
1.219999999999876650e+01 1.062173094692335118e+00 6.746918588384460680e-01
1.229999999999875548e+01 9.970582871214529463e-01 7.284331582537153515e-01
1.239999999999874447e+01 9.318010689509981237e-01 7.824052288394920396e-01
1.249999999999873346e+01 8.667054360423727122e-01 8.363508738009531873e-01
1.259999999999872244e+01 8.020737363354362159e-01 8.900136004273868640e-01
1.269999999999871143e+01 7.382052331044923754e-01 9.431388313187319961e-01
1.279999999999870042e+01 6.753946875609707634e-01 9.954751031386396276e-01
1.289999999999868940e+01 6.139309675508535236e-01 1.046775247213821869e+00
1.299999999999867839e+01 5.540956889406730701e-01 1.096797546410961610e+00
1.309999999999866738e+01 4.961618961072891687e-01 1.145306862846480200e+00
1.319999999999865636e+01 4.403927877322141859e-01 1.192075731148146467e+00
1.329999999999864535e+01 3.870404938609285916e-01 1.236885412166129461e+00
1.339999999999863434e+01 3.363449099174707357e-01 1.279526902238224739e+00
1.349999999999862332e+01 2.885325930697011376e-01 1.319801893340781573e+00
1.359999999999861231e+01 2.438157260189630915e-01 1.357523679710850972e+00
1.369999999999860130e+01 2.023911529447707247e-01 1.392518006791898078e+00
1.379999999999859028e+01 1.644394919690773393e-01 1.424623858647892094e+00
1.389999999999857927e+01 1.301243281198436463e-01 1.453694180292934846e+00
1.399999999999856826e+01 9.959149037126771575e-02 1.479596531714726826e+00
1.409999999999855724e+01 7.296841591918595826e-02 1.502213670697195136e+00
1.419999999999854623e+01 5.036360441851834430e-02 1.521444061906119583e+00
1.429999999999853522e+01 3.186616446659239210e-02 1.537202310055489241e+00
1.439999999999852420e+01 1.754545416354817700e-02 1.549419515348290366e+00
1.449999999999851319e+01 7.450817121726548316e-03 1.558043549755924850e+00
1.459999999999850218e+01 1.611414832053095509e-03 1.563039253090209746e+00
1.469999999999849116e+01 3.615582884142701920e-05 1.564388548199625806e+00
1.479999999999848015e+01 2.713721627930645516e-03 1.562090475018522051e+00
1.489999999999846914e+01 9.612688948578822570e-03 1.556161143576924921e+00
1.499999999999845812e+01 2.068174726940212593e-02 1.546633606471461642e+00
1.509999999999844711e+01 3.585001031507741021e-02 1.533557651674104738e+00
1.519999999999843610e+01 5.502741962565887296e-02 1.516999516936368364e+00
1.529999999999842508e+01 7.810523792634489759e-02 1.497041527410706507e+00
1.539999999999841407e+01 1.049566295943708538e-01 1.473781658475185274e+00
1.549999999999840306e+01 1.354373251133608735e-01 1.447333026090872110e+00
1.559999999999839204e+01 1.693863660158896889e-01 1.417823307364387331e+00
1.569999999999838103e+01 2.066269264441752129e-01 1.385394094300400392e+00
1.579999999999837001e+01 2.469672071074577036e-01 1.350200184047615437e+00
1.589999999999835900e+01 2.902013970867651782e-01 1.312408809220416694e+00
1.599999999999834799e+01 3.361106986303661892e-01 1.272198812155576730e+00
1.609999999999833875e+01 3.844644098047381719e-01 1.229759767215119259e+00
1.619999999999832596e+01 4.350210596077449532e-01 1.185291055475731881e+00
1.629999999999831317e+01 4.875295899261322119e-01 1.139000896355039094e+00
1.639999999999830393e+01 5.417305785159427511e-01 1.091105340915419442e+00
1.649999999999829470e+01 5.973574970163814113e-01 1.041827231743669202e+00
1.659999999999828191e+01 6.541379978632309022e-01 9.913951344520256503e-01
1.669999999999826912e+01 7.117952238584334124e-01 9.400422459552724153e-01
1.679999999999825988e+01 7.700491340697098730e-01 8.880052847713915121e-01
1.689999999999825064e+01 8.286178396831463955e-01 8.355233686594939480e-01
1.699999999999823785e+01 8.872189434144445164e-01 7.828368849443478883e-01
1.709999999999822506e+01 9.455708760915505495e-01 7.301863588945550765e-01
1.719999999999821583e+01 1.003394224065048190e+00 6.778113255060567166e-01
1.729999999999820659e+01 1.060413041174754323e+00 6.259492100089157907e-01
1.739999999999819380e+01 1.116356139099157652e+00 5.748342223497208137e-01
1.749999999999818101e+01 1.170958350047881069e+00 5.246962708166407197e-01
1.759999999999817177e+01 1.223961755912896798e+00 4.757598998629515297e-01
1.769999999999816254e+01 1.275116878180935664e+00 4.282432570493882595e-01
1.779999999999814975e+01 1.324183823123467052e+00 3.823570938683359954e-01
1.789999999999813696e+01 1.370933377013869858e+00 3.383038050338596503e-01
1.799999999999812772e+01 1.415148046385158231e+00 2.962765106197225440e-01
1.809999999999811848e+01 1.456623038626697841e+00 2.564581852090342950e-01
1.819999999999810569e+01 1.495167178518280959e+00 2.190208379778958714e-01
1.829999999999809290e+01 1.530603756629716594e+00 1.841247473801548573e-01
1.839999999999808367e+01 1.562771305852156400e+00 1.519177538260322313e-01
1.849999999999807443e+01 1.591524302687843617e+00 1.225346134603266246e-01
1.859999999999806164e+01 1.616733790295825424e+00 9.609641584347623777e-02
1.869999999999804885e+01 1.638287920680797649e+00 7.271006802605467501e-02
1.879999999999803961e+01 1.656092413799248764e+00 5.246784718268591996e-02
1.889999999999803038e+01 1.670070931772076994e+00 3.544702363893881270e-02
1.899999999999801759e+01 1.680165366797066628e+00 2.170955578452003071e-02
1.909999999999800480e+01 1.686336041770111649e+00 1.130185802056890738e-02
1.919999999999799556e+01 1.688561823049098853e+00 4.254642539230386357e-03
1.929999999999798632e+01 1.686840145206478736e+00 5.828353818806580357e-04
1.939999999999797353e+01 1.681186948036163420e+00 2.855668700190142528e-04
1.949999999999796074e+01 1.671636526501992348e+00 3.346236151568106418e-03
1.959999999999795151e+01 1.658241294711380931e+00 9.732649256789040887e-03
1.969999999999794227e+01 1.641071465412916153e+00 1.939722971392170148e-02
1.979999999999792948e+01 1.620214646902718325e+00 3.227730043654766789e-02
1.989999999999791669e+01 1.595775359608093691e+00 4.829543526416650578e-02
1.999999999999790745e+01 1.567874474987539957e+00 6.735987821603317549e-02
2.009999999999789821e+01 1.536648579741598297e+00 8.936502820753168541e-02
2.019999999999788542e+01 1.502249268668819804e+00 1.141919866795126914e-01
2.029999999999787264e+01 1.464842369821458545e+00 1.417091653056518630e-01
2.039999999999786340e+01 1.424607105921952277e+00 1.717729506719506138e-01
2.049999999999785416e+01 1.381735196279243461e+00 2.042284225678940857e-01
2.059999999999784137e+01 1.336429903712678557e+00 2.389101222904126964e-01
2.069999999999782858e+01 1.288905031223303022e+00 2.756428671424710486e-01
2.079999999999781934e+01 1.239383873370533795e+00 3.142426071067732085e-01
2.089999999999781011e+01 1.188098127503963708e+00 3.545173194943623263e-01
2.099999999999779732e+01 1.135286770164879888e+00 3.962679372072290818e-01
2.109999999999778453e+01 1.081194904109409993e+00 4.392893061153911316e-01
2.119999999999777529e+01 1.026072581521464411e+00 4.833711669309648795e-01
2.129999999999776605e+01 9.701736090697090642e-01 5.282991568674290095e-01
2.139999999999775326e+01 9.137543405188199852e-01 5.738558262994505332e-01
2.149999999999774047e+01 8.570724626399155444e-01 6.198216655893858951e-01
2.159999999999773124e+01 8.003857801700294816e-01 6.659761372198411689e-01
2.169999999999772200e+01 7.439510055459712667e-01 7.120987083683270047e-01
2.179999999999770921e+01 6.880225590884991860e-01 7.579698790795611485e-01
2.189999999999769642e+01 6.328513852399927364e-01 8.033722012327729756e-01
2.199999999999768718e+01 5.786837903518444737e-01 8.480912835657821169e-01
2.209999999999767795e+01 5.257603073948022843e-01 8.919167781052588229e-01
2.219999999999766516e+01 4.743145928106653475e-01 9.346433434578339527e-01
2.229999999999765237e+01 4.245723605493140207e-01 9.760715805498805242e-01
2.239999999999764313e+01 3.767503581350390429e-01 1.016008936547857511e+00
2.249999999999763389e+01 3.310553893867060338e-01 1.054270572863932998e+00
2.259999999999762110e+01 2.876833881745538557e-01 1.090680193334855108e+00
2.269999999999760831e+01 2.468185473352752513e-01 1.125070828869702222e+00
2.279999999999759908e+01 2.086325065890264063e-01 1.157285575079473272e+00
2.289999999999758984e+01 1.732836030062827049e-01 1.187178279641133871e+00
2.299999999999757705e+01 1.409161872614945743e-01 1.214614176397359468e+00
2.309999999999756426e+01 1.116600085864895425e-01 1.239470463454716231e+00
2.319999999999755502e+01 8.562967100028380518e-02 1.261636822823523296e+00
2.329999999999754579e+01 6.292416304453693487e-02 1.281015879420586145e+00
2.339999999999753300e+01 4.362646289891251861e-02 1.297523597556855535e+00
2.349999999999752021e+01 2.780322038763051451e-02 1.311089613328050296e+00
2.359999999999751097e+01 1.550451702053829740e-02 1.321657501638583865e+00
2.369999999999750173e+01 6.763704840619078409e-03 1.329184976897942683e+00
2.379999999999748894e+01 1.597324476496515214e-03 1.333644026745366862e+00
2.389999999999747615e+01 5.102425105550819982e-06 1.335020978476568310e+00
2.399999999999746692e+01 1.970027218076798002e-03 1.333316498158667374e+00
2.409999999999745768e+01 7.458503757117219621e-03 1.328545522742813123e+00
2.419999999999744489e+01 1.642058474058248618e-02 1.320737125787080135e+00
2.429999999999743210e+01 2.879027774714076199e-02 1.309934317720000463e+00
2.439999999999742286e+01 4.448592619452120672e-02 1.296193781869199757e+00
2.449999999999741362e+01 6.341066205352267893e-02 1.279585547782025046e+00
2.459999999999740083e+01 8.545292787112281074e-02 1.260192603645608589e+00
2.469999999999738804e+01 1.104870653431307692e-01 1.238110449898583099e+00
2.479999999999737881e+01 1.383739673780330082e-01 1.213446596383012110e+00
2.489999999999736957e+01 1.689617903103519114e-01 1.186320005649253329e+00
2.499999999999735678e+01 2.020867226556340157e-01 1.156860485259004312e+00
2.509999999999734399e+01 2.375738065509901686e-01 1.125208032161350014e+00
2.519999999999733475e+01 2.752378077963151259e-01 1.091512132427985060e+00
2.529999999999732552e+01 3.148841302023294708e-01 1.055931019825481876e+00
2.539999999999731273e+01 3.563097697639318051e-01 1.018630896881820735e+00
2.549999999999729994e+01 3.993043040113662401e-01 9.797851222626421386e-01
2.559999999999729070e+01 4.436509117480531561e-01 9.395733684134798258e-01
2.569999999999728146e+01 4.891274182640680257e-01 8.981807535456137748e-01
2.579999999999726867e+01 5.355073610161540376e-01 8.557969521456841866e-01
2.589999999999725588e+01 5.825610706932937699e-01 8.126152882696257018e-01
2.599999999999724665e+01 6.300567625368518332e-01 7.688318159456971612e-01
2.609999999999723741e+01 6.777616327596410750e-01 7.246443910480757644e-01
2.619999999999722462e+01 7.254429549073598826e-01 6.802517390285593990e-01
2.629999999999721183e+01 7.728691710300898965e-01 6.358525228874705171e-01
2.639999999999720259e+01 8.198109725758511157e-01 5.916444157503562007e-01
2.649999999999719336e+01 8.660423659939732177e-01 5.478231823713032300e-01
2.659999999999718057e+01 9.113417181234103603e-01 5.045817738243791872e-01
2.669999999999716778e+01 9.554927765628032921e-01 4.621094395651257902e-01
2.679999999999715854e+01 9.982856603538065032e-01 4.205908609421569189e-01
2.689999999999714930e+01 1.039517816471253520e+00 3.802053101210272068e-01
2.699999999999713651e+01 1.078994937789084396e+00 3.411258382469317674e-01
2.709999999999712372e+01 1.116531838396611631e+00 3.035184965169817617e-01
2.719999999999711449e+01 1.151953282349073016e+00 2.675415936646007853e-01
2.729999999999710525e+01 1.185094762178456440e+00 2.333449931701971070e-01
2.739999999999709246e+01 1.215803223736324323e+00 2.010694533141730300e-01
2.749999999999707967e+01 1.243937734208430568e+00 1.708460129713637865e-01
2.759999999999707043e+01 1.269370090419670083e+00 1.427954258208702920e-01
2.769999999999706120e+01 1.291985364839055128e+00 1.170276454056976417e-01
2.779999999999704841e+01 1.311682386996806171e+00 9.364136322792308842e-02
2.789999999999703562e+01 1.328374158338336386e+00 7.272360180730709500e-02
2.799999999999702638e+01 1.341988198857507752e+00 5.434936436496327211e-02
2.809999999999701714e+01 1.352466824178150784e+00 3.858134252121320912e-02
2.819999999999700435e+01 1.359767352086208581e+00 2.546968311915564706e-02
2.829999999999699156e+01 1.363862237842561109e+00 1.505181500305511656e-02
2.839999999999698233e+01 1.364739137950438996e+00 7.352336296584408189e-03
2.849999999999697309e+01 1.362400902379133916e+00 2.382962439745543119e-03
2.859999999999696030e+01 1.356865495584904657e+00 1.425349575546702816e-04
2.869999999999694751e+01 1.348165847001526529e+00 6.170906490214936009e-04
2.879999999999693827e+01 1.336349631995173981e+00 3.779990603092799224e-03
2.889999999999692903e+01 1.321478984604108620e+00 9.592108170367416586e-03
2.899999999999691624e+01 1.303630143695185373e+00 1.800207474676746369e-02
2.909999999999690345e+01 1.282893034472303961e+00 2.894658195925301283e-02
2.919999999999689422e+01 1.259370787566394423e+00 4.235073858529884994e-02
2.929999999999688498e+01 1.233179198221934891e+00 5.812848028836016534e-02
2.939999999999687219e+01 1.204446128359774049e+00 7.618303001211990111e-02
2.949999999999685940e+01 1.173310854555854599e+00 9.640740664801866755e-02
2.959999999999685016e+01 1.139923365212813122e+00 1.186849793742481562e-01
2.969999999999684093e+01 1.104443610427509936e+00 1.428900648614128688e-01
2.979999999999682814e+01 1.067040708261492110e+00 1.688885643507830880e-01
2.989999999999681535e+01 1.027892111315572787e+00 1.965386374369596234e-01
2.999999999999680611e+01 9.871827376715968105e-01 2.256914092275817962e-01
3.009999999999679687e+01 9.451040704221175259e-01 2.561917074107659120e-01
3.019999999999678408e+01 9.018532301338894053e-01 2.878788256347524221e-01
3.029999999999677129e+01 8.576320247011642861e-01 3.205873094962807257e-01
3.039999999999676206e+01 8.126459811337701789e-01 3.541477613433700600e-01
3.049999999999675282e+01 7.671033638900999208e-01 3.883876600263043710e-01
3.059999999999674003e+01 7.212141844092753162e-01 4.231321916759100410e-01
3.069999999999672724e+01 6.751892065212264926e-01 4.582050875535254586e-01
3.079999999999671800e+01 6.292389524120012290e-01 4.934294649999827476e-01
3.089999999999670877e+01 5.835727138019968230e-01 5.286286675135676294e-01
3.099999999999669598e+01 5.383975729511568664e-01 5.636271000056030100e-01
3.109999999999668319e+01 4.939174380419958377e-01 5.982510553246859208e-01
3.119999999999667395e+01 4.503320974055542436e-01 6.323295281940582990e-01
3.129999999999666471e+01 4.078362969494268575e-01 6.656950127842823361e-01
3.139999999999665192e+01 3.666188450225635886e-01 6.981842802355682220e-01
3.149999999999663913e+01 3.268617488058314091e-01 7.296391325509777870e-01
3.159999999999662990e+01 2.887393861542557616e-01 7.599071294119376097e-01
3.169999999999662066e+01 2.524177166356007529e-01 7.888422846042556502e-01
3.179999999999660787e+01 2.180535353120905961e-01 8.163057289021279361e-01
3.189999999999659508e+01 1.857937725985844002e-01 8.421663364276845698e-01
3.199999999999658584e+01 1.557748433017230871e-01 8.663013116864023422e-01
3.209999999999657661e+01 1.281220477021397519e-01 8.885967346763987695e-01
3.219999999999656382e+01 1.029490272879612645e-01 9.089480616760020615e-01
3.229999999999655103e+01 8.035727748097987178e-02 9.272605795338919599e-01
3.239999999999653824e+01 6.043571942167786509e-02 9.434498115115272920e-01
3.249999999999653255e+01 4.326033259427247007e-02 9.574418729646616555e-01
3.259999999999651976e+01 2.889384978147489097e-02 9.691737753942109013e-01
3.269999999999650697e+01 1.738551554048994863e-02 9.785936776440462559e-01
3.279999999999650129e+01 8.770909089857715363e-03 9.856610832777490394e-01
3.289999999999648850e+01 3.071832191134877925e-03 9.903469834241283021e-01
3.299999999999647571e+01 2.962623025607458702e-04 9.926339446401463151e-01
3.309999999999646292e+01 4.383709745511206218e-04 9.925161416003436265e-01
3.319999999999645013e+01 3.478607150934335656e-03 9.899993346836734043e-01
3.329999999999644444e+01 9.383844736497335901e-03 9.851007927870468750e-01
3.339999999999643165e+01 1.810759349214663069e-02 9.778491619509187549e-01
3.349999999999641886e+01 2.959027202517591076e-02 9.682842806374103439e-01
3.359999999999641318e+01 4.375954135512840487e-02 9.564569427472335850e-01
3.369999999999640039e+01 6.053069725680855495e-02 9.424286097050367239e-01
3.379999999999638760e+01 7.980711931261909309e-02 9.262710731782012319e-01
3.389999999999637481e+01 1.014807743474009788e-01 9.080660702181685418e-01
3.399999999999636202e+01 1.254327716720056163e-01 8.879048528344204438e-01
3.409999999999635634e+01 1.515339673277933119e-01 8.658877142146969019e-01
3.419999999999634355e+01 1.796456143038222542e-01 8.421234740040269839e-01
3.429999999999633076e+01 2.096200554938574545e-01 8.167289252367508912e-01
3.439999999999632507e+01 2.413014559703015594e-01 7.898282456869917256e-01
3.449999999999631228e+01 2.745265709806972709e-01 7.615523765616639684e-01
3.459999999999629949e+01 3.091255459159941155e-01 7.320383716009273289e-01
3.469999999999628670e+01 3.449227443641122437e-01 7.014287197806198249e-01
3.479999999999627391e+01 3.817376002436895233e-01 6.698706449226570214e-01
3.489999999999626823e+01 4.193854899132481995e-01 6.375153856150325149e-01
3.499999999999625544e+01 4.576786200734457299e-01 6.045174589255518649e-01
3.509999999999624265e+01 4.964269272182602055e-01 5.710339114537007488e-01
3.519999999999623697e+01 5.354389843546403238e-01 5.372235613137892329e-01
3.529999999999622418e+01 5.745229106882372427e-01 5.032462346693278299e-01
3.539999999999621139e+01 6.134872799768751328e-01 4.692620004537030876e-01
3.549999999999619860e+01 6.521420232729582267e-01 4.354304069037274183e-01
3.559999999999618581e+01 6.902993218193397285e-01 4.019097235128301082e-01
3.569999999999618012e+01 7.277744859234229757e-01 3.688561919704005376e-01
3.579999999999616733e+01 7.643868157158671961e-01 3.364232895982875449e-01
3.589999999999615454e+01 7.999604398003642425e-01 3.047610087223881492e-01
3.599999999999614886e+01 8.343251279188879099e-01 2.740151553307795806e-01
3.609999999999613607e+01 8.673170738937320268e-01 2.443266702640112531e-01
3.619999999999612328e+01 8.987796452606339193e-01 2.158309760664025578e-01
3.629999999999611049e+01 9.285640961772660962e-01 1.886573524930059975e-01
3.639999999999609770e+01 9.565302403778124241e-01 1.629283435205654273e-01
3.649999999999609201e+01 9.825470811421507245e-01 1.387591985517992177e-01
3.659999999999607923e+01 1.006493395464269192e+00 1.162573503294974803e-01
3.669999999999606644e+01 1.028258269829432470e+00 9.552193189520606642e-02
3.679999999999606075e+01 1.047741585246512619e+00 7.664333473312757994e-02
3.689999999999604796e+01 1.064854449433060291e+00 5.970281003743350967e-02
3.699999999999603517e+01 1.079519574303051233e+00 4.477211483005220927e-02
3.709999999999602238e+01 1.091671597176484099e+00 3.191320443741128832e-02
3.719999999999600959e+01 1.101257344398659965e+00 2.117797260970685422e-02
3.729999999999600391e+01 1.108236036335842334e+00 1.260804033616857826e-02
3.739999999999599112e+01 1.112579432991467776e+00 6.234594175544926238e-03
3.749999999999597833e+01 1.114271919775688291e+00 2.078274683669947224e-03
3.759999999999597264e+01 1.113310533238432543e+00 1.491152808358923944e-04
3.769999999999595985e+01 1.109704926868122943e+00 4.465316617254006686e-04
3.779999999999594706e+01 1.103477277334637741e+00 2.959361611122279280e-03
3.789999999999593427e+01 1.094662131840466346e+00 7.665954850565962278e-03
3.799999999999592148e+01 1.083306197515448099e+00 1.453431230571711717e-02
3.809999999999591580e+01 1.069468074065756058e+00 2.352227395254443548e-02
3.819999999999590301e+01 1.053217931147777398e+00 3.457775417360111486e-02
3.829999999999589022e+01 1.034637132196612130e+00 4.763902333468591349e-02
3.839999999999588454e+01 1.013817806684028877e+00 6.263503407819884239e-02
3.849999999999587175e+01 9.908623730188984569e-01 7.948579062320229593e-02
3.859999999999585896e+01 9.658830145278509693e-01 9.810275916504597460e-02
3.869999999999584617e+01 9.390011111670236721e-01 1.183893172797446380e-01
3.879999999999583338e+01 9.103466298168502169e-01 1.402412400612599308e-01
3.889999999999582769e+01 8.800574761958152026e-01 1.635472205543780089e-01
3.899999999999581490e+01 8.482788116011196200e-01 1.881894218923738094e-01
3.909999999999580211e+01 8.151623378385152163e-01 2.140440584079323638e-01
3.919999999999579643e+01 7.808655538425978149e-01 2.409820028588664786e-01
3.929999999999578364e+01 7.455509876076542586e-01 2.688694167965082760e-01
3.939999999999577085e+01 7.093854071582167409e-01 2.975684010064846285e-01
3.949999999999575806e+01 6.725390143678307009e-01 3.269376628676355367e-01
3.959999999999574527e+01 6.351846255063119395e-01 3.568331974055630185e-01
3.969999999999573959e+01 5.974968424437220316e-01 3.871089787655833669e-01
3.979999999999572680e+01 5.596512184677767676e-01 4.176176587909830595e-01
3.989999999999571401e+01 5.218234226840637868e-01 4.482112693723259711e-01
3.999999999999570832e+01 4.841884069601293250e-01 4.787419252265103231e-01
4.009999999999569553e+01 4.469195793485340462e-01 5.090625237760374455e-01
4.019999999999568274e+01 4.101879878779460253e-01 5.390274388228349922e-01
4.029999999999566995e+01 3.741615185396344190e-01 5.684932047549210443e-01
4.039999999999565716e+01 3.390041112144133173e-01 5.973191880780216456e-01
4.049999999999565148e+01 3.048749971865168384e-01 6.253682431392295626e-01
4.059999999999563869e+01 2.719279617769381208e-01 6.525073489927446513e-01
4.069999999999562590e+01 2.403106354945401257e-01 6.786082244614126679e-01
4.079999999999562021e+01 2.101638169580018756e-01 7.035479185586388517e-01
4.089999999999560742e+01 1.816208306782972071e-01 7.272093735656895985e-01
4.099999999999559464e+01 1.548069226150987077e-01 7.494819581945617593e-01
4.109999999999558185e+01 1.298386962314962978e-01 7.702619684230905817e-01
4.119999999999556906e+01 1.068235915691176097e-01 7.894530937449107943e-01
4.129999999999556337e+01 8.585940965361685273e-02 8.069668467533577250e-01
4.139999999999555058e+01 6.703388431629035693e-02 8.227229541581003724e-01
4.149999999999553779e+01 5.042430328663342898e-02 8.366497075225642899e-01
4.159999999999553211e+01 3.609718016965694082e-02 8.486842722070814249e-01
4.169999999999551932e+01 2.410797867531081981e-02 8.587729532082446493e-01
4.179999999999550653e+01 1.450089021485145326e-02 8.668714167898184941e-01
4.189999999999549374e+01 7.308665722043222734e-03 8.729448670191586324e-01
4.199999999999548095e+01 2.552502297278755328e-03 8.769681765341533763e-01
4.209999999999547526e+01 2.419850106909481892e-04 8.789259710917834978e-01
4.219999999999546247e+01 3.750839379083044205e-04 8.788126676611320853e-01
4.229999999999544968e+01 2.938206240132655144e-03 8.766324660548243664e-01
4.239999999999544400e+01 7.906302840150172123e-03 8.723992943031944058e-01
4.249999999999543121e+01 1.524302898884129405e-02 8.661367082011671714e-01
4.259999999999541842e+01 2.490095776397527327e-02 8.578777456696089487e-01
4.269999999999540563e+01 3.682184529575193571e-02 8.476647367840998148e-01
4.279999999999539284e+01 5.093694627280259679e-02 8.355490705350918645e-01
4.289999999999538716e+01 6.716737804933430034e-02 8.215909195787388652e-01
4.299999999999537437e+01 8.542453144983185032e-02 8.058589244369042115e-01
4.309999999999536158e+01 1.056105261533577672e-01 7.884298387888939441e-01
4.319999999999535589e+01 1.276187083358252261e-01 7.693881376769213798e-01
4.329999999999534310e+01 1.513341880565800823e-01 7.488255906153468144e-01
4.339999999999533031e+01 1.766344136967144263e-01 7.268408017541819754e-01
4.349999999999531752e+01 2.033897805899834155e-01 7.035387193936871730e-01
4.359999999999530473e+01 2.314642708360611922e-01 6.790301172854781298e-01
4.369999999999529905e+01 2.607161211484918528e-01 6.534310502790816599e-01
4.379999999999528626e+01 2.909985154682322439e-01 6.268622869852300550e-01
4.389999999999527347e+01 3.221602989681358054e-01 5.994487222268881643e-01
4.399999999999526779e+01 3.540467099844329946e-01 5.713187721332985136e-01
4.409999999999525500e+01 3.865001263385761110e-01 5.426037548062655480e-01
4.419999999999524221e+01 4.193608224579752353e-01 5.134372595423440933e-01
4.429999999999522942e+01 4.524677336647624504e-01 4.839545076413488411e-01
4.439999999999521663e+01 4.856592239822634660e-01 4.542917078571163114e-01
4.449999999999521094e+01 5.187738538045513215e-01 4.245854095627465408e-01
4.459999999999519815e+01 5.516511437880829982e-01 3.949718567013176806e-01
4.469999999999518536e+01 5.841323313566302300e-01 3.655863455772966342e-01
4.479999999999517968e+01 6.160611162581565159e-01 3.365625895157812741e-01
4.489999999999516689e+01 6.472843916769760453e-01 3.080320933717818899e-01
4.499999999999515410e+01 6.776529574867170558e-01 2.801235408140796967e-01
4.509999999999514131e+01 7.070222123262961400e-01 2.529621972380121653e-01
4.519999999999512852e+01 7.352528212934427154e-01 2.266693310750120816e-01
4.529999999999512283e+01 7.622113561792510650e-01 2.013616561706051966e-01
4.539999999999511004e+01 7.877709053066307421e-01 1.771507977924218213e-01
4.549999999999509726e+01 8.118116501932969298e-01 1.541427847077490310e-01
4.559999999999509157e+01 8.342214064255134565e-01 1.324375696381356604e-01
4.569999999999507878e+01 8.548961263100088859e-01 1.121285802548119825e-01
4.579999999999506599e+01 8.737403610614445926e-01 9.330230272627813848e-02
4.589999999999505320e+01 8.906676804827039495e-01 7.603789966730460648e-02
4.599999999999504041e+01 9.056010483068214212e-01 6.040686416841426626e-02
4.609999999999503473e+01 9.184731515838919780e-01 4.647271140800459527e-02
4.619999999999502194e+01 9.292266827249625605e-01 3.429070916491989973e-02
4.629999999999500915e+01 9.378145730390563539e-01 2.390764836020804057e-02
4.639999999999500346e+01 9.442001768417692675e-01 1.536165456266453538e-02
4.649999999999499067e+01 9.483574054454847468e-01 8.682041194899483422e-03
4.659999999999497788e+01 9.502708105869811517e-01 3.889204976345087082e-03
4.669999999999496509e+01 9.499356170871984251e-01 9.945639371577532674e-04
4.679999999999495230e+01 9.473577047815908703e-01 5.381339484127069466e-07
4.689999999999494662e+01 9.425535400014261045e-01 9.005729952700343389e-04
4.699999999999493383e+01 9.355500571212524985e-01 3.679205022945557409e-03
4.709999999999492104e+01 9.263844909291915064e-01 8.312169375539118360e-03
4.719999999999491536e+01 9.151041608017197460e-01 1.476654866349507919e-02
4.729999999999490257e+01 9.017662078949663096e-01 2.300096209265780484e-02
4.739999999999488978e+01 8.864372867792011945e-01 3.296579390484449118e-02
4.749999999999487699e+01 8.691932131578281595e-01 4.460345988193075567e-02
4.759999999999486420e+01 8.501185695126761699e-01 5.784871050414602117e-02
4.769999999999485851e+01 8.293062707095473218e-01 7.262896918488410958e-02
4.779999999999484572e+01 8.068570917845935275e-01 8.886470384428632463e-02
4.789999999999483293e+01 7.828791602976283848e-01 1.064698299323351000e-01
4.799999999999482725e+01 7.574874158026472237e-01 1.253521428704957030e-01
4.809999999999481446e+01 7.308030391288358185e-01 1.454137777495081163e-01
4.819999999999480167e+01 7.029528543005242325e-01 1.665516939998542001e-01
4.829999999999478888e+01 6.740687060430446964e-01 1.886581826422580599e-01
4.839999999999477609e+01 6.442868159242559623e-01 2.116213936275696816e-01
4.849999999999477041e+01 6.137471202741637821e-01 2.353258806902459865e-01
4.859999999999475762e+01 5.825925930965566435e-01 2.596531610665694934e-01
4.869999999999474483e+01 5.509685572468158155e-01 2.844822873684471620e-01
4.879999999999473914e+01 5.190219871915546790e-01 3.096904288574095498e-01
4.889999999999472635e+01 4.869008066943950053e-01 3.351534593286872865e-01
4.899999999999471356e+01 4.547531847808627958e-01 3.607465487961008521e-01
4.909999999999470077e+01 4.227268333316999693e-01 3.863447561608680525e-01
4.919999999999468798e+01 3.909683096323911533e-01 4.118236200540655312e-01
4.929999999999468230e+01 3.596223271685832223e-01 4.370597450624491009e-01
4.939999999999466951e+01 3.288310779071179080e-01 4.619313805805296824e-01
4.949999999999465672e+01 2.987335692317756308e-01 4.863189895775170135e-01
4.959999999999465103e+01 2.694649786228525690e-01 5.101058046259424605e-01
4.969999999999463824e+01 2.411560290712606580e-01 5.331783686111305487e-01
4.979999999999462545e+01 2.139323881080376633e-01 5.554270576219552114e-01
4.989999999999461266e+01 1.879140932053352808e-01 5.767465836194411999e-01
4.999999999999459988e+01 1.632150061697458798e-01 5.970364745837093423e-01
5.009999999999459419e+01 1.399422989986973676e-01 6.162015299574431504e-01
5.019999999999458140e+01 1.181959735124928773e-01 6.341522493284473816e-01
5.029999999999456861e+01 9.806841690353834684e-02 6.508052324297192159e-01
5.039999999999456293e+01 7.964399516564184267e-02 6.660835486797939131e-01
5.049999999999455014e+01 6.299868617776668844e-02 6.799170746359555206e-01
5.059999999999453735e+01 4.819975402098466283e-02 6.922427978934707626e-01
5.069999999999452456e+01 3.530546590521947692e-02 7.030050861280190411e-01
5.079999999999451177e+01 2.436485287404894021e-02 7.121559201480056611e-01
5.089999999999450608e+01 1.541751524316236320e-02 7.196550900018623409e-01
5.099999999999449329e+01 8.493473511649434274e-03 7.254703533596830178e-01
5.109999999999448050e+01 3.613065266254318446e-03 7.295775555750803054e-01
5.119999999999447482e+01 7.868883781735858899e-04 7.319607110137482664e-01
5.129999999999446203e+01 1.579057089480103709e-05 7.326120454225101275e-01
5.139999999999444924e+01 1.290905217069199381e-03 7.315319992969731011e-01
5.149999999999443645e+01 4.593733003517155335e-03 7.287291923912530001e-01
5.159999999999442366e+01 9.896268887209501777e-03 7.242203496973114163e-01
5.169999999999441798e+01 1.716117355247073414e-02 7.180301894011843489e-01
5.179999999999440519e+01 2.634198837170488236e-02 7.101912735029104473e-01
5.189999999999439240e+01 3.738339266964858798e-02 7.007438219598574047e-01
5.199999999999438671e+01 5.022150189535374426e-02 6.897354913837022705e-01
5.209999999999437392e+01 6.478420511791395386e-02 6.772211194825239478e-01
5.219999999999436113e+01 8.099154008179004771e-02 6.632624366006857342e-01
5.229999999999434834e+01 9.875610388710408249e-02 6.479277458542466173e-01
5.239999999999433555e+01 1.179834971989439235e-01 6.312915735077059276e-01
5.249999999999432987e+01 1.385727997398643052e-01 6.134342913671213537e-01
5.259999999999431708e+01 1.604170746805797243e-01 5.944417130933121740e-01
5.269999999999430429e+01 1.834038994169147896e-01 5.744046664520620071e-01
5.279999999999429861e+01 2.074159201064846580e-01 5.534185436253284962e-01
5.289999999999428582e+01 2.323314272371006517e-01 5.315828318014154119e-01
5.299999999999427303e+01 2.580249494103200592e-01 5.090006263471654746e-01
5.309999999999426024e+01 2.843678624499682006e-01 4.857781289366912003e-01
5.319999999999424745e+01 3.112290108838054459e-01 4.620241330742427821e-01
5.329999999999424176e+01 3.384753388015742659e-01 4.378494994963664788e-01
5.339999999999422897e+01 3.659725270604523573e-01 4.133666239774577145e-01
5.349999999999421618e+01 3.935856337915080161e-01 3.886889000873448574e-01
5.359999999999421050e+01 4.211797351586298310e-01 3.639301794632878173e-01
5.369999999999419771e+01 4.486205633333241738e-01 3.392042321587500631e-01
5.379999999999418492e+01 4.757751386740833865e-01 3.146242096216085304e-01
5.389999999999417213e+01 5.025123931408372879e-01 2.903021128297181286e-01
5.399999999999415934e+01 5.287037820282863843e-01 2.663482680776490530e-01
5.409999999999415365e+01 5.542238811704054413e-01 2.428708128614497364e-01
5.419999999999414086e+01 5.789509668495443906e-01 2.199751942496889490e-01
5.429999999999412807e+01 6.027675757370807297e-01 1.977636820602688139e-01
5.439999999999412239e+01 6.255610423005873999e-01 1.763348990823447315e-01
5.449999999999410960e+01 6.472240112272338308e-01 1.557833704926613327e-01
5.459999999999409681e+01 6.676549225465041593e-01 1.361990945154256949e-01
5.469999999999408402e+01 6.867584672715844052e-01 1.176671362655142133e-01
5.479999999999407123e+01 7.044460115287122237e-01 1.002672465973550864e-01
5.489999999999406555e+01 7.206359873048281406e-01 8.407350765494880918e-02
5.499999999999405276e+01 7.352542481060554413e-01 6.915400668549666341e-02
5.509999999999403997e+01 7.482343879973987200e-01 5.557053953847933964e-02
5.519999999999403428e+01 7.595180226717117566e-01 4.337834512537489667e-02
5.529999999999402149e+01 7.690550313842035024e-01 3.262587196352621094e-02
5.539999999999400870e+01 7.768037587782145037e-01 2.335457777088123868e-02
5.549999999999399591e+01 7.827311758216619619e-01 1.559876291786168982e-02
5.559999999999398312e+01 7.868129992743423395e-01 9.385438379102122378e-03
5.569999999999397744e+01 7.890337693013559361e-01 4.734228661790882559e-03
5.579999999999396465e+01 7.893868850512564261e-01 1.657310019928976384e-03
5.589999999999395186e+01 7.878745982150590077e-01 1.593840956286154769e-04
5.599999999999394618e+01 7.845079647852496452e-01 2.376869604828748216e-04
5.609999999999393339e+01 7.793067554255842522e-01 1.882033362798332795e-03
5.619999999999392060e+01 7.722993250622613992e-01 5.074895820924132765e-03
5.629999999999390781e+01 7.635224424939858201e-01 9.791518039780769747e-03
5.639999999999389502e+01 7.530210810061696014e-01 1.600006196776899287e-02
5.649999999999388933e+01 7.408481711530090497e-01 2.366178765527090708e-02
5.659999999999387654e+01 7.270643170482056217e-01 3.273126492462967441e-02
5.669999999999386375e+01 7.117374776675473580e-01 4.315661571559938764e-02
5.679999999999385807e+01 6.949426148291353300e-01 5.487978583027727092e-02
5.689999999999384528e+01 6.767613096659911287e-01 6.783684466835286642e-02
5.699999999999383249e+01 6.572813495445889442e-01 8.195831141753023852e-02
5.709999999999381970e+01 6.365962875177050284e-01 9.716950604578124262e-02
5.719999999999380691e+01 6.148049765155837454e-01 1.133909233323660282e-01
5.729999999999380123e+01 5.920110805931764197e-01 1.305386280736609284e-01
5.739999999999378844e+01 5.683225656453243513e-01 1.485246695078795698e-01
5.749999999999377565e+01 5.438511720898014934e-01 1.672575129212964251e-01
5.759999999999376996e+01 5.187118720900797397e-01 1.866424863258782096e-01
5.769999999999375717e+01 4.930223139522252884e-01 2.065822400372744616e-01
5.779999999999374438e+01 4.669022563769028578e-01 2.269772169301552955e-01
5.789999999999373159e+01 4.404729952834696149e-01 2.477261311083887030e-01
5.799999999999371880e+01 4.138567859450014708e-01 2.687264526970210565e-01
5.809999999999371312e+01 3.871762631827935230e-01 2.898748964450570953e-01
5.819999999999370033e+01 3.605538623627673189e-01 3.110679118205186278e-01
5.829999999999368754e+01 3.341112439226570086e-01 3.322021722821161260e-01
5.839999999999368185e+01 3.079687241248639795e-01 3.531750614264416166e-01
5.849999999999366906e+01 2.822447146908997340e-01 3.738851537349627274e-01
5.859999999999365627e+01 2.570551739164445015e-01 3.942326876804140290e-01
5.869999999999364348e+01 2.325130717997711260e-01 4.141200289981266658e-01
5.879999999999363069e+01 2.087278716381317789e-01 4.334521219849399309e-01
5.889999999999362501e+01 1.858050304559251964e-01 4.521369267531540892e-01
5.899999999999361222e+01 1.638455205297760509e-01 4.700858404435104831e-01
5.909999999999359943e+01 1.429453741630312413e-01 4.872141004851897605e-01
5.919999999999359375e+01 1.231952537435976325e-01 5.034411680842310055e-01
5.929999999999358096e+01 1.046800489889324337e-01 5.186910902226856690e-01
5.939999999999356817e+01 8.747850314478214373e-02 5.328928385603588502e-01
5.949999999999355538e+01 7.166286975924311686e-02 5.459806237460960165e-01
5.959999999999354259e+01 5.729860150132889962e-02 5.578941837686017813e-01
5.969999999999353690e+01 4.444407233560788983e-02 5.685790451053336358e-01
5.979999999999352411e+01 3.315033420042287626e-02 5.779867555600000095e-01
5.989999999999351132e+01 2.346090916957003017e-02 5.860750878192365620e-01
5.999999999999350564e+01 1.541161790528399259e-02 5.928082129003036105e-01
6.009999999999349285e+01 9.030445035856746183e-03 5.981568428051117214e-01
6.019999999999348006e+01 4.337441914366027378e-03 6.020983418476695270e-01
6.029999999999346727e+01 1.344667037162858205e-03 6.046168062662266030e-01
6.039999999999345448e+01 5.616422237185041854e-05 6.057031118875947362e-01
6.049999999999344880e+01 4.679784708988197453e-04 6.053549297569333909e-01
6.059999999999343601e+01 2.568209255898938875e-03 6.035767098012609910e-01
6.069999999999342322e+01 6.337100812297083788e-03 6.003796327416394130e-01
6.079999999999341753e+01 1.174716882652428358e-02 5.957815306185429982e-01
6.089999999999340474e+01 1.876336275894633157e-02 5.898067764398182700e-01
6.099999999999339195e+01 2.734326286825703237e-02 5.824861436024081351e-01
6.109999999999337916e+01 3.743731084918523050e-02 5.738566358798093958e-01
6.119999999999336637e+01 4.898907284285691777e-02 5.639612888985590100e-01
6.129999999999336069e+01 6.193553343377139475e-02 5.528489441587516318e-01
6.139999999999334790e+01 7.620741910937042785e-02 5.405739967762632769e-01
6.149999999999333511e+01 9.172954952773990089e-02 5.271961182426400105e-01
6.159999999999332942e+01 1.084212148176163792e-01 5.127799556081718002e-01
6.169999999999331664e+01 1.261965770216860183e-01 4.973948085999167490e-01
6.179999999999330385e+01 1.449650936909639420e-01 4.811142862808235332e-01
6.189999999999329106e+01 1.646319615448281204e-01 4.640159449447747719e-01
6.199999999999327827e+01 1.850985780275808679e-01 4.461809090236368291e-01
6.209999999999327258e+01 2.062630185201466682e-01 4.276934768524555119e-01
6.219999999999325979e+01 2.280205269036066351e-01 4.086407132010677623e-01
6.229999999999324700e+01 2.502640171205256503e-01 3.891120305355508235e-01
6.239999999999324132e+01 2.728845833407475552e-01 3.691987610136476250e-01
6.249999999999322853e+01 2.957720163100246435e-01 3.489937212555981327e-01
6.259999999999321574e+01 3.188153234434595862e-01 3.285907719537209393e-01
6.269999999999320295e+01 3.419032502204051305e-01 3.080843744004461704e-01
6.279999999999319016e+01 3.649248004436708714e-01 2.875691460186445281e-01
6.289999999999318447e+01 3.877697529437741375e-01 2.671394169735885060e-01
6.299999999999317168e+01 4.103291723369856259e-01 2.468887899318126244e-01
6.309999999999315889e+01 4.324959114862004794e-01 2.269097050068459853e-01
6.319999999999315321e+01 4.541651033644028002e-01 2.072930119002762417e-01
6.329999999999314042e+01 4.752346400794004166e-01 1.881275512023959651e-01
6.339999999999312763e+01 4.956056368923966171e-01 1.694997467659104251e-01
6.349999999999311484e+01 5.151828791410703046e-01 1.514932110060425163e-01
6.359999999999310205e+01 5.338752500681707147e-01 1.341883649113415344e-01
6.369999999999309637e+01 5.515961376572715569e-01 1.176620744736221746e-01
6.379999999999308358e+01 5.682638186806342473e-01 1.019873051608059522e-01
6.389999999999307079e+01 5.838018182828206282e-01 8.723279596565505778e-02
6.399999999999306510e+01 5.981392435425415544e-01 7.346275446494907047e-02
6.409999999999305942e+01 6.112110895853486436e-01 6.073657422012020135e-02
6.419999999999303952e+01 6.229585169533816691e-01 4.910857573995012354e-02
6.429999999999301963e+01 6.333290990789922636e-01 3.862777211125974219e-02
6.439999999999301394e+01 6.422770388514887907e-01 2.933766028392098546e-02
6.449999999999300826e+01 6.497633534174848124e-01 2.127603887271281233e-02
6.459999999999300258e+01 6.557560265036991298e-01 1.447485321176349843e-02
6.469999999999298268e+01 6.602301277068807206e-01 8.960068267279438017e-03
6.479999999999297700e+01 6.631678983506519298e-01 4.751569882259294893e-03
6.489999999999295710e+01 6.645588036664511478e-01 1.863094693277956128e-03
6.499999999999295142e+01 6.643995512110908441e-01 3.021889247783992585e-04
6.509999999999294573e+01 6.626940755933624638e-01 7.019613139128391059e-05
6.519999999999292584e+01 6.594534897333830248e-01 1.162273824181112589e-03
6.529999999999292015e+01 6.546960030371057337e-01 3.567438782987351203e-03
6.539999999999290026e+01 6.484468070144224772e-01 7.268640724854564215e-03
6.549999999999289457e+01 6.407379290219475942e-01 1.224286386849279644e-02
6.559999999999288889e+01 6.316080549522703480e-01 1.846125580739450128e-02
6.569999999999286899e+01 6.211023218334672524e-01 2.588928298021653251e-02
6.579999999999286331e+01 6.092720814347262204e-01 3.448691190688171759e-02
6.589999999999285762e+01 5.961746361053079646e-01 4.420881524306285310e-02
6.599999999999283773e+01 5.818729481939874937e-01 5.500460159492020357e-02
6.609999999999283204e+01 5.664353245141947601e-01 6.681906793048196513e-02
6.619999999999282636e+01 5.499350774251484664e-01 7.959247332437531519e-02
6.629999999999280647e+01 5.324501642037332561e-01 9.326083267952511857e-02
6.639999999999280078e+01 5.140628064702864597e-01 1.077562289825607922e-01
6.649999999999278089e+01 4.948590915181853012e-01 1.230071425703970489e-01
6.659999999999277520e+01 4.749285574700104484e-01 1.389387958130327283e-01
6.669999999999276952e+01 4.543637642493632556e-01 1.554735115532833722e-01
6.679999999999274962e+01 4.332598524136125895e-01 1.725310835877848781e-01
6.689999999999274394e+01 4.117140919391958920e-01 1.900291574248322013e-01
6.699999999999272404e+01 3.898254230868153924e-01 2.078836195152719279e-01
6.709999999999271836e+01 3.676939915021973371e-01 2.260089931205073455e-01
6.719999999999271267e+01 3.454206797229852355e-01 2.443188389593191900e-01
6.729999999999269278e+01 3.231066372694619271e-01 2.627261587609723281e-01
6.739999999999268709e+01 3.008528114941106946e-01 2.811437998459598298e-01
6.749999999999268141e+01 2.787594813495797852e-01 2.994848588603045147e-01
6.759999999999266151e+01 2.569257962134848805e-01 3.176630827991933637e-01
6.769999999999265583e+01 2.354493218738291649e-01 3.355932654781944025e-01
6.779999999999265015e+01 2.144255957370007071e-01 3.531916376373442912e-01
6.789999999999263025e+01 1.939476932684524868e-01 3.703762489017535797e-01
6.799999999999262457e+01 1.741058076149612499e-01 3.870673398660898767e-01
6.809999999999260467e+01 1.549868442887530062e-01 4.031877026240861528e-01
6.819999999999259899e+01 1.366740327151718948e-01 4.186630281247957219e-01
6.829999999999259330e+01 1.192465563605034362e-01 4.334222388031093720e-01
6.839999999999257341e+01 1.027792030634488013e-01 4.473978050084561620e-01
6.849999999999256772e+01 8.734203709337914900e-02 4.605260438354633057e-01
6.859999999999254783e+01 7.300009435220755627e-02 4.727473990466566356e-01
6.869999999999254214e+01 5.981310202393567976e-02 4.840067008715130958e-01
6.879999999999253646e+01 4.783522385804044735e-02 4.942534045621118644e-01
6.889999999999251656e+01 3.711483214968333555e-02 5.034418066897151656e-01
6.899999999999251088e+01 2.769430735282405950e-02 5.115312382717113193e-01
6.909999999999250520e+01 1.960986613103961329e-02 5.184862339307096946e-01
6.919999999999248530e+01 1.289141851708634247e-02 5.242766763994951562e-01
6.929999999999247962e+01 7.562454715561348594e-03 5.288779158028487082e-01
6.939999999999247393e+01 3.639961944771326861e-03 5.322708632657677796e-01
6.949999999999245404e+01 1.134371574388557671e-03 5.344420585170839288e-01
6.959999999999244835e+01 4.953667537630231625e-05 5.353837112788598640e-01
6.969999999999242846e+01 3.827399586950871254e-04 5.350937163536122476e-01
6.979999999999242277e+01 2.124731940043101015e-03 5.335756424428109712e-01
6.989999999999241709e+01 5.259799029981855438e-03 5.308386948500769531e-01
6.999999999999239719e+01 9.765861112877612452e-03 5.268976523434560910e-01
7.009999999999239151e+01 1.561459804476627959e-02 5.217727785677598318e-01
7.019999999999237161e+01 2.277160437010600572e-02 5.154897085136938006e-01
7.029999999999236593e+01 3.119657143099030180e-02 5.080793106642442769e-01
7.039999999999236024e+01 4.084349592038886284e-02 4.995775255462497899e-01
7.049999999999234035e+01 5.166091381373479063e-02 4.900251815225492580e-01
7.059999999999233466e+01 6.359215850139562920e-02 4.794677887606262900e-01
7.069999999999232898e+01 7.657564183863520280e-02 4.679553124100367945e-01
7.079999999999230909e+01 9.054515672994720155e-02 4.555419261131097297e-01
7.089999999999230340e+01 1.054301997719450101e-01 4.422857470588247297e-01
7.099999999999229772e+01 1.211563123928843799e-01 4.282485538702749950e-01
7.109999999999227782e+01 1.376454388491208380e-01 4.134954886892725501e-01
7.119999999999227214e+01 1.548162993679136068e-01 3.980947448901663854e-01
7.129999999999225224e+01 1.725847766639791725e-01 3.821172419138445520e-01
7.139999999999224656e+01 1.908643140029782359e-01 3.656362887673718642e-01
7.149999999999224087e+01 2.095663229401898420e-01 3.487272377807378865e-01
7.159999999999222098e+01 2.286005988250534027e-01 3.314671302499688221e-01
7.169999999999221529e+01 2.478757421357982160e-01 3.139343356273609498e-01
7.179999999999219540e+01 2.672995836880653342e-01 2.962081859432247888e-01
7.189999999999218971e+01 2.867796117529801125e-01 2.783686071580446231e-01
7.199999999999218403e+01 3.062233991180485226e-01 2.604957491519843127e-01
7.209999999999216413e+01 3.255390281337611769e-01 2.426696160587190898e-01
7.219999999999215845e+01 3.446355118040876908e-01 2.249696986415267996e-01
7.229999999999215277e+01 3.634232090070970145e-01 2.074746103946870923e-01
7.239999999999213287e+01 3.818142319639779014e-01 1.902617290292439312e-01
7.249999999999212719e+01 3.997228441199923155e-01 1.734068449708141002e-01
7.259999999999212150e+01 4.170658466497401684e-01 1.569838184598972008e-01
7.269999999999210161e+01 4.337629518603026146e-01 1.410642467982199111e-01
7.279999999999209592e+01 4.497371418304688673e-01 1.257171432332537531e-01
7.289999999999207603e+01 4.649150107002030241e-01 1.110086289138006721e-01
7.299999999999207034e+01 4.792270891034410285e-01 9.700163928400379332e-02
7.309999999999206466e+01 4.926081493264493627e-01 8.375564621169927226e-02
7.319999999999204476e+01 5.049974898663560641e-01 7.132639707051921518e-02
7.329999999999203908e+01 5.163391981642089235e-01 5.976567191219332720e-02
7.339999999999201918e+01 5.265823903912185688e-01 4.912105977872823631e-02
7.349999999999201350e+01 5.356814272756084128e-01 3.943575511219330615e-02
7.359999999999200782e+01 5.435961050717712517e-01 3.074837512432441328e-02
7.369999999999198792e+01 5.502918208881717455e-01 2.309279888872761699e-02
7.379999999999198224e+01 5.557397117133874298e-01 1.649802881599742380e-02
7.389999999999197655e+01 5.599167665995948839e-01 1.098807506711558732e-02
7.399999999999195666e+01 5.628059115885307717e-01 6.581863353196193075e-03
7.409999999999195097e+01 5.643960670913602540e-01 3.293166460745633201e-03
7.419999999999194529e+01 5.646821775590112891e-01 1.130559731651234554e-03
7.429999999999192539e+01 5.636652134086710397e-01 9.740061637625485505e-05
7.439999999999191971e+01 5.613521452964106428e-01 1.918323080494779506e-04
7.449999999999189981e+01 5.577558909543097743e-01 1.406811354697576864e-03
7.459999999999189413e+01 5.528952349327262983e-01 3.730159037282009763e-03
7.469999999999188844e+01 5.467947217111771563e-01 7.144636192994984793e-03
7.479999999999186855e+01 5.394845227624546213e-01 1.162804105691601225e-02
7.489999999999186286e+01 5.310002782689526857e-01 1.715332959109672206e-02
7.499999999999184297e+01 5.213829143051266213e-01 2.368875766892680063e-02
7.509999999999183729e+01 5.106784364080989569e-01 3.119804438461923693e-02
7.519999999999183160e+01 4.989377005638046536e-01 3.964055566342943038e-02
7.529999999999181171e+01 4.862161627330191527e-01 4.897150725791423603e-02
7.539999999999180602e+01 4.725736081394530941e-01 5.914218612993082935e-02
7.549999999999180034e+01 4.580738616260421892e-01 7.010018913723552181e-02
7.559999999999178044e+01 4.427844804702299464e-01 8.178967786781755900e-02
7.569999999999177476e+01 4.267764311233523400e-01 9.415164839524033102e-02
7.579999999999176907e+01 4.101237514066665146e-01 1.071242146638555909e-01
7.589999999999174918e+01 3.929031997596674763e-01 1.206429041547556896e-01
7.599999999999174349e+01 3.751938931880856032e-01 1.346409644316917953e-01
7.609999999999172360e+01 3.570769356058464683e-01 1.490496791207028549e-01
7.619999999999171791e+01 3.386350383041188405e-01 1.637986918393993518e-01
7.629999999999171223e+01 3.199521343091286663e-01 1.788163365596786014e-01
7.639999999999169233e+01 3.011129884144618796e-01 1.940299728638014420e-01
7.649999999999168665e+01 2.822028046855721284e-01 2.093663245360603276e-01
7.659999999999166675e+01 2.633068332421566460e-01 2.247518199224133595e-01
7.669999999999166107e+01 2.445099781191378552e-01 2.401129324873638449e-01
7.679999999999165539e+01 2.258964079983777073e-01 2.553765200015803427e-01
7.689999999999163549e+01 2.075491715835398876e-01 2.704701608054592143e-01
7.699999999999162981e+01 1.895498193637885354e-01 2.853224856120304409e-01
7.709999999999162412e+01 1.719780334776157271e-01 2.998635033381707449e-01
7.719999999999160423e+01 1.549112673459560607e-01 3.140249194853971249e-01
7.729999999999159854e+01 1.384243966936483661e-01 3.277404456306086122e-01
7.739999999999159286e+01 1.225893835216808059e-01 3.409460986323420428e-01
7.749999999999157296e+01 1.074749545287527752e-01 3.535804882098190771e-01
7.759999999999156728e+01 9.314629540992303003e-02 3.655850916100829573e-01
7.769999999999154738e+01 7.966476238385847286e-02 3.769045141409589905e-01
7.779999999999154170e+01 6.708761221684308995e-02 3.874867344179636075e-01
7.789999999999153601e+01 5.546775192397117304e-02 3.972833332451197186e-01
7.799999999999151612e+01 4.485350923438204823e-02 4.062497051295320682e-01
7.809999999999151044e+01 3.528842480920041380e-02 4.143452515124867452e-01
7.819999999999149054e+01 2.681106709887606104e-02 4.215335548857396253e-01
7.829999999999148486e+01 1.945487062020087934e-02 4.277825330526568992e-01
7.839999999999147917e+01 1.324799832428165229e-02 4.330645728877312584e-01
7.849999999999145928e+01 8.213228614456389784e-03 4.373566430435804619e-01
7.859999999999145359e+01 4.367867458917890772e-03 4.406403851524963722e-01
7.869999999999144791e+01 1.723685926723554857e-03 4.429021831718999991e-01
7.879999999999142801e+01 2.868833586468271185e-04 4.441332106218018883e-01
7.889999999999142233e+01 5.807626640585675682e-05 4.443294555669311530e-01
7.899999999999141664e+01 1.032312935805670658e-03 4.434917232975932322e-01
7.909999999999139675e+01 3.199113591723982703e-03 4.416256167675196020e-01
7.919999999999139106e+01 6.542535866222137786e-03 4.387414949467528524e-01
7.929999999999137117e+01 1.104126519589952553e-02 4.348544093512561881e-01
7.939999999999136548e+01 1.666872966143753340e-02 4.299840191084819407e-01
7.949999999999135980e+01 2.339323867163746462e-02 4.241544850176238723e-01
7.959999999999133991e+01 3.117814478659890892e-02 4.173943431560708794e-01
7.969999999999133422e+01 3.998202787055168267e-02 4.097363586796293200e-01
7.979999999999131433e+01 4.975890066466751027e-02 4.012173605489108841e-01
7.989999999999130864e+01 6.045843477434923591e-02 3.918780580044086137e-01
7.999999999999130296e+01 7.202620597471706687e-02 3.817628396907371546e-01
8.009999999999128306e+01 8.440395765203774492e-02 3.709195564099138087e-01
8.019999999999127738e+01 9.752988111909478841e-02 3.593992885551045013e-01
8.029999999999127169e+01 1.113389114680620601e-01 3.472560993445423239e-01
8.039999999999125180e+01 1.257630375570204240e-01 3.345467750358380732e-01
8.049999999999124611e+01 1.407316246646257152e-01 3.213305533600704367e-01
8.059999999999124043e+01 1.561717482935068846e-01 3.076688414629040746e-01
8.069999999999122053e+01 1.720085375554133988e-01 2.936249246865020313e-01
8.079999999999121485e+01 1.881655265313487702e-01 2.792636675639667554e-01
8.089999999999119495e+01 2.045650119675461454e-01 2.646512084291648970e-01
8.099999999999118927e+01 2.211284156429792480e-01 2.498546490716451740e-01
8.109999999999118359e+01 2.377766497270487889e-01 2.349417408835247079e-01
8.119999999999116369e+01 2.544304834369011670e-01 2.199805689585901392e-01
8.129999999999115801e+01 2.710109093018190918e-01 2.050392356084073386e-01
8.139999999999113811e+01 2.874395073484948271e-01 1.901855447587197379e-01
8.149999999999113243e+01 3.036388055348960835e-01 1.754866886818677307e-01
8.159999999999112674e+01 3.195326347817703527e-01 1.610089385050627875e-01
8.169999999999110685e+01 3.350464769799810227e-01 1.468173399139182933e-01
8.179999999999110116e+01 3.501078043889183644e-01 1.329754154416107614e-01
8.189999999999109548e+01 3.646464088834922568e-01 1.195448747007250290e-01
8.199999999999107558e+01 3.785947195598222126e-01 1.065853338733974004e-01
8.209999999999106990e+01 3.918881072648963682e-01 9.415404572979622910e-02
8.219999999999106421e+01 4.044651746821485427e-01 8.230564139209115004e-02
8.229999999999104432e+01 4.162680306716328715e-01 7.109188500385506260e-02
8.239999999999103864e+01 4.272425476428974300e-01 6.056144240179404253e-02
8.249999999999101874e+01 4.373386008167226557e-01 5.075966481895757831e-02
8.259999999999101306e+01 4.465102883208691420e-01 4.172838857631686743e-02
8.269999999999100737e+01 4.547161311547820994e-01 3.350575164297844161e-02
8.279999999999098748e+01 4.619192521535405715e-01 2.612602786494588186e-02
8.289999999999098179e+01 4.680875331815588236e-01 1.961947957835264919e-02
8.299999999999096190e+01 4.731937498872861858e-01 1.401222923626870703e-02
8.309999999999095621e+01 4.772156834575165818e-01 9.326150588313665210e-03
8.319999999999095053e+01 4.801362089158614510e-01 5.578779860572456901e-03
8.329999999999093063e+01 4.819433596205789372e-01 2.783247289483346126e-03
8.339999999999092495e+01 4.826303677273239834e-01 9.482292682392427525e-04
8.349999999999091926e+01 4.821956804944372288e-01 7.792126821138577403e-05
8.359999999999089937e+01 4.806429524203346682e-01 1.720316013027990362e-04
8.369999999999089368e+01 4.779810133140874884e-01 1.225795992535837382e-03
8.379999999999088800e+01 4.742238125118332648e-01 3.230012835957245254e-03
8.389999999999086810e+01 4.693903395615395269e-01 6.171098911564853844e-03
8.399999999999086242e+01 4.635045218058180261e-01 1.003116524687210250e-02
8.409999999999084253e+01 4.565950994002742624e-01 1.478811271434274724e-02
8.419999999999083684e+01 4.486954784056316203e-01 2.041574686568255192e-02
8.429999999999083116e+01 4.398435626938836385e-01 2.688391141630564266e-02
8.439999999999081126e+01 4.300815655034299079e-01 3.415863970852097559e-02
8.449999999999080558e+01 4.194558015717847477e-01 4.220232340063028581e-02
8.459999999999078568e+01 4.080164608603807919e-01 5.097389755139041662e-02
8.469999999999078000e+01 3.958173649700956753e-01 6.042904119567616555e-02
8.479999999999077431e+01 3.829157074232764635e-01 7.052039243792151968e-02
8.489999999999075442e+01 3.693717790586089067e-01 8.119777702537329944e-02
8.499999999999074873e+01 3.552486798531894752e-01 9.240844930363939502e-02
8.509999999999074305e+01 3.406120185432045533e-01 1.040973444026521977e-01
8.519999999999072315e+01 3.255296014694141760e-01 1.162073404523753795e-01
8.529999999999071747e+01 3.100711121192798458e-01 1.286795295843981279e-01
8.539999999999071179e+01 2.943077828764778525e-01 1.414534964385074645e-01
8.549999999999069189e+01 2.783120605215675392e-01 1.544676028618092445e-01
8.559999999999068621e+01 2.621572670512584136e-01 1.676592774631306404e-01
8.569999999999066631e+01 2.459172574024988400e-01 1.809653086669246735e-01
8.579999999999066063e+01 2.296660756769594858e-01 1.943221398977807990e-01
8.589999999999065494e+01 2.134776114642145117e-01 2.076661655215280011e-01
8.599999999999063505e+01 1.974252578574047789e-01 2.209340261684929474e-01
8.609999999999062936e+01 1.815815727426331461e-01 2.340629020715887521e-01
8.619999999999060947e+01 1.660179449240925531e-01 2.469908030651994102e-01
8.629999999999060378e+01 1.508042666200329063e-01 2.596568539094423200e-01
8.639999999999059810e+01 1.360086138308470305e-01 2.720015736306434229e-01
8.649999999999057820e+01 1.216969360398488936e-01 2.839671475998897798e-01
8.659999999999057252e+01 1.079327566598913130e-01 2.954976911085688274e-01
8.669999999999056683e+01 9.477688558519047068e-02 3.065395032437747691e-01
8.679999999999054694e+01 8.228714514749134457e-02 3.170413099135580559e-01
8.689999999999054126e+01 7.051811070992232422e-02 3.269544949266765532e-01
8.699999999999053557e+01 5.952086706031722851e-02 3.362333180892842499e-01
8.709999999999051568e+01 4.934278168913715928e-02 3.448351193447670160e-01
8.719999999999050999e+01 4.002729595546809099e-02 3.527205080501992218e-01
8.729999999999049010e+01 3.161373505868575462e-02 3.598535365542766540e-01
8.739999999999048441e+01 2.413713764335055981e-02 3.662018573169239510e-01
8.749999999999047873e+01 1.762810577113527177e-02 3.717368628898595206e-01
8.759999999999045883e+01 1.211267589708523405e-02 3.764338081575412387e-01
8.769999999999045315e+01 7.612211387797518727e-03 3.802719143235195332e-01
8.779999999999043325e+01 4.143317017607591260e-03 3.832344542121547959e-01
8.789999999999042757e+01 1.717775775408957690e-03 3.853088185442173352e-01
8.799999999999042188e+01 3.425082100951847334e-04 3.864865629336631803e-01
8.809999999999040199e+01 1.955443722553631009e-05 3.867634354438677646e-01
8.819999999999039630e+01 7.460788238544716847e-04 3.861393846311476086e-01
8.829999999999039062e+01 2.514397263050510006e-03 3.846185480947242330e-01
8.839999999999037072e+01 5.312026844935285874e-03 3.822092216429442968e-01
8.849999999999036504e+01 9.121757627603761798e-03 3.789238092743670294e-01
8.859999999999035936e+01 1.392174610948483660e-02 3.747787542610012124e-01
8.869999999999033946e+01 1.968562990509782271e-02 3.697944517086869665e-01
8.879999999999033378e+01 2.638266302914573508e-02 3.639951430526226495e-01
8.889999999999031388e+01 3.397787109992646271e-02 3.574087930300852145e-01
8.899999999999030820e+01 4.243222568264597150e-02 3.500669497514076745e-01
8.909999999999030251e+01 5.170283690658843134e-02 3.420045885667110652e-01
8.919999999999028262e+01 6.174316340791607960e-02 3.332599404990628233e-01
8.929999999999027693e+01 7.250323857222877588e-02 3.238743060844341271e-01
8.939999999999025704e+01 8.392991197841061235e-02 3.138918555231360319e-01
8.949999999999025135e+01 9.596710487814796853e-02 3.033594161093253749e-01
8.959999999999024567e+01 1.085560784835317150e-01 2.923262479603264130e-01
8.969999999999022577e+01 1.216357137800133104e-01 2.808438091190846864e-01
8.979999999999022009e+01 1.351428015315329911e-01 2.689655111494085871e-01
8.989999999999021441e+01 1.490123411022598043e-01 2.567464663841197980e-01
8.999999999999019451e+01 1.631778466817807582e-01 2.442432280214337503e-01
9.009999999999018883e+01 1.775716594712979102e-01 2.315135242946447236e-01
9.019999999999018314e+01 1.921252643641777336e-01 2.186159879640992565e-01
9.029999999999016325e+01 2.067696096389223526e-01 2.056098823981677426e-01
9.039999999999015756e+01 2.214354281717896278e-01 1.925548255219500793e-01
9.049999999999013767e+01 2.360535586750046322e-01 1.795105129190074644e-01
9.059999999999013198e+01 2.505552654700591853e-01 1.665364413707810798e-01
9.069999999999012630e+01 2.648725553171536462e-01 1.536916341130969699e-01
9.079999999999010640e+01 2.789384898400240620e-01 1.410343690768838809e-01
9.089999999999010072e+01 2.926874921101903504e-01 1.286219113631893174e-01
9.099999999999008082e+01 3.060556459857614597e-01 1.165102511784538997e-01
9.109999999999007514e+01 3.189809868382929570e-01 1.047538484278560666e-01
9.119999999999006945e+01 3.314037823449694220e-01 9.340538512936036319e-02
9.129999999999004956e+01 3.432668020728030234e-01 8.251552677190480967e-02
9.139999999999004388e+01 3.545155746390624696e-01 7.213269369584322799e-02
9.149999999999003819e+01 3.650986312908364173e-01 6.230284352470068232e-02
9.159999999999001830e+01 3.749677348159559109e-01 5.306926562220953131e-02
9.169999999999001261e+01 3.840780927658973276e-01 4.447238849060797250e-02
9.179999999999000693e+01 3.923885540499749136e-01 3.654960096305606698e-02
9.189999999998998703e+01 3.998617880372406508e-01 2.933508797653385999e-02
9.199999999998998135e+01 4.064644453884516673e-01 2.285968164183313153e-02
9.209999999998996145e+01 4.121672999267484983e-01 1.715072825391671454e-02
9.219999999998995577e+01 4.169453709448517897e-01 1.223197181025147996e-02
9.229999999998995008e+01 4.207780254408886034e-01 8.123454526386082730e-03
9.239999999998993019e+01 4.236490598683534947e-01 4.841434757784274928e-03
9.249999999998992450e+01 4.255467610819591018e-01 2.398322654949398575e-03
9.259999999998990461e+01 4.264639462601494402e-01 8.026337956764093874e-04
9.269999999998989892e+01 4.263979816812462631e-01 5.896095413224146131e-05
9.279999999998989324e+01 4.253507803305467960e-01 1.679640818823023910e-04
9.289999999998987334e+01 4.233287784134967535e-01 1.126378491266197789e-03
9.299999999998986766e+01 4.203428909469032471e-01 2.927041147127990798e-03
9.309999999998986198e+01 4.164084466994214528e-01 5.558934889184006557e-03
9.319999999998984208e+01 4.115451028449958470e-01 9.007250324671626021e-03
9.329999999998983640e+01 4.057767397874836868e-01 1.325346504971778964e-02
9.339999999998983071e+01 3.991313367069930229e-01 1.827543977852482543e-02
9.349999999998981082e+01 3.916408284633220438e-01 2.404753088227280788e-02
9.359999999998980513e+01 3.833409445804507043e-01 3.054071876504466446e-02
9.369999999998978524e+01 3.742710311144851754e-01 3.772275143227361849e-02
9.379999999998977955e+01 3.644738562869320742e-01 4.555830253878040415e-02
9.389999999998977387e+01 3.539954008369847194e-01 5.400914313834100089e-02
9.399999999998975397e+01 3.428846341155061817e-01 6.303432629557684241e-02
9.409999999998974829e+01 3.311932770070579179e-01 7.259038366392824015e-02
9.419999999998972839e+01 3.189755528241769444e-01 8.263153308045222134e-02
9.429999999998972271e+01 3.062879273712625916e-01 9.310989618034973270e-02
9.439999999998971703e+01 2.931888394224022587e-01 1.039757249903117409e-01
9.449999999998969713e+01 2.797384228986200538e-01 1.151776364217829696e-01
9.459999999998969145e+01 2.659982220649682039e-01 1.266628535514666976e-01
9.469999999998968576e+01 2.520309010967225483e-01 1.383774525488103424e-01
9.479999999998966587e+01 2.378999493864010495e-01 1.502666140873998024e-01
9.489999999998966018e+01 2.236693839790827587e-01 1.622748780600142549e-01
9.499999999998965450e+01 2.094034505328147000e-01 1.743464004056948791e-01
9.509999999998963460e+01 1.951663242038537138e-01 1.864252108511142425e-01
9.519999999998962892e+01 1.810218118525883935e-01 1.984554703681052912e-01
9.529999999998960902e+01 1.670330569555572298e-01 2.103817271544563550e-01
9.539999999998960334e+01 1.532622485924353684e-01 2.221491699560861899e-01
9.549999999998959765e+01 1.397703358535205831e-01 2.337038775645584598e-01
9.559999999998957776e+01 1.266167489837133064e-01 2.449930633455789653e-01
9.569999999998957207e+01 1.138591285436465483e-01 2.559653136816085195e-01
9.579999999998955218e+01 1.015530638270476516e-01 2.665708192429384615e-01
9.589999999998954650e+01 8.975184172629736834e-02 2.767615980391073816e-01
9.599999999998954081e+01 7.850620718544591703e-02 2.864917092441204294e-01
9.609999999998952092e+01 6.786413632204427171e-02 2.957174568355595001e-01
9.619999999998951523e+01 5.787062323666875702e-02 3.043975821378788749e-01
9.629999999998950955e+01 4.856748146112102593e-02 3.124934444151362123e-01
9.639999999998948965e+01 3.999316092516846943e-02 3.199691887175599159e-01
9.649999999998948397e+01 3.218258124563531247e-02 3.267919002475134227e-01
9.659999999998947828e+01 2.516698206279241803e-02 3.329317445760859306e-01
9.669999999998945839e+01 1.897379106653374059e-02 3.383620931105910112e-01
9.679999999998945270e+01 1.362651026972302830e-02 3.430596332825648909e-01
9.689999999998943281e+01 9.144620998681504687e-03 3.470044630004101016e-01
9.699999999998942712e+01 5.543507981336404968e-03 3.501801689845076559e-01
9.709999999998942144e+01 2.834402822654607385e-03 3.525738886803800320e-01
9.719999999998940154e+01 1.024347064996442144e-03 3.541763555216186354e-01
9.729999999998939586e+01 1.161749384096756116e-04 3.549819273942198539e-01
9.739999999998937597e+01 1.085158130786369169e-04 3.549885982320055700e-01
9.749999999998937028e+01 9.958162735867641998e-04 3.541979927513169701e-01
9.759999999998936460e+01 2.768381642794996798e-03 3.526153444132381076e-01
9.769999999998934470e+01 5.412436692399297256e-03 3.502494567777597601e-01
9.779999999998933902e+01 8.910205188051700115e-03 3.471126484924175193e-01
9.789999999998933333e+01 1.324000782971612201e-02 3.432206822328596196e-01
9.799999999998931344e+01 1.837637806309798394e-02 3.385926779862204472e-01
9.809999999998930775e+01 2.429019515592746245e-02 3.332510111410942333e-01
9.819999999998930207e+01 3.094883385396939718e-02 3.272211959145669424e-01
9.829999999998928217e+01 3.831632985625416793e-02 3.205317547163209491e-01
9.839999999998927649e+01 4.635356027745581031e-02 3.132140741106176351e-01
9.849999999998925659e+01 5.501843819804764363e-02 3.053022480980475684e-01
9.859999999998925091e+01 6.426612033996309536e-02 2.968329094959160641e-01
9.869999999998924523e+01 7.404922684742133721e-02 2.878450502477109541e-01
9.879999999998922533e+01 8.431807209954385318e-02 2.783798315410442870e-01
9.889999999998921965e+01 9.502090543349860086e-02 2.684803846578888153e-01
9.899999999998919975e+01 1.061041606145919497e-01 2.581916035204587234e-01
9.909999999998919407e+01 1.175127128532251902e-01 2.475599299310043966e-01
9.919999999998918838e+01 1.291901421372648462e-01 2.366331325342148628e-01
9.929999999998916849e+01 1.410790016239338862e-01 2.254600805564014321e-01
9.939999999998916280e+01 1.531210898158965050e-01 2.140905133956466366e-01
9.949999999998915712e+01 1.652577252335198088e-01 2.025748071523481575e-01
9.959999999998913722e+01 1.774300222885504263e-01 1.909637392000157197e-01
9.969999999998913154e+01 1.895791670634297266e-01 1.793082519003560971e-01
9.979999999998912585e+01 2.016466917063866882e-01 1.676592165670028056e-01
9.989999999998910596e+01 2.135747461632595545e-01 1.560671987763125046e-01
