1.000000000000000000e+00 2.000000000000000000e+00 0.000000000000000000e+00
1.099999999999988987e+00 1.997600966483858764e+00 1.999200209281682284e-03
1.199999999999977973e+00 1.990415455995982130e+00 7.987208593570164356e-03
1.299999999999966960e+00 1.978478177707447383e+00 1.793529491836730327e-02
1.399999999999955946e+00 1.961846776245395940e+00 3.179573018408631685e-02
1.499999999999944933e+00 1.940601526264195353e+00 4.950201779041352168e-02
1.599999999999933920e+00 1.914844907799312823e+00 7.096921532251039555e-02
1.699999999999922906e+00 1.884701065952344878e+00 9.609434512915242255e-02
1.799999999999911893e+00 1.850315159374056773e+00 1.247568913672890828e-01
1.899999999999900879e+00 1.811852602901126819e+00 1.568193807142586049e-01
1.999999999999889866e+00 1.769498210510288772e+00 1.921280435021357202e-01
2.099999999999878852e+00 1.723455245492916399e+00 2.305135516130551454e-01
2.199999999999867839e+00 1.673944385393069778e+00 2.717918290935671388e-01
2.299999999999856826e+00 1.621202609771012382e+00 3.157649311034830819e-01
2.399999999999845812e+00 1.565482019257261159e+00 3.622219865126142246e-01
2.499999999999834799e+00 1.507048594617087067e+00 4.109401992003319237e-01
2.599999999999823785e+00 1.446180904656236610e+00 4.616859028988091196e-01
2.699999999999812772e+00 1.383168771765351135e+00 5.142156642491544360e-01
2.799999999999801759e+00 1.318311903706531840e+00 5.682774286146710097e-01
2.899999999999790745e+00 1.251918499927942463e+00 6.236117031101001684e-01
2.999999999999779732e+00 1.184303840232286742e+00 6.799527712618566033e-01
3.099999999999768718e+00 1.115788863057785241e+00 7.370299337032842901e-01
3.199999999999757705e+00 1.046698739981403836e+00 7.945687693350155234e-01
3.299999999999746692e+00 9.773614523327939230e-01 8.522924114283368935e-01
3.399999999999735678e+00 9.081063750561660930e-01 9.099228332218239901e-01
3.499999999999724665e+00 8.392628722082829951e-01 9.671821376529960990e-01
3.599999999999713651e+00 7.711589077462602804e-01 1.023793845962390092e+00
3.699999999999702638e+00 7.041196745979017013e-01 1.079484180018281725e+00
3.799999999999691624e+00 6.384662444154448613e-01 1.133983333315435660e+00
3.899999999999680611e+00 5.745142399431866220e-01 1.187026725708466568e+00
3.999999999999669598e+00 5.125725315748045352e-01 1.238356237039773600e+00
4.099999999999658584e+00 4.529419594707583263e-01 1.287721414917657015e+00
4.199999999999647571e+00 3.959140825384105944e-01 1.334880651981164235e+00
4.299999999999636557e+00 3.417699556609930522e-01 1.379602328069406747e+00
4.399999999999625544e+00 2.907789367783714107e-01 1.421665912780976981e+00
4.499999999999614531e+00 2.431975257642947363e-01 1.460863023973053121e+00
4.599999999999603517e+00 1.992682374877714213e-01 1.496998437820374450e+00
4.699999999999592504e+00 1.592185119668035609e-01 1.529891046115123610e+00
4.799999999999581490e+00 1.232596650896013862e-01 1.559374756567294185e+00
4.899999999999570477e+00 9.158588396065385495e-02 1.585299331956875113e+00
4.999999999999559464e+00 6.437327149419051764e-02 1.607531164086258846e+00
5.099999999999548450e+00 4.177894539091994708e-02 1.625953978619601337e+00
5.199999999999537437e+00 2.394019706832051925e-02 1.640469467043748741e+00
5.299999999999526423e+00 1.097371644134613640e-02 1.650997842178295594e+00
5.399999999999515410e+00 2.974888649007103019e-03 1.657478313876159071e+00
5.499999999999504396e+00 1.716887677131385511e-05 1.659869481817966230e+00
5.599999999999493383e+00 2.151541326501965525e-03 1.658149642594612949e+00
5.699999999999482370e+00 9.406068132849755570e-03 1.652317008598404025e+00
5.799999999999471356e+00 2.178553362292706685e-02 1.642389836611521048e+00
5.899999999999460343e+00 3.927118877664183272e-02 1.628406464371414897e+00
5.999999999999449329e+00 6.182060008605320262e-02 1.610425253821540670e+00
6.099999999999438316e+00 8.936760625639476874e-02 1.588524440198058052e+00
6.199999999999427303e+00 1.218223853651340255e-01 1.562801886574137544e+00
6.299999999999416289e+00 1.590716342271324135e-01 1.533374743959126540e+00
6.399999999999405276e+00 2.009788608328911819e-01 1.500379017539697379e+00
6.499999999999394262e+00 2.473847898602443141e-01 1.463969040136492872e+00
6.599999999999383249e+00 2.981078804344881594e-01 1.424316854434885427e+00
6.699999999999372235e+00 3.529449545479786954e-01 1.381611506024315705e+00
6.799999999999361222e+00 4.116719338659616811e-01 1.336058249745263327e+00
6.899999999999350209e+00 4.740446820513737891e-01 1.287877672287009334e+00
6.999999999999339195e+00 5.397999492414795597e-01 1.237304734408521734e+00
7.099999999999328182e+00 6.086564149064380702e-01 1.184587736559941540e+00
7.199999999999317168e+00 6.803158250019547548e-01 1.129987212069906155e+00
7.299999999999306155e+00 7.544642190860666453e-01 1.073774752420385559e+00
7.399999999999295142e+00 8.307732428913853218e-01 1.016231769477141667e+00
7.499999999999284128e+00 9.089015416964795202e-01 9.576481998603494361e-01
7.599999999999273115e+00 9.884962297225458050e-01 8.983211569404971897e-01
7.699999999999262101e+00 1.069194430649941019e+00 8.385535362261277159e-01
7.799999999999251088e+00 1.150624884201536080e+00 7.786525801748337416e-01
7.899999999999240075e+00 1.232409613549109384e+00 7.189284087062375317e-01
7.999999999999229061e+00 1.314165648047828983e+00 6.596925219294181852e-01
8.099999999999218048e+00 1.395506795494252161e+00 6.012562818127498154e-01
8.199999999999207034e+00 1.476045457717291898e+00 5.439293797254290963e-01
8.299999999999196021e+00 1.555394482856602201e+00 4.880182969641515545e-01
8.399999999999185007e+00 1.633169047164390708e+00 4.338247655392671320e-01
8.499999999999173994e+00 1.708988558602299701e+00 3.816442366392292507e-01
8.599999999999162981e+00 1.782478573890911466e+00 3.317643643067279546e-01
8.699999999999151967e+00 1.853272720062606904e+00 2.844635119464642425e-01
8.799999999999140954e+00 1.921014610942217704e+00 2.400092893412995310e-01
8.899999999999129940e+00 1.985359748419424752e+00 1.986571278683297581e-01
8.999999999999118927e+00 2.045977397841229006e+00 1.606489015860718961e-01
9.099999999999107914e+00 2.102552426426340659e+00 1.262116017954510727e-01
9.199999999999096900e+00 2.154787093266259834e+00 9.555607256299293584e-02
9.299999999999085887e+00 2.202402779263762600e+00 6.887581453082698701e-02
9.399999999999074873e+00 2.245141645294032262e+00 4.634586412162248342e-02
9.499999999999063860e+00 2.282768206932538568e+00 2.812175497811474426e-02
9.599999999999052847e+00 2.315070814327822468e+00 1.433856815557971176e-02
9.699999999999041833e+00 2.341863026160370786e+00 5.110077212424489652e-03
9.799999999999030820e+00 2.362984867144714229e+00 5.279939206892690032e-04
9.899999999999019806e+00 2.378303959179059124e+00 6.613198475451253925e-04
9.999999999999008793e+00 2.387716517010321393e+00 5.555808543748464411e-03
1.009999999999899778e+01 2.391148200144905811e+00 1.523354251973079408e-02
1.019999999999898677e+01 2.388554813687977951e+00 2.969262859885191813e-02
1.029999999999897575e+01 2.379922851793692562e+00 4.890701461515328113e-02
1.039999999999896474e+01 2.365269878463488684e+00 7.282642977477638002e-02
1.049999999999895373e+01 2.344644741501130447e+00 1.013764503310298354e-01
1.059999999999894271e+01 2.318127616509037203e+00 1.344586915380486247e-01
1.069999999999893170e+01 2.285829878880645705e+00 1.719511261518827938e-01
1.079999999999892069e+01 2.247893802798619500e+00 2.137085290451209707e-01
1.089999999999890967e+01 2.204492087267041267e+00 2.595630467971094535e-01
1.099999999999889866e+01 2.155827210206621825e+00 3.093248904183681924e-01
1.109999999999888765e+01 2.102130612595477732e+00 3.627831486717261189e-01
1.119999999999887663e+01 2.043661715573852344e+00 4.197067187647008368e-01
1.129999999999886562e+01 1.980706774333235609e+00 4.798453505119238960e-01
1.139999999999885461e+01 1.913577573482956984e+00 5.429307994074187294e-01
1.149999999999884359e+01 1.842609969456219687e+00 6.086780834041133348e-01
1.159999999999883258e+01 1.768162286361512736e+00 6.767868375782907231e-01
1.169999999999882156e+01 1.690613572517917440e+00 7.469427602610005934e-01
1.179999999999881055e+01 1.610361725755387940e+00 8.188191436479569374e-01
1.189999999999879954e+01 1.527821496376450039e+00 8.920784813631653654e-01
1.199999999999878852e+01 1.443422377496071052e+00 9.663741449448438603e-01
1.209999999999877751e+01 1.357606393281421964e+00 1.041352120753755939e+00
1.219999999999876650e+01 1.270825796398610930e+00 1.116652798378673817e+00
1.229999999999875548e+01 1.183540686730502722e+00 1.191912801225912810e+00
1.239999999999874447e+01 1.096216564146920591e+00 1.266766849647080306e+00
1.249999999999873346e+01 1.009321828778414032e+00 1.340849646672605422e+00
1.259999999999872244e+01 9.233252428478232465e-01 1.413797776184636534e+00
1.269999999999871143e+01 8.386933686392585852e-01 1.485251603195697045e+00
1.279999999999870042e+01 7.558879976211453355e-01 1.554857165778710026e+00
1.289999999999868940e+01 6.753635860759460430e-01 1.622268048147354591e+00
1.299999999999867839e+01 5.975647128095522564e-01 1.687147224398472201e+00
1.309999999999866738e+01 5.229235746194266232e-01 1.749168862508118538e+00
1.319999999999865636e+01 4.518575351747748936e-01 1.808020078313373524e+00
1.329999999999864535e+01 3.847667428094909692e-01 1.863402629434520286e+00
1.339999999999863434e+01 3.220318324464057635e-01 1.915034539356894827e+00
1.349999999999862332e+01 2.640117264560761789e-01 1.962651642247158490e+00
1.359999999999861231e+01 2.110415487166476811e-01 2.006009039474598854e+00
1.369999999999860130e+01 1.634306654798411140e-01 2.044882459280124909e+00
1.379999999999859028e+01 1.214608658777364958e-01 2.079069511554806127e+00
1.389999999999857927e+01 8.538469402592760438e-02 2.108390830272238059e+00
1.399999999999856826e+01 5.542394370720853114e-02 2.132691096739722791e+00
1.409999999999855724e+01 3.176832556020182247e-02 2.151839937513635892e+00
1.419999999999854623e+01 1.457431556422522645e-02 2.165732691534129284e+00
1.429999999999853522e+01 3.964192411716789197e-03 2.174291041785517464e+00
1.439999999999852420e+01 2.527010557253028835e-05 2.177463507573860202e+00
1.449999999999851319e+01 2.809330819248747908e-03 2.175225794317732220e+00
1.459999999999850218e+01 1.233226172322308793e-02 2.167580998577245843e+00
1.469999999999849116e+01 2.857389812206939314e-02 2.154559666891717740e+00
1.479999999999848015e+01 5.147807387201981666e-02 2.136219707845993021e+00
1.489999999999846914e+01 8.095287866956558942e-02 2.112646157642319888e+00
1.499999999999845812e+01 1.168711204278710392e-01 2.083950800311034524e+00
1.509999999999844711e+01 1.590709896002510393e-01 2.050271644532605464e+00
1.519999999999843610e+01 2.073569209798613311e-01 2.011772259882563585e+00
1.529999999999842508e+01 2.615006472135403826e-01 1.968640976118576802e+00
1.539999999999841407e+01 3.212424370267754070e-01 1.921089949917585971e+00
1.549999999999840306e+01 3.862925099789432104e-01 1.869354104227885838e+00
1.559999999999839204e+01 4.563326184619750370e-01 1.813689946123309582e+00
1.569999999999838103e+01 5.310177866371988964e-01 1.754374269727231983e+00
1.579999999999837001e+01 6.099781950773994765e-01 1.691702751410524952e+00
1.589999999999835900e+01 6.928211990614108196e-01 1.625988445056463672e+00
1.599999999999834799e+01 7.791334677539859532e-01 1.557560185721764690e+00
1.609999999999833875e+01 8.684832309100005698e-01 1.486760910502622046e+00
1.619999999999832596e+01 9.604226192627339787e-01 1.413945905836962336e+00
1.629999999999831317e+01 1.054490084396513261e+00 1.339480990843176844e+00
1.639999999999830393e+01 1.150212883665052699e+00 1.263740646590567174e+00
1.649999999999829470e+01 1.247109615583967379e+00 1.187106101449152629e+00
1.659999999999828191e+01 1.344692791106381735e+00 1.109963382840439161e+00
1.669999999999826912e+01 1.442471426265481416e+00 1.032701345834529327e+00
1.679999999999825988e+01 1.539953641829469477e+00 9.557096891030698593e-01
1.689999999999825064e+01 1.636649255860020746e+00 8.793769687371780774e-01
1.699999999999823785e+01 1.732072355370713801e+00 8.040886203878589988e-01
1.709999999999822506e+01 1.825743833644109193e+00 7.302250000829972887e-01
1.719999999999821583e+01 1.917193880181913945e+00 6.581594539081108142e-01
1.729999999999820659e+01 2.005964410697219868e+00 5.882564265372606238e-01
1.739999999999819380e+01 2.091611425044288985e+00 5.208696183359716736e-01
1.749999999999818101e+01 2.173707281467061048e+00 4.563402004591542438e-01
1.759999999999817177e+01 2.251842876074661604e+00 3.949950970190970745e-01
1.769999999999816254e+01 2.325629716978526940e+00 3.371453430111435168e-01
1.779999999999814975e+01 2.394701883091406636e+00 2.830845262562099451e-01
1.789999999999813696e+01 2.458717858153561586e+00 2.330873211560620939e-01
1.799999999999812772e+01 2.517362231164044228e+00 1.874081215548936419e-01
1.809999999999811848e+01 2.570347255021869337e+00 1.462797794675352037e-01
1.819999999999810569e+01 2.617414255852276828e+00 1.099124558676032315e-01
1.829999999999809290e+01 2.658334886204101633e+00 7.849258913365303458e-02
1.839999999999808367e+01 2.692912216052038676e+00 5.218198612772442097e-02
1.849999999999807443e+01 2.720981656348796740e+00 3.111704023264881894e-02
1.859999999999806164e+01 2.742411710711163408e+00 1.540808000427061793e-02
1.869999999999804885e+01 2.757104551732548092e+00 5.138851405678962481e-03
1.879999999999803961e+01 2.764996419346915424e+00 3.661358857452206217e-04
1.889999999999803038e+01 2.766057839655065465e+00 1.119505847967603059e-03
1.899999999999801759e+01 2.760293663639405093e+00 7.401218331404776224e-03
1.909999999999800480e+01 2.747742926216512060e+00 1.918624699786161333e-02
1.919999999999799556e+01 2.728478527130395292e+00 3.642245179284511747e-02
1.929999999999798632e+01 2.702606736219440364e+00 5.903088492672996929e-02
1.939999999999797353e+01 2.670266526625769021e+00 8.690623111160385161e-02
1.949999999999796074e+01 2.631628740499076358e+00 1.199173792929605492e-01
1.959999999999795151e+01 2.586895092710860045e+00 1.579081224383763471e-01
1.969999999999794227e+01 2.536297018995125274e+00 2.006979812911148242e-01
1.979999999999792948e+01 2.480094375769772430e+00 2.480831473698887624e-01
1.989999999999791669e+01 2.418573999671939756e+00 2.998375399000774433e-01
1.999999999999790745e+01 2.352048135534146489e+00 3.557139707988946631e-01
2.009999999999789821e+01 2.280852742152071677e+00 4.154454113115370051e-01
2.019999999999788542e+01 2.205345685744494855e+00 4.787463534080421135e-01
2.029999999999787264e+01 2.125904831470596612e+00 5.453142586052099894e-01
2.039999999999786340e+01 2.042926043772864908e+00 6.148310864719692681e-01
2.049999999999785416e+01 1.956821106643573449e+00 6.869648947194382238e-01
2.059999999999784137e+01 1.868015575185298704e+00 7.613715024569958079e-01
2.069999999999782858e+01 1.776946570042537976e+00 8.376962079290140029e-01
2.079999999999781934e+01 1.684060526453690310e+00 9.155755518184177655e-01
2.089999999999781011e+01 1.589810909776163905e+00 9.946391170260570069e-01
2.099999999999779732e+01 1.494655909417841544e+00 1.074511355703465343e+00
2.109999999999778453e+01 1.399056123129756468e+00 1.154813434228208369e+00
2.119999999999777529e+01 1.303472243605817482e+00 1.235165086775998011e+00
2.129999999999776605e+01 1.208362759273011289e+00 1.315186468150959076e+00
2.139999999999775326e+01 1.114181681050146366e+00 1.394499996591659796e+00
2.149999999999774047e+01 1.021376306693082547e+00 1.472732177377085838e+00
2.159999999999773124e+01 9.303850341286173942e-01 1.549515398205485450e+00
2.169999999999772200e+01 8.416352348956368523e-01 1.624489687521447845e+00
2.179999999999770921e+01 7.555411984608205733e-01 1.697304427209473277e+00
2.189999999999769642e+01 6.725021577531871131e-01 1.767620011363870480e+00
2.199999999999768718e+01 5.929004057563969088e-01 1.835109443185988232e+00
2.209999999999767795e+01 5.170995124162093282e-01 1.899459862428031220e+00
2.219999999999766516e+01 4.454426504621810112e-01 1.960373996234618943e+00
2.229999999999765237e+01 3.782510380057142463e-01 2.017571526678313631e+00
2.239999999999764313e+01 3.158225049750076341e-01 2.070790368782580604e+00
2.249999999999763389e+01 2.584301895851314201e-01 2.119787853347584239e+00
2.259999999999762110e+01 2.063213701298956815e-01 2.164341809437531960e+00
2.269999999999760831e+01 1.597164364368902911e-01 2.204251541963524463e+00
2.279999999999759908e+01 1.188080043617723014e-01 2.239338700379444713e+00
2.289999999999758984e+01 8.376017572731160599e-02 2.269448035109169481e+00
2.299999999999757705e+01 5.470794515470303598e-02 2.294448038931473643e+00
2.309999999999756426e+01 3.175675430441621955e-02 2.314231471156150022e+00
2.319999999999755502e+01 1.498219315423985308e-02 2.328715763033850195e+00
2.329999999999754579e+01 4.429847108541519300e-03 2.337843303442162846e+00
2.339999999999753300e+01 1.152879630126335813e-04 2.341581604483430112e+00
2.349999999999752021e+01 2.024206052532225714e-03 2.339923347202768511e+00
2.359999999999751097e+01 1.011268029015167068e-02 2.332886308198150349e+00
2.369999999999750173e+01 2.430758226459208554e-02 2.320513168433615103e+00
2.379999999999748894e+01 4.450711010052645078e-02 2.302871206087646616e+00
2.389999999999747615e+01 7.058144739635549558e-02 2.280051875763177804e+00
2.399999999999746692e+01 1.023735422317035848e-01 2.252170276868967314e+00
2.409999999999745768e+01 1.397000009735010762e-01 2.219364514414983169e+00
2.419999999999744489e+01 1.823520913951724165e-01 2.181794955916219081e+00
2.429999999999743210e+01 2.300968494492535432e-01 2.139643388476564212e+00
2.439999999999742286e+01 2.826782838876710779e-01 2.093112080527134378e+00
2.449999999999741362e+01 3.398186727989406797e-01 2.042422753032590688e+00
2.459999999999740083e+01 4.012199460160292830e-01 1.987815465328522935e+00
2.469999999999738804e+01 4.665651472396412647e-01 1.929547421054949252e+00
2.479999999999737881e+01 5.355199696080897853e-01 1.867891699948293738e+00
2.489999999999736957e+01 6.077343583313032926e-01 1.803135921519154916e+00
2.499999999999735678e+01 6.828441738823755047e-01 1.735580846895909746e+00
2.509999999999734399e+01 7.604729091131200436e-01 1.665538925331447428e+00
2.519999999999733475e+01 8.402334535271656080e-01 1.593332792079187321e+00
2.529999999999732552e+01 9.217298978108484642e-01 1.519293724519223732e+00
2.539999999999731273e+01 1.004559371590094008e+00 1.443760063572880670e+00
2.549999999999729994e+01 1.088313907255734847e+00 1.367075607570347850e+00
2.559999999999729070e+01 1.172582322584266201e+00 1.289587985844718565e+00
2.569999999999728146e+01 1.256952114776441087e+00 1.211647019398544467e+00
2.579999999999726867e+01 1.341011358452188995e+00 1.133603076044755076e+00
2.589999999999725588e+01 1.424350600067446626e+00 1.055805427442884969e+00
2.599999999999724665e+01 1.506564741169208910e+00 9.786006154479717223e-01
2.609999999999723741e+01 1.587254902872361040e+00 9.023308351572956187e-01
2.619999999999722462e+01 1.666030263927496646e+00 8.273323419754764485e-01
2.629999999999721183e+01 1.742509864747151305e+00 7.539338899291450069e-01
2.639999999999720259e+01 1.816324369780002446e+00 6.824552083430150962e-01
2.649999999999719336e+01 1.887117780650833465e+00 6.132055238380581530e-01
2.659999999999718057e+01 1.954549092525364795e+00 5.464821344378587575e-01
2.669999999999716778e+01 2.018293886229547418e+00 4.825690423613399616e-01
2.679999999999715854e+01 2.078045848717617883e+00 4.217356518446351288e-01
2.689999999999714930e+01 2.133518214590999218e+00 3.642355380721128966e-01
2.699999999999713651e+01 2.184445121487460728e+00 3.103052930031639511e-01
2.709999999999712372e+01 2.230582872319246679e+00 2.601634535585158337e-01
2.719999999999711449e+01 2.271711097534514945e+00 2.140095172813517854e-01
2.729999999999710525e+01 2.307633810823956022e+00 1.720230502075857926e-01
2.739999999999709246e+01 2.338180351998432993e+00 1.343628912719235236e-01
2.749999999999707967e+01 2.363206211135481460e+00 1.011664571416588665e-01
2.759999999999707043e+01 2.382593728540979505e+00 7.254915090623884066e-02
2.769999999999706120e+01 2.396252665601443788e+00 4.860387756305232371e-02
2.779999999999704841e+01 2.404120642214123915e+00 2.940066872702120845e-02
2.789999999999703562e+01 2.406163437181279452e+00 1.498641845752803070e-02
2.799999999999702638e+01 2.402375148741137778e+00 5.384731543026975188e-03
2.809999999999701714e+01 2.392778213257108710e+00 5.958850150608557654e-04
2.819999999999700435e+01 2.377423281020711876e+00 5.969030828933964391e-04
2.829999999999699156e+01 2.356388949086709594e+00 5.341745092315107121e-03
2.839999999999698233e+01 2.329781352080587453e+00 1.476160552184794909e-02
2.849999999999697309e+01 2.297733612930310088e+00 2.876532444178627260e-02
2.859999999999696030e+01 2.260405156495855827e+00 4.723990628141928882e-02
2.869999999999694751e+01 2.217980890058505405e+00 7.005114418259744680e-02
2.879999999999693827e+01 2.170670255554885575e+00 9.704434666858999248e-02
2.889999999999692903e+01 2.118706159316113613e+00 1.280451628308808265e-01
2.899999999999691624e+01 2.062343785826135534e+00 1.628605017368168206e-01
2.909999999999690345e+01 2.001859302692556852e+00 2.012795412929186956e-01
2.919999999999689422e+01 1.937548464559253114e+00 2.430748213630546106e-01
2.929999999999688498e+01 1.869725124125560134e+00 2.880034155426337006e-01
2.939999999999687219e+01 1.798719658741343208e+00 3.358081756271420470e-01
2.949999999999685940e+01 1.724877321240798844e+00 3.862190424914852538e-01
2.959999999999685016e+01 1.648556523766391502e+00 4.389544168086573217e-01
2.969999999999684093e+01 1.570127063340256424e+00 4.937225827895687646e-01
2.979999999999682814e+01 1.489968297864712188e+00 5.502231779107450427e-01
2.989999999999681535e+01 1.408467281131868365e+00 6.081487014183335482e-01
2.999999999999680611e+01 1.326016865271985701e+00 6.671860542487445533e-01
3.009999999999679687e+01 1.243013778936201019e+00 7.270181028872513274e-01
3.019999999999678408e+01 1.159856689389636042e+00 7.873252595984344682e-01
3.029999999999677129e+01 1.076944256601733096e+00 8.477870713952732062e-01
3.039999999999676206e+01 9.946731873905693133e-01 9.080838100783100719e-01
3.049999999999675282e+01 9.134362977001702077e-01 9.678980556602315710e-01
3.059999999999674003e+01 8.336205911748528763e-01 1.026916265505408266e+00
3.069999999999672724e+01 7.556053623325682533e-01 1.084830321549395071e+00
3.079999999999671800e+01 6.797603328257225686e-01 1.141339048029334613e+00
3.089999999999670877e+01 6.064438294895394543e-01 1.196149692252066021e+00
3.099999999999669598e+01 5.360010130972616693e-01 1.248979361052205084e+00
3.109999999999668319e+01 4.687621669424760218e-01 1.299556405758691247e+00
3.119999999999667395e+01 4.050410545228255166e-01 1.347621748683305531e+00
3.129999999999666471e+01 3.451333556781721046e-01 1.392930144395023495e+00
3.139999999999665192e+01 2.893151905133202195e-01 1.435251369320675652e+00
3.149999999999663913e+01 2.378417402858813423e-01 1.474371333550251295e+00
3.159999999999662990e+01 1.909459741438708225e-01 1.510093109098282538e+00
3.169999999999662066e+01 1.488374901412031215e-01 1.542237869296411823e+00
3.179999999999660787e+01 1.117014783373467962e-01 1.570645734460418996e+00
3.189999999999659508e+01 7.969781299947636954e-02 1.595176519484440503e+00
3.199999999999658584e+01 5.296027998232674672e-02 1.615710379561280385e+00
3.209999999999657661e+01 3.159594428077152489e-02 1.632148350814869753e+00
3.219999999999656382e+01 1.568466155701319156e-02 1.644412783230473574e+00
3.229999999999655103e+01 5.278736170776462434e-03 1.652447663908305220e+00
3.239999999999653824e+01 4.027269229455447035e-04 1.656218829297329442e+00
3.249999999999653255e+01 1.053400400229574435e-03 1.655714065720419459e+00
3.259999999999651976e+01 7.199830521039804129e-03 1.650943098139942888e+00
3.269999999999650697e+01 1.878364167000450349e-02 1.641937467746062085e+00
3.279999999999650129e+01 3.571939170633298133e-02 1.628750299561005921e+00
3.289999999999648850e+01 5.789509017024464105e-02 1.611455961840993378e+00
3.299999999999647571e+01 8.517284621552069501e-02 1.590149619611474385e+00
3.309999999999646292e+01 1.173896401805275269e-01 1.564946685190535147e+00
3.319999999999645013e+01 1.543582122807983514e-01 1.535982169043111023e+00
3.329999999999644444e+01 1.958680616605758817e-01 1.503409934742528042e+00
3.339999999999643165e+01 2.416865489654279608e-01 1.467401862225441889e+00
3.349999999999641886e+01 2.915600956728602311e-01 1.428146923889344277e+00
3.359999999999641318e+01 3.452154736127130974e-01 1.385850178405696465e+00
3.369999999999640039e+01 4.023611783903506267e-01 1.340731687427140661e+00
3.379999999999638760e+01 4.626888807542853810e-01 1.293025360624716624e+00
3.389999999999637481e+01 5.258749502857146263e-01 1.242977734745211116e+00
3.399999999999636202e+01 5.915820460889650301e-01 1.190846692596512657e+00
3.409999999999635634e+01 6.594607693948694171e-01 1.136900128084106898e+00
3.419999999999634355e+01 7.291513731181441527e-01 1.081414563620310521e+00
3.429999999999633076e+01 8.002855234098547044e-01 1.024673726416459374e+00
3.439999999999632507e+01 8.724881081020614548e-01 9.669670903572306075e-01
3.449999999999631228e+01 9.453790866402620452e-01 9.085883903322202748e-01
3.459999999999629949e+01 1.018575375646556980e+00 8.498341160730014110e-01
3.469999999999628670e+01 1.091692763661876286e+00 7.910019927078483226e-01
3.479999999999627391e+01 1.164347847897705845e+00 7.323894553978799182e-01
3.489999999999626823e+01 1.236159985017784013e+00 6.742921255524123580e-01
3.499999999999625544e+01 1.306753247103679572e+00 6.170022962357765151e-01
3.509999999999624265e+01 1.375758373072451857e+00 5.608074344624832674e-01
3.519999999999623697e+01 1.442814704953916172e+00 5.059887081279880183e-01
3.529999999999622418e+01 1.507572097652882137e+00 4.528195453334816767e-01
3.539999999999621139e+01 1.569692790134914917e+00 4.015642338255307475e-01
3.549999999999619860e+01 1.628853225460170639e+00 3.524765681825101082e-01
3.559999999999618581e+01 1.684745806740920449e+00 3.057985522331131967e-01
3.569999999999618012e+01 1.737080575971964524e+00 2.617591639854024987e-01
3.579999999999616733e+01 1.785586802779516313e+00 2.205731900744022644e-01
3.589999999999615454e+01 1.830014470467662413e+00 1.824401364029850092e-01
3.599999999999614886e+01 1.870135647313041716e+00 1.475432212538448917e-01
3.609999999999613607e+01 1.905745731851000047e+00 1.160484566936167555e-01
3.619999999999612328e+01 1.936664561902618598e+00 8.810382357526005959e-02
3.629999999999611049e+01 1.962737378277784384e+00 6.383854487960610724e-02
3.639999999999609770e+01 1.983835635428158994e+00 4.336246152447092994e-02
3.649999999999609201e+01 1.999857652777712991e+00 2.676551411933294350e-02
3.659999999999607923e+01 2.010729101998007806e+00 1.411733346188725861e-02
3.669999999999606644e+01 2.016403327072021856e+00 5.466941868176120739e-03
3.679999999999606075e+01 2.016861495574611141e+00 8.425667085288240411e-04
3.689999999999604796e+01 2.012112581164344771e+00 2.515667958479146388e-04
3.699999999999603517e+01 2.002193178777821547e+00 3.680471548131295824e-03
3.709999999999602238e+01 1.987167155451428524e+00 1.109513213141605573e-02
3.719999999999600959e+01 1.967125141018483792e+00 2.244098308908389072e-02
3.729999999999600391e+01 1.942183864152276618e+00 3.764341228493228025e-02
3.739999999999599112e+01 1.912485340322646055e+00 5.660823633588916298e-02
3.749999999999597833e+01 1.878195919212806375e+00 7.922227809047661939e-02
3.759999999999597264e+01 1.839505200006555707e+00 1.053540421248993775e-01
3.769999999999595985e+01 1.796624823693994788e+00 1.348544836833366900e-01
3.779999999999594706e+01 1.749787152183670980e+00 1.675578659854157215e-01
3.789999999999593427e+01 1.699243844538161241e+00 2.032827003638571495e-01
3.799999999999592148e+01 1.645264341088449767e+00 2.418327632812053152e-01
3.809999999999591580e+01 1.588134266526138205e+00 2.829981839071679661e-01
3.819999999999590301e+01 1.528153763338291560e+00 3.265565956196213038e-01
3.829999999999589022e+01 1.465635767122073885e+00 3.722743445221190495e-01
3.839999999999588454e+01 1.400904235416094989e+00 4.199077478518746798e-01
3.849999999999587175e+01 1.334292341693838146e+00 4.692043949814060921e-01
3.859999999999585896e+01 1.266140646088805166e+00 5.199044836003848813e-01
3.869999999999584617e+01 1.196795254256480145e+00 5.717421835932708918e-01
3.879999999999583338e+01 1.126605975515475810e+00 6.244470211123189785e-01
3.889999999999582769e+01 1.055924491057059544e+00 6.777452753737385205e-01
3.899999999999581490e+01 9.851025425591607432e-01 7.313613807836593095e-01
3.909999999999580211e+01 9.144901509955876140e-01 7.850193271233375514e-01
3.919999999999579643e+01 8.444338747949621249e-01 8.384440506872136156e-01
3.929999999999578364e+01 7.752751157894959277e-01 8.913628094727031881e-01
3.939999999999577085e+01 7.073484806114035406e-01 9.435065357615296522e-01
3.949999999999575806e+01 6.409802043608723299e-01 9.946111596991619175e-01
3.959999999999574527e+01 5.764866425032205699e-01 1.044418897782225963e+00
3.969999999999573959e+01 5.141728360760250416e-01 1.092679500474823540e+00
3.979999999999572680e+01 4.543311544249615253e-01 1.139151453513964407e+00
3.989999999999571401e+01 3.972400188569957247e-01 1.183603127807755007e+00
3.999999999999570832e+01 3.431627098309579793e-01 1.225813873180562119e+00
4.009999999999569553e+01 2.923462596155584903e-01 1.265575051573257781e+00
4.019999999999568274e+01 2.450204317484669936e-01 1.302691005657370171e+00
4.029999999999566995e+01 2.013967881463942511e-01 1.336979959166910481e+00
4.039999999999565716e+01 1.616678443449854619e-01 1.368274845591686883e+00
4.049999999999565148e+01 1.260063130973392009e-01 1.396424062201696792e+00
4.059999999999563869e+01 9.456443642366509084e-02 1.421292146696351066e+00
4.069999999999562590e+01 6.747340617237987392e-02 1.442760374080112484e+00
4.079999999999562021e+01 4.484287321175936536e-02 1.460727271671986571e+00
4.089999999999560742e+01 2.676054549833528640e-02 1.475109050450430281e+00
4.099999999999559464e+01 1.329187544280402422e-02 1.485839951237391654e+00
4.109999999999558185e+01 4.479837188795749402e-03 1.492872504511977061e+00
4.119999999999556906e+01 3.447946088451712661e-04 1.496177702945266752e+00
4.129999999999556337e+01 8.844609786924613817e-04 1.495745086055549899e+00
4.139999999999555058e+01 6.073951391952914745e-03 1.491582736686599908e+00
4.149999999999553779e+01 1.586592900150943924e-02 1.483717189343654264e+00
4.159999999999553211e+01 3.019084610563162879e-02 1.472193250750965188e+00
4.169999999999551932e+01 4.895728092526199782e-02 1.457073733346634592e+00
4.179999999999550653e+01 7.205237063947289577e-02 1.438439102789852875e+00
4.189999999999549374e+01 9.934234086043146339e-02 1.416387040932580499e+00
4.199999999999548095e+01 1.306731312448969895e-01 1.391031926087067383e+00
4.209999999999547526e+01 1.658711163694840396e-01 1.362504232815345606e+00
4.219999999999546247e+01 2.047439203594652035e-01 1.330949853860594834e+00
4.229999999999544968e+01 2.470813230769529911e-01 1.296529347234021357e+00
4.239999999999544400e+01 2.926562549673374369e-01 1.259417111863815775e+00
4.249999999999543121e+01 3.412258769565124084e-01 1.219800495590364298e+00
4.259999999999541842e+01 3.925327411104703179e-01 1.177878839665158273e+00
4.269999999999540563e+01 4.463060271311911631e-01 1.133862464252299418e+00
4.279999999999539284e+01 5.022628491896424796e-01 1.087971599767740161e+00
4.289999999999538716e+01 5.601096270977494740e-01 1.040435269187268696e+00
4.299999999999537437e+01 6.195435154069539596e-01 9.914901267315657796e-01
4.309999999999536158e+01 6.802538836904545860e-01 9.413792585805824675e-01
4.319999999999535589e+01 7.419238410209386680e-01 8.903509514818267467e-01
4.329999999999534310e+01 8.042317974810122561e-01 8.386574352980349367e-01
4.339999999999533031e+01 8.668530554339175520e-01 7.865536056908694063e-01
4.349999999999531752e+01 9.294614232167079937e-01 7.342957332533138759e-01
4.359999999999530473e+01 9.917308438834506745e-01 6.821401654929237779e-01
4.369999999999529905e+01 1.053337031599315354e+00 6.303420281258826918e-01
4.379999999999528626e+01 1.113959108260141218e+00 5.791539321744497704e-01
4.389999999999527347e+01 1.173281232860054590e+00 5.288246933621393309e-01
4.399999999999526779e+01 1.230994216055055324e+00 4.795980702803223084e-01
4.409999999999525500e+01 1.286797112258189824e+00 4.317115277511610061e-01
4.419999999999524221e+01 1.340398781453242316e+00 3.853950317369166934e-01
4.429999999999522942e+01 1.391519412748171591e+00 3.408698820454602596e-01
4.439999999999521663e+01 1.439892001491117401e+00 2.983475889510682766e-01
4.449999999999521094e+01 1.485263771593023030e+00 2.580287996917816629e-01
4.459999999999519815e+01 1.527397534529908008e+00 2.201022806130436549e-01
4.469999999999518536e+01 1.566072976384592197e+00 1.847439605041886201e-01
4.479999999999517968e+01 1.601087864234591152e+00 1.521160404129586474e-01
4.489999999999516689e+01 1.632259163251971845e+00 1.223661749273160376e-01
4.499999999999515410e+01 1.659424056048472096e+00 9.562672957656709327e-02
4.509999999999514131e+01 1.682440856112495275e+00 7.201411862907421135e-02
4.519999999999512852e+01 1.701189807650762997e+00 5.162822714822479231e-02
4.529999999999512283e+01 1.715573764780750299e+00 3.455192071599699766e-02
4.539999999999511004e+01 1.725518743806326194e+00 2.085064574382744507e-02
4.549999999999509726e+01 1.730974343264277016e+00 1.057212276906588366e-02
4.559999999999509157e+01 1.731914027509784626e+00 3.746134584906208893e-03
4.569999999999507878e+01 1.728335270822662917e+00 3.844104783853047997e-04
4.579999999999506599e+01 1.720259560308112334e+00 4.806072607020768711e-04
4.589999999999505320e+01 1.707732257217342786e+00 4.010387173581827537e-03
4.599999999999504041e+01 1.690822317683817966e+00 1.093159215195553882e-02
4.609999999999503473e+01 1.669621875221670271e+00 2.118451332416746574e-02
4.619999999999502194e+01 1.644245688624317525e+00 3.469225404357598186e-02
4.629999999999500915e+01 1.614830460102775644e+00 5.136118417668365105e-02
4.639999999999500346e+01 1.581534029577604139e+00 7.108148282912905846e-02
4.649999999999499067e+01 1.544534451974077349e+00 9.372776617737438309e-02
4.659999999999497788e+01 1.504028965128886952e+00 1.191597965952220228e-01
4.669999999999496509e+01 1.460232856517101885e+00 1.472232688238376830e-01
4.679999999999495230e+01 1.413378237423654982e+00 1.777506685336464054e-01
4.689999999999494662e+01 1.363712733440613389e+00 2.105621982673248904e-01
4.699999999999493383e+01 1.311498100280450441e+00 2.454667654356060824e-01
4.709999999999492104e+01 1.257008773869190854e+00 2.822630267597869835e-01
4.719999999999491536e+01 1.200530363572819947e+00 3.207404833151863977e-01
4.729999999999490257e+01 1.142358097210785184e+00 3.606806201272552692e-01
4.739999999999488978e+01 1.082795226292260216e+00 4.018580841009455340e-01
4.749999999999487699e+01 1.022151399669373850e+00 4.440418939257144149e-01
4.759999999999486420e+01 9.607410135899951964e-01 4.869966754860457492e-01
4.769999999999485851e+01 8.988815459599880375e-01 5.304839162231459460e-01
4.779999999999484572e+01 8.368918825101588910e-01 5.742632318316176487e-01
4.789999999999483293e+01 7.750906425216709250e-01 6.180936386387485548e-01
4.799999999999482725e+01 7.137945117885928781e-01 6.617348249988037612e-01
4.809999999999481446e+01 6.533165905910320870e-01 7.049484150477220989e-01
4.819999999999480167e+01 5.939647645930105080e-01 7.474992181971499283e-01
4.829999999999478888e+01 5.360401067582686307e-01 7.891564578144303344e-01
4.839999999999477609e+01 4.798353185586674563e-01 8.296949726270557157e-01
4.849999999999477041e+01 4.256332189116901477e-01 8.688963845204330516e-01
4.859999999999475762e+01 3.737052893954715405e-01 9.065502265609406418e-01
4.869999999999474483e+01 3.243102843182349426e-01 9.424550252792742722e-01
4.879999999999473914e+01 2.776929141431201398e-01 9.764193314925578848e-01
4.889999999999472635e+01 2.340826105594673301e-01 1.008262694229560719e+00
4.899999999999471356e+01 1.936923811374946236e-01 1.037816572648630142e+00
4.909999999999470077e+01 1.567177609896361623e-01 1.064925181211484162e+00
4.919999999999468798e+01 1.233358681910448756e-01 1.089446263779615620e+00
4.929999999999468230e+01 9.370456888725961497e-02 1.111251792749640366e+00
4.939999999999466951e+01 6.796175705610797702e-02 1.130228589819622709e+00
4.949999999999465672e+01 4.622475281382468215e-02 1.146278865483381981e+00
4.959999999999465103e+01 2.858982199122761525e-02 1.159320674875744528e+00
4.969999999999463824e+01 1.513181848832326204e-02 1.169288288132221298e+00
4.979999999999462545e+01 5.903949680431562139e-03 1.176132473970442627e+00
4.989999999999461266e+01 9.376639338456573079e-04 1.179820695748143189e+00
4.999999999999459988e+01 2.426581303422263580e-04 1.180337219790121406e+00
5.009999999999459419e+01 3.807002031422405345e-03 1.177683136296185262e+00
5.019999999999458140e+01 1.159737536386274380e-02 1.171876293645389477e+00
5.029999999999456861e+01 2.355941270111280156e-02 1.162951147386295014e+00
5.039999999999456293e+01 3.961815056624117676e-02 1.150958525643251740e+00
5.049999999999455014e+01 5.967857069962739791e-02 1.135965313081661154e+00
5.059999999999453735e+01 8.362623311887038002e-02 1.118054055944410541e+00
5.069999999999452456e+01 1.113279924419067202e-01 1.097322491011700540e+00
5.079999999999451177e+01 1.426327909331914501e-01 1.073883001632292000e+00
5.089999999999450608e+01 1.773725218467315234e-01 1.047862004243589107e+00
5.099999999999449329e+01 2.153629568544494499e-01 1.019399269025787813e+00
5.109999999999448050e+01 2.564047316369506557e-01 9.886471785436811155e-01
5.119999999999447482e+01 3.002843840467999681e-01 9.557699284000623630e-01
5.129999999999446203e+01 3.467754396063758016e-01 9.209426740842713288e-01
5.139999999999444924e+01 3.956395394434293888e-01 8.843506283295192727e-01
5.149999999999443645e+01 4.466276060818467619e-01 8.461881134142462679e-01
5.159999999999442366e+01 4.994810427670005604e-01 8.066575729454142918e-01
5.169999999999441798e+01 5.539329622095009453e-01 7.659685477583509927e-01
5.179999999999440519e+01 6.097094407667393856e-01 7.243366206508411453e-01
5.189999999999439240e+01 6.665307941482478959e-01 6.819823347468592090e-01
5.199999999999438671e+01 7.241128707332288306e-01 6.391300903524846921e-01
5.209999999999437392e+01 7.821683585339056499e-01 5.960070252291930215e-01
5.219999999999436113e+01 8.404081017406355159e-01 5.528418832559561791e-01
5.229999999999434834e+01 8.985424226537048753e-01 5.098638764969595227e-01
5.239999999999433555e+01 9.562824446652071764e-01 4.673015457149372054e-01
5.249999999999432987e+01 1.013341411807951120e+00 4.253816243879371961e-01
5.259999999999431708e+01 1.069436000262304676e+00 3.843279112843747680e-01
5.269999999999430429e+01 1.124287617103943981e+00 3.443601566340512843e-01
5.279999999999429861e+01 1.177623681507449449e+00 3.056929668973358272e-01
5.289999999999428582e+01 1.229178883587209947e+00 2.685347330798687482e-01
5.299999999999427303e+01 1.278696416063790364e+00 2.330865874666245563e-01
5.309999999999426024e+01 1.325929173984639275e+00 1.995413935557050766e-01
5.319999999999424745e+01 1.370640917799839542e+00 1.680827738606855970e-01
5.329999999999424176e+01 1.412607395185213166e+00 1.388841801187542246e-01
5.339999999999422897e+01 1.451617417107626595e+00 1.121080102937793282e-01
5.349999999999421618e+01 1.487473883724661272e+00 8.790477659704955260e-02
5.359999999999421050e+01 1.519994755807178910e+00 6.641232856692078079e-02
5.369999999999419771e+01 1.549013967440359796e+00 4.775513505011341753e-02
5.379999999999418492e+01 1.574382275806900600e+00 3.204362871473052932e-02
5.389999999999417213e+01 1.595968043882294518e+00 1.937361649636682587e-02
5.399999999999415934e+01 1.613657951865115292e+00 9.825759135239078498e-03
5.409999999999415365e+01 1.627357633154493000e+00 3.465122702327596421e-03
5.419999999999414086e+01 1.636992230662115633e+00 3.408047362960184572e-04
5.429999999999412807e+01 1.642506869237870148e+00 4.856373185614213002e-04
5.439999999999412239e+01 1.643867040007174429e+00 3.915969100773777391e-03
5.449999999999410960e+01 1.641058892485511622e+00 1.063152796570236529e-02
5.459999999999409681e+01 1.634089430473493199e+00 2.061536564838202870e-02
5.469999999999408402e+01 1.622986607963412764e+00 3.383388526876267288e-02
5.479999999999407123e+01 1.607799321622344513e+00 5.023695233010611744e-02
5.489999999999406555e+01 1.588597296866167685e+00 6.975808931963438375e-02
5.499999999999405276e+01 1.565470865122828625e+00 9.231475361110792754e-02
5.509999999999403997e+01 1.538530630594880044e+00 1.178086979153364217e-01
5.519999999999403428e+01 1.507907025656198163e+00 1.461264120576001579e-01
5.529999999999402149e+01 1.473749754974044146e+00 1.771396443850253855e-01
5.539999999999400870e+01 1.436227129477526177e+00 2.107060006265585872e-01
5.549999999999399591e+01 1.395525292402006956e+00 2.466696175501996435e-01
5.559999999999398312e+01 1.351847340776339390e+00 2.848619082916862277e-01
5.569999999999397744e+01 1.305412346861772210e+00 3.251023757739020525e-01
5.579999999999396465e+01 1.256454285155241157e+00 3.671994902021051832e-01
5.589999999999395186e+01 1.205220871601785815e+00 4.109516262144566889e-01
5.599999999999394618e+01 1.151972322578290742e+00 4.561480548953468772e-01
5.609999999999393339e+01 1.096980042000722966e+00 5.025699855264970095e-01
5.619999999999392060e+01 1.040525245515112163e+00 5.499916516615415141e-01
5.629999999999390781e+01 9.828975311696234174e-01 5.981814358665968889e-01
5.639999999999389502e+01 9.243934062019957265e-01 6.469030272751300492e-01
5.649999999999388933e+01 8.653147796192147689e-01 6.959166059596099130e-01
5.659999999999387654e+01 8.059674301018582288e-01 7.449800480228663258e-01
5.669999999999386375e+01 7.466594584554967495e-01 7.938501452603726749e-01
5.679999999999385807e+01 6.876997333718711802e-01 8.422838332312604370e-01
5.689999999999384528e+01 6.293963386954293249e-01 8.900394216047561313e-01
5.699999999999383249e+01 5.720550297473934176e-01 9.368778207029376803e-01
5.709999999999381970e+01 5.159777055808560942e-01 9.825637582511770329e-01
5.719999999999380691e+01 4.614609033655016623e-01 1.026866980448781996e+00
5.729999999999380123e+01 4.087943204713381795e-01 1.069563431601173287e+00
5.739999999999378844e+01 3.582593692670754670e-01 1.110436406683361854e+00
5.749999999999377565e+01 3.101277692023814425e-01 1.149277671352584296e+00
5.759999999999376996e+01 2.646601804238238875e-01 1.185888544069551243e+00
5.769999999999375717e+01 2.221048829918681744e-01 1.220080935142838108e+00
5.779999999999374438e+01 1.826965057272091908e-01 1.251678337660419249e+00
5.789999999999373159e+01 1.466548088062234745e-01 1.280516765431031656e+00
5.799999999999371880e+01 1.141835244354435508e-01 1.306445633222239167e+00
5.809999999999371312e+01 8.546926023401195394e-02 1.329328574750551217e+00
5.819999999999370033e+01 6.068047031295788207e-02 1.349044194069054292e+00
5.829999999999368754e+01 3.996649942020719798e-02 1.365486746197319690e+00
5.839999999999368185e+01 2.345670588283098670e-02 1.378566743064874256e+00
5.849999999999366906e+01 1.125966938197569406e-02 1.388211481094467015e+00
5.859999999999365627e+01 3.462489802506839211e-03 1.394365487030288397e+00
5.869999999999364348e+01 1.301834752648511255e-04 1.396990878940303160e+00
5.879999999999363069e+01 1.305183046871018259e-03 1.396067639675948824e+00
5.889999999999362501e+01 7.006946950891544332e-03 1.391593800464308917e+00
5.899999999999361222e+01 1.723168400476731907e-02 1.383585532744293412e+00
5.909999999999359943e+01 3.195219801914669921e-02 1.372077146824695726e+00
5.919999999999359375e+01 5.111785649033605966e-02 1.357120996443881955e+00
5.929999999999358096e+01 7.465468647228395982e-02 1.338787288842004708e+00
5.939999999999356817e+01 1.024655996203820418e-01 1.317163800506480298e+00
5.949999999999355538e+01 1.344307472007768012e-01 1.292355499323084356e+00
5.959999999999354259e+01 1.704080046062184939e-01 1.264484074435122229e+00
5.969999999999353690e+01 2.102335836562021498e-01 1.233687375693991894e+00
5.979999999999352411e+01 2.537227697276883132e-01 1.200118765145392841e+00
5.989999999999351132e+01 3.006707796053356696e-01 1.163946383548581043e+00
5.999999999999350564e+01 3.508537348916713761e-01 1.125352335451268004e+00
6.009999999999349285e+01 4.040297449087102422e-01 1.084531796840851436e+00
6.019999999999348006e+01 4.599400922735548125e-01 1.041692049849189727e+00
6.029999999999346727e+01 5.183105137545378494e-01 9.970514494186443200e-01
6.039999999999345448e+01 5.788525686098853207e-01 9.508383272100601191e-01
6.049999999999344880e+01 6.412650863750819497e-01 9.032898383781904350e-01
6.059999999999343601e+01 7.052356859731589989e-01 8.546507571343117116e-01
6.069999999999342322e+01 7.704423580567109076e-01 8.051722272732566577e-01
6.079999999999341753e+01 8.365551026108843935e-01 7.551104740594078990e-01
6.089999999999340474e+01 9.032376140271370923e-01 7.047254840509371565e-01
6.099999999999339195e+01 9.701490060501758439e-01 6.542796595915648661e-01
6.109999999999337916e+01 1.036945569178430837e+00 6.040364548241544673e-01
6.119999999999336637e+01 1.103282553218788875e+00 5.542590001791545262e-01
6.129999999999336069e+01 1.168815967741307915e+00 5.052087223656563930e-01
6.139999999999334790e+01 1.233204393118592312e+00 4.571439669524499094e-01
6.149999999999333511e+01 1.296110794663028809e+00 4.103186306603217592e-01
6.159999999999332942e+01 1.357204332089308574e+00 3.649808105067238184e-01
6.169999999999331664e+01 1.416162156136585804e+00 3.213714769392858606e-01
6.179999999999330385e+01 1.472671183701681485e+00 2.797231780689426461e-01
6.189999999999329106e+01 1.526429842297250650e+00 2.402587820595681045e-01
6.199999999999327827e+01 1.577149774074312338e+00 2.031902646480830688e-01
6.209999999999327258e+01 1.624557489099510033e+00 1.687175486490562482e-01
6.219999999999325979e+01 1.668395957076911129e+00 1.370274021387516139e-01
6.229999999999324700e+01 1.708426126308978166e+00 1.082924018094733459e-01
6.239999999999324132e+01 1.744428358439019666e+00 8.266996773144570654e-02
6.249999999999322853e+01 1.776203767448460091e+00 6.030147545346719457e-02
6.259999999999321574e+01 1.803575451526258977e+00 4.131145101294466521e-02
6.269999999999320295e+01 1.826389606799339260e+00 2.580685400874213262e-02
6.279999999999319016e+01 1.844516512552791809e+00 1.387645341831517110e-02
6.289999999999318447e+01 1.857851378429612232e+00 5.590300314891468239e-03
6.299999999999317168e+01 1.866315045227171066e+00 9.993010655726577290e-04
6.309999999999315889e+01 1.869854532230735833e+00 1.348939722015622537e-04
6.319999999999315321e+01 1.868443425548653725e+00 3.008831660720421956e-03
6.329999999999314042e+01 1.862082103573478253e+00 9.613070839543318147e-03
6.339999999999312763e+01 1.850797797455096205e+00 1.991977034242667713e-02
6.349999999999311484e+01 1.834644486280355258e+00 3.388139765608862153e-02
6.359999999999310205e+01 1.813702628452201759e+00 5.143094341748340181e-02
6.369999999999309637e+01 1.788078732502981882e+00 7.248224266016016493e-02
6.379999999999308358e+01 1.757904772201630328e+00 9.693040090305493628e-02
6.389999999999307079e+01 1.723337452296956451e+00 1.246523225168576637e-01
6.399999999999306510e+01 1.684557332516277484e+00 1.555073381813186495e-01
6.409999999999305942e+01 1.641767818516222777e+00 1.893379276659894195e-01
6.419999999999303952e+01 1.595194029307088757e+00 2.259705336349606408e-01
6.429999999999301963e+01 1.545081551271748621e+00 2.652164616922166873e-01
6.439999999999301394e+01 1.491695089257851325e+00 3.068728614547451272e-01
6.449999999999300826e+01 1.435317025354506226e+00 3.507237830621359187e-01
6.459999999999300258e+01 1.376245895906315519e+00 3.965413032037697905e-01
6.469999999999298268e+01 1.314794797083314259e+00 4.440867144679460643e-01
6.479999999999297700e+01 1.251289728966303638e+00 4.931117715842288085e-01
6.489999999999295710e+01 1.186067887643406094e+00 5.433599879393995469e-01
6.499999999999295142e+01 1.119475914303165842e+00 5.945679755950540324e-01
6.509999999999294573e+01 1.051868109778749671e+00 6.464668219130802473e-01
6.519999999999292584e+01 9.836046224840712116e-01 6.987834958053478207e-01
6.529999999999292015e+01 9.150496172194219069e-01 7.512422765540313074e-01
6.539999999999290026e+01 8.465694319329056805e-01 8.035661981070463256e-01
6.549999999999289457e+01 7.785307292219830755e-01 8.554785017215600362e-01
6.559999999999288889e+01 7.112986491592724336e-01 9.067040898246290226e-01
6.569999999999286899e+01 6.452349699252223347e-01 9.569709739619886024e-01
6.579999999999286331e+01 5.806962827295888419e-01 1.006011709733192649e+00
6.589999999999285762e+01 5.180321875852959002e-01 1.053564811650676836e+00
6.599999999999283773e+01 4.575835166515588304e-01 1.099376140923185252e+00
6.609999999999283204e+01 3.996805920628745401e-01 1.143200259241471617e+00
6.619999999999282636e+01 3.446415253878197804e-01 1.184801741754808457e+00
6.629999999999280647e+01 2.927705660867290782e-01 1.223956442554975155e+00
6.639999999999280078e+01 2.443565065436436590e-01 1.260452706146349966e+00
6.649999999999278089e+01 1.996711514047471436e-01 1.294092518572283801e+00
6.659999999999277520e+01 1.589678590534463476e-01 1.324692592093916099e+00
6.669999999999276952e+01 1.224801630658257090e-01 1.352085377575322322e+00
6.679999999999274962e+01 9.042048141762554225e-02 1.376119999026420571e+00
6.689999999999274394e+01 6.297892104194358076e-02 1.396663105083007173e+00
6.699999999999272404e+01 4.032218506909049371e-02 1.413599632569329190e+00
6.709999999999271836e+01 2.259258971610435957e-02 1.426833477689825047e+00
6.719999999999271267e+01 9.907197341611311686e-03 1.436288070824528695e+00
6.729999999999269278e+01 2.357071651947682984e-03 1.441906851362973585e+00
6.739999999999268709e+01 6.660447763826502079e-06 1.443653639500874108e+00
6.749999999999268141e+01 2.893310650921450487e-03 1.441512902431095533e+00
6.759999999999266151e+01 1.102691966213244397e-02 1.435489912891304121e+00
6.769999999999265583e+01 2.438972638340282384e-02 1.425610798575663862e+00
6.779999999999265015e+01 4.293624450710243484e-02 1.411922481480229807e+00
6.789999999999263025e+01 6.659333993444550848e-02 1.394492506818518107e+00
6.799999999999262457e+01 9.526045344694024364e-02 1.373408761718110993e+00
6.809999999999260467e+01 1.288099690188071744e-01 1.348779084491187330e+00
6.819999999999259899e+01 1.670877274278233793e-01 1.320730765848249000e+00
6.829999999999259330e+01 2.099136840954577143e-01 1.289409944004424879e+00
6.839999999999257341e+01 2.570827093616500081e-01 1.254980896199422213e+00
6.849999999999256772e+01 3.083655286705238585e-01 1.217625229720723290e+00
6.859999999999254783e+01 3.635097994075501271e-01 1.177540976073649714e+00
6.869999999999254214e+01 4.222413203792482750e-01 1.134941592494710383e+00
6.879999999999253646e+01 4.842653691632739510e-01 1.090054875529995027e+00
6.889999999999251656e+01 5.492681617751451473e-01 1.043121791922964281e+00
6.899999999999251088e+01 6.169184283000176405e-01 9.943952325501842493e-01
6.909999999999250520e+01 6.868690973290625390e-01 9.441386956183756007e-01
6.919999999999248530e+01 7.587590812215664338e-01 8.926249057878336002e-01
6.929999999999247962e+01 8.322151534000684636e-01 8.401343763044345492e-01
6.939999999999247393e+01 9.068539080890360982e-01 7.869539216132915849e-01
6.949999999999245404e+01 9.822837921348550605e-01 7.333751282731720833e-01
6.959999999999244835e+01 1.058107197824947221e+00 6.796927923069066013e-01
6.969999999999242846e+01 1.133922604961469904e+00 6.262033313807159329e-01
6.979999999999242277e+01 1.209326759866607093e+00 5.732031804301119804e-01
6.989999999999241709e+01 1.283916878514910209e+00 5.209871795107861026e-01
6.999999999999239719e+01 1.357292860620389563e+00 4.698469627665934900e-01
7.009999999999239151e+01 1.429059501262113008e+00 4.200693574635749883e-01
7.019999999999237161e+01 1.498828686528643317e+00 3.719348020337953087e-01
7.029999999999236593e+01 1.566221559693985688e+00 3.257157920141954266e-01
7.039999999999236024e+01 1.630870644620243448e+00 2.816753626441798608e-01
7.049999999999234035e+01 1.692421913401739086e+00 2.400656167089410542e-01
7.059999999999233466e+01 1.750536785723826094e+00 2.011263059811078946e-01
7.069999999999232898e+01 1.804894047986070671e+00 1.650834743256305304e-01
7.079999999999230909e+01 1.855191680937084975e+00 1.321481701940012687e-01
7.089999999999230340e+01 1.901148585342621544e+00 1.025152358481535020e-01
7.099999999999229772e+01 1.942506196071009716e+00 7.636218022608669276e-02
7.109999999999227782e+01 1.979029975883343839e+00 5.384814189389363487e-02
7.119999999999227214e+01 2.010510781155062876e+00 3.511294802831343292e-02
7.129999999999225224e+01 2.036766092700323938e+00 2.027627484500093072e-02
7.139999999999224656e+01 2.057641105804044024e+00 9.436914333904949936e-03
7.149999999999224087e+01 2.073009674479175946e+00 2.672151590882586997e-03
7.159999999999222098e+01 2.082775105818743810e+00 3.725644664674555292e-05
7.169999999999221529e+01 2.086870801135686460e+00 1.565092495200202808e-03
7.179999999999219540e+01 2.085260741314409749e+00 7.265846016929248218e-03
7.189999999999218971e+01 2.077939814496556181e+00 1.712687667964989113e-02
7.199999999999218403e+01 2.064933984825909175e+00 3.111269128636126244e-02
7.209999999999216413e+01 2.046300301547467004e+00 4.916504122316214115e-02
7.219999999999215845e+01 2.022126748257524032e+00 7.120314364613222757e-02
7.229999999999215277e+01 1.992531932570198672e+00 9.712402583292784053e-02
7.239999999999213287e+01 1.957664616905809618e+00 1.268029915141641595e-01
7.249999999999212719e+01 1.917703091542536820e+00 1.600942073917686059e-01
7.259999999999212150e+01 1.872854391500367921e+00 1.968314074469949548e-01
7.269999999999210161e+01 1.823353359291449927e+00 2.368287120397067347e-01
7.279999999999209592e+01 1.769461556061294294e+00 2.798815582044222317e-01
7.289999999999207603e+01 1.711466024190832824e+00 3.257677369569264014e-01
7.299999999999207034e+01 1.649677905033506198e+00 3.742485328410810608e-01
7.309999999999206466e+01 1.584430916140742607e+00 4.250699603684323091e-01
7.319999999999204476e+01 1.516079693071364920e+00 4.779640914382716210e-01
7.329999999999203908e+01 1.444998001706960578e+00 5.326504672728092915e-01
7.339999999999201918e+01 1.371576827884945615e+00 5.888375878666715080e-01
7.349999999999201350e+01 1.296222352115399712e+00 6.462244714352879393e-01
7.359999999999200782e+01 1.219353818145424873e+00 7.045022758584320588e-01
7.369999999999198792e+01 1.141401305172629499e+00 7.633559736539303753e-01
7.379999999999198224e+01 1.062803414554938319e+00 8.224660715956818580e-01
7.389999999999197655e+01 9.840048828950902493e-01 8.815103657061111875e-01
7.399999999999195666e+01 9.054541343857128721e-01 9.401657220193284648e-01
7.409999999999195097e+01 8.276007862343147670e-01 9.981098732261702855e-01
7.419999999999194529e+01 7.508931218439368616e-01 1.055023221088956520e+00
7.429999999999192539e+01 6.757755471604132147e-01 1.110590634348401551e+00
7.439999999999191971e+01 6.026860462027949783e-01 1.164503231752109569e+00
7.449999999999189981e+01 5.320536522338171759e-01 1.216460139804114604e+00
7.459999999999189413e+01 4.642959512984559112e-01 1.266170214886642720e+00
7.469999999999188844e+01 3.998166349331308544e-01 1.313353719524003038e+00
7.479999999999186855e+01 3.390031187318529038e-01 1.357743942759043643e+00
7.489999999999186286e+01 2.822242431309833210e-01 1.399088754883444086e+00
7.499999999999184297e+01 2.298280722569611967e-01 1.437152087111398746e+00
7.509999999999183729e+01 1.821398059686843707e-01 1.471715327203589663e+00
7.519999999999183160e+01 1.394598193390585716e-01 1.502578622530686303e+00
7.529999999999181171e+01 1.020618427722511795e-01 1.529562082616842345e+00
7.539999999999180602e+01 7.019129477027681585e-02 1.552506873801700937e+00
7.549999999999180034e+01 4.406377806947141956e-02 1.571276199320005507e+00
7.559999999999178044e+01 2.386374849209526791e-02 1.585756158786376435e+00
7.569999999999177476e+01 9.743364432973829550e-03 1.595856481816559924e+00
7.579999999999176907e+01 1.821523453113935717e-03 1.601511131269376165e+00
7.589999999999174918e+01 1.830910122753127913e-04 1.602678772382662098e+00
7.599999999999174349e+01 4.878324966074955131e-03 1.599343104873580890e+00
7.609999999999172360e+01 1.592249810357003470e-02 1.591513055874663074e+00
7.619999999999171791e+01 3.329571972706873995e-02 1.579222832392034093e+00
7.629999999999171223e+01 5.694295609059361191e-02 1.562531832763395689e+00
7.639999999999169233e+01 8.677424842497330482e-02 1.541524417398829172e+00
7.649999999999168665e+01 1.226651262881499060e-01 1.516309539857926936e+00
7.659999999999166675e+01 1.644572130855558034e-01 1.487020240085704215e+00
7.669999999999166107e+01 2.119590197988861224e-01 1.453813002377955188e+00
7.679999999999165539e+01 2.649469222284753234e-01 1.416866981364845568e+00
7.689999999999163549e+01 3.231663163793053739e-01 1.376383100011900451e+00
7.699999999999162981e+01 3.863329459828739321e-01 1.332583024313416908e+00
7.709999999999162412e+01 4.541343955281466060e-01 1.285708020015896347e+00
7.719999999999160423e+01 5.262317415522429487e-01 1.236017697333716692e+00
7.729999999999159854e+01 6.022613543027738325e-01 1.183788650238521978e+00
7.739999999999159286e+01 6.818368412047984828e-01 1.129312997475447444e+00
7.749999999999157296e+01 7.645511228466325138e-01 1.072896833019555629e+00
7.759999999999156728e+01 8.499786314273016785e-01 1.014858594210028775e+00
7.769999999999154738e+01 9.376776207836885479e-01 9.555273562871571258e-01
7.779999999999154170e+01 1.027192576258540324e+00 8.952410625188453874e-01
7.789999999999153601e+01 1.118056711770814005e+00 8.343446995136655220e-01
7.799999999999151612e+01 1.209794540556806686e+00 7.731884276918358223e-01
7.809999999999151044e+01 1.301924505159269163e+00 7.121256772058530693e-01
7.819999999999149054e+01 1.393961651410678071e+00 6.515112198685344413e-01
7.829999999999148486e+01 1.485420330390305521e+00 5.916992278543433681e-01
7.839999999999147917e+01 1.575816911694230660e+00 5.330413300800952436e-01
7.849999999999145928e+01 1.664672490846558217e+00 4.758846772431249428e-01
7.859999999999145359e+01 1.751515573364380352e+00 4.205700264944605693e-01
7.869999999999144791e+01 1.835884717851538506e+00 3.674298566446546066e-01
7.879999999999142801e+01 1.917331120613179118e+00 3.167865246442715388e-01
7.889999999999142233e+01 1.995421124601215013e+00 2.689504738444748466e-01
7.899999999999141664e+01 2.069738636099291984e+00 2.242185042294462527e-01
7.909999999999139675e+01 2.139887433364402014e+00 1.828721144227035411e-01
7.919999999999139106e+01 2.205493352491448178e+00 1.451759248065112307e-01
7.929999999999137117e+01 2.266206337030522544e+00 1.113761905660596158e-01
7.939999999999136548e+01 2.321702339300247608e+00 8.169941287965799825e-02
7.949999999999135980e+01 2.371685062930073862e+00 5.635105583560227893e-02
7.959999999999133991e+01 2.415887537817899666e+00 3.551437596955635961e-02
7.969999999999133422e+01 2.454073520421844901e+00 1.934937059591334066e-02
7.979999999999131433e+01 2.486038714027946739e+00 7.991850359511701654e-03
7.989999999999130864e+01 2.511611805319320379e+00 1.552640671332229921e-03
7.999999999999130296e+01 2.530655315179732856e+00 1.169159212053106023e-04
8.009999999999128306e+01 2.543066263136720462e+00 3.743669591221593634e-03
8.019999999999127738e+01 2.548776646170215709e+00 1.246532263249028674e-02
8.029999999999127169e+01 2.547753733754704264e+00 2.628747172155785142e-02
8.039999999999125180e+01 2.540000181938982582e+00 4.518877828616434805e-02
8.049999999999124611e+01 2.525553970017133665e+00 6.912099848680562653e-02
8.059999999999124043e+01 2.504488163875742135e+00 9.800915366275105012e-02
8.069999999999122053e+01 2.476910510470900384e+00 1.317518401000359607e-01
8.079999999999121485e+01 2.442962868073425664e+00 1.702216763537369448e-01
8.089999999999119495e+01 2.402820476990276344e+00 2.132658857562967358e-01
8.099999999999118927e+01 2.356691075435330518e+00 2.607070111653693734e-01
8.109999999999118359e+01 2.304813865121185135e+00 3.123437584467865791e-01
8.119999999999116369e+01 2.247458331040105062e+00 3.679519646448151105e-01
8.129999999999115801e+01 2.184922919801820296e+00 4.272856862645825204e-01
8.139999999999113811e+01 2.117533580870602616e+00 4.900784025725007376e-01
8.149999999999113243e+01 2.045642175089066761e+00 5.560443283101487166e-01
8.159999999999112674e+01 1.969624755063166921e+00 6.248798297160607085e-01
8.169999999999110685e+01 1.889879722277904239e+00 6.962649372514302382e-01
8.179999999999110116e+01 1.806825866277576909e+00 7.698649479377643878e-01
8.189999999999109548e+01 1.720900291837555995e+00 8.453321097349113522e-01
8.199999999999107558e+01 1.632556240796817049e+00 9.223073799187776478e-01
8.209999999999106990e+01 1.542260816083392827e+00 1.000422248968036554e+00
8.219999999999106421e+01 1.450492616424634340e+00 1.079300621037132979e+00
8.229999999999104432e+01 1.357739291265850134e+00 1.158560741691417428e+00
8.239999999999103864e+01 1.264495026489717455e+00 1.237817163208515536e+00
8.249999999999101874e+01 1.171257972594535124e+00 1.316682737421587257e+00
8.259999999999101306e+01 1.078527628018048024e+00 1.394770625796320385e+00
8.269999999999100737e+01 9.868021912443978305e-01 1.471696316202242727e+00
8.279999999999098748e+01 8.965758961798695470e-01 1.547079635668878739e+00
8.289999999999098179e+01 8.083363459854778776e-01 1.620546748307215568e+00
8.299999999999096190e+01 7.225618611025808047e-01 1.691732127537761032e+00
8.309999999999095621e+01 6.397188575701295843e-01 1.760280491797437508e+00
8.319999999999095053e+01 5.602592719114960484e-01 1.825848692997974032e+00
8.329999999999093063e+01 4.846180488541210751e-01 1.888107547186912427e+00
8.339999999999092495e+01 4.132107079399010008e-01 1.946743597112264190e+00
8.349999999999091926e+01 3.464310047070634502e-01 2.001460796705051060e+00
8.359999999999089937e+01 2.846487015771457241e-01 2.051982107890957252e+00
8.369999999999089368e+01 2.282074628942483141e-01 2.098051000586476977e+00
8.379999999999088800e+01 1.774228877527014581e-01 2.139432847252809466e+00
8.389999999999086810e+01 1.325806933361321216e-01 2.175916203950687411e+00
8.399999999999086242e+01 9.393506049974774397e-02 2.207313970451721730e+00
8.409999999999084253e+01 6.170715227765823790e-02 2.233464422640260683e+00
8.419999999999083684e+01 3.608381490226874461e-02 2.254232111132317584e+00
8.429999999999083116e+01 1.721646980202183944e-02 2.269508620796500953e+00
8.439999999999081126e+01 5.220203901062842912e-03 2.279213186619021947e+00
8.449999999999080558e+01 1.730643889321804971e-04 2.283293162175221269e+00
8.459999999999078568e+01 2.115562959240605868e-03 2.281724337776451339e+00
8.469999999999078000e+01 1.105039333249716038e-02 2.274511106217114165e+00
8.479999999999077431e+01 2.694236467494993265e-02 2.261686474901579924e+00
8.489999999999075442e+01 4.971855229676672150e-02 2.243311923995537249e+00
8.499999999999074873e+01 7.926866575292752792e-02 2.219477111133441483e+00
8.509999999999074305e+01 1.154456331736302827e-01 2.190299424085441871e+00
8.519999999999072315e+01 1.580663993149040991e-01 2.155923383676053628e+00
8.529999999999071747e+01 2.069129334448570612e-01 2.116519900112209918e+00
8.539999999999071179e+01 2.617334417701155380e-01 2.072285386754019409e+00
8.549999999999069189e+01 3.222437776705289747e-01 2.023440736199595857e+00
8.559999999999068621e+01 3.881290415599763510e-01 1.970230164386540972e+00
8.569999999999066631e+01 4.590453607470157404e-01 1.912919929207342884e+00
8.579999999999066063e+01 5.346218382514958956e-01 1.851796930897788851e+00
8.589999999999065494e+01 6.144626581698772183e-01 1.787167202176051406e+00
8.599999999999063505e+01 6.981493338971634932e-01 1.719354296773756507e+00
8.609999999999062936e+01 7.852430843404863969e-01 1.648697585620113593e+00
8.619999999999060947e+01 8.752873222203432224e-01 1.575550470481298815e+00
8.629999999999060378e+01 9.678102376813827457e-01 1.500278525337762181e+00
8.639999999999059810e+01 1.062327459746976066e+00 1.423257576191612861e+00
8.649999999999057820e+01 1.158344777660700542e+00 1.344871730319590952e+00
8.659999999999057252e+01 1.255360903890534674e+00 1.265511366234468360e+00
8.669999999999056683e+01 1.352870260513973966e+00 1.185571095781144946e+00
8.679999999999054694e+01 1.450365770867846793e+00 1.105447709878218721e+00
8.689999999999054126e+01 1.547341638718560342e+00 1.025538119408793802e+00
8.699999999999053557e+01 1.643296097768260022e+00 9.462373026919274066e-01
8.709999999999051568e+01 1.737734115049528683e+00 8.679362708012238192e-01
8.719999999999050999e+01 1.830170032632828514e+00 7.910200617770313247e-01
8.729999999999049010e+01 1.920130133062250444e+00 7.158657744785287269e-01
8.739999999999048441e+01 2.007155114998954382e+00 6.428406524701132385e-01
8.749999999999047873e+01 2.090802466666340731e+00 5.723002279255362534e-01
8.759999999999045883e+01 2.170648725821587632e+00 5.045865350781870706e-01
8.769999999999045315e+01 2.246291616089025389e+00 4.400264022456278901e-01
8.779999999999043325e+01 2.317352050566444444e+00 3.789298309230603179e-01
8.789999999999042757e+01 2.383475994632055173e+00 3.215884698768434191e-01
8.799999999999042188e+01 2.444336180817769932e+00 2.682741915801190591e-01
8.809999999999040199e+01 2.499633669488251275e+00 2.192377777219723101e-01
8.819999999999039630e+01 2.549099249833792324e+00 1.747077198956674404e-01
8.829999999999039062e+01 2.592494676409767607e+00 1.348891409288240084e-01
8.839999999999037072e+01 2.629613737086692993e+00 9.996284166456928522e-02
8.849999999999036504e+01 2.660283148894214023e+00 7.008447733711484218e-02
8.859999999999035936e+01 2.684363278790157903e+00 4.538386700970081095e-02
8.869999999999033946e+01 2.701748686979952740e+00 2.596443885818052258e-02
8.879999999999033378e+01 2.712368490971985402e+00 1.190281339006560128e-02
8.889999999999031388e+01 2.716186549183480459e+00 3.248525987475925185e-03
8.899999999999030820e+01 2.713201463583300388e+00 2.388945450435149057e-05
8.909999999999030251e+01 2.703446401588663672e+00 2.223996535958251090e-03
8.919999999999028262e+01 2.686988738258096809e+00 9.816861657729011523e-03
8.929999999999027693e+01 2.663929520705933029e+00 2.274370042164932521e-02
8.939999999999025704e+01 2.634402757637255732e+00 4.091934467300381573e-02
8.949999999999025135e+01 2.598574537941277462e+00 6.423279025099469519e-02
8.959999999999024567e+01 2.556641983357393233e+00 9.254787383585445781e-02
8.969999999999022577e+01 2.508832041361588328e+00 1.257040746266627762e-01
8.979999999999022009e+01 2.455400125539497047e+00 1.635174359260708477e-01
8.989999999999021441e+01 2.396628611821990607e+00 2.057816010787971439e-01
8.999999999999019451e+01 2.332825200027381030e+00 2.522689576149991786e-01
9.009999999999018883e+01 2.264321151139740973e+00 3.027318828939843942e-01
9.019999999999018314e+01 2.191469411640023068e+00 3.569040840323010055e-01
9.029999999999016325e+01 2.114642636973258494e+00 4.145020244396612208e-01
9.039999999999015756e+01 2.034231126855598148e+00 4.752264288778346168e-01
9.049999999999013767e+01 1.950640685587132328e+00 5.387638586087853954e-01
9.059999999999013198e+01 1.864290420836374196e+00 6.047883479049380728e-01
9.069999999999012630e+01 1.775610494491025149e+00 6.729630929655698868e-01
9.079999999999010640e+01 1.685039839136244666e+00 7.429421841114357550e-01
9.089999999999010072e+01 1.593023853537513190e+00 8.143723720197159066e-01
9.099999999999008082e+01 1.500012090173177937e+00 8.868948587064549027e-01
9.109999999999007514e+01 1.406455947424872344e+00 9.601471039689210007e-01
9.119999999999006945e+01 1.312806378489282944e+00 1.033764638049398110e+00
9.129999999999004956e+01 1.219511628462935926e+00 1.107382871387472045e+00
9.139999999999004388e+01 1.127015010398324524e+00 1.180638892471660650e+00
9.149999999999003819e+01 1.035752730447675907e+00 1.253173244986439228e+00
9.159999999999001830e+01 9.461517715395012518e-01 1.324631675672664821e+00
9.169999999999001261e+01 8.586278443788144532e-01 1.394666844571938347e+00
9.179999999999000693e+01 7.735834139443826807e-01 1.462939989605854141e+00
9.189999999998998703e+01 6.914058090974313231e-01 1.529122537748561328e+00
9.199999999998998135e+01 6.124654224014026704e-01 1.592897655379601707e+00
9.209999999998996145e+01 5.371140068054097716e-01 1.653961730756579929e+00
9.219999999998995577e+01 4.656830754431455222e-01 1.712025781913303790e+00
9.229999999998995008e+01 3.984824104495544028e-01 1.766816783685008385e+00
9.239999999998993019e+01 3.357986863776089015e-01 1.818078907964773006e+00
9.249999999998992450e+01 2.778942134993233060e-01 1.865574671728272627e+00
9.259999999998990461e+01 2.250058059788678233e-01 1.909085987807479512e+00
9.269999999998989892e+01 1.773437795933592853e-01 1.948415113865015647e+00
9.279999999998989324e+01 1.350910833348058782e-01 1.983385495506423624e+00
9.289999999998987334e+01 9.840256883477827010e-02 2.013842499974685563e+00
9.299999999998986766e+01 6.740440110255921380e-02 2.039654037404937892e+00
9.309999999998986198e+01 4.219361354438792844e-02 2.060711067158684795e+00
9.319999999998984208e+01 2.283780963175314344e-02 2.076927987328136105e+00
9.329999999998983640e+01 9.375012907412067636e-03 2.088242906081264838e+00
9.339999999998983071e+01 1.813666261016926191e-03 2.094617794114945752e+00
9.349999999998981082e+01 1.327805789495580934e-04 2.096038518088864766e+00
9.359999999998980513e+01 4.282231985028590003e-03 2.092514755532555615e+00
9.369999999998978524e+01 1.418320595441979748e-02 2.084079792319156521e+00
9.379999999998977955e+01 2.972878561875294534e-02 2.070790204432965798e+00
9.389999999998977387e+01 5.078468060501676457e-02 2.052725426344367499e+00
9.399999999998975397e+01 7.719009178383870462e-02 2.029987208910206675e+00
9.409999999998974829e+01 1.087587063645624186e-01 2.002698970288907088e+00
9.419999999998972839e+01 1.452798168840929161e-01 1.971005043912536392e+00
9.429999999998972271e+01 1.865195568120572855e-01 1.935069828077777165e+00
9.439999999998971703e+01 2.322222447517529875e-01 1.895076842216541380e+00
9.449999999998969713e+01 2.821118285678393400e-01 1.851227695352958946e+00
9.459999999998969145e+01 3.358934202268186175e-01 1.803740972674945153e+00
9.469999999998968576e+01 3.932549117026007957e-01 1.752851046519846356e+00
9.479999999998966587e+01 4.538686619777000941e-01 1.698806818396405571e+00
9.489999999998966018e+01 5.173932449611889917e-01 1.641870398956715160e+00
9.499999999998965450e+01 5.834752480453386791e-01 1.582315733057377605e+00
9.509999999998963460e+01 6.517511110218386916e-01 1.520427177244503714e+00
9.519999999998962892e+01 7.218489951737864230e-01 1.456498037140937507e+00
9.529999999998960902e+01 7.933906725347725786e-01 1.390829072306936975e+00
9.539999999998960334e+01 8.659934255520027602e-01 1.323726976207898254e+00
9.549999999998959765e+01 9.392719476938337086e-01 1.255502838932325282e+00
9.559999999998957776e+01 1.012840235891381280e+00 1.186470600281941179e+00
9.569999999998957207e+01 1.086313466084269486e+00 1.116945500792388746e+00
9.579999999998955218e+01 1.159309843545501817e+00 1.047242538149018021e+00
9.589999999998954650e+01 1.231452420076462051e+00 9.776749363352744693e-01
9.599999999998954081e+01 1.302370870582909790e+00 9.085526346937728981e-01
9.609999999998952092e+01 1.371703221961103170e+00 8.401808038975546733e-01
9.619999999998951523e+01 1.439097527631826745e+00 7.728583956197906391e-01
9.629999999998950955e+01 1.504213481461088353e+00 7.068767324596524348e-01
9.639999999998948965e+01 1.566723965190349732e+00 6.425181444274131737e-01
9.649999999998948397e+01 1.626316523871544684e+00 5.800546580215489856e-01
9.659999999998947828e+01 1.682694764159256895e+00 5.197467436377325445e-01
9.669999999998945839e+01 1.735579670661178353e+00 4.618421267435766642e-01
9.679999999998945270e+01 1.784710835881494484e+00 4.065746679293327781e-01
9.689999999998943281e+01 1.829847599614341513e+00 3.541633166058448245e-01
9.699999999998942712e+01 1.870770093970941961e+00 3.048111427711679977e-01
9.709999999998942144e+01 1.907280190533130471e+00 2.587044509013587956e-01
9.719999999998940154e+01 1.939202346436499802e+00 2.160119796462135477e-01
9.729999999998939586e+01 1.966384346502625169e+00 1.768841906232369310e-01
9.739999999998937597e+01 1.988697938843558166e+00 1.414526492065989183e-01
9.749999999998937028e+01 2.006039361679016864e+00 1.098294998019485325e-01
9.759999999998936460e+01 2.018329759419356328e+00 8.210703768384940149e-02
9.769999999998934470e+01 2.025515486387481801e+00 5.835737905158890071e-02
9.779999999998933902e+01 2.027568296881404830e+00 3.863223053134753199e-02
9.789999999998933333e+01 2.024485420606346064e+00 2.296275891980314662e-02
9.799999999998931344e+01 2.016289522852275251e+00 1.135956152704389703e-02
9.809999999998930775e+01 2.003028549145188020e+00 3.812737035689880809e-03
9.819999999998930207e+01 1.984775454464995148e+00 2.920563502220009872e-04
9.829999999998928217e+01 1.961627817507173521e+00 7.472324659874492745e-04
9.839999999998927649e+01 1.933707340867840241e+00 5.108287942926273938e-03
9.849999999998925659e+01 1.901159238451852973e+00 1.328601812571150557e-02
9.859999999998925091e+01 1.864151511849720944e+00 2.517254781120394080e-02
9.869999999998924523e+01 1.822874117899125457e+00 4.064197862737757572e-02
9.879999999998922533e+01 1.777538030143742009e+00 5.955112395682189003e-02
9.889999999998921965e+01 1.728374197418900637e+00 8.174032781448481444e-02
9.899999999998919975e+01 1.675632403344905930e+00 1.070343636754666761e-01
9.909999999998919407e+01 1.619580031070201764e+00 1.352434088465994388e-01
9.919999999998918838e+01 1.560500738196453741e+00 1.661640895878803426e-01
9.929999999998916849e+01 1.498693047407990475e+00 1.995805918186875361e-01
9.939999999998916280e+01 1.434468858935494140e+00 2.352658318928785852e-01
9.949999999998915712e+01 1.368151891577326529e+00 2.729826815974110144e-01
9.959999999998913722e+01 1.300076059585533184e+00 3.124852412264635948e-01
9.969999999998913154e+01 1.230583793284534044e+00 3.535201543076048059e-01
9.979999999998912585e+01 1.160024311810544662e+00 3.958279573129159790e-01
9.989999999998910596e+01 1.088751856834689224e+00 4.391444574788705424e-01
