1.000000000000000000e+00 2.000000000000000000e+00 0.000000000000000000e+00
1.099999999999988987e+00 1.997600966295433045e+00 1.999200209250226977e-03
1.199999999999977973e+00 1.990415450278307352e+00 7.987208589689836005e-03
1.299999999999966960e+00 1.978478137169376039e+00 1.793529485555666117e-02
1.399999999999955946e+00 1.961846618355612692e+00 3.179572974164075055e-02
1.499999999999944933e+00 1.940601085331439046e+00 4.950201582006650419e-02
1.599999999999933920e+00 1.914843914736008346e+00 7.096920877489563961e-02
1.699999999999922906e+00 1.884699147742115111e+00 9.609432740249032601e-02
1.799999999999911893e+00 1.850311867424013323e+00 1.247568501898922017e-01
1.899999999999900879e+00 1.811847478066731965e+00 1.568192959251334118e-01
1.999999999999889866e+00 1.769490890661577387e+00 1.921278854137538350e-01
2.099999999999878852e+00 1.723445619092756731e+00 2.305132810137637545e-01
2.199999999999867839e+00 1.673932791734814574e+00 2.717914003599071759e-01
2.299999999999856826e+00 1.621190083392350934e+00 3.157643003246088376e-01
2.399999999999845812e+00 1.565470572693332230e+00 3.622211269606367967e-01
2.499999999999834799e+00 1.507041530218454328e+00 4.109391268870031255e-01
2.599999999999823785e+00 1.446183142822517809e+00 4.616847153177912055e-01
2.699999999999812772e+00 1.383187179746947937e+00 5.142145956909487392e-01
2.799999999999801759e+00 1.318355606284514980e+00 5.682769256345637787e-01
2.899999999999790745e+00 1.251999150893124968e+00 6.236125238080465483e-01
2.999999999999779732e+00 1.184435831791678329e+00 6.799561119793648967e-01
3.099999999999768718e+00 1.115989449197684946e+00 7.370375865448253183e-01
3.199999999999757705e+00 1.046988049480064076e+00 7.945833135668188829e-01
3.299999999999746692e+00 9.777623675961102379e-01 8.523174412960623503e-01
3.399999999999735678e+00 9.086442542738818462e-01 9.099632240615174172e-01
3.499999999999724665e+00 8.399650944650031148e-01 9.672443513495609935e-01
3.599999999999713651e+00 7.720542236511990231e-01 1.023886275859837269e+00
3.699999999999702638e+00 7.052373486246641399e-01 1.079617534309192495e+00
3.799999999999691624e+00 6.398349793887520010e-01 1.134171054771147658e+00
3.899999999999680611e+00 5.761608788423004945e-01 1.187285444371032783e+00
3.999999999999669598e+00 5.145205369118251992e-01 1.238706251218484322e+00
4.099999999999658584e+00 4.552096757995576781e-01 1.288187194540903358e+00
4.199999999999647571e+00 3.985127930061176382e-01 1.335491357089412467e+00
4.299999999999636557e+00 3.447017487798989532e-01 1.380392334021052880e+00
4.399999999999625544e+00 2.940344046334101291e-01 1.422675332609639520e+00
4.499999999999614531e+00 2.467533195498360088e-01 1.462138217324509659e+00
4.599999999999603517e+00 2.030845104819718749e-01 1.498592495010600212e+00
4.699999999999592504e+00 1.632362837106554054e-01 1.531864235136706887e+00
4.799999999999581490e+00 1.273981435760495051e-01 1.561794920326513791e+00
4.899999999999570477e+00 9.573978501688093501e-02 1.588242222670517956e+00
4.999999999999559464e+00 6.841017623482645305e-02 1.611080701618357258e+00
5.099999999999548450e+00 4.553673763856006668e-02 1.630202419583743456e+00
5.199999999999537437e+00 2.722462299789151982e-02 1.645517471759377903e+00
5.299999999999526423e+00 1.355610844626308278e-02 1.656954427020538523e+00
5.399999999999515410e+00 4.590094596077103767e-03 1.664460677216655471e+00
5.499999999999504396e+00 3.617265692255862484e-04 1.668002692593656855e+00
5.599999999999493383e+00 8.821361881770469144e-04 1.667566181554752225e+00
5.699999999999482370e+00 6.138309917965526288e-03 1.663156153468230203e+00
5.799999999999471356e+00 1.609308539742215424e-02 1.654796883738519631e+00
5.899999999999460343e+00 3.068527855364652779e-02 1.642531780894936677e+00
5.999999999999449329e+00 4.982994236614497058e-02 1.626423156004078496e+00
6.099999999999438316e+00 7.341875734948853649e-02 1.606551895263684582e+00
6.199999999999427303e+00 1.013205527729268834e-01 1.583017037208295230e+00
6.299999999999416289e+00 1.333819565526198347e-01 1.555935256519087373e+00
6.399999999999405276e+00 1.694281706604279791e-01 1.525440256983654486e+00
6.499999999999394262e+00 2.092638678169152777e-01 1.491682076710170834e+00
6.599999999999383249e+00 2.526742042008549016e-01 1.454826309212776003e+00
6.699999999999372235e+00 2.994259419388804466e-01 1.415053244506341956e+00
6.799999999999361222e+00 3.492686742577800763e-01 1.372556934808897955e+00
6.899999999999350209e+00 4.019361454112397869e-01 1.327544189901382232e+00
6.999999999999339195e+00 4.571476568453364253e-01 1.280233507590915698e+00
7.099999999999328182e+00 5.146095505571482986e-01 1.230853945083864032e+00
7.199999999999317168e+00 5.740167602314367734e-01 1.179643937393886954e+00
7.299999999999306155e+00 6.350544205133856757e-01 1.126850069175393987e+00
7.399999999999295142e+00 6.973995246819274518e-01 1.072725806597645493e+00
7.499999999999284128e+00 7.607226210213385853e-01 1.017530196051213753e+00
7.599999999999273115e+00 8.246895383267213164e-01 9.615265366098553201e-01
7.699999999999262101e+00 8.889631312035406463e-01 9.049810332590423334e-01
7.799999999999251088e+00 9.532050361112462955e-01 8.481614379520614477e-01
7.899999999999240075e+00 1.017077429426081148e+00 7.913356855642634802e-01
7.999999999999229061e+00 1.080244779137959243e+00 7.347705317942951897e-01
8.099999999999218048e+00 1.142375582123645428e+00 6.787302000057168216e-01
8.199999999999207034e+00 1.203144079235092256e+00 6.234750439220838603e-01
8.299999999999196021e+00 1.262231940688669285e+00 5.692602329782747717e-01
8.399999999999185007e+00 1.319329914425935169e+00 5.163344670043044093e-01
8.499999999999173994e+00 1.374139430237818260e+00 4.649387267603662388e-01
8.599999999999162981e+00 1.426374152492824177e+00 4.153050666716577299e-01
8.699999999999151967e+00 1.475761474309494892e+00 3.676554559148149104e-01
8.799999999999140954e+00 1.522043945953529764e+00 3.222006737908881813e-01
8.899999999999129940e+00 1.564980630162178921e+00 2.791392650805571973e-01
8.999999999999118927e+00 1.604348377017133398e+00 2.386565608119957105e-01
9.099999999999107914e+00 1.639943010913493815e+00 2.009237695801298074e-01
9.199999999999096900e+00 1.671580422171695002e+00 1.660971442360799355e-01
9.299999999999085887e+00 1.699097555892989275e+00 1.343172284133740957e-01
9.399999999999074873e+00 1.722353290834208073e+00 1.057081869741480495e-01
9.499999999999063860e+00 1.741229201370410928e+00 8.037722404063396553e-02
9.599999999999052847e+00 1.755630196061220838e+00 5.841409182565366481e-02
9.699999999999041833e+00 1.765485026928327761e+00 3.989069299113528339e-02
9.799999999999030820e+00 1.770746664321882324e+00 2.486077874696955223e-02
9.899999999999019806e+00 1.771392533166466166e+00 1.335974435705388971e-02
9.999999999999008793e+00 1.767424607457893870e+00 5.404523148804143973e-03
1.009999999999899778e+01 1.758869361067703974e+00 9.935795317165907557e-04
1.019999999999898677e+01 1.745777574229605777e+00 1.070009255463858693e-04
1.029999999999897575e+01 1.728223996449171462e+00 2.706687886113019487e-03
1.039999999999896474e+01 1.706306867991308707e+00 8.736641103908503181e-03
1.049999999999895373e+01 1.680147303518400914e+00 1.812334334513310621e-02
1.059999999999894271e+01 1.649888542807247616e+00 3.077623381428891067e-02
1.069999999999893170e+01 1.615695074770906015e+00 4.658827184954461575e-02
1.079999999999892069e+01 1.577751642175824420e+00 6.543658632378365758e-02
1.089999999999890967e+01 1.536262135466944345e+00 8.718320662188704107e-02
1.099999999999889866e+01 1.491448384966255869e+00 1.116758706040239940e-01
1.109999999999888765e+01 1.443548861364408742e+00 1.387489045494198769e-01
1.119999999999887663e+01 1.392817294884447277e+00 1.682241697087503152e-01
1.129999999999886562e+01 1.339521223757738744e+00 1.999120697777804490e-01
1.139999999999885461e+01 1.283940482710599351e+00 2.336126133401543736e-01
1.149999999999884359e+01 1.226365642049914273e+00 2.691165251131927838e-01
1.159999999999883258e+01 1.167096407662813640e+00 3.062063996649064812e-01
1.169999999999882156e+01 1.106439991850318494e+00 3.446578911509754484e-01
1.179999999999881055e+01 1.044709464413968947e+00 3.842409325429794187e-01
1.189999999999879954e+01 9.822220928615784663e-01 4.247209777789806573e-01
1.199999999999878852e+01 9.192976800067788057e-01 4.658602602640596890e-01
1.209999999999877751e+01 8.562569066561530606e-01 5.074190611701442366e-01
1.219999999999876650e+01 7.934196865273250854e-01 5.491569810368139848e-01
1.229999999999875548e+01 7.311035400490963898e-01 5.908342082434656639e-01
1.239999999999874447e+01 6.696219932807696562e-01 6.322127780160862187e-01
1.249999999999873346e+01 6.092830078612969658e-01 6.730578157366657877e-01
1.259999999999872244e+01 5.503874476676886562e-01 7.131387584461219564e-01
1.269999999999871143e+01 4.932275877217812132e-01 7.522305485683138393e-01
1.279999999999870042e+01 4.380856708274871170e-01 7.901147940311299411e-01
1.289999999999868940e+01 3.852325174300419985e-01 8.265808891317072415e-01
1.299999999999867839e+01 3.349261942475914577e-01 8.614270906698973107e-01
1.309999999999866738e+01 2.874107473053278405e-01 8.944615440845927745e-01
1.319999999999865636e+01 2.429150050838752295e-01 9.255032545424802803e-01
1.329999999999864535e+01 2.016514575430087552e-01 9.543829981848417354e-01
1.339999999999863434e+01 1.638152167823241079e-01 9.809441690030841210e-01
1.349999999999862332e+01 1.295830650219383373e-01 1.005043557118785458e+00
1.359999999999861231e+01 9.911259541797942663e-02 1.026552054568592665e+00
1.369999999999860130e+01 7.254145094944171313e-02 1.045355285052839589e+00
1.379999999999859028e+01 4.998666622377338775e-02 1.061354154488220347e+00
1.389999999999857927e+01 3.154411654356296946e-02 1.074465319619044346e+00
1.399999999999856826e+01 1.728807796242003147e-02 1.084621572373317022e+00
1.409999999999855724e+01 7.270901346702049635e-03 1.091772138108042967e+00
1.419999999999854623e+01 1.522802666332857564e-03 1.095882886361742248e+00
1.429999999999853522e+01 5.177088436129900225e-05 1.096936453217004948e+00
1.439999999999852420e+01 2.843593924367788638e-03 1.094932274873371414e+00
1.449999999999851319e+01 9.862002292970325004e-03 1.089886532524804608e+00
1.459999999999850218e+01 2.104892904688258209e-02 1.081832009133172345e+00
1.469999999999849116e+01 3.632488394449182728e-02 1.070817859176758979e+00
1.479999999999848015e+01 5.558943883233150723e-02 1.056909292925413357e+00
1.489999999999846914e+01 7.872182060484093913e-02 1.040187177255306850e+00
1.499999999999845812e+01 1.055816074544697614e-01 1.020747555453730415e+00
1.509999999999844711e+01 1.360095236065022029e-01 9.987010888771785666e-01
1.519999999999843610e+01 1.698283273105392066e-01 9.741724237197053604e-01
1.529999999999842508e+01 2.068437865361864303e-01 9.472994865074567672e-01
1.539999999999841407e+01 2.468457365844157481e-01 9.182327122733245917e-01
1.549999999999840306e+01 2.896092136665984196e-01 8.871342096735906901e-01
1.559999999999839204e+01 3.348956584047397822e-01 8.541768675876859618e-01
1.569999999999838103e+01 3.824541831481853005e-01 8.195434080014506462e-01
1.579999999999837001e+01 4.320228969686240039e-01 7.834253902017126459e-01
1.589999999999835900e+01 4.833302821633976287e-01 7.460221715191932557e-01
1.599999999999834799e+01 5.360966160547138148e-01 7.075398300451071210e-01
1.609999999999833875e+01 5.900354317984689567e-01 6.681900549063584105e-01
1.619999999999832596e+01 6.448550118075039306e-01 6.281890098352802543e-01
1.629999999999831317e+01 7.002599072389559254e-01 5.877561758896430177e-01
1.639999999999830393e+01 7.559524767943873735e-01 5.471131792872684363e-01
1.649999999999829470e+01 8.116344378372588597e-01 5.064826103998727458e-01
1.659999999999828191e+01 8.670084225600924732e-01 4.660868400145433132e-01
1.669999999999826912e+01 9.217795316321694132e-01 4.261468390072011836e-01
1.679999999999825988e+01 9.756568774627752960e-01 3.868810075836362494e-01
1.689999999999825064e+01 1.028355108930061768e+00 3.485040202253651409e-01
1.699999999999823785e+01 1.079595909176818136e+00 3.112256924298533178e-01
1.709999999999822506e+01 1.129109457886766643e+00 2.752498752515755154e-01
1.719999999999821583e+01 1.176635849342380302e+00 2.407733835321626270e-01
1.729999999999820659e+01 1.221926457550006395e+00 2.079849635540965413e-01
1.739999999999819380e+01 1.264745239810973088e+00 1.770643056569438933e-01
1.749999999999818101e+01 1.304869970335745810e+00 1.481811071240197175e-01
1.759999999999817177e+01 1.342093395835178837e+00 1.214941903741137280e-01
1.769999999999816254e+01 1.376224305497223188e+00 9.715068118512663886e-02
1.779999999999814975e+01 1.407088508341399313e+00 7.528525132968096056e-02
1.789999999999813696e+01 1.434529711651413297e+00 5.601942962497862000e-02
1.799999999999812772e+01 1.458410294983878197e+00 3.946098498981479019e-02
1.809999999999811848e+01 1.478611975128735878e+00 2.570338466731496296e-02
1.819999999999810569e+01 1.495036358337076488e+00 1.482533031553150658e-02
1.829999999999809290e+01 1.507605377104482391e+00 6.890374195142850121e-03
1.839999999999808367e+01 1.516261609778091879e+00 1.946617199028017253e-03
1.849999999999807443e+01 1.520968482233558738e+00 2.648997744296441030e-05
1.859999999999806164e+01 1.521710351804479888e+00 1.146617919905458397e-03
1.869999999999804885e+01 1.518492474533680969e+00 5.307770265454624277e-03
1.879999999999803961e+01 1.511340857641213731e+00 1.249489313091979928e-02
1.889999999999803038e+01 1.500301999841540113e+00 2.267722577605055592e-02
1.899999999999801759e+01 1.485442522804404364e+00 3.580849896809872035e-02
1.909999999999800480e+01 1.466848697618518882e+00 5.182721386930216195e-02
1.919999999999799556e+01 1.444625870605141804e+00 7.065699945093162349e-02
1.929999999999798632e+01 1.418897793224596082e+00 9.220704603836137048e-02
1.939999999999797353e+01 1.389805861157471734e+00 1.163726122144338321e-01
1.949999999999796074e+01 1.357508267897032717e+00 1.430356019532895151e-01
1.959999999999795151e+01 1.322179078422212939e+00 1.720652085246578422e-01
1.969999999999794227e+01 1.284007228690976277e+00 2.033186213988756319e-01
1.979999999999792948e+01 1.243195456858270598e+00 2.366417920961072230e-01
1.989999999999791669e+01 1.199959172264821516e+00 2.718702546586632685e-01
1.999999999999790745e+01 1.154525268388138182e+00 3.088299961838492647e-01
2.009999999999789821e+01 1.107130886083865784e+00 3.473383726358178492e-01
2.019999999999788542e+01 1.058022133604298309e+00 3.872050649588349436e-01
2.029999999999787264e+01 1.007452770029431788e+00 4.282330703434883978e-01
2.039999999999786340e+01 9.556828589132438934e-01 4.702197233492476647e-01
2.049999999999785416e+01 9.029773990994505173e-01 5.129577414659017842e-01
2.059999999999784137e+01 8.496049398147390574e-01 5.562362896023169689e-01
2.069999999999782858e+01 7.958361872718032748e-01 5.998420579242055295e-01
2.079999999999781934e+01 7.419426101146843200e-01 6.435603474262132639e-01
2.089999999999781011e+01 6.881950510902903329e-01 6.871761576171734331e-01
2.099999999999779732e+01 6.348623523358579712e-01 7.304752707238347798e-01
2.109999999999778453e+01 5.822100016100608677e-01 7.732453268736209084e-01
2.119999999999777529e+01 5.304988066636550093e-01 8.152768848103872923e-01
2.129999999999776605e+01 4.799836047447026410e-01 8.563644628146078741e-01
2.139999999999775326e+01 4.309120139495474788e-01 8.963075546566762197e-01
2.149999999999774047e+01 3.835232327768395844e-01 9.349116155926431304e-01
2.159999999999773124e+01 3.380468938160771097e-01 9.719890136250620705e-01
2.169999999999772200e+01 2.947019770158373908e-01 1.007359941486856370e+00
2.179999999999770921e+01 2.536957874386878697e-01 1.040853285069444967e+00
2.189999999999769642e+01 2.152230018342580209e-01 1.072307444294118950e+00
2.199999999999768718e+01 1.794647877637770839e-01 1.101571102726169427e+00
2.209999999999767795e+01 1.465879984042831319e-01 1.128503942539702765e+00
2.219999999999766516e+01 1.167444455628336847e-01 1.152977301762805773e+00
2.229999999999765237e+01 9.007025285885102150e-02 1.174874771059547518e+00
2.239999999999764313e+01 6.668529049610127934e-02 1.194092727634759266e+00
2.249999999999763389e+01 4.669269255909209299e-02 1.210540804180375574e+00
2.259999999999762110e+01 3.017845733842728848e-02 1.224142291106990577e+00
2.269999999999760831e+01 1.721113082265681923e-02 1.234834470632911962e+00
2.279999999999759908e+01 7.841573191832344400e-03 1.242568881619380283e+00
2.289999999999758984e+01 2.102807908674360956e-03 1.247311514353288020e+00
2.299999999999757705e+01 9.952822617583340591e-06 1.249042934787248704e+00
2.309999999999756426e+01 1.560232571396835818e-03 1.247758338044567816e+00
2.319999999999755502e+01 6.733071474041450385e-03 1.243467531287517192e+00
2.329999999999754579e+01 1.549026604516665594e-02 1.236194846343096510e+00
2.339999999999753300e+01 2.777623620931121695e-02 1.225978982752770285e+00
2.349999999999752021e+01 4.351835424098404737e-02 1.212872782205530298e+00
2.359999999999751097e+01 6.262735038651098818e-02 1.196942935582388845e+00
2.369999999999750173e+01 8.499779402413266960e-02 1.178269624124783865e+00
2.379999999999748894e+01 1.105086490770706559e-01 1.156946096512877498e+00
2.389999999999747615e+01 1.390239022009773784e-01 1.133078183921821580e+00
2.399999999999746692e+01 1.703932620152998623e-01 1.106783755397208635e+00
2.409999999999745768e+01 2.044529273341741393e-01 1.078192116173306569e+00
2.419999999999744489e+01 2.410264219762565108e-01 1.047443351832322289e+00
2.429999999999743210e+01 2.799254932980374533e-01 1.014687621477341928e+00
2.439999999999742286e+01 3.209510711075526102e-01 9.800844033607436501e-01
2.449999999999741362e+01 3.638942830866669920e-01 9.438016966716374911e-01
2.459999999999740083e+01 4.085375222898379177e-01 9.060151834382847991e-01
2.469999999999738804e+01 4.546555617144911188e-01 8.669073547387732281e-01
2.479999999999737881e+01 5.020167103652736218e-01 8.266666056349557534e-01
2.489999999999736957e+01 5.503840046805221764e-01 7.854863034446980530e-01
2.499999999999735678e+01 5.995164286739506077e-01 7.435638341462282863e-01
2.509999999999734399e+01 6.491701556794806649e-01 7.010996318556572682e-01
2.519999999999733475e+01 6.990998041944784802e-01 6.582961964389248966e-01
2.529999999999732552e+01 7.490597000059389110e-01 6.153571044045160754e-01
2.539999999999731273e+01 7.988051365670760795e-01 5.724860182754116789e-01
2.549999999999729994e+01 8.480936254827575738e-01 5.298856996489359483e-01
2.559999999999729070e+01 8.966861289563921034e-01 4.877570311312705575e-01
2.569999999999728146e+01 9.443482661631477093e-01 4.462980522674744321e-01
2.579999999999726867e+01 9.908514857326385927e-01 4.057030144869013255e-01
2.589999999999725588e+01 1.035974196853798546e+00 3.661614599441240792e-01
2.599999999999724665e+01 1.079502851938297647e+00 3.278573289605549723e-01
2.609999999999723741e+01 1.121232974298436824e+00 2.909681005619013106e-01
2.619999999999722462e+01 1.160970124886252286e+00 2.556639703682700437e-01
2.629999999999721183e+01 1.198530802800756412e+00 2.221070698244167474e-01
2.639999999999720259e+01 1.233743274972887161e+00 1.904507304670763068e-01
2.649999999999719336e+01 1.266448331175106023e+00 1.608387966130673530e-01
2.659999999999718057e+01 1.296499961256692091e+00 1.334049895241943839e-01
2.669999999999716778e+01 1.323765952254577494e+00 1.082723257626106300e-01
2.679999999999715854e+01 1.348128403770150641e+00 8.555259210239533896e-02
2.689999999999714930e+01 1.369484160703585029e+00 6.534587900800108151e-02
2.699999999999713651e+01 1.387745163108188962e+00 4.774017433608436500e-02
2.709999999999712372e+01 1.402838713534484416e+00 3.281101856480549833e-02
2.719999999999711449e+01 1.414707662793270426e+00 2.062122250786478303e-02
2.729999999999710525e+01 1.423310515548110500e+00 1.122064813186079979e-02
2.739999999999709246e+01 1.428621457570091069e+00 4.646052767019600085e-03
2.749999999999707967e+01 1.430630306837556542e+00 9.209966848115446999e-04
2.759999999999707043e+01 1.429342390940882224e+00 5.581371255021842331e-05
2.769999999999706120e+01 1.424778353471673809e+00 2.047644265725941191e-03
2.779999999999704841e+01 1.416973892231007115e+00 6.880529903886610336e-03
2.789999999999703562e+01 1.405979432196974299e+00 1.452556825544268349e-02
2.799999999999702638e+01 1.391859736251715329e+00 2.494112691059103756e-02
2.809999999999701714e+01 1.374693456695354810e+00 3.807311464913685356e-02
2.819999999999700435e+01 1.354572630574239378e+00 5.385530815054832832e-02
2.829999999999699156e+01 1.331602121837468511e+00 7.220973212660290741e-02
2.839999999999698233e+01 1.305899013318288171e+00 9.304709062107621720e-02
2.849999999999697309e+01 1.277591951519873925e+00 1.162672470360140847e-01
2.859999999999696030e+01 1.246820447180954083e+00 1.417597502686519517e-01
2.869999999999694751e+01 1.213734134617000748e+00 1.694044041771186615e-01
2.879999999999693827e+01 1.178491992869079574e+00 1.990718774358012366e-01
2.889999999999692903e+01 1.141261531760560111e+00 2.306243506925635123e-01
2.899999999999691624e+01 1.102217946066337717e+00 2.639161978007246723e-01
2.909999999999690345e+01 1.061543241119616399e+00 2.987946977669941884e-01
2.919999999999689422e+01 1.019425333347223184e+00 3.351007739370374661e-01
2.929999999999688498e+01 9.760571293980624397e-01 3.726697568288292461e-01
2.939999999999687219e+01 9.316355877360236182e-01 4.113321669263136915e-01
2.949999999999685940e+01 8.863607667758000019e-01 4.509145136606837467e-01
2.959999999999685016e+01 8.404348638589481668e-01 4.912401067354274509e-01
2.969999999999684093e+01 7.940612495756462774e-01 5.321298758985003596e-01
2.979999999999682814e+01 7.474435021308603044e-01 5.734031952265630228e-01
2.989999999999681535e+01 7.007844466236463621e-01 6.148787079727604521e-01
2.999999999999680611e+01 6.542852042402806934e-01 6.563751480300642482e-01
3.009999999999679687e+01 6.081442564481532864e-01 6.977121540928733490e-01
3.019999999999678408e+01 5.625565293171361780e-01 7.387110726467159827e-01
3.029999999999677129e+01 5.177125030664521121e-01 7.791957459913360085e-01
3.039999999999676206e+01 4.737973518510705251e-01 8.189932816024030338e-01
3.049999999999675282e+01 4.309901186448981680e-01 8.579347992570137693e-01
3.059999999999674003e+01 3.894629298559117991e-01 8.958561524993674530e-01
3.069999999999672724e+01 3.493802540196010997e-01 9.325986211897022704e-01
3.079999999999671800e+01 3.108982085657292505e-01 9.680095720732421194e-01
3.089999999999670877e+01 2.741639182460177682e-01 1.001943084517088023e+00
3.099999999999669598e+01 2.393149283537286398e-01 1.034260538790790163e+00
3.109999999999668319e+01 2.064786753700751931e-01 1.064831164513497130e+00
3.119999999999667395e+01 1.757720171494805694e-01 1.093532547143653222e+00
3.129999999999666471e+01 1.473008242146738866e-01 1.120251090655530968e+00
3.139999999999665192e+01 1.211596331880302607e-01 1.144882434818692341e+00
3.149999999999663913e+01 9.743136284900108524e-02 1.167331825768995079e+00
3.159999999999662990e+01 7.618709279057812866e-02 1.187514438838651820e+00
3.169999999999662066e+01 5.748590416101313771e-02 1.205355652882190043e+00
3.179999999999660787e+01 4.137478153073831377e-02 1.220791275602550074e+00
3.189999999999659508e+01 2.788857452574011742e-02 1.233767719639517813e+00
3.199999999999658584e+01 1.705001752345935637e-02 1.244242129431921695e+00
3.209999999999657661e+01 8.869805419486533754e-03 1.252182459101403245e+00
3.219999999999656382e+01 3.346723243880595205e-03 1.257567501826995393e+00
3.229999999999655103e+01 4.678272342889396268e-04 1.260386871393613495e+00
3.239999999999653824e+01 2.086748558838724297e-04 1.260640936789932498e+00
3.249999999999653255e+01 2.533601190495278314e-03 1.258340710913219196e+00
3.259999999999651976e+01 7.396039092473135138e-03 1.253507694608326561e+00
3.269999999999650697e+01 1.473888051866125565e-02 1.246173677419815551e+00
3.279999999999650129e+01 2.449487647542079177e-02 1.236380496580758326e+00
3.289999999999648850e+01 3.658707307736655534e-02 1.224179755894520438e+00
3.299999999999647571e+01 5.092928127101301744e-02 1.209632506281983044e+00
3.309999999999646292e+01 6.742657783252069270e-02 1.192808889886112667e+00
3.319999999999645013e+01 8.597583529426937321e-02 1.173787749726962870e+00
3.329999999999644444e+01 1.064662784829923797e-01 1.152656206998918798e+00
3.339999999999643165e+01 1.287800653571668508e-01 1.129509208196567416e+00
3.349999999999641886e+01 1.527928898099569777e-01 1.104449044340841235e+00
3.359999999999641318e+01 1.783746040545637068e-01 1.077584844659384977e+00
3.369999999999640039e+01 2.053898581318807925e-01 1.049032047154433656e+00
3.379999999999638760e+01 2.336987539784519119e-01 1.018911848557810584e+00
3.389999999999637481e+01 2.631575113696381640e-01 9.873506362437209916e-01
3.399999999999636202e+01 2.936191429169040523e-01 9.544794047210418686e-01
3.409999999999635634e+01 3.249341351525741328e-01 9.204331593828595226e-01
3.419999999999634355e+01 3.569511325938764523e-01 8.853503102256414792e-01
3.429999999999633076e+01 3.895176215454808633e-01 8.493720582807244845e-01
3.439999999999632507e+01 4.224806102867260660e-01 8.126417775190445392e-01
3.449999999999631228e+01 4.556873022068986256e-01 7.753043949885366493e-01
3.459999999999629949e+01 4.889857584038473926e-01 7.375057719339119799e-01
3.469999999999628670e+01 5.222255462591206543e-01 6.993920886195446052e-01
3.479999999999627391e+01 5.552583705475671039e-01 6.611092355283465505e-01
3.489999999999626823e+01 5.879386837402772459e-01 6.228022135508893831e-01
3.499999999999625544e+01 6.201242723120095057e-01 5.846145456941940211e-01
3.509999999999624265e+01 6.516768160743093841e-01 5.466877027472270001e-01
3.519999999999623697e+01 6.824624178145199949e-01 5.091605452238773255e-01
3.529999999999622418e+01 7.123521008291064938e-01 4.721687837778574814e-01
3.539999999999621139e+01 7.412222722876030678e-01 4.358444601403976271e-01
3.549999999999619860e+01 7.689551507442079492e-01 4.003154504804644631e-01
3.559999999999618581e+01 7.954391565182813428e-01 3.657049929218806894e-01
3.569999999999618012e+01 8.205692640813136984e-01 3.321312407817911816e-01
3.579999999999616733e+01 8.442473160069395854e-01 2.997068429207179197e-01
3.589999999999615454e+01 8.663822984483369183e-01 2.685385524144948133e-01
3.599999999999614886e+01 8.868905784982181739e-01 2.387268645827710090e-01
3.609999999999613607e+01 9.056961041465430018e-01 2.103656852325493376e-01
3.619999999999612328e+01 9.227305678694527336e-01 1.835420298053237198e-01
3.629999999999611049e+01 9.379335351617974492e-01 1.583357539534553937e-01
3.639999999999609770e+01 9.512525395466552292e-01 1.348193159162177912e-01
3.649999999999609201e+01 9.626431457661250857e-01 1.130575709212865571e-01
3.659999999999607923e+01 9.720689829673694327e-01 9.310759770411902725e-02
3.669999999999606644e+01 9.795017497551316010e-01 7.501855711504643032e-02
3.679999999999606075e+01 9.849211929816050759e-01 5.883158267439778794e-02
3.689999999999604796e+01 9.883150620953990995e-01 4.457970283705811609e-02
3.699999999999603517e+01 9.896790407760815977e-01 3.228779464147634587e-02
3.709999999999602238e+01 9.890166574468939320e-01 2.197256834117710181e-02
3.719999999999600959e+01 9.863391760975754874e-01 1.364258255040773186e-02
3.729999999999600391e+01 9.816654686583198286e-01 7.298289376622921557e-03
3.739999999999599112e+01 9.750218699721930893e-01 2.932108960932271365e-03
3.749999999999597833e+01 9.664420162039275564e-01 5.285328012048782272e-04
3.759999999999597264e+01 9.559666673255488023e-01 6.425519005715199668e-05
3.769999999999595985e+01 9.436435141283257000e-01 1.508332059863862163e-03
3.779999999999594706e+01 9.295269700380102140e-01 4.822366487833429707e-03
3.789999999999593427e+01 9.136779478624096340e-01 9.960720074865094323e-03
3.799999999999592148e+01 8.961636214794860278e-01 1.687074937123558827e-02
3.809999999999591580e+01 8.770571723837357059e-01 2.549306647930087502e-02
3.819999999999590301e+01 8.564375209522938626e-01 3.576182291769314237e-02
3.829999999999589022e+01 8.343890422681379260e-01 4.760501578244141080e-02
3.839999999999588454e+01 8.110012663467522920e-01 6.094481518804947817e-02
3.849999999999587175e+01 7.863685626528554851e-01 7.569791191554030296e-02
3.859999999999585896e+01 7.605898088609295282e-01 9.177588413546594603e-02
3.869999999999584617e+01 7.337680439097262752e-01 1.090855820118283026e-01
3.879999999999583338e+01 7.060101055126462022e-01 1.275295289288272127e-01
3.889999999999582769e+01 6.774262524219796244e-01 1.470063380165088363e-01
3.899999999999581490e+01 6.481297718876994907e-01 1.674111425851336210e-01
3.909999999999580211e+01 6.182365729120327114e-01 1.886360390114984742e-01
3.919999999999579643e+01 5.878647660571596489e-01 2.105705405554631759e-01
3.929999999999578364e+01 5.571342307339198774e-01 2.331020405209762725e-01
3.939999999999577085e+01 5.261661710574851991e-01 2.561162831158321218e-01
3.949999999999575806e+01 4.950826615215587756e-01 2.794978403068253403e-01
3.959999999999574527e+01 4.640061838954336326e-01 3.031305929149862854e-01
3.969999999999573959e+01 4.330591568996152163e-01 3.268982141480684667e-01
3.979999999999572680e+01 4.023634603548775779e-01 3.506846537266824493e-01
3.989999999999571401e+01 3.720399556325427182e-01 3.743746207256015701e-01
3.999999999999570832e+01 3.422080043535517535e-01 3.978540632263105059e-01
4.009999999999569553e+01 3.129849873942330829e-01 4.210106428559805547e-01
4.019999999999568274e+01 2.844858263518180164e-01 4.437342022803499320e-01
4.029999999999566995e+01 2.568225097058889350e-01 4.659172237160498775e-01
4.039999999999565716e+01 2.301036259776030046e-01 4.874552765365937623e-01
4.049999999999565148e+01 2.044339062379092742e-01 5.082474520666744322e-01
4.059999999999563869e+01 1.799137783449361594e-01 5.281967836883668665e-01
4.069999999999562590e+01 1.566389352995129491e-01 5.472106504237206348e-01
4.079999999999562021e+01 1.346999200928066520e-01 5.652011622105368449e-01
4.089999999999560742e+01 1.141817293798591676e-01 5.820855251503542771e-01
4.099999999999559464e+01 9.516343824748256519e-02 5.977863850830543724e-01
4.109999999999558185e+01 7.771784825083950798e-02 6.122321479265941946e-01
4.119999999999556906e+01 6.191116077289412351e-02 6.253572753170553167e-01
4.129999999999556337e+01 4.780267761279650279e-02 6.371025541895999345e-01
4.139999999999555058e+01 3.544453053585536195e-02 6.474153390570944744e-01
4.149999999999553779e+01 2.488144132147076040e-02 6.562497658653729804e-01
4.159999999999553211e+01 1.615051362883217212e-02 6.635669364373086854e-01
4.169999999999551932e+01 9.281057768476848671e-03 6.693350726536674289e-01
4.179999999999550653e+01 4.294449225824467295e-03 6.735296396614643966e-01
4.189999999999549374e+01 1.204021536309165695e-03 6.761334375462554336e-01
4.199999999999548095e+01 1.499386740629803898e-05 6.771366610516910134e-01
4.209999999999547526e+01 7.244334269701029581e-04 6.765369270774328481e-01
4.219999999999546247e+01 3.321252596463375884e-03 6.743392698334247370e-01
4.229999999999544968e+01 7.786240487827785807e-03 6.705561036727099022e-01
4.239999999999544400e+01 1.409212844915370619e-02 6.652071537635049214e-01
4.249999999999543121e+01 2.220368890110240717e-02 6.583193549002561706e-01
4.259999999999541842e+01 3.207786677594003794e-02 6.499267188802945183e-01
4.269999999999540563e+01 4.366394275529088959e-02 6.400701709983378507e-01
4.279999999999539284e+01 5.690372746060589487e-02 6.287973563294156909e-01
4.289999999999538716e+01 7.173178573939852087e-02 6.161624165813474052e-01
4.299999999999537437e+01 8.807569020650299341e-02 6.022257384043511186e-01
4.309999999999536158e+01 1.058563032364713552e-01 5.870536741467062836e-01
4.319999999999535589e+01 1.249880866540521857e-01 5.707182361400939818e-01
4.329999999999534310e+01 1.453794384251003990e-01 5.532967656928815536e-01
4.339999999999533031e+01 1.669330557017053296e-01 5.348715780573926049e-01
4.349999999999531752e+01 1.895463236123319517e-01 5.155295847289439459e-01
4.359999999999530473e+01 2.131117292020094367e-01 4.953618945199673163e-01
4.369999999999529905e+01 2.375172999091905157e-01 4.744633949431103503e-01
4.379999999999528626e+01 2.626470659088687154e-01 4.529323155265692069e-01
4.389999999999527347e+01 2.883815455488731305e-01 4.308697747748067020e-01
4.399999999999526779e+01 3.145982529556771712e-01 4.083793125825868064e-01
4.409999999999525500e+01 3.411722266866146214e-01 3.855664100002508810e-01
4.419999999999524221e+01 3.679765780575771084e-01 3.625379983448859256e-01
4.429999999999522942e+01 3.948830574856929676e-01 3.394019597415080525e-01
4.439999999999521663e+01 4.217626368614391663e-01 3.162666212700432355e-01
4.449999999999521094e+01 4.484861056133373491e-01 2.932402449770303843e-01
4.459999999999519815e+01 4.749246777655508067e-01 2.704305160909136196e-01
4.469999999999518536e+01 5.009506069241057569e-01 2.479440318470161608e-01
4.479999999999517968e+01 5.264378057804421918e-01 2.258857933869139467e-01
4.489999999999516689e+01 5.512624664029320831e-01 2.043587032393354153e-01
4.499999999999515410e+01 5.753036773160978834e-01 1.834630709164456752e-01
4.509999999999514131e+01 5.984440331537776991e-01 1.632961291678751425e-01
4.519999999999512852e+01 6.205702325323689816e-01 1.439515634221900653e-01
4.529999999999512283e+01 6.415736597305111699e-01 1.255190569120589184e-01
4.539999999999511004e+01 6.613509457873323338e-01 1.080838539231408629e-01
4.549999999999509726e+01 6.798045047506316996e-01 9.172634352788162915e-02
4.559999999999509157e+01 6.968430410119508256e-01 7.652166606469711085e-02
4.569999999999507878e+01 7.123820239580744840e-01 6.253934450064491113e-02
4.579999999999506599e+01 7.263441265372930777e-01 4.984294267448394211e-02
4.589999999999505320e+01 7.386596247701918694e-01 3.848975225734447420e-02
4.599999999999504041e+01 7.492667557214005569e-01 2.853051009479698127e-02
4.609999999999503473e+01 7.581120319648683159e-01 2.000914740771083528e-02
4.619999999999502194e+01 7.651505111091917444e-01 1.296257213483616513e-02
4.629999999999500915e+01 7.703460194800427763e-01 7.420485499663898032e-03
4.639999999999500346e+01 7.736713295681074687e-01 3.405233681501411858e-03
4.649999999999499067e+01 7.751082913209758063e-01 9.316952690167488354e-04
4.659999999999497788e+01 7.746479177779345138e-01 7.204976211327309460e-06
4.669999999999496509e+01 7.722904259006270200e-01 6.315139085878053579e-04
4.679999999999495230e+01 7.680452337329537471e-01 2.796786482956754340e-03
4.689999999999494662e+01 7.619309152275312025e-01 6.487633929301847742e-03
4.699999999999493383e+01 7.539751141985110428e-01 1.168118413822962463e-02
4.709999999999492104e+01 7.442144189110461161e-01 1.834718746298837078e-02
4.719999999999491536e+01 7.326941987939290524e-01 2.644815794055691352e-02
4.729999999999490257e+01 7.194684046876191896e-01 3.593954926110267539e-02
4.739999999999488978e+01 7.045993339147733625e-01 4.676996468795373979e-02
4.749999999999487699e+01 6.881573613086366947e-01 5.888140000959653231e-02
4.759999999999486420e+01 6.702206371693811837e-01 7.220951848956579100e-02
4.769999999999485851e+01 6.508747529597510573e-01 8.668395666730678573e-02
4.779999999999484572e+01 6.302123754088193586e-01 1.022286597519934670e-01
4.789999999999483293e+01 6.083328495889680498e-01 1.187622452398487127e-01
4.799999999999482725e+01 5.853417714749854506e-01 1.361983932729564084e-01
4.809999999999481446e+01 5.613505304939679919e-01 1.544462621427507010e-01
4.819999999999480167e+01 5.364758226385436535e-01 1.734109272240804689e-01
4.829999999999478888e+01 5.108391348469274451e-01 1.929938415066204394e-01
4.839999999999477609e+01 4.845662015473154449e-01 2.130933157686733803e-01
4.849999999999477041e+01 4.577864345190202355e-01 2.336050163171543292e-01
4.859999999999475762e+01 4.306323275249065996e-01 2.544224780972393907e-01
4.869999999999474483e+01 4.032388375159369764e-01 2.754376308570602450e-01
4.879999999999473914e+01 3.757427445757151041e-01 2.965413359419345474e-01
4.889999999999472635e+01 3.482819931513156386e-01 3.176239311875430071e-01
4.899999999999471356e+01 3.209950174908441922e-01 3.385757812880271223e-01
4.909999999999470077e+01 2.940200545579770841e-01 3.592878309343314203e-01
4.919999999999468798e+01 2.674944480106298816e-01 3.796521579513109645e-01
4.929999999999468230e+01 2.415539470983934789e-01 3.995625236136964298e-01
4.939999999999466951e+01 2.163320045428883398e-01 4.189149172899547802e-01
4.949999999999465672e+01 1.919590776121411213e-01 4.376080925517011333e-01
4.959999999999465103e+01 1.685619366780351513e-01 4.555440918964008823e-01
4.969999999999463824e+01 1.462629855576187410e-01 4.726287572595994080e-01
4.979999999999462545e+01 1.251795978885380245e-01 4.887722235419004191e-01
4.989999999999461266e+01 1.054234736803326966e-01 5.038893924456669948e-01
4.999999999999459988e+01 8.710002002947297983e-02 5.179003840012932347e-01
5.009999999999459419e+01 7.030775979497760897e-02 5.307309632665525578e-01
5.019999999999458140e+01 5.513777181729728055e-02 5.423129397999288948e-01
5.029999999999456861e+01 4.167316603613727133e-02 5.525845376393879738e-01
5.039999999999456293e+01 2.998859663622371538e-02 5.614907336612263711e-01
5.049999999999455014e+01 2.014981613125379004e-02 5.689835623450799629e-01
5.059999999999453735e+01 1.221327309465988775e-02 5.750223851330088509e-01
5.069999999999452456e+01 6.225756064154125413e-03 5.795741227388994110e-01
5.079999999999451177e+01 2.224085987617854896e-03 5.826134489416485707e-01
5.089999999999450608e+01 2.348594377792728163e-04 5.841229445773022944e-01
5.099999999999449329e+01 2.742446971060285405e-04 5.840932106352944020e-01
5.109999999999448050e+01 2.347832693791829760e-03 5.825229395626826401e-01
5.119999999999447482e+01 6.450544643747922920e-03 5.794189440815984415e-01
5.129999999999446203e+01 1.256659810954450021e-02 5.747961430420059914e-01
5.139999999999444924e+01 2.066953301196685494e-02 5.686775040498811551e-01
5.149999999999443645e+01 3.072229891007911828e-02 5.610939428443085797e-01
5.159999999999442366e+01 4.267740458967222289e-02 5.520841796365812959e-01
5.169999999999441798e+01 5.647713065787031417e-02 5.416945528733377868e-01
5.179999999999440519e+01 7.205380542723958948e-02 5.299787911444754362e-01
5.189999999999439240e+01 8.933014388316792842e-02 5.169977442220926589e-01
5.199999999999438671e+01 1.082196489654468213e-01 5.028190744854600380e-01
5.209999999999437392e+01 1.286270737654529872e-01 4.875169102628366113e-01
5.219999999999436113e+01 1.504489425553125204e-01 4.711714628921422898e-01
5.229999999999434834e+01 1.735741278406382482e-01 4.538686095721564673e-01
5.239999999999433555e+01 1.978844798835101282e-01 4.356994443378690018e-01
5.249999999999432987e+01 2.232555043999715771e-01 4.167597997415059541e-01
5.259999999999431708e+01 2.495570834211209288e-01 3.971497420527368427e-01
5.269999999999430429e+01 2.766542336447274097e-01 3.769730430027569690e-01
5.279999999999429861e+01 3.044078960198168260e-01 3.563366312813512349e-01
5.289999999999428582e+01 3.326757498238409605e-01 3.353500271499930685e-01
5.299999999999427303e+01 3.613130441304654994e-01 3.141247636584326708e-01
5.309999999999426024e+01 3.901734393417422009e-01 2.927737980356903136e-01
5.319999999999424745e+01 4.191098513846545082e-01 2.714109168783094828e-01
5.329999999999424176e+01 4.479752912485592264e-01 2.501501387665228116e-01
5.339999999999422897e+01 4.766236927726151817e-01 2.291051179140489169e-01
5.349999999999421618e+01 5.049107219684667580e-01 2.083885523915681992e-01
5.359999999999421050e+01 5.326945616705007769e-01 1.881116003654564883e-01
5.369999999999419771e+01 5.598366659289706337e-01 1.683833076626796987e-01
5.379999999999418492e+01 5.862024792703237619e-01 1.493100498145177590e-01
5.389999999999417213e+01 6.116621167243515567e-01 1.309949915494143802e-01
5.399999999999415934e+01 6.360910013241505290e-01 1.135375665051836791e-01
5.409999999999415365e+01 6.593704565980995635e-01 9.703297971653890297e-02
5.419999999999414086e+01 6.813882523595687912e-01 8.157173521132692062e-02
5.429999999999412807e+01 7.020391028359660446e-01 6.723919082280867265e-02
5.439999999999412239e+01 7.212251168400601875e-01 5.411514209990293117e-02
5.449999999999410960e+01 7.388562002509427851e-01 4.227343697701229502e-02
5.459999999999409681e+01 7.548504115318185326e-01 3.178162265236181977e-02
5.469999999999408402e+01 7.691342713495168404e-01 2.270062592215587108e-02
5.479999999999407123e+01 7.816430275852335186e-01 1.508446802776119457e-02
5.489999999999406555e+01 7.923208771271664785e-01 8.980014896458169554e-03
5.499999999999405276e+01 8.011211458383371564e-01 4.426763491986020725e-03
5.509999999999403997e+01 8.080064279945561312e-01 1.456664839043522036e-03
5.519999999999403428e+01 8.129486863197142865e-01 9.398414419364697220e-05
5.529999999999402149e+01 8.159293135185524681e-01 3.551983024675198718e-04
5.539999999999400870e+01 8.169391559535903458e-01 2.248930951915357416e-03
5.549999999999399591e+01 8.159784998443365689e-01 5.775925114942734480e-03
5.559999999999398312e+01 8.130570201174008860e-01 1.092905334292463594e-02
5.569999999999397744e+01 8.081936918163099559e-01 1.769336515692339351e-02
5.579999999999396465e+01 8.014166638190660663e-01 2.604617145026833294e-02
5.589999999999395186e+01 7.927630945080145208e-01 3.595716538663521616e-02
5.599999999999394618e+01 7.822789490178402305e-01 4.738857918900388905e-02
5.609999999999393339e+01 7.700187577485676504e-01 6.029537606988512322e-02
5.619999999999392060e+01 7.560453359697020259e-01 7.462547640180006159e-02
5.629999999999390781e+01 7.404294645688839216e-01 9.032001706967203447e-02
5.639999999999389502e+01 7.232495322852924291e-01 1.073136427850173158e-01
5.649999999999388933e+01 7.045911401244729921e-01 1.255348279777305509e-01
5.659999999999387654e+01 6.845466690442497670e-01 1.449062277163180312e-01
5.669999999999386375e+01 6.632148124249394039e-01 1.653450559454653634e-01
5.679999999999385807e+01 6.407000752731175641e-01 1.867634891721682566e-01
5.689999999999384528e+01 6.171122425311614812e-01 2.090690935822974161e-01
5.699999999999383249e+01 5.925658192695009152e-01 2.321652734303335242e-01
5.709999999999381970e+01 5.671794459004304567e-01 2.559517384190596045e-01
5.719999999999380691e+01 5.410752918641995590e-01 2.803249876746681801e-01
5.729999999999380123e+01 5.143784314884713993e-01 3.051788078292090867e-01
5.739999999999378844e+01 4.872162059074641727e-01 3.304047826453671011e-01
5.749999999999377565e+01 4.597175750392644700e-01 3.558928115624325761e-01
5.759999999999376996e+01 4.320124636679097962e-01 3.815316345037439993e-01
5.769999999999375717e+01 4.042311056558734461e-01 4.072093602671602031e-01
5.779999999999374438e+01 3.765033902362741602e-01 4.328139958201990822e-01
5.789999999999373159e+01 3.489582142067650938e-01 4.582339738379042071e-01
5.799999999999371880e+01 3.217228436813850401e-01 4.833586758550921791e-01
5.809999999999371312e+01 2.949222888599183912e-01 5.080789484531306188e-01
5.819999999999370033e+01 2.686786950633172077e-01 5.322876099635539537e-01
5.829999999999368754e+01 2.431107530600134237e-01 5.558799452429957766e-01
5.839999999999368185e+01 2.183331314890788188e-01 5.787541861595897341e-01
5.849999999999366906e+01 1.944559339725206726e-01 6.008119755244287763e-01
5.859999999999365627e+01 1.715841833087489166e-01 6.219588123017311121e-01
5.869999999999364348e+01 1.498173349546997046e-01 6.421044760430341114e-01
5.879999999999363069e+01 1.292488218360846874e-01 6.611634286039730357e-01
5.889999999999362501e+01 1.099656323704867183e-01 6.790551913261595463e-01
5.899999999999361222e+01 9.204792344715273522e-02 6.957046959944355180e-01
5.909999999999359943e+01 7.556866997194097713e-02 7.110426080134686355e-01
5.919999999999359375e+01 6.059335245353501820e-02 7.250056203892482065e-01
5.929999999999358096e+01 4.717968397085013643e-02 7.375367172464715182e-01
5.939999999999356817e+01 3.537737771643030549e-02 7.485854057652587823e-01
5.949999999999355538e+01 2.522795615203153943e-02 7.581079155804163472e-01
5.959999999999354259e+01 1.676460263651829985e-02 7.660673648479100484e-01
5.969999999999353690e+01 1.001205619075330906e-02 7.724338923562745762e-01
5.979999999999352411e+01 4.986549848428277129e-03 7.771847552305615192e-01
5.989999999999351132e+01 1.695792806783666135e-03 7.803043919570291642e-01
5.999999999999350564e+01 1.389963396376539474e-04 7.817844506355288159e-01
6.009999999999349285e+01 3.069431708078091997e-04 7.816237825486991309e-01
6.019999999999348006e+01 2.182099734226305467e-03 7.798284013181778773e-01
6.029999999999346727e+01 5.738770473543621659e-03 7.764114080976629584e-01
6.039999999999345448e+01 1.094329306509048833e-02 7.713928834304951687e-01
6.049999999999344880e+01 1.775427318982485472e-02 7.647997465694523767e-01
6.059999999999343601e+01 2.612285723792908201e-02 7.566655832247336511e-01
6.069999999999342322e+01 3.599304110877147439e-02 7.470304428609325642e-01
6.079999999999341753e+01 4.730201307250941206e-02 7.359406068167116954e-01
6.089999999999340474e+01 5.998052848962897449e-02 7.234483286583949235e-01
6.099999999999339195e+01 7.395331404205758574e-02 7.096115483091262055e-01
6.109999999999337916e+01 8.913949901272937015e-02 6.944935816129074180e-01
6.119999999999336637e+01 1.054530710577026020e-01 6.781627871016376874e-01
6.129999999999336069e+01 1.228033538426605009e-01 6.606922118280487144e-01
6.139999999999334790e+01 1.410955038589743749e-01 6.421592182132407345e-01
6.149999999999333511e+01 1.602310236902863838e-01 6.226450939315640865e-01
6.159999999999332942e+01 1.801082889621202221e-01 6.022346469187441764e-01
6.169999999999331664e+01 2.006230861723601877e-01 5.810157876433919011e-01
6.179999999999330385e+01 2.216691585646233531e-01 5.590791008239442972e-01
6.189999999999329106e+01 2.431387571685952320e-01 5.365174088059764257e-01
6.199999999999327827e+01 2.649231940903377658e-01 5.134253288402076398e-01
6.209999999999327258e+01 2.869133950922218013e-01 4.898988265110615359e-01
6.219999999999325979e+01 3.090004484599517265e-01 4.660347675710392878e-01
6.229999999999324700e+01 3.310761471167620873e-01 4.419304704274251705e-01
6.239999999999324132e+01 3.530335209177336009e-01 4.176832615072513244e-01
6.249999999999322853e+01 3.747673560471887488e-01 3.933900356968020318e-01
6.259999999999321574e+01 3.961746984569792795e-01 3.691468240066362871e-01
6.269999999999320295e+01 4.171553383272334492e-01 3.450483705578317739e-01
6.279999999999319016e+01 4.376122726156479459e-01 3.211877209128126687e-01
6.289999999999318447e+01 4.574521428855909955e-01 2.976558236922141609e-01
6.299999999999317168e+01 4.765856457768273824e-01 2.745411473188921758e-01
6.309999999999315889e+01 4.949279137046403432e-01 2.519293136212557016e-01
6.319999999999315321e+01 5.123988636425839127e-01 2.299027499014487941e-01
6.329999999999314042e+01 5.289235121610308399e-01 2.085403609394227142e-01
6.339999999999312763e+01 5.444322552509686108e-01 1.879172222559223893e-01
6.349999999999311484e+01 5.588611118516011445e-01 1.681042958026646439e-01
6.359999999999310205e+01 5.721519304157210994e-01 1.491681690844137986e-01
6.369999999999309637e+01 5.842525582724945599e-01 1.311708185512203140e-01
6.379999999999308358e+01 5.951169739730580721e-01 1.141693979292881800e-01
6.389999999999307079e+01 6.047053832191980893e-01 9.821605198937004289e-02
6.399999999999306510e+01 6.129842793620763342e-01 8.335775608600441700e-02
6.409999999999305942e+01 6.199264698081868863e-01 6.963618163888184165e-02
6.419999999999303952e+01 6.255110699726948997e-01 5.708758757434489323e-02
6.429999999999301963e+01 6.297234666646382983e-01 4.574273760049560322e-02
6.439999999999301394e+01 6.325552529700235738e-01 3.562684305566145293e-02
6.449999999999300826e+01 6.340041368186303261e-01 2.675953094876470234e-02
6.459999999999300258e+01 6.340738254650803984e-01 1.915483670142246325e-02
6.469999999999298268e+01 6.327738881066747867e-01 1.282122100577615109e-02
6.479999999999297700e+01 6.301195987837221457e-01 7.761610129410480112e-03
6.489999999999295710e+01 6.261317615901441647e-01 3.973458927817434018e-03
6.499999999999295142e+01 6.208365200584515797e-01 1.448835765374919355e-03
6.509999999999294573e+01 6.142651523949247405e-01 1.745284959705926324e-04
6.519999999999292584e+01 6.064538540345624229e-01 1.321706129512703913e-04
6.529999999999292015e+01 5.974435087802537625e-01 1.298386643259989877e-03
6.539999999999290026e+01 5.872794495906737966e-01 3.644955830831914621e-03
6.549999999999289457e+01 5.760112099069424341e-01 7.138993127986836135e-03
6.559999999999288889e+01 5.636922662603623957e-01 1.174314648930517742e-02
6.569999999999286899e+01 5.503797727959328645e-01 1.741580943915657653e-02
6.579999999999286331e+01 5.361342882797727194e-01 2.411134786087546639e-02
6.589999999999285762e+01 5.210194961343903586e-01 3.178033993206803159e-02
6.599999999999283773e+01 5.051019180665032859e-01 4.036982810651075504e-02
6.609999999999283204e+01 4.884506219089954082e-01 4.982358201913276302e-02
6.619999999999282636e+01 4.711369243883501423e-01 6.008237116661738902e-02
6.629999999999280647e+01 4.532340896410812503e-01 7.108424619399604516e-02
6.639999999999280078e+01 4.348170244292040021e-01 8.276482759737245620e-02
6.649999999999278089e+01 4.159619711323402913e-01 9.505760063646602476e-02
6.659999999999277520e+01 3.967461997125383832e-01 1.078942152389840287e-01
6.669999999999276952e+01 3.772476999473611814e-01 1.212047896729021995e-01
6.679999999999274962e+01 3.575448752975166622e-01 1.349182167641642671e-01
6.689999999999274394e+01 3.377162398070345795e-01 1.489624714457715160e-01
6.699999999999272404e+01 3.178401194269689367e-01 1.632649184415555510e-01
6.709999999999271836e+01 2.979943590987557678e-01 1.777526189129184642e-01
6.719999999999271267e+01 2.782560368357259728e-01 1.923526349300046234e-01
6.729999999999269278e+01 2.587011859025190597e-01 2.069923306690923115e-01
6.739999999999268709e+01 2.394045260155433508e-01 2.215996692843174298e-01
6.749999999999268141e+01 2.204392042867147072e-01 2.361035044535328975e-01
6.759999999999266151e+01 2.018765464134162635e-01 2.504338656517696160e-01
6.769999999999265583e+01 1.837858183928884059e-01 2.645222362620070489e-01
6.779999999999265015e+01 1.662339988233579868e-01 2.783018236877252138e-01
6.789999999999263025e+01 1.492855616575794464e-01 2.917078206845331034e-01
6.799999999999262457e+01 1.330022691097386967e-01 3.046776571765421604e-01
6.809999999999260467e+01 1.174429742948552013e-01 3.171512418662114641e-01
6.819999999999259899e+01 1.026634331086309915e-01 3.290711929825756998e-01
6.829999999999259330e+01 8.871612484104947349e-02 3.403830575419899973e-01
6.839999999999257341e+01 7.565008106226338291e-02 3.510355185165703329e-01
6.849999999999256772e+01 6.351072242310649985e-02 3.609805893202334137e-01
6.859999999999254783e+01 5.233970317215063534e-02 3.701737950295869717e-01
6.869999999999254214e+01 4.217476339859153878e-02 3.785743397601209481e-01
6.879999999999253646e+01 3.304958925660657354e-02 3.861452596177886165e-01
6.889999999999251656e+01 2.499368169819336100e-02 3.928535606439959582e-01
6.899999999999251088e+01 1.803223452523639372e-02 3.986703411726523760e-01
6.909999999999250520e+01 1.218602285055067624e-02 4.035708980197781348e-01
6.919999999999248530e+01 7.471303316751843823e-03 4.075348159380770552e-01
6.929999999999247962e+01 3.899727644865803085e-03 4.105460397855708043e-01
6.939999999999247393e+01 1.478271257439681954e-03 4.125929288879832124e-01
6.949999999999245404e+01 2.091788306676216238e-04 4.136682931158764398e-01
6.959999999999244835e+01 8.992866723243302508e-05 4.137694102550716901e-01
6.969999999999242846e+01 1.113217739260222595e-03 4.128980243178902998e-01
6.979999999999242277e+01 3.266969126244145989e-03 4.110603245317119292e-01
6.989999999999241709e+01 6.534363366835521658e-03 4.082669048377756127e-01
6.999999999999239719e+01 1.089389496091519756e-02 4.045327038512311346e-01
7.009999999999239151e+01 1.631945490794292283e-02 3.998769253541636925e-01
7.019999999999237161e+01 2.278043976119851349e-02 3.943229395311181329e-01
7.029999999999236593e+01 3.024188723001794074e-02 3.878981652943828129e-01
7.039999999999236024e+01 3.866463789043081412e-02 3.806339341908822616e-01
7.049999999999234035e+01 4.800552208699473966e-02 3.725653365258944638e-01
7.059999999999233466e+01 5.821757064378092761e-02 3.637310504773269559e-01
7.069999999999232898e+01 6.925024756878063459e-02 3.541731551069654538e-01
7.079999999999230909e+01 8.104970254993074108e-02 3.439369282965291097e-01
7.089999999999230340e+01 9.355904071785720033e-02 3.330706307452533377e-01
7.099999999999229772e+01 1.067186069015448879e-01 3.216252772579153429e-01
7.109999999999227782e+01 1.204662814368224893e-01 3.096543966282366278e-01
7.119999999999227214e+01 1.347377845098038929e-01 2.972137814782607190e-01
7.129999999999225224e+01 1.494669860263694583e-01 2.843612294529895279e-01
7.139999999999224656e+01 1.645862180948259035e-01 2.711562771860015486e-01
7.149999999999224087e+01 1.800265873816455642e-01 2.576599284528368061e-01
7.159999999999222098e+01 1.957182848432115763e-01 2.439343779104891086e-01
7.169999999999221529e+01 2.115908906341808782e-01 2.300427317891781398e-01
7.179999999999219540e+01 2.275736723335686773e-01 2.160487268560572771e-01
7.189999999999218971e+01 2.435958749948171909e-01 2.020164489149615106e-01
7.199999999999218403e+01 2.595870019023999720e-01 1.880100520414809406e-01
7.209999999999216413e+01 2.754770852866412767e-01 1.740934796838471410e-01
7.219999999999215845e+01 2.911969465976241844e-01 1.603301886891443373e-01
7.229999999999215277e+01 3.066784462541820022e-01 1.467828772429747020e-01
7.239999999999213287e+01 3.218547230558502226e-01 1.335132176426097050e-01
7.249999999999212719e+01 3.366604236628907842e-01 1.205815947598113114e-01
7.259999999999212150e+01 3.510319227117142393e-01 1.080468509919395165e-01
7.269999999999210161e+01 3.649075342332320782e-01 9.596603844915604919e-02
7.279999999999209592e+01 3.782277150828275425e-01 8.439417908257938750e-02
7.289999999999207603e+01 3.909352610754446844e-01 7.338403342322617762e-02
7.299999999999207034e+01 4.029754964541039652e-01 6.298587857398275924e-02
7.309999999999206466e+01 4.142964572089106734e-01 5.324729607572471074e-02
7.319999999999204476e+01 4.248490686209147604e-01 4.421297025415177329e-02
7.329999999999203908e+01 4.345873172348111435e-01 3.592449764311775318e-02
7.339999999999201918e+01 4.434684172808621150e-01 2.842020807318748968e-02
7.349999999999201350e+01 4.514529713764245389e-01 2.173499800861287273e-02
7.359999999999200782e+01 4.585051251536829131e-01 1.590017671038465238e-02
7.369999999999198792e+01 4.645927152853594477e-01 1.094332579666609274e-02
7.379999999999198224e+01 4.696874102289907427e-01 6.888172762604334413e-03
7.389999999999197655e+01 4.737648428786295218e-01 3.754479008914815737e-03
7.399999999999195666e+01 4.768047342132783473e-01 1.557942911267320161e-03
7.409999999999195097e+01 4.787910069570854854e-01 3.101184401169780874e-04
7.419999999999194529e+01 4.797118882247801142e-01 1.834981245458549768e-05
7.429999999999192539e+01 4.795600001092578668e-01 6.857226230762481943e-04
7.439999999999191971e+01 4.783324371777913919e-01 2.311031863193335669e-03
7.449999999999189981e+01 4.760308298751494971e-01 4.888767188814441972e-03
7.459999999999189413e+01 4.726613928767983697e-01 8.409115750593068594e-03
7.469999999999188844e+01 4.682349574977722750e-01 1.285798284117664267e-02
7.479999999999186855e+01 4.627669873282164170e-01 1.821703055595297674e-02
7.489999999999186286e+01 4.562775763386868744e-01 2.446373459896772698e-02
7.499999999999184297e+01 4.487914287712994610e-01 3.157145929809124923e-02
7.509999999999183729e+01 4.403378202019596621e-01 3.950955082265652368e-02
7.519999999999183160e+01 4.309505392280992830e-01 4.824344852314847720e-02
7.529999999999181171e+01 4.206678093019899367e-01 5.773481423618856412e-02
7.539999999999180602e+01 4.095321902921406632e-01 6.794167931950882700e-02
7.549999999999180034e+01 3.975904594225293520e-01 7.881860910050177138e-02
7.559999999999178044e+01 3.848934713035968014e-01 9.031688433905402102e-02
7.569999999999177476e+01 3.714959968477030139e-01 1.023846992198913508e-01
7.579999999999176907e+01 3.574565409432955421e-01 1.149673753025113321e-01
7.589999999999174918e+01 3.428371388622576399e-01 1.280075907678269453e-01
7.599999999999174349e+01 3.277031314914964355e-01 1.414456242097970606e-01
7.609999999999172360e+01 3.121229196120040572e-01 1.552196121285180364e-01
7.619999999999171791e+01 2.961676976066514033e-01 1.692658191889359620e-01
7.629999999999171223e+01 2.799111671518738631e-01 1.835189202168281408e-01
7.639999999999169233e+01 2.634292316446708582e-01 1.979122928119645408e-01
7.649999999999168665e+01 2.467996723277081084e-01 2.123783193695913951e-01
7.659999999999166675e+01 2.301018073001659947e-01 2.268486972142634839e-01
7.669999999999166107e+01 2.134161348341194198e-01 2.412547554688414253e-01
7.679999999999165539e+01 1.968239626492196415e-01 2.555277772057825136e-01
7.689999999999163549e+01 1.804070250261704811e-01 2.695993253588512828e-01
7.699999999999162981e+01 1.642470898529925505e-01 2.834015708138368228e-01
7.709999999999162412e+01 1.484255578916003626e-01 2.968676210484023636e-01
7.719999999999160423e+01 1.330230567165062994e-01 3.099318476510025677e-01
7.729999999999159854e+01 1.181190319078954110e-01 3.225302110252813437e-01
7.739999999999159286e+01 1.037913381713552741e-01 3.346005805721091741e-01
7.749999999999157296e+01 9.011583310232368360e-02 3.460830486436914932e-01
7.759999999999156728e+01 7.716597631326807538e-02 3.569202365782826458e-01
7.769999999999154738e+01 6.501243659378511119e-02 3.670575911539816216e-01
7.779999999999154170e+01 5.372270968171112548e-02 3.764436698412571558e-01
7.789999999999153601e+01 4.336074908809559730e-02 3.850304132895356890e-01
7.799999999999151612e+01 3.398661224736087422e-02 3.927734035487693287e-01
7.809999999999151044e+01 2.565612406203854681e-02 3.996321066046224502e-01
7.819999999999149054e+01 1.842055968729536947e-02 4.055700978897463505e-01
7.829999999999148486e+01 1.232634816293654186e-02 4.105552695280038078e-01
7.839999999999147917e+01 7.414798259235591549e-03 4.145600181647968174e-01
7.849999999999145928e+01 3.721847667007983917e-03 4.175614123397289879e-01
7.859999999999145359e+01 1.277836440950261407e-03 4.195413384609255614e-01
7.869999999999144791e+01 1.073054065599809699e-04 4.204866245450205597e-01
7.879999999999142801e+01 2.288200717543261895e-04 4.203891409915682664e-01
7.889999999999142233e+01 1.654820449878073585e-03 4.192458777615412635e-01
7.899999999999141664e+01 4.391497104477243112e-03 4.170589974320378923e-01
7.909999999999139675e+01 8.438693669255297597e-03 4.138358636944318714e-01
7.919999999999139106e+01 1.378983607808231988e-02 4.095890449595185889e-01
7.929999999999137117e+01 2.043188875670899282e-02 4.043362928256042932e-01
7.939999999999136548e+01 2.834533807476655523e-02 3.981004952547735898e-01
7.949999999999135980e+01 3.750420342677658614e-02 3.909096043943542931e-01
7.959999999999133991e+01 4.787607639557087819e-02 3.827965390670444168e-01
7.969999999999133422e+01 5.942218854145958629e-02 3.737990620468265579e-01
7.979999999999131433e+01 7.209750844451003060e-02 3.639596323290893998e-01
7.989999999999130864e+01 8.585086869595846826e-02 3.533252327007140314e-01
7.999999999999130296e+01 1.006251235764053509e-01 3.419471730166210865e-01
8.009999999999128306e+01 1.163573381645423149e-01 3.298808696982510891e-01
8.019999999999127738e+01 1.329790095819415041e-01 3.171856020801748222e-01
8.029999999999127169e+01 1.504163209897532161e-01 3.039242463544662431e-01
8.039999999999125180e+01 1.685904288088451719e-01 2.901629879869357387e-01
8.049999999999124611e+01 1.874177834315569890e-01 2.759710136148187387e-01
8.059999999999124043e+01 2.068104834331588038e-01 2.614201835743086844e-01
8.069999999999122053e+01 2.266766629754784490e-01 2.465846863495280705e-01
8.079999999999121485e+01 2.469209117305866674e-01 2.315406763823376068e-01
8.089999999999119495e+01 2.674447262448894080e-01 2.163658968292338503e-01
8.099999999999118927e+01 2.881469912263844302e-01 2.011392889984906784e-01
8.109999999999118359e+01 3.089244887780432380e-01 1.859405903428521245e-01
8.119999999999116369e+01 3.296724331350927573e-01 1.708499230190740625e-01
8.129999999999115801e+01 3.502850280040010755e-01 1.559473751526635754e-01
8.139999999999113811e+01 3.706560431635107511e-01 1.413125770603702869e-01
8.149999999999113243e+01 3.906794065841208696e-01 1.270242747831058783e-01
8.159999999999112674e+01 4.102498079668908115e-01 1.131599033651598252e-01
8.169999999999110685e+01 4.292633093064917582e-01 9.979516237865627970e-02
8.179999999999110116e+01 4.476179578558802108e-01 8.700359623554075605e-02
8.189999999999109548e+01 4.652143967191478824e-01 7.485618184926082219e-02
8.199999999999107558e+01 4.819564682284381840e-01 6.342092620576524065e-02
8.209999999999106990e+01 4.977518052746730537e-01 5.276247637696942355e-02
8.219999999999106421e+01 5.125124058537512406e-01 4.294174446015209395e-02
8.229999999999104432e+01 5.261551862636008048e-01 3.401554985432560241e-02
8.239999999999103864e+01 5.386025086272863138e-01 2.603628119045043807e-02
8.249999999999101874e+01 5.497826787239525892e-01 1.905158011836272092e-02
8.259999999999101306e+01 5.596304104608570418e-01 1.310404902076371669e-02
8.269999999999100737e+01 5.680872537171484105e-01 8.230984576468749689e-03
8.279999999999098748e+01 5.751019827042217480e-01 4.464138932901173286e-03
8.289999999999098179e+01 5.806309424212930947e-01 1.829510074659198649e-03
8.299999999999096190e+01 5.846383512123348725e-01 3.471627929308682440e-04
8.309999999999095621e+01 5.870965578473499313e-01 3.108147210111163129e-05
8.319999999999095053e+01 5.879862519427671019e-01 8.890557173211016380e-04
8.329999999999093063e+01 5.872966268971299142e-01 2.922599652022953541e-03
8.339999999999092495e+01 5.850254948381712339e-01 6.126905519114108668e-03
8.349999999999091926e+01 5.811793533579758808e-01 1.049083202525480200e-02
8.359999999999089937e+01 5.757734040493339700e-01 1.599692767524393475e-02
8.369999999999089368e+01 5.688315230481738594e-01 2.262148915390030032e-02
8.379999999999088800e+01 5.603861839468616823e-01 3.033465462623634312e-02
8.389999999999086810e+01 5.504783335647258635e-01 3.910053164341229653e-02
8.399999999999086242e+01 5.391572211642385870e-01 4.887735916177864820e-02
8.409999999999084253e+01 5.264801817877698964e-01 5.961770300501713360e-02
8.419999999999083684e+01 5.125123744699787709e-01 7.126868392460600221e-02
8.429999999999083116e+01 4.973264761666976730e-01 8.377223724130718197e-02
8.439999999999081126e+01 4.810023323444558851e-01 9.706540287968025427e-02
8.449999999999080558e+01 4.636265652952927807e-01 1.110806444385798453e-01
8.459999999999078568e+01 4.452921413982151577e-01 1.257461957735927782e-01
8.469999999999078000e+01 4.260978987358544634e-01 1.409864334020036747e-01
8.479999999999077431e+01 4.061480367032629379e-01 1.567222728787666663e-01
8.489999999999075442e+01 3.855515695088264083e-01 1.728715871326462761e-01
8.499999999999074873e+01 3.644217457682611405e-01 1.893496445979925280e-01
8.509999999999074305e+01 3.428754367244786216e-01 2.060695648294627869e-01
8.519999999999072315e+01 3.210324959776844622e-01 2.229427891474402568e-01
8.529999999999071747e+01 2.990150939818546627e-01 2.398795637321400886e-01
8.539999999999071179e+01 2.769470309316484635e-01 2.567894324666924466e-01
8.549999999999069189e+01 2.549530320300914532e-01 2.735817367267112665e-01
8.559999999999068621e+01 2.331580294658865127e-01 2.901661192267632194e-01
8.569999999999066631e+01 2.116864357403053232e-01 3.064530289666734242e-01
8.579999999999066063e+01 1.906614132441289133e-01 3.223542242728943408e-01
8.589999999999065494e+01 1.702041451947016171e-01 3.377832709049079507e-01
8.599999999999063505e+01 1.504331131847619629e-01 3.526560321947722065e-01
8.609999999999062936e+01 1.314633866685411823e-01 3.668911482106150812e-01
8.619999999999060947e+01 1.134059297074242328e-01 3.804105009820580308e-01
8.629999999999060378e+01 9.636693021991551977e-02 3.931396628968575890e-01
8.639999999999059810e+01 8.044715682647536614e-02 4.050083254763021112e-01
8.649999999999057820e+01 6.574134815553002442e-02 4.159507058539006485e-01
8.659999999999057252e+01 5.233763918687283495e-02 4.259059284264523626e-01
8.669999999999056683e+01 4.031702886131062480e-02 4.348183793071901393e-01
8.679999999999054694e+01 2.975289279017059516e-02 4.426380313918525378e-01
8.689999999999054126e+01 2.071054446557197420e-02 4.493207380453710931e-01
8.699999999999053557e+01 1.324684791314108094e-02 4.548284936282565583e-01
8.709999999999051568e+01 7.409884253447917429e-03 4.591296593020871564e-01
8.719999999999050999e+01 3.238674157645957466e-03 4.621991527876876393e-01
8.729999999999049010e+01 7.629577051755833794e-04 4.640186009841187342e-01
8.739999999999048441e+01 3.032684847891050684e-06 4.645764546001950879e-01
8.749999999999047873e+01 9.696519311321984483e-04 4.638680641951397066e-01
8.759999999999045883e+01 3.663979859121520820e-03 4.618957172676999012e-01
8.769999999999045315e+01 8.077607956854072208e-03 4.586686362779345272e-01
8.779999999999043325e+01 1.419262861298101891e-02 4.542029377252115863e-01
8.789999999999042757e+01 2.198176630031207016e-02 4.485215526431142741e-01
8.799999999999042188e+01 3.140856479939654888e-02 4.416541091019368648e-01
8.809999999999040199e+01 4.242762882812290554e-02 4.336367775356462784e-01
8.819999999999039630e+01 5.498491813995081551e-02 4.245120799269055945e-01
8.829999999999039062e+01 6.901809186152331466e-02 4.143286640943474319e-01
8.839999999999037072e+01 8.445690055740716351e-02 4.031410445277269217e-01
8.849999999999036504e+01 1.012236232330398222e-01 3.910093114077499155e-01
8.859999999999035936e+01 1.192335462165536042e-01 3.779988096298182998e-01
8.869999999999033946e+01 1.383954805956464640e-01 3.641797898192243865e-01
8.879999999999033378e+01 1.586123146294796948e-01 3.496270334853420203e-01
8.889999999999031388e+01 1.797815973112177890e-01 3.344194546033277260e-01
8.899999999999030820e+01 2.017961490280291426e-01 3.186396800439316168e-01
8.909999999999030251e+01 2.245446950592948632e-01 3.023736113826853145e-01
8.919999999999028262e+01 2.479125174756512673e-01 2.857099707170260294e-01
8.929999999999027693e+01 2.717821208586082560e-01 2.687398331969468868e-01
8.939999999999025704e+01 2.960339071596151950e-01 2.515561490329243366e-01
8.949999999999025135e+01 3.205468549650731247e-01 2.342532577824196494e-01
8.959999999999024567e+01 3.451991984337328678e-01 2.169263977336833293e-01
8.969999999999022577e+01 3.698691012304002323e-01 1.996712132012173069e-01
8.979999999999022009e+01 3.944353208963530255e-01 1.825832625221027183e-01
8.989999999999021441e+01 4.187778592704491376e-01 1.657575294959064138e-01
8.999999999999019451e+01 4.427785948081152667e-01 1.492879409455593054e-01
9.009999999999018883e+01 4.663218929260942169e-01 1.332668929908677191e-01
9.019999999999018314e+01 4.892951908326885202e-01 1.177847885236944364e-01
9.029999999999016325e+01 5.115895536669975430e-01 1.029295882558467351e-01
9.039999999999015756e+01 5.331001991675308194e-01 8.878637757754870297e-02
9.049999999999013767e+01 5.537269885010830395e-01 7.543695132096656097e-02
9.059999999999013198e+01 5.733748813017077728e-01 6.295941836881981113e-02
9.069999999999012630e+01 5.919543533826273629e-01 5.142782788779523551e-02
9.079999999999010640e+01 6.093817759840466364e-01 4.091181880009740063e-02
9.089999999999010072e+01 6.255797557916428220e-01 3.147629393788556329e-02
9.099999999999008082e+01 6.404774353052279379e-01 2.318112015552022120e-02
9.109999999999007514e+01 6.540107534387926691e-01 1.608085550543868203e-02
9.119999999999006945e+01 6.661226664961633626e-01 1.022450441677589736e-02
9.129999999999004956e+01 6.767633298851899459e-01 5.655301652112151335e-03
9.139999999999004388e+01 6.858902411083649397e-01 2.410525658353553265e-03
9.149999999999003819e+01 6.934683447051830374e-01 5.213417727590596851e-04
9.159999999999001830e+01 6.994700999211480585e-01 1.267559505170949700e-05
9.169999999999001261e+01 7.038755119522744907e-01 9.031166912147693725e-04
9.179999999999000693e+01 7.066721276637542015e-01 3.204852653863450584e-03
9.189999999998998703e+01 7.078549967202391047e-01 6.923633407662883703e-03
9.199999999998998135e+01 7.074265990976761342e-01 1.205876551577766097e-02
9.209999999998996145e+01 7.053967399819895956e-01 1.860313611442877477e-02
9.219999999998995577e+01 7.017824131040216740e-01 2.654326597707523314e-02
9.229999999998995008e+01 6.966076336203127495e-01 3.585939108727529551e-02
9.239999999998993019e+01 6.899032417250058336e-01 4.652557198012650941e-02
9.249999999998992450e+01 6.817066782785010659e-01 5.850982999638178195e-02
9.259999999998990461e+01 6.720617338530149310e-01 7.177430948144353229e-02
9.269999999998989892e+01 6.610182727317986950e-01 8.627546485420316269e-02
9.279999999998989324e+01 6.486319335476192771e-01 1.019642713685925683e-01
9.289999999998987334e+01 6.349638083996367310e-01 1.187864582955107801e-01
9.299999999998986766e+01 6.200801024484331458e-01 1.366827631644183805e-01
9.309999999998986198e+01 6.040517761337024227e-01 1.555892056251803046e-01
9.319999999998984208e+01 5.869541722969767727e-01 1.754373794206530723e-01
9.329999999998983640e+01 5.688666306000214057e-01 1.961547609024710537e-01
9.339999999998983071e+01 5.498720917100138328e-01 2.176650324757485599e-01
9.349999999998981082e+01 5.300566937654144217e-01 2.398884193234406825e-01
9.359999999998980513e+01 5.095093636376529789e-01 2.627420377404739993e-01
9.369999999998978524e+01 4.883214054611693111e-01 2.861402533987245089e-01
9.379999999998977955e+01 4.665860888155749508e-01 3.099950478679227017e-01
9.389999999998977387e+01 4.443982388137280304e-01 3.342163917341963719e-01
9.399999999998975397e+01 4.218538301762410070e-01 3.587126226846321653e-01
9.409999999998974829e+01 3.990495871690030727e-01 3.833908269645002753e-01
9.419999999998972839e+01 3.760825910464972721e-01 4.081572226578831786e-01
9.429999999998972271e+01 3.530498963916605115e-01 4.329175432966673731e-01
9.439999999998971703e+01 3.300481574835885668e-01 4.575774203588821587e-01
9.449999999998969713e+01 3.071732655627126274e-01 4.820427632779136773e-01
9.459999999998969145e+01 2.845199976138722553e-01 5.062201356473272629e-01
9.469999999998968576e+01 2.621816770570148392e-01 5.300171263646241693e-01
9.479999999998966587e+01 2.402498465322769894e-01 5.533427145194352859e-01
9.489999999998966018e+01 2.188139527973497478e-01 5.761076268857078242e-01
9.499999999998965450e+01 1.979610436250286432e-01 5.982246869301998116e-01
9.509999999998963460e+01 1.777754765019537442e-01 6.196091542960820986e-01
9.519999999998962892e+01 1.583386388840453685e-01 6.401790537636505851e-01
9.529999999998960902e+01 1.397286797620898025e-01 6.598554927247006763e-01
9.539999999998960334e+01 1.220202523270413481e-01 6.785629662404238926e-01
9.549999999998959765e+01 1.052842675944205275e-01 6.962296487825080371e-01
9.559999999998957776e+01 8.958765894647853500e-02 7.127876717774411786e-01
9.569999999998957207e+01 7.499315766895379987e-02 7.281733861020868170e-01
9.579999999998955218e+01 6.155907969245979355e-02 7.423276086986032585e-01
9.589999999998954650e+01 4.933912388539269528e-02 7.551958524984326848e-01
9.599999999998954081e+01 3.838218238016597589e-02 7.667285388731158724e-01
9.609999999998952092e+01 2.873216353977940327e-02 7.768811918556486340e-01
9.619999999998951523e+01 2.042782828105235010e-02 7.856146134083697996e-01
9.629999999998950955e+01 1.350264055947931509e-02 7.928950390507438772e-01
9.639999999998948965e+01 7.984632885463511728e-03 7.986942732045453353e-01
9.649999999998948397e+01 3.896287780553462157e-03 8.029898036609175449e-01
9.659999999998947828e+01 1.254436094958817551e-03 8.057648946301586568e-01
9.669999999998945839e+01 7.017309530774064298e-05 8.070086578969072333e-01
9.679999999998945270e+01 3.487931965428739552e-04 8.067161016688109143e-01
9.689999999998943281e+01 2.089744157488310303e-03 8.048881567811461135e-01
9.699999999998942712e+01 5.286601489952858814e-03 8.015316799969204320e-01
9.709999999998942144e+01 9.927063750639035164e-03 7.966594342198615175e-01
9.719999999998940154e+01 1.599296929796152622e-02 7.902900455280661429e-01
9.729999999998939586e+01 2.346033500609773226e-02 7.824479370163452963e-01
9.739999999998937597e+01 3.229941733960587508e-02 7.731632395289752546e-01
9.749999999998937028e+01 4.247479610604905365e-02 7.624716794502881534e-01
9.759999999998936460e+01 5.394548112275289464e-02 7.504144438137368978e-01
9.769999999998934470e+01 6.666504195719066828e-02 7.370380230797631826e-01
9.779999999998933902e+01 8.058176082764179071e-02 7.223940320211703625e-01
9.789999999998933333e+01 9.563880867958760024e-02 7.065390092500504204e-01
9.799999999998931344e+01 1.117744443811207050e-01 6.895341960055246799e-01
9.809999999998930775e+01 1.289222369035378235e-01 6.714452949165662377e-01
9.819999999998930207e+01 1.470113102680762340e-01 6.523422095426107958e-01
9.829999999998928217e+01 1.659666109416479962e-01 6.322987655858637313e-01
9.839999999998927649e+01 1.857091972508969902e-01 6.113924147614558935e-01
9.849999999998925659e+01 2.061565502521490734e-01 5.897039224015857561e-01
9.859999999998925091e+01 2.272229053416542910e-01 5.673170399618520099e-01
9.869999999998924523e+01 2.488196037179479514e-01 5.443181636892194808e-01
9.879999999998922533e+01 2.708554626146801314e-01 5.207959807976348943e-01
9.889999999998921965e+01 2.932371630118206784e-01 4.968411045892939248e-01
9.899999999998919975e+01 3.158696533092706371e-01 4.725457000388162965e-01
9.909999999998919407e+01 3.386565672135402605e-01 4.480031014417077406e-01
9.919999999998918838e+01 3.615006538552716919e-01 4.233074238003436407e-01
9.929999999998916849e+01 3.843042179247500023e-01 3.985531696884228037e-01
9.939999999998916280e+01 4.069695673975953221e-01 3.738348333938878998e-01
9.949999999998915712e+01 4.293994662273306062e-01 3.492465041879594390e-01
9.959999999998913722e+01 4.514975892152522374e-01 3.248814706051618151e-01
9.969999999998913154e+01 4.731689761361180246e-01 3.008318276428097460e-01
9.979999999998912585e+01 4.943204821091907730e-01 2.771880887991052811e-01
9.989999999998910596e+01 5.148612211575455122e-01 2.540388048635234819e-01
