1.000000000000000000e+00 2.000000000000000000e+00 0.000000000000000000e+00
1.099999999999988987e+00 1.997600965904875903e+00 1.999200209184892087e-03
1.199999999999977973e+00 1.990415438256682545e+00 7.987208581568332535e-03
1.299999999999966960e+00 1.978478050258593246e+00 1.793529472207475509e-02
1.399999999999955946e+00 1.961846270954968441e+00 3.179572878283327270e-02
1.499999999999944933e+00 1.940600081977133406e+00 4.950201144329559322e-02
1.599999999999933920e+00 1.914841555984745147e+00 7.096919377644840543e-02
1.699999999999922906e+00 1.884694337999364588e+00 9.609428523222024454e-02
1.799999999999911893e+00 1.850303031111587782e+00 1.247567476055076452e-01
1.899999999999900879e+00 1.811832488428000598e+00 1.568190724910735467e-01
1.999999999999889866e+00 1.769467013589330007e+00 1.921274393639039735e-01
2.099999999999878852e+00 1.723409472733141712e+00 2.305124510636354651e-01
2.199999999999867839e+00 1.673880321356584711e+00 2.717899431082743678e-01
2.299999999999856826e+00 1.621116550156791902e+00 3.157618629209105188e-01
2.399999999999845812e+00 1.565370554539995185e+00 3.622172147243234441e-01
2.499999999999834799e+00 1.506908933094916359e+00 4.109330655499036089e-01
2.599999999999823785e+00 1.446011220885440096e+00 4.616756075194851650e-01
2.699999999999812772e+00 1.382968563909691806e+00 5.142012712967876098e-01
2.799999999999801759e+00 1.318082341493354015e+00 5.682578853724464807e-01
2.899999999999790745e+00 1.251662743712585568e+00 6.235858756417024251e-01
2.999999999999779732e+00 1.184027311164169483e+00 6.799194995661961283e-01
3.099999999999768718e+00 1.115499444534320705e+00 7.369881090701911885e-01
3.199999999999757705e+00 1.046406891439161768e+00 7.945174362207578778e-01
3.299999999999746692e+00 9.770802179495962081e-01 8.522308956658007917e-01
3.399999999999735678e+00 9.078512720700742111e-01 9.098508977689945265e-01
3.499999999999724665e+00 8.390516462290626976e-01 9.671001663648142177e-01
3.599999999999713651e+00 7.710111455816619497e-01 1.023703055080801505e+00
3.699999999999702638e+00 7.040562686358435851e-01 1.079386856211882684e+00
3.799999999999691624e+00 6.385087064071099938e-01 1.133883096205082763e+00
3.899999999999680611e+00 5.746838660067403737e-01 1.186928811894600644e+00
3.999999999999669598e+00 5.128894242837027662e-01 1.238267801741123275e+00
4.099999999999658584e+00 4.534239168853271829e-01 1.287651846448504500e+00
4.199999999999647571e+00 3.965753678808080496e-01 1.334841893474733476e+00
4.299999999999636557e+00 3.426199649154657578e-01 1.379609200108943279e+00
4.399999999999625544e+00 2.918207847257008880e-01 1.421736429955542391e+00
4.499999999999614531e+00 2.444265737444370756e-01 1.461018697851614645e+00
4.599999999999603517e+00 2.006705884601422962e-01 1.497264558444833860e+00
4.699999999999592504e+00 1.607695001426494574e-01 1.530296933868733333e+00
4.799999999999581490e+00 1.249223685114774635e-01 1.559953976191057912e+00
4.899999999999570477e+00 9.330968887905398412e-02 1.586089860550577546e+00
4.999999999999559464e+00 6.609251724013073814e-02 1.608575505174059339e+00
5.099999999999548450e+00 4.341167768759753715e-02 1.627299214742951250e+00
5.199999999999537437e+00 2.538705640057517879e-02 1.642167243890073403e+00
5.299999999999526423e+00 1.211698626493173774e-02 1.653104277932493371e+00
5.399999999999515410e+00 3.677725941320795361e-03 1.660053828292435751e+00
5.499999999999504396e+00 1.230368881749656005e-04 1.662978540422933138e+00
5.599999999999493383e+00 1.483861475633053506e-03 1.661860412441454438e+00
5.699999999999482370e+00 7.768104893774084758e-03 1.656700923074932552e+00
5.799999999999471356e+00 1.896052306987880062e-02 1.647521067934599071e+00
5.899999999999460343e+00 3.502271827251522696e-02 1.634361303568313994e+00
5.999999999999449329e+00 5.589324350467250041e-02 1.617281399176704992e+00
6.099999999999438316e+00 8.148781618478265210e-02 1.596360196322523795e+00
6.199999999999427303e+00 1.116996409947733776e-01 1.571695277409187241e+00
6.299999999999416289e+00 1.463998411495038843e-01 1.543402544158168022e+00
6.399999999999405276e+00 1.854379967223441505e-01 1.511615707749465853e+00
6.499999999999394262e+00 2.286427880568420445e-01 1.476485692740423294e+00
6.599999999999383249e+00 2.758227417108484736e-01 1.438179957296725764e+00
6.699999999999372235e+00 3.267670758239933360e-01 1.396881732694854161e+00
6.799999999999361222e+00 3.812466412721357556e-01 1.352789185454605914e+00
6.899999999999350209e+00 4.390149544797221637e-01 1.306114505852783880e+00
6.999999999999339195e+00 4.998093172950301977e-01 1.257082926934681488e+00
7.099999999999328182e+00 5.633520189003532463e-01 1.205931678491682257e+00
7.199999999999317168e+00 6.293516143185431400e-01 1.152908880807478553e+00
7.299999999999306155e+00 6.975042736917759223e-01 1.098272383275177733e+00
7.399999999999295142e+00 7.674951961418962076e-01 1.042288553278782226e+00
7.499999999999284128e+00 8.390000816727923860e-01 9.852310209895904780e-01
7.599999999999273115e+00 9.116866542440322796e-01 9.273793859617279756e-01
7.699999999999262101e+00 9.852162288300072568e-01 8.690178916215169913e-01
7.799999999999251088e+00 1.059245314985627795e+00 8.104340739227577917e-01
7.899999999999240075e+00 1.133427249170220641e+00 7.519173905923405288e-01
7.999999999999229061e+00 1.207413847843022969e+00 6.937578375106454587e-01
8.099999999999218048e+00 1.280857073140545754e+00 6.362445588580905032e-01
8.199999999999207034e+00 1.353410702794354714e+00 5.796644577184525415e-01
8.299999999999196021e+00 1.424731995844038757e+00 5.243008138464533285e-01
8.399999999999185007e+00 1.494483345665334140e+00 4.704319152979159480e-01
8.499999999999173994e+00 1.562333911859234981e+00 4.183297105689688933e-01
8.599999999999162981e+00 1.627961222657183127e+00 3.682584878090746638e-01
8.699999999999151967e+00 1.691052739677155525e+00 3.204735875505075882e-01
8.799999999999140954e+00 1.751307377119784681e+00 2.752201552443362953e-01
8.899999999999129940e+00 1.808436967830455266e+00 2.327319397047008798e-01
8.999999999999118927e+00 1.862167669041835616e+00 1.932301433428167681e-01
9.099999999999107914e+00 1.912241301070353838e+00 1.569223298239944830e-01
9.199999999999096900e+00 1.958416612731520789e+00 1.240013945033765497e-01
9.299999999999085887e+00 2.000470467767649918e+00 9.464460269580814156e-02
9.399999999999074873e+00 2.038198947116767190e+00 6.901270051190301624e-02
9.499999999999063860e+00 2.071418362386253431e+00 4.724910265196060472e-02
9.599999999999052847e+00 2.099966176411426577e+00 2.947916119203793442e-02
9.699999999999041833e+00 2.123701827255607633e+00 1.580951902709696807e-02
9.799999999999030820e+00 2.142507452445057581e+00 6.327551256017449263e-03
9.899999999999019806e+00 2.156288510607755615e+00 1.100897404624324484e-03
9.999999999999008793e+00 2.164974298004950004e+00 1.770869874270230323e-04
1.009999999999899778e+01 2.168518357703119737e+00 3.583260507301847236e-03
1.019999999999898677e+01 2.166898779337586234e+00 1.132598758538324452e-02
1.029999999999897575e+01 2.160118387575140186e+00 2.339118350087699902e-02
1.039999999999896474e+01 2.148204817511767839e+00 3.974412500188771041e-02
1.049999999999895373e+01 2.131210475352491862e+00 6.032956582269663470e-02
1.059999999999894271e+01 2.109212382838472788e+00 8.507195190943946106e-02
1.069999999999893170e+01 2.082311904031783456e+00 1.138757359132115538e-01
1.079999999999892069e+01 2.050634353268757426e+00 1.466257900571011630e-01
1.089999999999890967e+01 2.014328483358733823e+00 1.831879160197329159e-01
1.099999999999889866e+01 1.973565853467855957e+00 2.234094500036710451e-01
1.109999999999888765e+01 1.928540076592905050e+00 2.671199606719930619e-01
1.119999999999887663e+01 1.879465947117833657e+00 3.141320371418341306e-01
1.129999999999886562e+01 1.826578449651181879e+00 3.642421637227609144e-01
1.139999999999885461e+01 1.770131651168516784e+00 4.172316775817753731e-01
1.149999999999884359e+01 1.710397479431689627e+00 4.728678050119011211e-01
1.159999999999883258e+01 1.647664391684890317e+00 5.309047714787579197e-01
1.169999999999882156e+01 1.582235938756545668e+00 5.910849801306677920e-01
1.179999999999881055e+01 1.514429230849145602e+00 6.531402529817568192e-01
1.189999999999879954e+01 1.444573312499069395e+00 7.167931285273586584e-01
1.199999999999878852e+01 1.373007455352415862e+00 7.817582091296890745e-01
1.209999999999877751e+01 1.300079378534034324e+00 8.477435511267694679e-01
1.219999999999876650e+01 1.226143407428480048e+00 9.144520902797824702e-01
1.229999999999875548e+01 1.151558582618394500e+00 9.815830948787030996e-01
1.239999999999874447e+01 1.076686731507345618e+00 1.048833638595485285e+00
1.249999999999873346e+01 1.001890515768537382e+00 1.115900084995113728e+00
1.259999999999872244e+01 9.275314681854464061e-01 1.182479575501921731e+00
1.269999999999871143e+01 8.539680326737082439e-01 1.248271512573081665e+00
1.279999999999870042e+01 7.815536212972492569e-01 1.312979029847583190e+00
1.289999999999868940e+01 7.106347019113757879e-01 1.376310441122419626e+00
1.299999999999867839e+01 6.415489296916189188e-01 1.437980660159188684e+00
1.309999999999866738e+01 5.746233352655781834e-01 1.497712583528379104e+00
1.319999999999865636e+01 5.101725814600771569e-01 1.555238428968001907e+00
1.329999999999864535e+01 4.484972998507403830e-01 1.610301022053158615e+00
1.339999999999863434e+01 3.898825173717945791e-01 1.662655024334988019e+00
1.349999999999862332e+01 3.345961822440061684e-01 1.712068096518940985e+00
1.359999999999861231e+01 2.828877974387832284e-01 1.758321990693839432e+00
1.369999999999860130e+01 2.349871688380641976e-01 1.801213566098824215e+00
1.379999999999859028e+01 1.911032742037862553e-01 1.840555723405145283e+00
1.389999999999857927e+01 1.514232580519576377e-01 1.876178253017295239e+00
1.399999999999856826e+01 1.161115565513131803e-01 1.907928593415792573e+00
1.409999999999855724e+01 8.530915564861796252e-02 1.935672496112087249e+00
1.419999999999854623e+01 5.913298476189238900e-02 1.959294594327706474e+00
1.429999999999853522e+01 3.767544758467553795e-02 1.978698873057901153e+00
1.439999999999852420e+01 2.100409080197577008e-02 1.993809038734455141e+00
1.449999999999851319e+01 9.161410826159266038e-03 2.004568787242841932e+00
1.459999999999850218e+01 2.164798009213007423e-03 2.010941969601826695e+00
1.469999999999849116e+01 6.617165633869461633e-06 2.012912655150006280e+00
1.479999999999848015e+01 2.654422636975728705e-03 2.010485092620620140e+00
1.489999999999846914e+01 1.005130553492718064e-02 2.003683570018141680e+00
1.499999999999845812e+01 2.211637020633150028e-02 1.992552174724863123e+00
1.509999999999844711e+01 3.874533636522878993e-02 1.977154455787082599e+00
1.519999999999843610e+01 5.981126273116171149e-02 1.957572990823785331e+00
1.529999999999842508e+01 8.516538739994181095e-02 1.933908860490286097e+00
1.539999999999841407e+01 1.146380795570714345e-01 1.906281033906549682e+00
1.549999999999840306e+01 1.480398965311287840e-01 1.874825668903544740e+00
1.559999999999839204e+01 1.851627395844406276e-01 1.839695331383575105e+00
1.569999999999838103e+01 2.257811012617059465e-01 1.801058138493319083e+00
1.579999999999837001e+01 2.696533965754947526e-01 1.759096830687694846e+00
1.589999999999835900e+01 3.165233698138075757e-01 1.714007778117768055e+00
1.599999999999834799e+01 3.661215683176805569e-01 1.665999927086893706e+00
1.609999999999833875e+01 4.181668742092983782e-01 1.615293692607001841e+00
1.619999999999832596e+01 4.723680847556942508e-01 1.562119803321920131e+00
1.629999999999831317e+01 5.284255318399576629e-01 1.506718105275020481e+00
1.639999999999830393e+01 5.860327308760340248e-01 1.449336331157618840e+00
1.649999999999829470e+01 6.448780494508857819e-01 1.390228841795629444e+00
1.659999999999828191e+01 7.046463859958458364e-01 1.329655346711626773e+00
1.669999999999826912e+01 7.650208488808544205e-01 1.267879610639736532e+00
1.679999999999825988e+01 8.256844264731167948e-01 1.205168152865090603e+00
1.689999999999825064e+01 8.863216389043524490e-01 1.141788946221049317e+00
1.699999999999823785e+01 9.466201625347667736e-01 1.078010122498030299e+00
1.709999999999822506e+01 1.006272418377338829e+00 1.014098690900073096e+00
1.719999999999821583e+01 1.064977116053305251e+00 9.503192760387997318e-01
1.729999999999820659e+01 1.122440745172340826e+00 8.869328817670408815e-01
1.739999999999819380e+01 1.178379006378559746e+00 8.241956869437223610e-01
1.749999999999818101e+01 1.232518174664196220e+00 7.623578789737764927e-01
1.759999999999817177e+01 1.284596387945533991e+00 7.016625306949305640e-01
1.769999999999816254e+01 1.334364854302713788e+00 6.423445258802190638e-01
1.779999999999814975e+01 1.381588971740604688e+00 5.846295382993997869e-01
1.789999999999813696e+01 1.426049354820302817e+00 5.287330689268174844e-01
1.799999999999812772e+01 1.467542763053194976e+00 4.748595455064127946e-01
1.809999999999811848e+01 1.505882926562207569e+00 4.232014882849440829e-01
1.819999999999810569e+01 1.540901265183518332e+00 3.739387453009611617e-01
1.829999999999809290e+01 1.572447497931996674e+00 3.272378001773789125e-01
1.839999999999808367e+01 1.600390140564856400e+00 2.832511549084581470e-01
1.849999999999807443e+01 1.624616889866955072e+00 2.421167896597934965e-01
1.859999999999806164e+01 1.645034894218136534e+00 2.039577011202474977e-01
1.869999999999804885e+01 1.661570910996398753e+00 1.688815204581757823e-01
1.879999999999803961e+01 1.674171352378385880e+00 1.369802114468781085e-01
1.889999999999803038e+01 1.682802222128796821e+00 1.083298488409026733e-01
1.899999999999801759e+01 1.687448946961040974e+00 8.299047661207493987e-02
1.909999999999800480e+01 1.688116107017805234e+00 6.100604519443445645e-02
1.919999999999799556e+01 1.684827070890258849e+00 4.240442645062068860e-02
1.929999999999798632e+01 1.677623541383927996e+00 2.719750465919368310e-02
1.939999999999797353e+01 1.666565018885643346e+00 1.538134144143281021e-02
1.949999999999796074e+01 1.651728189698472127e+00 6.936412198932052561e-03
1.959999999999795151e+01 1.633206247047358950e+00 1.827911324455477231e-03
1.969999999999794227e+01 1.611108152634643131e+00 6.123179589876564387e-06
1.979999999999792948e+01 1.585557846609274124e+00 1.406855605274082632e-03
1.989999999999791669e+01 1.556693413633993828e+00 5.951932545041275190e-03
1.999999999999790745e+01 1.524666212391264875e+00 1.354974221475590754e-02
2.009999999999789821e+01 1.489639975374335013e+00 2.409583714439193433e-02
2.019999999999788542e+01 1.451789885205951647e+00 3.747358234365118224e-02
2.029999999999787264e+01 1.411301633021463608e+00 5.355484779980483612e-02
2.039999999999786340e+01 1.368370463701601869e+00 7.220074149808791697e-02
2.049999999999785416e+01 1.323200211959262740e+00 9.326237915715132609e-02
2.059999999999784137e+01 1.276002332519179383e+00 1.165816868887662172e-01
2.069999999999782858e+01 1.226994926924817042e+00 1.419922330171589919e-01
2.079999999999781934e+01 1.176401768866197628e+00 1.693200853232071645e-01
2.089999999999781011e+01 1.124451329411103595e+00 1.983846900094469179e-01
2.099999999999779732e+01 1.071375803125658832e+00 2.289997687071395616e-01
2.109999999999778453e+01 1.017410135829931894e+00 2.609742298674992411e-01
2.119999999999777529e+01 9.627910546410425319e-01 2.941130908897093277e-01
2.129999999999776605e+01 9.077561010146674159e-01 3.282184073432637406e-01
2.139999999999775326e+01 8.525426676941973980e-01 3.630902056368352504e-01
2.149999999999774047e+01 7.973870408022738498e-01 3.985274154769301025e-01
2.159999999999773124e+01 7.425234487314391618e-01 4.343287984471458363e-01
2.169999999999772200e+01 6.881831199871167870e-01 4.702938690268184674e-01
2.179999999999770921e+01 6.345933526718617879e-01 5.062238043624118777e-01
2.189999999999769642e+01 5.819765988407277213e-01 5.419223391067160556e-01
2.199999999999768718e+01 5.305495674681480756e-01 5.771966416605206485e-01
2.209999999999767795e+01 4.805223502189679974e-01 6.118581681854875498e-01
2.219999999999766516e+01 4.320975745723446559e-01 6.457234908170189636e-01
2.229999999999765237e+01 3.854695890946701620e-01 6.786150965900197285e-01
2.239999999999764313e+01 3.408236857669563746e-01 7.103621537025904820e-01
2.249999999999763389e+01 2.983353642396277539e-01 7.408012418841812829e-01
2.259999999999762110e+01 2.581696427097424640e-01 7.697770438073645582e-01
2.269999999999760831e+01 2.204804197916113706e-01 7.971429946792351062e-01
2.279999999999759908e+01 1.854098913005944038e-01 8.227618873784195985e-01
2.289999999999758984e+01 1.530880253032626814e-01 8.465064307478785688e-01
2.299999999999757705e+01 1.236320981321895607e-01 8.682597589272411653e-01
2.309999999999756426e+01 9.714629334739989519e-02 8.879158898885189943e-01
2.319999999999755502e+01 7.372136487743888300e-02 9.053801316331375748e-01
2.329999999999754579e+01 5.343436482317524133e-02 9.205694348056435716e-01
2.339999999999753300e+01 3.634843568545518405e-02 9.334126907763025116e-01
2.349999999999752021e+01 2.251266611131098883e-02 9.438509745364276338e-01
2.359999999999751097e+01 1.196200866465247856e-02 9.518377320293555099e-01
2.369999999999750173e+01 4.717257635749095603e-03 9.573389118101770512e-01
2.379999999999748894e+01 7.850845203891677589e-04 9.603330411762929231e-01
2.389999999999747615e+01 1.581285312572957788e-04 9.608112471423837508e-01
2.399999999999746692e+01 2.815139350548247904e-03 9.587772228469477742e-01
2.409999999999745768e+01 8.721169288020858001e-03 9.542471401682737220e-01
2.419999999999744489e+01 1.782781206156855772e-02 9.472495095021000733e-01
2.429999999999743210e+01 3.007348555230756476e-02 9.378249878056770239e-01
2.439999999999742286e+01 4.538375608455737925e-02 9.260261361558267401e-01
2.449999999999741362e+01 6.367170202222877107e-02 9.119171281895429582e-01
2.459999999999740083e+01 8.483831473617446661e-02 8.955734109153526967e-01
2.469999999999738804e+01 1.087729352611225137e-01 8.770813194871132090e-01
2.479999999999737881e+01 1.353537252079277386e-01 8.565376476362305258e-01
2.489999999999736957e+01 1.644481707110300450e-01 8.340491755546399766e-01
2.499999999999735678e+01 1.959136183601112580e-01 8.097321571227120707e-01
2.509999999999734399e+01 2.295978421812539250e-01 7.837117684696769393e-01
2.519999999999733475e+01 2.653396407933314993e-01 7.561215199602372428e-01
2.529999999999732552e+01 3.029694638684152785e-01 7.271026337989497934e-01
2.539999999999731273e+01 3.423100669779155503e-01 6.968033895511216436e-01
2.549999999999729994e+01 3.831771938137065736e-01 6.653784399825369844e-01
2.559999999999729070e+01 4.253802846468773269e-01 6.329880997295010969e-01
2.569999999999728146e+01 4.687232097365649497e-01 5.997976094123004254e-01
2.579999999999726867e+01 5.130050262382599424e-01 5.659763779128106354e-01
2.589999999999725588e+01 5.580207569991459948e-01 5.316972056320807827e-01
2.599999999999724665e+01 6.035621894701160839e-01 4.971354916418869174e-01
2.609999999999723741e+01 6.494186928256733271e-01 4.624684277303008906e-01
2.619999999999722462e+01 6.953780512601629438e-01 4.278741824225566481e-01
2.629999999999721183e+01 7.412273113306423467e-01 3.935310781315825013e-01
2.639999999999720259e+01 7.867536411309213884e-01 3.596167646565989751e-01
2.649999999999719336e+01 8.317451990185273925e-01 3.263073923031159507e-01
2.659999999999718057e+01 8.759920095489951430e-01 2.937767879456057996e-01
2.669999999999716778e+01 9.192868442139759955e-01 2.621956373903820414e-01
2.679999999999715854e+01 9.614261044987696403e-01 2.317306774285324833e-01
2.689999999999714930e+01 1.002210704679770581e+00 2.025439009891416009e-01
2.699999999999713651e+01 1.041446951653284714e+00 1.747917788171833020e-01
2.709999999999712372e+01 1.078947418921105461e+00 1.486245011076915978e-01
2.719999999999711449e+01 1.114531811650522508e+00 1.241852425236512902e-01
2.729999999999710525e+01 1.148027819479148892e+00 1.016094540147706171e-01
2.739999999999709246e+01 1.179271953447237342e+00 8.102418483110049308e-02
2.749999999999707967e+01 1.208110363121827069e+00 6.254743809142856992e-02
2.759999999999707043e+01 1.234399629642696450e+00 4.628756321791710482e-02
2.769999999999706120e+01 1.258007530075362590e+00 3.234268848375026345e-02
2.779999999999704841e+01 1.278813768131269457e+00 2.080019683715942855e-02
2.789999999999703562e+01 1.296710666018840108e+00 1.173624806073447248e-02
2.799999999999702638e+01 1.311603811946506770e+00 5.215350196801517464e-03
2.809999999999701714e+01 1.323412657629878586e+00 1.289983016261734335e-03
2.819999999999700435e+01 1.332071060075233682e+00 2.761272298604126053e-07
2.829999999999699156e+01 1.337527761942619575e+00 1.373744110649718214e-03
2.839999999999698233e+01 1.339746804930229684e+00 5.425080831797559310e-03
2.849999999999697309e+01 1.338707870897594576e+00 1.215601480978628114e-02
2.859999999999696030e+01 1.334406545832871327e+00 2.155522723280963934e-02
2.869999999999694751e+01 1.326854502286970883e+00 3.359833388689455191e-02
2.879999999999693827e+01 1.316079596520125294e+00 4.824793192298693773e-02
2.889999999999692903e+01 1.302125877328272896e+00 6.545371202482194728e-02
2.899999999999691624e+01 1.285053504307284600e+00 8.515263616200784147e-02
2.909999999999690345e+01 1.264938574170051400e+00 1.072691807239888884e-01
2.919999999999689422e+01 1.241872854597776410e+00 1.317156444349850963e-01
2.929999999999688498e+01 1.215963425995931546e+00 1.583925200537227573e-01
2.939999999999687219e+01 1.187332232374493035e+00 1.871889284678170118e-01
2.949999999999685940e+01 1.156115543389069744e+00 2.179831134075242427e-01
2.959999999999685016e+01 1.122463330326363362e+00 2.506429946293541877e-01
2.969999999999684093e+01 1.086538559486768030e+00 2.850267770609924978e-01
2.979999999999682814e+01 1.048516406999589590e+00 3.209836130593348713e-01
2.989999999999681535e+01 1.008583399597374530e+00 3.583543146118340350e-01
2.999999999999680611e+01 9.669364862761550272e-01 3.969721120126923908e-01
3.009999999999679687e+01 9.237820460868420014e-01 4.366634552692429949e-01
3.019999999999678408e+01 8.793348375520956273e-01 4.772488542388735322e-01
3.029999999999677129e+01 8.338168953964122387e-01 5.185437532654818549e-01
3.039999999999676206e+01 7.874563804311330850e-01 5.603594358735791703e-01
3.049999999999675282e+01 7.404863885761224784e-01 6.025039548894660646e-01
3.059999999999674003e+01 6.931437251322921655e-01 6.447830831900785986e-01
3.069999999999672724e+01 6.456676505697629409e-01 6.870012801315864559e-01
3.079999999999671800e+01 5.982986042742858279e-01 7.289626685805911110e-01
3.089999999999670877e+01 5.512769128988580514e-01 7.704720173653608617e-01
3.099999999999669598e+01 5.048414902167005502e-01 8.113357238760273704e-01
3.109999999999668319e+01 4.592285356414065878e-01 8.513627914821747522e-01
3.119999999999667395e+01 4.146702388793513938e-01 8.903657963982861689e-01
3.129999999999666471e+01 3.713934984785964288e-01 9.281618386200803927e-01
3.139999999999665192e+01 3.296186623253156145e-01 9.645734715758907951e-01
3.149999999999663913e+01 2.895582983870382265e-01 9.994296051943788450e-01
3.159999999999662990e+01 2.514160041871971729e-01 1.032566377185781814e+00
3.169999999999662066e+01 2.153852635914264013e-01 1.063827987464253555e+00
3.179999999999660787e+01 1.816483594682969382e-01 1.093067490818200982e+00
3.189999999999659508e+01 1.503753506374162219e-01 1.120147543155036507e+00
3.199999999999658584e+01 1.217231212156995868e-01 1.144941096907584388e+00
3.209999999999657661e+01 9.583451001366651012e-02 1.167332041502372020e+00
3.219999999999656382e+01 7.283752701042288391e-02 1.187215785135476098e+00
3.229999999999655103e+01 5.284466315796690350e-02 1.204499774491978981e+00
3.239999999999653824e+01 3.595229884253081654e-02 1.219103949468302472e+00
3.249999999999653255e+01 2.224021528615382007e-02 1.230961130411289739e+00
3.259999999999651976e+01 1.177121203067705603e-02 1.240017335860973402e+00
3.269999999999650697e+01 4.590832443164745771e-03 1.246232029281143072e+00
3.279999999999650129e+01 7.271979517036295968e-04 1.249578293760389203e+00
3.289999999999648850e+01 1.909505019863759760e-04 1.250042934169540043e+00
3.299999999999647571e+01 2.975301555935294835e-03 1.247626506757905318e+00
3.309999999999646292e+01 9.056184869251559730e-03 1.242343276653628648e+00
3.319999999999645013e+01 1.839250931646788448e-02 1.234221104193277352e+00
3.329999999999644444e+01 3.092650720523815178e-02 1.223301261441530174e+00
3.339999999999643165e+01 4.658417285423784027e-02 1.209638180666258389e+00
3.349999999999641886e+01 6.527578571109633743e-02 1.193299136903957169e+00
3.359999999999641318e+01 8.689651195972918074e-02 1.174363867083725754e+00
3.369999999999640039e+01 1.113270784026102467e-01 1.152924128473555188e+00
3.379999999999638760e+01 1.384345123887545104e-01 1.129083199471877519e+00
3.389999999999637481e+01 1.680729416691342237e-01 1.102955325994248614e+00
3.399999999999636202e+01 2.000844482722679285e-01 1.074665116894412353e+00
3.409999999999635634e+01 2.342999707711506674e-01 1.044346892024524687e+00
3.419999999999634355e+01 2.705402496266151591e-01 1.012143986676666607e+00
3.429999999999633076e+01 3.086168106100307673e-01 9.782080162676323187e-01
3.439999999999632507e+01 3.483329815973439936e-01 9.426981052261127481e-01
3.449999999999631228e+01 3.894849382647035951e-01 9.057800841343948139e-01
3.459999999999629949e+01 4.318627743780271699e-01 8.676256592461316641e-01
3.469999999999628670e+01 4.752515924470631647e-01 8.284115585784567193e-01
3.479999999999627391e+01 5.194326104977803338e-01 7.883186588328497946e-01
3.489999999999626823e+01 5.641842806088839257e-01 7.475310974553436294e-01
3.499999999999625544e+01 6.092834146698503650e-01 7.062353741975910815e-01
3.509999999999624265e+01 6.545063125634126289e-01 6.646194465742371049e-01
3.519999999999623697e+01 6.996298876744633244e-01 6.228718236441169731e-01
3.529999999999622418e+01 7.444327843127824806e-01 5.811806625534426951e-01
3.539999999999621139e+01 7.886964813299196519e-01 5.397328722765452058e-01
3.549999999999619860e+01 8.322063759422220208e-01 4.987132289647839278e-01
3.559999999999618581e+01 8.747528415751599784e-01 4.583035072652005826e-01
3.569999999999618012e+01 9.161322534334623846e-01 4.186816318949984628e-01
3.579999999999616733e+01 9.561479755073194475e-01 3.800208536522718950e-01
3.589999999999615454e+01 9.946113028511592846e-01 3.424889539077180522e-01
3.599999999999614886e+01 1.031342353233914544e+00 3.062474814550632529e-01
3.609999999999613607e+01 1.066170902650501073e+00 2.714510253990021771e-01
3.619999999999612328e+01 1.098937159696140142e+00 2.382465275319417819e-01
3.629999999999611049e+01 1.129492474432190363e+00 2.067726373956137453e-01
3.639999999999609770e+01 1.157699978074560709e+00 1.771591129455998836e-01
3.649999999999609201e+01 1.183435150610382847e+00 1.495262694372750667e-01
3.659999999999607923e+01 1.206586314247498182e+00 1.239844788393611175e-01
3.669999999999606644e+01 1.227055051406333197e+00 1.006337217560542147e-01
3.679999999999606075e+01 1.244756546736878411e+00 7.956319351086685310e-02
3.689999999999604796e+01 1.259619853367449416e+00 6.085096571469442162e-02
3.699999999999603517e+01 1.271588084231703553e+00 4.456370431530816412e-02
3.709999999999602238e+01 1.280618529864265387e+00 3.075644480748810847e-02
3.719999999999600959e+01 1.286682704495129004e+00 1.947242497556849958e-02
3.729999999999600391e+01 1.289766322593522085e+00 1.074297524626555665e-02
3.739999999999599112e+01 1.289869208224408093e+00 4.587466449887371393e-03
3.749999999999597833e+01 1.287005139691394184e+00 1.013314523372565307e-03
3.759999999999597264e+01 1.281201631960241283e+00 1.604143850797169532e-05
3.769999999999595985e+01 1.272499659310445175e+00 1.579391402385277527e-03
3.779999999999594706e+01 1.260953320576963410e+00 5.675501152974700078e-03
3.789999999999593427e+01 1.246629449229329500e+00 1.226512295891783212e-02
3.799999999999592148e+01 1.229607170434944496e+00 2.129789872728867980e-02
3.809999999999591580e+01 1.209977407181223041e+00 3.271268342427460091e-02
3.819999999999590301e+01 1.187842337508723700e+00 4.643791581995156126e-02
3.829999999999589022e+01 1.163314804949062253e+00 6.239203437845897149e-02
3.839999999999588454e+01 1.136517684389227067e+00 8.048393592841263100e-02
3.849999999999587175e+01 1.107583205781626834e+00 1.006134745657395330e-01
3.859999999999585896e+01 1.076652238403623008e+00 1.226719980627804379e-01
3.869999999999584617e+01 1.043873538723943506e+00 1.465429188858099196e-01
3.879999999999583338e+01 1.009402965335541635e+00 1.721023167600027048e-01
3.889999999999582769e+01 9.734026648589356734e-01 1.992195695693217417e-01
3.899999999999581490e+01 9.360402331692206923e-01 2.277580092421026825e-01
3.909999999999580211e+01 8.974878567355488723e-01 2.575755991549967816e-01
3.919999999999579643e+01 8.579214392560070568e-01 2.885256294914277375e-01
3.929999999999578364e+01 8.175197190937042446e-01 3.204574269193778413e-01
3.939999999999577085e+01 7.764633832537167768e-01 3.532170749097141016e-01
3.949999999999575806e+01 7.349341837668948996e-01 3.866481410023856480e-01
3.959999999999574527e+01 6.931140623423217573e-01 4.205924073453374268e-01
3.969999999999573959e+01 6.511842890263279671e-01 4.548906008798333511e-01
3.979999999999572680e+01 6.093246203440637609e-01 4.893831196249928683e-01
3.989999999999571401e+01 5.677124820186592036e-01 5.239107516231530370e-01
3.999999999999570832e+01 5.265221808724441788e-01 5.583153832437595110e-01
4.009999999999569553e+01 4.859241499323407876e-01 5.924406936987289818e-01
4.019999999999568274e+01 4.460842301160825030e-01 6.261328328034043711e-01
4.029999999999566995e+01 4.071629911866299079e-01 6.592410792033934763e-01
4.039999999999565716e+01 3.693150939697919521e-01 6.916184764919088845e-01
4.049999999999565148e+01 3.326886951506452528e-01 7.231224448444217856e-01
4.059999999999563869e+01 2.974248953376797955e-01 7.536153660010462829e-01
4.069999999999562590e+01 2.636572305246978609e-01 7.829651396287365950e-01
4.079999999999562021e+01 2.315112066182048178e-01 8.110457092824930880e-01
4.089999999999560742e+01 2.011038763388945938e-01 8.377375563659373858e-01
4.099999999999559464e+01 1.725434575666159875e-01 8.629281606581116204e-01
4.109999999999558185e+01 1.459289920742941338e-01 8.865124261205860057e-01
4.119999999999556906e+01 1.213500435892515550e-01 9.083930708418557209e-01
4.129999999999556337e+01 9.888643421385280574e-02 9.284809800942540603e-01
4.139999999999555058e+01 7.860801842167514097e-02 9.466955215939408808e-01
4.149999999999553779e+01 6.057449409459551848e-02 9.629648221575354272e-01
4.159999999999553211e+01 4.483525036072384673e-02 9.772260050445237267e-01
4.169999999999551932e+01 3.142925230557951088e-02 9.894253873737048899e-01
4.179999999999550653e+01 2.038496293479896693e-02 9.995186370935340570e-01
4.189999999999549374e+01 1.172030304090648269e-02 1.007470889093384114e+00
4.199999999999548095e+01 5.442649847502525548e-03 1.013256820146888337e+00
4.209999999999547526e+01 1.548875453547101473e-03 1.016860682501640190e+00
4.219999999999546247e+01 2.542616391212030000e-05 1.018276296060957042e+00
4.229999999999544968e+01 8.484437620619605675e-04 1.017506999249643052e+00
4.239999999999544400e+01 3.983929653212783112e-03 1.014565558814420676e+00
4.249999999999543121e+01 9.387952584379332874e-03 1.009474038986809541e+00
4.259999999999541842e+01 1.700690033903385842e-02 1.002263630615928269e+00
4.269999999999540563e+01 2.677777542108874739e-02 9.929744410809103750e-01
4.279999999999539284e+01 3.862853430168319835e-02 9.816552459892987637e-01
4.289999999999538716e+01 5.247846932165528555e-02 9.683632038775922268e-01
4.299999999999537437e+01 6.823863184294773343e-02 9.531635353344235506e-01
4.309999999999536158e+01 8.581229474421536718e-02 9.361291681705330436e-01
4.319999999999535589e+01 1.050954518791175352e-01 9.173403504541931541e-01
4.329999999999534310e+01 1.259773516786891756e-01 8.968842334138461547e-01
4.339999999999533031e+01 1.483410616956474803e-01 8.748544263809766575e-01
4.349999999999531752e+01 1.720640605711920290e-01 8.513505260966237609e-01
4.359999999999530473e+01 1.970188536601009954e-01 8.264776228395473989e-01
4.369999999999529905e+01 2.230736083820375470e-01 8.003457859454700118e-01
4.379999999999528626e+01 2.500928052741535623e-01 7.730695313782562916e-01
4.389999999999527347e+01 2.779379006991144485e-01 7.447672740809301306e-01
4.399999999999526779e+01 3.064679972045101786e-01 7.155607678851043651e-01
4.409999999999525500e+01 3.355405176264135703e-01 6.855745357779025051e-01
4.419999999999524221e+01 3.650118791678096941e-01 6.549352933391044962e-01
4.429999999999522942e+01 3.947381638517090674e-01 6.237713681440110181e-01
4.439999999999521663e+01 4.245757819362767083e-01 5.922121179041196504e-01
4.449999999999521094e+01 4.543821250741843509e-01 5.603873500725414791e-01
4.459999999999519815e+01 4.840162061927160697e-01 5.284267455891489274e-01
4.469999999999518536e+01 5.133392832567562625e-01 4.964592893707050481e-01
4.479999999999517968e+01 5.422154642500797150e-01 4.646127100773748686e-01
4.489999999999516689e+01 5.705122908702671136e-01 4.330129316004773243e-01
4.499999999999515410e+01 5.981012985776232860e-01 4.017835386229023920e-01
4.509999999999514131e+01 6.248585507748299905e-01 3.710452585032401052e-01
4.519999999999512852e+01 6.506651450217770805e-01 3.409154616257126791e-01
4.529999999999512283e+01 6.754076893220708477e-01 3.115076822440419613e-01
4.539999999999511004e+01 6.989787466493452284e-01 2.829311617244196775e-01
4.549999999999509726e+01 7.212772460319952783e-01 2.552904159651137594e-01
4.559999999999509157e+01 7.422088586759476581e-01 2.286848286345402048e-01
4.569999999999507878e+01 7.616863377931447632e-01 2.032082717285983164e-01
4.579999999999506599e+01 7.796298210066145984e-01 1.789487547997222483e-01
4.589999999999505320e+01 7.959670944383107072e-01 1.559881040589667367e-01
4.599999999999504041e+01 8.106338178304177688e-01 1.344016723930965829e-01
4.609999999999503473e+01 8.235737103197915410e-01 1.142580811800194829e-01
4.619999999999502194e+01 8.347386967593628526e-01 9.561899462156016327e-02
4.629999999999500915e+01 8.440890147564922286e-01 7.853892714977414591e-02
4.639999999999500346e+01 8.515932828669967591e-01 6.306508429960655526e-02
4.649999999999499067e+01 8.572285306395449611e-01 4.923723728029856528e-02
4.659999999999497788e+01 8.609801914331031147e-01 3.708763132096191267e-02
4.669999999999496509e+01 8.628420591266634521e-01 2.664092771350812586e-02
4.679999999999495230e+01 8.628162100041638638e-01 1.791417933090128436e-02
4.689999999999494662e+01 8.609128912132617550e-01 1.091683925969966738e-02
4.699999999999493383e+01 8.571503772740945992e-01 5.650802055185978091e-03
4.709999999999492104e+01 8.515547961485026018e-01 2.110477004442762490e-03
4.719999999999491536e+01 8.441599263769639094e-01 2.828926678135208739e-04
4.729999999999490257e+01 8.350069667550873431e-01 1.478318619159748595e-04
4.739999999999488978e+01 8.241442799607745506e-01 1.677996147119366344e-03
4.749999999999487699e+01 8.116271114727159341e-01 4.839198788420750845e-03
4.759999999999486420e+01 7.975172850376108791e-01 9.590585070007746557e-03
4.769999999999485851e+01 7.818828758756340980e-01 1.588487875955308173e-02
4.779999999999484572e+01 7.647978627547389330e-01 2.366865343753395134e-02
4.789999999999483293e+01 7.463417600334260049e-01 3.288262732885407352e-02
4.799999999999482725e+01 7.265992307695806618e-01 4.346198019815971508e-02
4.809999999999481446e+01 7.056596820298314254e-01 5.533669079632699828e-02
4.819999999999480167e+01 6.836168436034448792e-01 6.843189327338515537e-02
4.829999999999478888e+01 6.605683314342610801e-01 8.266825090336966941e-02
4.839999999999477609e+01 6.366151972240410295e-01 9.796234539961493071e-02
4.849999999999477041e+01 6.118614658264492911e-01 1.142270800357876037e-01
4.859999999999475762e+01 5.864136622339266580e-01 1.313720947302429443e-01
4.869999999999474483e+01 5.603803301484496791e-01 1.493041911993650828e-01
4.879999999999473914e+01 5.338715443134148808e-01 1.679277662422397899e-01
4.889999999999472635e+01 5.069984189505930550e-01 1.871452511847605249e-01
4.899999999999471356e+01 4.798726147890544080e-01 2.068575554881171841e-01
4.909999999999470077e+01 4.526058472768808016e-01 2.269645125145548503e-01
4.919999999999468798e+01 4.253093986255876979e-01 2.473653254457961193e-01
4.929999999999468230e+01 3.980936363486780039e-01 2.679590113633142368e-01
4.939999999999466951e+01 3.710675409111821033e-01 2.886448415290487346e-01
4.949999999999465672e+01 3.443382450140796691e-01 3.093227759460335791e-01
4.959999999999465103e+01 3.180105868937840308e-01 3.298938903330981276e-01
4.969999999999463824e+01 2.921866798316135050e-01 3.502607937141436478e-01
4.979999999999462545e+01 2.669654998500055609e-01 3.703280348972589064e-01
4.989999999999461266e+01 2.424424933303732654e-01 3.900024962049122856e-01
4.999999999999459988e+01 2.187092060343734656e-01 4.091937729067691154e-01
5.009999999999459419e+01 1.958529347570442947e-01 4.278145369032966827e-01
5.019999999999458140e+01 1.739564025996858110e-01 4.457808833069504817e-01
5.029999999999456861e+01 1.530974586303693041e-01 4.630126586691608037e-01
5.039999999999456293e+01 1.333488025104770380e-01 4.794337697016228250e-01
5.049999999999455014e+01 1.147777345124353643e-01 4.949724714399447723e-01
5.059999999999453735e+01 9.744593123812074487e-02 5.095616338951459712e-01
5.069999999999452456e+01 8.140924727152314133e-02 5.231389863361247672e-01
5.079999999999451177e+01 6.671754295746495922e-02 5.356473384374343949e-01
5.089999999999450608e+01 5.341453848676550736e-02 5.470347776211096358e-01
5.099999999999449329e+01 4.153769447739847492e-02 5.572548420127533264e-01
5.109999999999448050e+01 3.111811926147945925e-02 5.662666685218523677e-01
5.119999999999447482e+01 2.218050310812628642e-02 5.740351156528038512e-01
5.129999999999446203e+01 1.474307962110301545e-02 5.805308607454451320e-01
5.139999999999444924e+01 8.817614536894460842e-03 5.857304714455402461e-01
5.149999999999443645e+01 4.409422104331566471e-03 5.896164513073731683e-01
5.159999999999442366e+01 1.517409144120128320e-03 5.921772595390860650e-01
5.169999999999441798e+01 1.341467612427764422e-04 5.934073050159491824e-01
5.179999999999440519e+01 2.459695144123209701e-04 5.933069148011376193e-01
5.189999999999439240e+01 1.833101636775368720e-03 5.918822775381767931e-01
5.199999999999438671e+01 4.869809656899671928e-03 5.891453622007286617e-01
5.209999999999437392e+01 9.324580497635926238e-03 5.851138128105207725e-01
5.219999999999436113e+01 1.516032384442905431e-02 5.798108198572893279e-01
5.229999999999434834e+01 2.233459728776116676e-02 5.732649692733967628e-01
5.239999999999433555e+01 3.079985247143177118e-02 5.655100699301999212e-01
5.249999999999432987e+01 4.050370023442797368e-02 5.565849607257203902e-01
5.259999999999431708e+01 5.138919253357993738e-02 5.465332984293559404e-01
5.269999999999430429e+01 6.339511878940128076e-02 5.354033275276880444e-01
5.279999999999429861e+01 7.645631421879492406e-02 5.232476333826711068e-01
5.289999999999428582e+01 9.050397771201133812e-02 5.101228800642012562e-01
5.299999999999427303e+01 1.054659968801216346e-01 4.960895342510364681e-01
5.309999999999426024e+01 1.212672780420308710e-01 4.812115766145686480e-01
5.319999999999424745e+01 1.378300791305596962e-01 4.655562021006630080e-01
5.329999999999424176e+01 1.550743437657431667e-01 4.491935105141596773e-01
5.339999999999422897e+01 1.729180350562984081e-01 4.321961887874082864e-01
5.349999999999421618e+01 1.912774680316177423e-01 4.146391862824663210e-01
5.359999999999421050e+01 2.100676399560512664e-01 3.965993844362928344e-01
5.369999999999419771e+01 2.292025581180034965e-01 3.781552620170291479e-01
5.379999999999418492e+01 2.485955649954128821e-01 3.593865572164211541e-01
5.389999999999417213e+01 2.681596609616009874e-01 3.403739277626117721e-01
5.399999999999415934e+01 2.878078248914280324e-01 3.211986102034319890e-01
5.409999999999415365e+01 3.074533331484574639e-01 3.019420794809093977e-01
5.419999999999414086e+01 3.270100774662677567e-01 2.826857099001217621e-01
5.429999999999412807e+01 3.463928821809426628e-01 2.635104385851630426e-01
5.439999999999412239e+01 3.655178211253088949e-01 2.444964325149664441e-01
5.449999999999410960e+01 3.843025342652866549e-01 2.257227602420326107e-01
5.459999999999409681e+01 4.026665438581420453e-01 2.072670694125768043e-01
5.469999999999408402e+01 4.205315695520543406e-01 1.892052712300331674e-01
5.479999999999407123e+01 4.378218414490431809e-01 1.716112330286870824e-01
5.489999999999406555e+01 4.544644097410273087e-01 1.545564801489447138e-01
5.499999999999405276e+01 4.703894491194607896e-01 1.381099083274083539e-01
5.509999999999403997e+01 4.855305557835734587e-01 1.223375078294515750e-01
5.519999999999403428e+01 4.998250345465990452e-01 1.073021005557791563e-01
5.529999999999402149e+01 5.132141732877723017e-01 9.306309134586815413e-02
5.539999999999400870e+01 5.256435018344128851e-01 7.967623467605071397e-02
5.549999999999399591e+01 5.370630322988957372e-01 6.719341790806093728e-02
5.559999999999398312e+01 5.474274779412775516e-01 5.566246218269491064e-02
5.569999999999397744e+01 5.566964477878576512e-01 4.512694197356698772e-02
5.579999999999396465e+01 5.648346145002768326e-01 3.562602421737386116e-02
5.589999999999395186e+01 5.718118533515987867e-01 2.719432782202159740e-02
5.599999999999394618e+01 5.776033506088799063e-01 1.986180422358605618e-02
5.609999999999393339e+01 5.821896801300343594e-01 1.365363952075444344e-02
5.619999999999392060e+01 5.855568475290016117e-01 8.590178564251600701e-03
5.629999999999390781e+01 5.876963018324492527e-01 4.686871222455992435e-03
5.639999999999389502e+01 5.886049151060258611e-01 1.954240886737660179e-03
5.649999999999388933e+01 5.882849310589159941e-01 3.978751248810992306e-04
5.659999999999387654e+01 5.867438841080470091e-01 1.843824179851188247e-05
5.669999999999386375e+01 5.839944907882672620e-01 8.117053668248407072e-04
5.679999999999385807e+01 5.800545157110253980e-01 2.768617558864087513e-03
5.689999999999384528e+01 5.749466144973223170e-01 5.875357306535486553e-03
5.699999999999383249e+01 5.686981562332718010e-01 1.011344370155004523e-02
5.709999999999381970e+01 5.613410280204775837e-01 1.545984648036840235e-02
5.719999999999380691e+01 5.529114241270890462e-01 2.188711806149794617e-02
5.729999999999380123e+01 5.434496220971855029e-01 2.936354265277392114e-02
5.739999999999378844e+01 5.329997479621156886e-01 3.785330146300342619e-02
5.749999999999377565e+01 5.216095324372195252e-01 4.731665302356833497e-02
5.759999999999376996e+01 5.093300596982633932e-01 5.771012760554209559e-02
5.769999999999375717e+01 4.962155100363421778e-01 6.898673470440401523e-02
5.779999999999374438e+01 4.823228974077126696e-01 8.109618255448745872e-02
5.789999999999373159e+01 4.677118026418416452e-01 9.398510862731457305e-02
5.799999999999371880e+01 4.524441028681643884e-01 1.075973200593697277e-01
5.809999999999371312e+01 4.365836975721531510e-01 1.218740429443998657e-01
5.819999999999370033e+01 4.201962316143408871e-01 1.367541794118661835e-01
5.829999999999368754e+01 4.033488155303057709e-01 1.521745713964878788e-01
5.839999999999368185e+01 3.861097434890756741e-01 1.680702699840707359e-01
5.849999999999366906e+01 3.685482094024661870e-01 1.843748091961845970e-01
5.859999999999365627e+01 3.507340218477651428e-01 2.010204830536386211e-01
5.869999999999364348e+01 3.327373186719165266e-01 2.179386247358907625e-01
5.879999999999363069e+01 3.146282823750043423e-01 2.350598866341792326e-01
5.889999999999362501e+01 2.964768576030437641e-01 2.523145200819273959e-01
5.899999999999361222e+01 2.783524723002957502e-01 2.696326535392562507e-01
5.909999999999359943e+01 2.603237642609183555e-01 2.869445680110767061e-01
5.919999999999359375e+01 2.424583149634881862e-01 3.041809684931441327e-01
5.929999999999358096e+01 2.248223926564431596e-01 3.212732502680566427e-01
5.939999999999356817e+01 2.074807066800311017e-01 3.381537589144795186e-01
5.949999999999355538e+01 1.904961749533519433e-01 3.547560429500351553e-01
5.959999999999354259e+01 1.739297064230098389e-01 3.710150980972437007e-01
5.969999999999353690e+01 1.578400000667969927e-01 3.868676022474405451e-01
5.979999999999352411e+01 1.422833617758303693e-01 4.022521402910097521e-01
5.989999999999351132e+01 1.273135401158984048e-01 4.171094180882451430e-01
5.999999999999350564e+01 1.129815816030021597e-01 4.313824649673504430e-01
6.009999999999349285e+01 9.933570573846996210e-02 4.450168242501659210e-01
6.019999999999348006e+01 8.642119965009822935e-02 4.579607314251673000e-01
6.029999999999346727e+01 7.428033179550398712e-02 4.701652796996837469e-01
6.039999999999345448e+01 6.295228381976596121e-02 4.815845727728237380e-01
6.049999999999344880e+01 5.247309933553993833e-02 4.921758647713222468e-01
6.059999999999343601e+01 4.287564812328520381e-02 5.018996873787000546e-01
6.069999999999342322e+01 3.418960404329113301e-02 5.107199642660167349e-01
6.079999999999341753e+01 2.644143481459911363e-02 5.186041129936934668e-01
6.089999999999340474e+01 1.965440175389883415e-02 5.255231346012804172e-01
6.099999999999339195e+01 1.384856757823349320e-02 5.314516911322190174e-01
6.109999999999337916e+01 9.040810455886194932e-03 5.363681713597528988e-01
6.119999999999336637e+01 5.244842632988495380e-03 5.402547449793041467e-01
6.129999999999336069e+01 2.471232159630072471e-03 5.430974055259244482e-01
6.139999999999334790e+01 7.274264772621568623e-04 5.448860022534010028e-01
6.149999999999333511e+01 1.777689590905224445e-05 5.456142611842537127e-01
6.159999999999332942e+01 3.435632718215010889e-04 5.452797955063702906e-01
6.169999999999331664e+01 1.703018480257361593e-03 5.438841054549566900e-01
6.179999999999330385e+01 4.091352551493284556e-03 5.414325677823167426e-01
6.189999999999329106e+01 7.500776589713931131e-03 5.379344148821242344e-01
6.199999999999327827e+01 1.192052681474030026e-02 5.334027036048893944e-01
6.209999999999327258e+01 1.733688924851875535e-02 5.278542737751410474e-01
6.219999999999325979e+01 2.373322570732520898e-02 5.213096964040075942e-01
6.229999999999324700e+01 3.109000185461600549e-02 5.137932115783546694e-01
6.239999999999324132e+01 3.938481811899319229e-02 5.053326560088416963e-01
6.249999999999322853e+01 4.859244428955402512e-02 4.959593802222104775e-01
6.259999999999321574e+01 5.868485857182498960e-02 4.857081554001951851e-01
6.269999999999320295e+01 6.963129182811257645e-02 4.746170698864655146e-01
6.279999999999319016e+01 8.139827764389961917e-02 4.627274154115651461e-01
6.289999999999318447e+01 9.394970876513143720e-02 4.500835631176665630e-01
6.299999999999317168e+01 1.072469003481674593e-01 4.367328295003316541e-01
6.309999999999315889e+01 1.212486603627857817e-01 4.227253324232819742e-01
6.319999999999315321e+01 1.359113673954830681e-01 4.081138374002356017e-01
6.329999999999314042e+01 1.511890560216404000e-01 3.929535943780199658e-01
6.339999999999312763e+01 1.670335098544341312e-01 3.773021652931524139e-01
6.349999999999311484e+01 1.833943623383375021e-01 3.612192427102354220e-01
6.359999999999310205e+01 2.002192053361150081e-01 3.447664598868419028e-01
6.369999999999309637e+01 2.174537055583866674e-01 3.280071926422946649e-01
6.379999999999308358e+01 2.350417289025526768e-01 3.110063534382268013e-01
6.389999999999307079e+01 2.529254727971760874e-01 2.938301781112656608e-01
6.399999999999306510e+01 2.710456066839675993e-01 2.765460057247892123e-01
6.409999999999305942e+01 2.893414208074402416e-01 2.592220520390357552e-01
6.419999999999303952e+01 3.077509835129528248e-01 2.419271771257195669e-01
6.429999999999301963e+01 3.262113072738581643e-01 2.247306476870115921e-01
6.439999999999301394e+01 3.446585236709737710e-01 2.077018946701396362e-01
6.449999999999300826e+01 3.630280675263372614e-01 1.909102668050644824e-01
6.459999999999300258e+01 3.812548703479038958e-01 1.744247807307460485e-01
6.469999999999298268e+01 3.992735631666149976e-01 1.583138684158637011e-01
6.479999999999297700e+01 4.170186887448334989e-01 1.426451226240652292e-01
6.489999999999295710e+01 4.344249230030142739e-01 1.274850412185048742e-01
6.499999999999295142e+01 4.514273053555626913e-01 1.128987711482017653e-01
6.509999999999294573e+01 4.679614774672907762e-01 9.894985300608327705e-02
6.519999999999292584e+01 4.839639297482890012e-01 8.569996709550760372e-02
6.529999999999292015e+01 4.993722546978646704e-01 7.320868198794011628e-02
6.539999999999290026e+01 5.141254059995875592e-01 6.153320659646587670e-02
6.549999999999289457e+01 5.281639620620105502e-01 5.072814682769433842e-02
6.559999999999288889e+01 5.414303925040246934e-01 4.084526790662936641e-02
6.569999999999286899e+01 5.538693259040052830e-01 3.193326349391008984e-02
6.579999999999286331e+01 5.654278169756922212e-01 2.403753273096695051e-02
6.589999999999285762e+01 5.760556112071981705e-01 1.719996635566953258e-02
6.599999999999283773e+01 5.857054049045031796e-01 1.145874302731645158e-02
6.609999999999283204e+01 5.943330985268651112e-01 6.848136985478372844e-03
6.619999999999282636e+01 6.018980411806800213e-01 3.398338141075147971e-03
6.629999999999280647e+01 6.083632641660520202e-01 1.135285660740061606e-03
6.639999999999280078e+01 6.136957015308649455e-01 8.051605657869742875e-05
6.649999999999278089e+01 6.178663956942000990e-01 2.510267336479631863e-04
6.659999999999277520e+01 6.208506863406504372e-01 1.659155877261425660e-03
6.669999999999276952e+01 6.226283809641532940e-01 4.312479482627271619e-03
6.679999999999274962e+01 6.231839056463247539e-01 8.213726241351370499e-03
6.689999999999274394e+01 6.225064348880108289e-01 1.336071090432172648e-02
6.699999999999272404e+01 6.205899995657714330e-01 1.974628663985291896e-02
6.709999999999271836e+01 6.174335723545210097e-01 2.735831680131955296e-02
6.719999999999271267e+01 6.130411302363603099e-01 3.617966641140375750e-02
6.729999999999269278e+01 6.074216939953015482e-01 4.618821356238732995e-02
6.739999999999268709e+01 6.005893448755775799e-01 5.735688082519266318e-02
6.749999999999268141e+01 5.925632188472393924e-01 6.965368665592355790e-02
6.759999999999266151e+01 5.833674791700480533e-01 8.304181668899732194e-02
6.769999999999265583e+01 5.730312681738984892e-01 9.747971471230747198e-02
6.779999999999265015e+01 5.615886393641349450e-01 1.129211930331371350e-01
6.789999999999263025e+01 5.490784711217620018e-01 1.293155618655532357e-01
6.799999999999262457e+01 5.355443633800618386e-01 1.466077773010802943e-01
6.809999999999260467e+01 5.210345187320820637e-01 1.647386073651835037e-01
6.819999999999259899e+01 5.056016094411905915e-01 1.836448156138918708e-01
6.829999999999259330e+01 4.893026317971384542e-01 2.032593616854823093e-01
6.839999999999257341e+01 4.721987491759350175e-01 2.235116181942116143e-01
6.849999999999256772e+01 4.543551250287755083e-01 2.443276033324751906e-01
6.859999999999254783e+01 4.358407468448669553e-01 2.656302285364888216e-01
6.869999999999254214e+01 4.167282419087941503e-01 2.873395605644586959e-01
6.879999999999253646e+01 3.970936854170764030e-01 3.093730973355694469e-01
6.889999999999251656e+01 3.770164012339852211e-01 3.316460568795126518e-01
6.899999999999251088e+01 3.565787552678669758e-01 3.540716787475388094e-01
6.909999999999250520e+01 3.358659411488816304e-01 3.765615372362826063e-01
6.919999999999248530e+01 3.149657575971016032e-01 3.990258657693171451e-01
6.929999999999247962e+01 2.939683766044152713e-01 4.213738917699170750e-01
6.939999999999247393e+01 2.729661013239947920e-01 4.435141813369210539e-01
6.949999999999245404e+01 2.520531123863456457e-01 4.653549930029310389e-01
6.959999999999244835e+01 2.313252012459089124e-01 4.868046398094066918e-01
6.969999999999242846e+01 2.108794891252037118e-01 5.077718588743981298e-01
6.979999999999242277e+01 1.908141301652214461e-01 5.281661875566480147e-01
6.989999999999241709e+01 1.712279975210477256e-01 5.478983452337604643e-01
6.999999999999239719e+01 1.522203513590103807e-01 5.668806196135803832e-01
7.009999999999239151e+01 1.338904880149485443e-01 5.850272563882134014e-01
7.019999999999237161e+01 1.163373699556602969e-01 6.022548509221605784e-01
7.029999999999236593e+01 9.965923663690422207e-02 6.184827405416679635e-01
7.039999999999236024e+01 8.395319685745783467e-02 6.336333958662792032e-01
7.049999999999234035e+01 6.931480375360735136e-02 6.476328094981768091e-01
7.059999999999233466e+01 5.583761414025815301e-02 6.604108802670670686e-01
7.069999999999232898e+01 4.361273446433238526e-02 6.719017911168531088e-01
7.079999999999230909e+01 3.272835616916420359e-02 6.820443786273386877e-01
7.089999999999230340e+01 2.326928375382864705e-02 6.907824920849492401e-01
7.099999999999229772e+01 1.531645922758676469e-02 6.980653399614140664e-01
7.109999999999227782e+01 8.946486988360397019e-03 7.038478216278912791e-01
7.119999999999227214e+01 4.231163380252879989e-03 7.080908421250992069e-01
7.129999999999225224e+01 1.237015297690938903e-03 7.107616078340665000e-01
7.139999999999224656e+01 2.485219705710735853e-05 7.118339009412012475e-01
7.149999999999224087e+01 6.493357502092412083e-04 7.112883306692213692e-01
7.159999999999222098e+01 3.158571133349544289e-03 7.091125593501440560e-01
7.169999999999221529e+01 7.593723600120253110e-03 7.053015015419522582e-01
7.179999999999219540e+01 1.398866355543049687e-02 6.998574945391771163e-01
7.189999999999218971e+01 2.236964284667832675e-02 6.927904387909419315e-01
7.199999999999218403e+01 3.275500444541445955e-02 6.841179069158587200e-01
7.209999999999216413e+01 4.515492713099533706e-02 6.738652201879802295e-01
7.219999999999215845e+01 5.957120623527828451e-02 6.620654915523075390e-01
7.229999999999215277e+01 7.599707098990701737e-02 6.487596344163651940e-01
7.239999999999213287e+01 9.441703855987418348e-02 6.339963366434259173e-01
7.249999999999212719e+01 1.148068044691971101e-01 6.178319993434846502e-01
7.259999999999212150e+01 1.371331688436223106e-01 6.003306402198317349e-01
7.269999999999210161e+01 1.613539977218615140e-01 5.815637613755590962e-01
7.279999999999209592e+01 1.874182186259228666e-01 5.616101816181019446e-01
7.289999999999207603e+01 2.152658496310209946e-01 5.405558334182442026e-01
7.299999999999207034e+01 2.448280613280747198e-01 5.184935247906167222e-01
7.309999999999206466e+01 2.760272713130695887e-01 4.955226664558218252e-01
7.319999999999204476e+01 3.087772711479988552e-01 4.717489647374750183e-01
7.329999999999203908e+01 3.429833860935437850e-01 4.472840807303815058e-01
7.339999999999201918e+01 3.785426682877717219e-01 4.222452563615148313e-01
7.349999999999201350e+01 4.153441244101040430e-01 3.967549080541325490e-01
7.359999999999200782e+01 4.532689791932677514e-01 3.709401888000912195e-01
7.369999999999198792e+01 4.921909764087400441e-01 3.449325195514013065e-01
7.379999999999198224e+01 5.319767191182561694e-01 3.188670909609074289e-01
7.389999999999197655e+01 5.724860510471678765e-01 2.928823366379446624e-01
7.399999999999195666e+01 6.135724808709070999e-01 2.671193792344864204e-01
7.409999999999195097e+01 6.550836510115639610e-01 2.417214508475234447e-01
7.419999999999194529e+01 6.968618522150619166e-01 2.168332894068525363e-01
7.429999999999192539e+01 7.387445847245990294e-01 1.926005129171393659e-01
7.439999999999191971e+01 7.805651662989040451e-01 1.691689736328109428e-01
7.449999999999189981e+01 8.221533866601336005e-01 1.466840944632589461e-01
7.459999999999189413e+01 8.633362072221321126e-01 1.252901901266295359e-01
7.469999999999188844e+01 9.039385041733621895e-01 1.051297757908517261e-01
7.479999999999186855e+01 9.437838521951814608e-01 8.634286615358677253e-02
7.489999999999186286e+01 9.826953453270552696e-01 6.906626811411120670e-02
7.499999999999184297e+01 1.020496450763848761e+00 5.343287037458993582e-02
7.509999999999183729e+01 1.057011890723655867e+00 3.957093347126321853e-02
7.519999999999183160e+01 1.092068546974598764e+00 2.760338387345647945e-02
7.529999999999181171e+01 1.125496382180982691e+00 1.764711589778704404e-02
7.539999999999180602e+01 1.157129371926492123e+00 9.812305263323821414e-03
7.549999999999180034e+01 1.186806441110580534e+00 4.201738160427259151e-03
7.559999999999178044e+01 1.214372398378933404e+00 9.101597206586168861e-04
7.569999999999177476e+01 1.239678862343343235e+00 2.364575886801973515e-05
7.579999999999176907e+01 1.262585173550602402e+00 1.619001612522398374e-03
7.589999999999174918e+01 1.282959286446384572e+00 5.763191830018496616e-03
7.599999999999174349e+01 1.300678635940594408e+00 1.251280436193961954e-02
7.609999999999172360e+01 1.315630973570337536e+00 2.191355279004624304e-02
7.619999999999171791e+01 1.327715168661942613e+00 3.399981999147892037e-02
7.629999999999171223e+01 1.336841970283212833e+00 4.879424648325499103e-02
7.639999999999169233e+01 1.342934726119320965e+00 6.630736652741116288e-02
7.649999999999168665e+01 1.345930054700636314e+00 8.653729490229267185e-02
7.659999999999166675e+01 1.345778467620566854e+00 1.094694670621830790e-01
7.669999999999166107e+01 1.342444938515056085e+00 1.350764352162230619e-01
7.679999999999165539e+01 1.335909415628066421e+00 1.633177226592057163e-01
7.689999999999163549e+01 1.326167274756553383e+00 1.941397384795816305e-01
7.699999999999162981e+01 1.313229709276267920e+00 2.274757545535094905e-01
7.709999999999162412e+01 1.297124053815311262e+00 2.632459465058548664e-01
7.719999999999160423e+01 1.277894037970896290e+00 3.013575000768790035e-01
7.729999999999159854e+01 1.255599966312428872e+00 3.417047840753186239e-01
7.739999999999159286e+01 1.230318820775633260e+00 3.841695908216627986e-01
7.749999999999157296e+01 1.202144281481683841e+00 4.286214446876717710e-01
7.759999999999156728e+01 1.171186662028339986e+00 4.749179790182943561e-01
7.769999999999154738e+01 1.137572755409978820e+00 5.229053813775585979e-01
7.779999999999154170e+01 1.101445586975851043e+00 5.724189066936768988e-01
7.789999999999153601e+01 1.062964071207270100e+00 6.232834574868189037e-01
7.799999999999151612e+01 1.022302569621697410e+00 6.753142299525608516e-01
7.809999999999151044e+01 9.796503477764541001e-01 7.283174242437040480e-01
7.819999999999149054e+01 9.352109301403286334e-01 7.820910168486658876e-01
7.829999999999148486e+01 8.892013525162500986e-01 8.364255925101116151e-01
7.839999999999147917e+01 8.418513127109605865e-01 8.911052326705072302e-01
7.849999999999145928e+01 7.934022212247626715e-01 9.459084569727413960e-01
7.859999999999145359e+01 7.441061548582220686e-01 1.000609213896902272e+00
7.869999999999144791e+01 6.942247172605010563e-01 1.054977916178361230e+00
7.879999999999142801e+01 6.440278115500606138e-01 1.108782516242161842e+00
7.889999999999142233e+01 5.937923311957377104e-01 1.161789616497407529e+00
7.899999999999141664e+01 5.438007763163182906e-01 1.213765608987199540e+00
7.909999999999139675e+01 4.943398034317898482e-01 1.264477838567510615e+00
7.919999999999139106e+01 4.456987174505463445e-01 1.313695783513278537e+00
7.929999999999137117e+01 3.981679152976762004e-01 1.361192247219151108e+00
7.939999999999136548e+01 3.520372910763768237e-01 1.406744554471516251e+00
7.949999999999135980e+01 3.075946130029576508e-01 1.450135745629823614e+00
7.959999999999133991e+01 2.651238825809622002e-01 1.491155761959330084e+00
7.969999999999133422e+01 2.249036865837299171e-01 1.529602615308805369e+00
7.979999999999131433e+01 1.872055524218703138e-01 1.565283535325304731e+00
7.989999999999130864e+01 1.522923173917954121e-01 1.598016087430459642e+00
7.999999999999130296e+01 1.204165221578756273e-01 1.627629254871773457e+00
8.009999999999128306e+01 9.181883862911079108e-02 1.653964478272767158e+00
8.019999999999127738e+01 6.672654216714594966e-02 1.676876646266491910e+00
8.029999999999127169e+01 4.535203781973940612e-02 1.696235030988646475e+00
8.039999999999125180e+01 2.789145002074769689e-02 1.711924162426361917e+00
8.049999999999124611e+01 1.452328493777034317e-02 1.723844635885624310e+00
8.059999999999124043e+01 5.407174382204751190e-03 1.731913847123899952e+00
8.069999999999122053e+01 6.827099176592260447e-04 1.736066650019068236e+00
8.079999999999121485e+01 4.683755020071839106e-04 1.736255932005316582e+00
8.089999999999119495e+01 4.860586663481700209e-03 1.732453102886099439e+00
8.099999999999118927e+01 1.393284382685697730e-02 1.724648493062858723e+00
8.109999999999118359e+01 2.773500695632534832e-02 1.712851657663665872e+00
8.119999999999116369e+01 4.629269815176301206e-02 1.697091583545102589e+00
8.129999999999115801e+01 6.960683821120862425e-02 1.677416796654142894e+00
8.139999999999113811e+01 9.765332244429977826e-02 1.653895367785048531e+00
8.149999999999113243e+01 1.303828401831324257e-01 1.626614815340321041e+00
8.159999999999112674e+01 1.677208414877205123e-01 1.595681904299478537e+00
8.169999999999110685e+01 2.095676534872728258e-01 1.561222341226861543e+00
8.179999999999110116e+01 2.557987476478759126e-01 1.523380365775641287e+00
8.189999999999109548e+01 3.062651580262452655e-01 1.482318239800506587e+00
8.199999999999107558e+01 3.607940492812594657e-01 1.438215635836941564e+00
8.209999999999106990e+01 4.191894318949790921e-01 1.391268927351898999e+00
8.219999999999106421e+01 4.812330207310218655e-01 1.341690383814722720e+00
8.229999999999104432e+01 5.466852317624713020e-01 1.289707274252125169e+00
8.239999999999103864e+01 6.152863105610170136e-01 1.235560883551442446e+00
8.249999999999101874e+01 6.867575849894531625e-01 1.179505446343837471e+00
8.259999999999101306e+01 7.608028334991711050e-01 1.121807003825497029e+00
8.269999999999100737e+01 8.371097595306328243e-01 1.062742189362961831e+00
8.279999999999098748e+01 9.153515617654597314e-01 1.002596949168027329e+00
8.289999999999098179e+01 9.951885893908964942e-01 9.416652047150584348e-01
8.299999999999096190e+01 1.076270071116458560e+00 8.802474639095992925e-01
8.309999999999095621e+01 1.158235906434573970e+00 8.186493882944877454e-01
8.319999999999095053e+01 1.240718507518485669e+00 7.571803238083694154e-01
8.329999999999093063e+01 1.323344680207782620e+00 6.961518027772509720e-01
8.339999999999092495e+01 1.405737532708936977e+00 6.358760249412014343e-01
8.349999999999091926e+01 1.487518400927358098e+00 5.766643253818146686e-01
8.359999999999089937e+01 1.568308779716611978e+00 5.188256372371141678e-01
8.369999999999089368e+01 1.647732249765456514e+00 4.626649570648960208e-01
8.379999999999088800e+01 1.725416390305685610e+00 4.084818206474683522e-01
8.389999999999086810e+01 1.800994668311931335e+00 3.565687969296521542e-01
8.399999999999086242e+01 1.874108295347061137e+00 3.072100076408703084e-01
8.409999999999084253e+01 1.944408043664624275e+00 2.606796799851358593e-01
8.419999999999083684e+01 2.011556013627727513e+00 2.172407395832926524e-01
8.429999999999083116e+01 2.075227344901576121e+00 1.771434506287782318e-01
8.439999999999081126e+01 2.135111864254777725e+00 1.406241099691659391e-01
8.449999999999080558e+01 2.190915663147275261e+00 1.079038015540387668e-01
8.459999999999078568e+01 2.242362598601435497e+00 7.918721739670064874e-02
8.469999999999078000e+01 2.289195711162648195e+00 5.466155088132366308e-02
8.479999999999077431e+01 2.331178554059011532e+00 3.449546791186608452e-02
8.489999999999075442e+01 2.368096427983492180e+00 1.883816104258089277e-02
8.499999999999074873e+01 2.399757516259262591e+00 7.818491353892459070e-03
8.509999999999074305e+01 2.425993915509040200e+00 1.544222441779622692e-03
8.519999999999072315e+01 2.446662557359638335e+00 1.013504752065407134e-04
8.529999999999071747e+01 2.461646017150756816e+00 3.553533844889225635e-03
8.539999999999071179e+01 2.470853206113384104e+00 1.194162548002783951e-02
8.549999999999069189e+01 2.474219944014371730e+00 2.528331044909038622e-02
8.559999999999068621e+01 2.471709409825961767e+00 4.357285098869900786e-02
8.569999999999066631e+01 2.463312468580546533e+00 6.678094062374610729e-02
8.579999999999066063e+01 2.449047873180525858e+00 9.485466855478184856e-02
8.589999999999065494e+01 2.428962340546859888e+00 1.277175949985754899e-01
8.599999999999063505e+01 2.403130502088969944e+00 1.652699376773474893e-01
8.609999999999062936e+01 2.371654729067506295e+00 2.073888691648457794e-01
8.619999999999060947e+01 2.334664833950208518e+00 2.539289243153489695e-01
8.629999999999060378e+01 2.292317649359240317e+00 3.047225165277022141e-01
8.639999999999059810e+01 2.244796486639010435e+00 3.595805611329213058e-01
8.649999999999057820e+01 2.192310476445594070e+00 4.182932037416535187e-01
8.659999999999057252e+01 2.135093794061590611e+00 4.806306509486513168e-01
8.669999999999056683e+01 2.073404772388108608e+00 5.463441003655590267e-01
8.679999999999054694e+01 2.007524905745414312e+00 6.151667665418113495e-01
8.689999999999054126e+01 1.937757747760675775e+00 6.868149989350057494e-01
8.699999999999053557e+01 1.864427706712356914e+00 7.609894877059044660e-01
8.709999999999051568e+01 1.787878741795442483e+00 8.373765527414310794e-01
8.719999999999050999e+01 1.708472963835334202e+00 9.156495109452575942e-01
8.729999999999049010e+01 1.626589144069935156e+00 9.954701164850446871e-01
8.739999999999048441e+01 1.542621134733046073e+00 1.076490068341671824e+00
8.749999999999047873e+01 1.456976205314276074e+00 1.158352579173591579e+00
8.759999999999045883e+01 1.370073298589396860e+00 1.240693999182863161e+00
8.769999999999045315e+01 1.282341210768512374e+00 1.323145488354265709e+00
8.779999999999043325e+01 1.194216700455074331e+00 1.405334730132372867e+00
8.789999999999042757e+01 1.106142531510169169e+00 1.486887679303307230e+00
8.799999999999042188e+01 1.018565455396130748e+00 1.567430336566659310e+00
8.809999999999040199e+01 9.319341391185976820e-01 1.646590542013765868e+00
8.819999999999039630e+01 8.466970454871869389e-01 1.723999779476316219e+00
8.829999999999039062e+01 7.633002730658516866e-01 1.799294983478246124e+00
8.839999999999037072e+01 6.821853638702465306e-01 1.872120340322495302e+00
8.849999999999036504e+01 6.037870875739080878e-01 1.942129074659228127e+00
8.859999999999035936e+01 5.285312116971733198e-01 2.008985212741588811e+00
8.869999999999033946e+01 4.568322679492649585e-01 2.072365313462778857e+00
8.879999999999033378e+01 3.890913255678532523e-01 2.131960158198944910e+00
8.889999999999031388e+01 3.256937831268867933e-01 2.187476390454659469e+00
8.899999999999030820e+01 2.670071908556791995e-01 2.238638096330115346e+00
8.909999999999030251e+01 2.133791160154609734e-01 2.285188316893529858e+00
8.919999999999028262e+01 1.651350642990083717e-01 2.326890483674371790e+00
8.929999999999027693e+01 1.225764705515976771e-01 2.363529768659892838e+00
8.939999999999025704e+01 8.597877234345166486e-02 2.394914340419156407e+00
8.949999999999025135e+01 5.558958005120615692e-02 2.420876518267569111e+00
8.959999999999024567e+01 3.162695712284854799e-02 2.441273816733943836e+00
8.969999999999022577e+01 1.427782410103882980e-02 2.455989873006803048e+00
8.979999999999022009e+01 3.696499760820908236e-03 2.464935250500874808e+00
8.989999999999021441e+01 3.392374448807325708e-06 2.468048112212883893e+00
8.999999999999019451e+01 3.283853645657147744e-03 2.465294758125309738e+00
9.009999999999018883e+01 1.358720725443491283e-02 2.456670021549079319e+00
9.019999999999018314e+01 3.092596321845669446e-02 2.442197519997291622e+00
9.029999999999016325e+01 5.527522840653039532e-02 2.421929756927357236e+00
9.039999999999015756e+01 8.657232253122526533e-02 2.395948071477825181e+00
9.049999999999013767e+01 1.247166078023452668e-01 2.364362434169977600e+00
9.059999999999013198e+01 1.695695391416617848e-01 2.327311087417909707e+00
9.069999999999012630e+01 2.209549404465152023e-01 2.284960030608409909e+00
9.079999999999010640e+01 2.786595108518669650e-01 2.237502350447015953e+00
9.089999999999010072e+01 3.424335632875337154e-01 2.185157398236702520e+00
9.099999999999008082e+01 4.119919958719721609e-01 2.128169816735792974e+00
9.109999999999007514e+01 4.870154948435139186e-01 2.066808420222585152e+00
9.119999999999006945e+01 5.671519658246833018e-01 2.001364932392886153e+00
9.129999999999004956e+01 6.520181882663249606e-01 1.932152587683129585e+00
9.139999999999004388e+01 7.412016859562468030e-01 1.859504602580786203e+00
9.149999999999003819e+01 8.342628045250078950e-01 1.783772524412686078e+00
9.159999999999001830e+01 9.307369849727111788e-01 1.705324465998385941e+00
9.169999999999001261e+01 1.030137220404688581e+00 1.624543235405320418e+00
9.179999999999000693e+01 1.131956681429537204e+00 1.541824370839519620e+00
9.189999999998998703e+01 1.235671494067109855e+00 1.457574091438246011e+00
9.199999999998998135e+01 1.340743652566745325e+00 1.372207175390170120e+00
9.209999999998996145e+01 1.446624048264739448e+00 1.286144777396174277e+00
9.219999999998995577e+01 1.552755594531853189e+00 1.199812197982128792e+00
9.229999999998995008e+01 1.658576426998002562e+00 1.113636617591371003e+00
9.239999999998993019e+01 1.763523157583227974e+00 1.028044808700531165e+00
9.249999999998992450e+01 1.867034160438377777e+00 9.434608394323841241e-01
9.259999999998990461e+01 1.968552867670970707e+00 8.603037822696814052e-01
9.269999999998989892e+01 2.067531052729445040e+00 7.789854415064081383e-01
9.279999999998989324e+01 2.163432079494310933e+00 6.999081130159223729e-01
9.289999999998987334e+01 2.255734095496919167e+00 6.234623897576103690e-01
9.299999999998986766e+01 2.343933148204929484e+00 5.500250262037670312e-01
9.309999999998986198e+01 2.427546203986503226e+00 4.799568745330459185e-01
9.319999999998984208e+01 2.506114050155993311e+00 4.136009050239407014e-01
9.329999999998983640e+01 2.579204061399368086e+00 3.512803225864898349e-01
9.339999999998983071e+01 2.646412812857302566e+00 2.932967908024342041e-01
9.349999999998981082e+01 2.707368523207147160e+00 2.399287742049884820e-01
9.359999999998980513e+01 2.761733312188027423e+00 1.914300088262324007e-01
9.369999999998978524e+01 2.809205258190822452e+00 1.480281102768127854e-01
9.379999999998977955e+01 2.849520242739345566e+00 1.099233278028773908e-01
9.389999999998977387e+01 2.882453569951612504e+00 7.728745189657150461e-02
9.399999999998975397e+01 2.907821350371708746e+00 5.026288211966725705e-02
9.409999999998974829e+01 2.925481639908851239e+00 2.896186084356559137e-02
9.419999999998972839e+01 2.935335326031236480e+00 1.346587761465588805e-02
9.429999999998972271e+01 2.937326754818124552e+00 3.825247828737752404e-03
9.439999999998971703e+01 2.931444093997267242e+00 5.886834573723404826e-05
9.449999999998969713e+01 2.917719428684967919e+00 2.154151602329870858e-03
9.459999999998969145e+01 2.896228588201414045e+00 1.006713869070458532e-02
9.469999999998968576e+01 2.867090704048677718e+00 2.372279077286519947e-02
9.479999999998966587e+01 2.830467500924042312e+00 4.301545709807979428e-02
9.489999999998966018e+01 2.786562324457852124e+00 6.780951679347117789e-02
9.499999999998965450e+01 2.735618911235235373e+00 9.794019051167866807e-02
9.509999999998963460e+01 2.677919908543131111e+00 1.332145169529710405e-01
9.519999999998962892e+01 2.613785153149346563e+00 1.734124882403350332e-01
9.529999999998960902e+01 2.543569720288982428e+00 2.182883371230538161e-01
9.539999999998960334e+01 2.467661755820390379e+00 2.675719680255498889e-01
9.549999999998959765e+01 2.386480106235385978e+00 3.209705230529772968e-01
9.559999999998957776e+01 2.300471762821938881e+00 3.781700732189136049e-01
9.569999999998957207e+01 2.210109137755089659e+00 4.388374243846747680e-01
9.579999999998955218e+01 2.115887191204798068e+00 5.026220266975026663e-01
9.589999999998954650e+01 2.018320429695449558e+00 5.691579756955847946e-01
9.599999999998954081e+01 1.917939796879581271e+00 6.380660927147185912e-01
9.609999999998952092e+01 1.815289478611300744e+00 7.089560717902089193e-01
9.619999999998951523e+01 1.710923644702233570e+00 7.814286799011856965e-01
9.629999999998950955e+01 1.605403150003896107e+00 8.550779971551039083e-01
9.639999999998948965e+01 1.499292217496652979e+00 9.294936833571201262e-01
9.649999999998948397e+01 1.393155125870173316e+00 1.004263257358344763e+00
9.659999999998947828e+01 1.287552923672015570e+00 1.078974375616051251e+00
9.669999999998945839e+01 1.183040191488543558e+00 1.153217096538807995e+00
9.679999999998945270e+01 1.080161872819186852e+00 1.226586117415049637e+00
9.689999999998943281e+01 9.794501933397433691e-01 1.298682971040456380e+00
9.699999999998942712e+01 8.814216871371803874e-01 1.369118169553415587e+00
9.709999999998942144e+01 7.865743472618175192e-01 1.437513283458537128e+00
9.719999999998940154e+01 6.953849166090863010e-01 1.503502944366603922e+00
9.729999999998939586e+01 6.083063337349972066e-01 1.566736760573902432e+00
9.739999999998937597e+01 5.257653467459976193e-01 1.626881135275535017e+00
9.749999999998937028e+01 4.481603069150368879e-01 1.683620977911320482e+00
9.759999999998936460e+01 3.758591521729237606e-01 1.736661299902976907e+00
9.769999999998934470e+01 3.091975891326542158e-01 1.785728686822535272e+00
9.779999999998933902e+01 2.484774808343299390e-01 1.830572639863420337e+00
9.789999999998933333e+01 1.939654459699794720e-01 1.870966780315023170e+00
9.799999999998931344e+01 1.458916739645174376e-01 1.906709911611559338e+00
9.809999999998930775e+01 1.044489589665982959e-01 1.937626934390308309e+00
9.819999999998930207e+01 6.979195454249298436e-02 1.963569610873511895e+00
9.829999999998928217e+01 4.203664967413095477e-02 1.984417175766494346e+00
9.839999999998927649e+01 2.126006553777360503e-02 2.000076791740048154e+00
9.849999999998925659e+01 7.500171483860779489e-03 2.010483848432527143e+00
9.859999999998925091e+01 7.560176468763253957e-04 2.015602104763875690e+00
9.869999999998924523e+01 9.880806825373789504e-04 2.015423675201713394e+00
9.879999999998922533e+01 8.118818252305041311e-03 2.009968861441943755e+00
9.889999999998921965e+01 2.203342704436131103e-02 1.999285831779778366e+00
9.899999999998919975e+01 4.258079832802862119e-02 1.983450151229199099e+00
9.909999999998919407e+01 6.957466427641648132e-02 1.962564166219047612e+00
9.919999999998918838e+01 1.027949275514572075e-01 1.936756248427629279e+00
9.929999999998916849e+01 1.419891659183055432e-01 1.906179903029934231e+00
9.939999999998916280e+01 1.868743029356770280e-01 1.871012747316439517e+00
9.949999999998915712e+01 2.371384350490308712e-01 1.831455366291365072e+00
9.959999999998913722e+01 2.924428046918616797e-01 1.787730052475947851e+00
9.969999999998913154e+01 3.524239082744037299e-01 1.740079437723468292e+00
9.979999999998912585e+01 4.166957272119808375e-01 1.688765025400589259e+00
9.989999999998910596e+01 4.848520694203176662e-01 1.634065631784773043e+00
