1.000000000000000000e+00 2.000000000000000000e+00 0.000000000000000000e+00
1.099999999999988987e+00 1.997600966231425357e+00 1.999200209239414446e-03
1.199999999999977973e+00 1.990415448371093854e+00 7.987208588389548003e-03
1.299999999999966960e+00 1.978478123809121580e+00 1.793529483475208783e-02
1.399999999999955946e+00 1.961846566613431930e+00 3.179572959615967892e-02
1.499999999999944933e+00 1.940600940506180150e+00 4.950201517347448121e-02
1.599999999999933920e+00 1.914843584598801218e+00 7.096920661680065912e-02
1.699999999999922906e+00 1.884698494333855834e+00 9.609432148915460214e-02
1.799999999999911893e+00 1.850310700543145392e+00 1.247568361591205321e-01
1.899999999999900879e+00 1.811845549966266455e+00 1.568192660827822382e-01
1.999999999999889866e+00 1.769487891000964153e+00 1.921278271480000854e-01
2.099999999999878852e+00 1.723441168865510242e+00 2.305131747804520514e-01
2.199999999999867839e+00 1.673926434747411429e+00 2.717912171552819833e-01
2.299999999999856826e+00 1.621181273877392526e+00 3.157639985195122567e-01
2.399999999999845812e+00 1.565458657822083710e+00 3.622206483114748243e-01
2.499999999999834799e+00 1.507025726608486993e+00 4.109383914666069892e-01
2.599999999999823785e+00 1.446162506594217190e+00 4.616836150225882562e-01
2.699999999999812772e+00 1.383160570263952893e+00 5.142129858863162539e-01
2.799999999999801759e+00 1.318321644375235024e+00 5.682746143970647257e-01
2.899999999999790745e+00 1.251956173083264234e+00 6.236092581191129414e-01
2.999999999999779732e+00 1.184381842850135591e+00 6.799515601228593997e-01
3.099999999999768718e+00 1.115922076086006021e+00 7.370313158651246033e-01
3.199999999999757705e+00 1.046904500577783725e+00 7.945747626588255397e-01
3.299999999999746692e+00 9.776594018328843561e-01 8.523058856324495780e-01
3.399999999999735678e+00 9.085181655048163440e-01 9.099477340149139115e-01
3.499999999999724665e+00 8.398117170706421719e-01 9.672237415459888910e-01
3.599999999999713651e+00 7.718689659014271731e-01 1.023859044808709484e+00
3.699999999999702638e+00 7.050152608052715486e-01 1.079581793299748904e+00
3.799999999999691624e+00 6.395708640271248191e-01 1.134124445104589318e+00
3.899999999999680611e+00 5.758494505712244971e-01 1.187225042122338481e+00
3.999999999999669598e+00 5.141566395548891055e-01 1.238628458888005657e+00
4.099999999999658584e+00 4.547885641314993177e-01 1.288087619172217924e+00
4.199999999999647571e+00 3.980304863132703153e-01 1.335364674693319431e+00
4.299999999999636557e+00 3.441554628035419783e-01 1.380232140457205992e+00
4.399999999999625544e+00 2.934230677001330445e-01 1.422473981445953051e+00
4.499999999999614531e+00 2.460781776674023091e-01 1.461886645602267443e+00
4.599999999999603517e+00 2.023498248900487406e-01 1.498280038303626993e+00
4.699999999999592504e+00 1.624501228224213278e-01 1.531478433792472726e+00
4.799999999999581490e+00 1.265732694301439365e-01 1.561321319314297407e+00
4.899999999999570477e+00 9.489463229041279757e-02 1.587664168022549838e+00
4.999999999999559464e+00 6.756991957273894567e-02 1.610379137031388908e+00
5.099999999999548450e+00 4.473444056361687571e-02 1.629355687338351011e+00
5.199999999999537437e+00 2.650245902807349396e-02 1.644501122689784989e+00
5.299999999999526423e+00 1.296664231884036948e-02 1.655741044827569342e+00
5.399999999999515410e+00 4.197608749981397540e-03 1.663019722931949884e+00
5.499999999999504396e+00 2.435753475995559348e-04 1.666300375467444583e+00
5.599999999999493383e+00 1.130107676279869114e-03 1.665565363024033685e+00
5.699999999999482370e+00 6.859973017172623679e-03 1.660816291158974334e+00
5.799999999999471356e+00 1.741309774322534129e-02 1.652074022644257623e+00
5.899999999999460343e+00 3.274662930032095493e-02 1.639378598937606624e+00
5.999999999999449329e+00 5.279510276142149877e-02 1.622789071110226189e+00
6.099999999999438316e+00 7.747071147588499573e-02 1.602383240874125203e+00
6.199999999999427303e+00 1.066636808898224487e-01 1.578257312764004272e+00
6.299999999999416289e+00 1.402427441670921759e-01 1.550525458939289392e+00
6.399999999999405276e+00 1.780557177973322303e-01 1.519319298468769786e+00
6.499999999999394262e+00 2.199301749377549353e-01 1.484787293364765892e+00
6.599999999999383249e+00 2.656742138029705158e-01 1.447094064013038528e+00
6.699999999999372235e+00 3.150773179924039602e-01 1.406419627025115249e+00
6.799999999999361222e+00 3.679113052310103438e-01 1.362958558908168527e+00
6.899999999999350209e+00 4.239313605963558329e-01 1.316919089290087053e+00
6.999999999999339195e+00 4.828771499173852844e-01 1.268522127783851428e+00
7.099999999999328182e+00 5.444740086562368520e-01 1.218000228884950964e+00
7.199999999999317168e+00 6.084342012277416112e-01 1.165596499604850678e+00
7.299999999999306155e+00 6.744582453725480597e-01 1.111563454819122887e+00
7.399999999999295142e+00 7.422362958788465415e-01 1.056161825570608892e+00
7.499999999999284128e+00 8.114495816468637601e-01 9.996593258102173252e-01
7.599999999999273115e+00 8.817718898112747450e-01 9.423293832655976754e-01
7.699999999999262101e+00 9.528710903764978646e-01 8.844498403254351659e-01
7.799999999999251088e+00 1.024410694584685810e+00 8.263016309874846588e-01
7.899999999999240075e+00 1.096051440023527501e+00 7.681674400601561370e-01
7.999999999999229061e+00 1.167452895294000648e+00 7.103303509150660222e-01
8.099999999999218048e+00 1.238275076892940696e+00 6.530724881761039713e-01
8.199999999999207034e+00 1.308180070833748987e+00 5.966736617806367438e-01
8.299999999999196021e+00 1.376833651421319749e+00 5.414100188772640321e-01
8.399999999999185007e+00 1.443906889520482961e+00 4.875527100166495709e-01
8.499999999999173994e+00 1.509077742616656170e+00 4.353665760602538626e-01
8.599999999999162981e+00 1.572032618954386951e+00 3.851088621632025033e-01
8.699999999999151967e+00 1.632467908073499618e+00 3.370279650939732585e-01
8.799999999999140954e+00 1.690091470118210371e+00 2.913622200244472826e-01
8.899999999999129940e+00 1.744624076410773661e+00 2.483387327669755451e-01
8.999999999999118927e+00 1.795800793917907479e+00 2.081722632466378176e-01
9.099999999999107914e+00 1.843372306434603258e+00 1.710641657787865533e-01
9.199999999999096900e+00 1.887106165539164104e+00 1.372013914737130469e-01
9.299999999999085887e+00 1.926787964651341278e+00 1.067555578146098527e-01
9.399999999999074873e+00 1.962222429846330440e+00 7.988209015079676678e-02
9.499999999999063860e+00 1.993234421442114934e+00 5.671943951796536848e-02
9.599999999999052847e+00 2.019669840784353188e+00 3.738838084215924396e-02
9.699999999999041833e+00 2.041396437099143757e+00 2.199139520548038657e-02
9.799999999999030820e+00 2.058304509772287627e+00 1.061213945169380869e-02
9.899999999999019806e+00 2.070307501929699701e+00 3.315005990072343329e-03
9.999999999999008793e+00 2.077342481750840797e+00 1.447752190249666836e-04
1.009999999999899778e+01 2.079370508526066086e+00 1.126362538898039800e-03
1.019999999999898677e+01 2.076376881065628233e+00 6.264661458674318506e-03
1.029999999999897575e+01 2.068371266705053557e+00 1.554448382649147725e-02
1.039999999999896474e+01 2.055387709770988280e+00 2.893059773165874288e-02
1.049999999999895373e+01 2.037484519031373953e+00 4.636786313880107702e-02
1.059999999999894271e+01 2.014744034293090902e+00 6.778146482571628662e-02
1.069999999999893170e+01 1.987272272968382048e+00 9.307724170807513131e-02
1.079999999999892069e+01 1.955198458065746880e+00 1.221421111491403366e-01
1.089999999999890967e+01 1.918674429701341166e+00 1.548445863736934158e-01
1.099999999999889866e+01 1.877873942844418886e+00 1.910353846351434959e-01
1.109999999999888765e+01 1.832991854609241855e+00 2.305481233258762641e-01
1.119999999999887663e+01 1.784243204992997489e+00 2.732001007750658461e-01
1.129999999999886562e+01 1.731862195508613533e+00 3.187931580499345219e-01
1.139999999999885461e+01 1.676101070693652773e+00 3.671146176635870506e-01
1.149999999999884359e+01 1.617228907980369446e+00 4.179382947041799801e-01
1.159999999999883258e+01 1.555530321873116018e+00 4.710255755287803825e-01
1.169999999999882156e+01 1.491304088824465746e+00 5.261265588242906022e-01
1.179999999999881055e+01 1.424861699596024156e+00 5.829812535157501419e-01
1.189999999999879954e+01 1.356525846265520530e+00 6.413208277143283009e-01
1.199999999999878852e+01 1.286628851363581516e+00 7.008689026331457184e-01
1.209999999999877751e+01 1.215511046924812488e+00 7.613428851662374930e-01
1.219999999999876650e+01 1.143519111491062112e+00 8.224553326276662357e-01
1.229999999999875548e+01 1.071004373319695446e+00 8.839153429744318613e-01
1.239999999999874447e+01 9.983210882324335955e-01 9.454299637054678351e-01
1.249999999999873346e+01 9.258247006752629016e-01 1.006705612523043802e+00
1.259999999999872244e+01 8.538700966551007188e-01 1.067449502776082193e+00
1.269999999999871143e+01 7.828098572806548860e-01 1.127371066674048627e+00
1.279999999999870042e+01 7.129925216417544176e-01 1.186183369255135123e+00
1.289999999999868940e+01 6.447608677372653752e-01 1.243604506137710564e+00
1.299999999999867839e+01 5.784502200885339729e-01 1.299358978147211685e+00
1.309999999999866738e+01 5.143867925589081791e-01 1.353179036021967763e+00
1.319999999999865636e+01 4.528860747442504109e-01 1.404805988540374306e+00
1.329999999999864535e+01 3.942512700948573867e-01 1.453991467585606490e+00
1.339999999999863434e+01 3.387717936866179169e-01 1.500498643870256776e+00
1.349999999999862332e+01 2.867218372709890439e-01 1.544103387285335360e+00
1.359999999999861231e+01 2.383590089061001505e-01 1.584595366104984748e+00
1.369999999999860130e+01 1.939230541012347542e-01 1.621779079577299942e+00
1.379999999999859028e+01 1.536346650012020143e-01 1.655474818765374501e+00
1.389999999999857927e+01 1.176943836913385694e-01 1.685519550846516390e+00
1.399999999999856826e+01 8.628160522630412554e-02 1.711767722469084374e+00
1.409999999999855724e+01 5.955368547357874770e-02 1.734091978154901792e+00
1.419999999999854623e+01 3.764515832263300860e-02 1.752383790171267330e+00
1.429999999999853522e+01 2.066706624340989423e-02 1.766553996726047071e+00
1.439999999999852420e+01 8.706407587612260274e-03 1.776533245803958883e+00
1.449999999999851319e+01 1.825703416398281875e-03 1.782272342432053236e+00
1.459999999999850218e+01 6.268601223995659587e-05 1.783742497641138014e+00
1.469999999999849116e+01 3.430110594764307786e-03 1.780935477887826801e+00
1.479999999999848015e+01 1.191569111417222979e-02 1.773863654192055828e+00
1.489999999999846914e+01 2.548216034551169240e-02 1.762559950752470739e+00
1.499999999999845812e+01 4.406745385666967912e-02 1.747077693298711765e+00
1.509999999999844711e+01 6.758501677650129158e-02 1.727490357940844268e+00
1.519999999999843610e+01 9.592423165121705120e-02 1.703891221773602638e+00
1.529999999999842508e+01 1.289509650507393301e-01 1.676392916978900027e+00
1.539999999999841407e+01 1.665082299765572593e-01 1.645126890645768336e+00
1.549999999999840306e+01 2.084169605316897600e-01 1.610242772998843330e+00
1.559999999999839204e+01 2.544768947461734099e-01 1.571907657173573503e+00
1.569999999999838103e+01 3.044675609104064429e-01 1.530305294109103320e+00
1.579999999999837001e+01 3.581493622579026148e-01 1.485635206549456688e+00
1.589999999999835900e+01 4.152647543598109725e-01 1.438111726531589696e+00
1.599999999999834799e+01 4.755395091505246752e-01 1.387962961114252991e+00
1.609999999999833875e+01 5.386840590961350372e-01 1.335429691443123845e+00
1.619999999999832596e+01 6.043949146514946413e-01 1.280764210567667094e+00
1.629999999999831317e+01 6.723561478218602616e-01 1.224229105715948895e+00
1.639999999999830393e+01 7.422409343616901412e-01 1.166095990994861387e+00
1.649999999999829470e+01 8.137131468965329573e-01 1.106644196712608608e+00
1.659999999999828191e+01 8.864289910537251904e-01 1.046159421722187899e+00
1.669999999999826912e+01 9.600386765277536538e-01 9.849323553496249772e-01
1.679999999999825988e+01 1.034188114885138399e+00 9.232572756077809251e-01
1.689999999999825064e+01 1.108520635842200619e+00 8.614306304966705685e-01
1.699999999999823785e+01 1.182678713705495932e+00 7.997496092616408481e-01
1.709999999999822506e+01 1.256305695670892009e+00 7.385107105157956431e-01
1.719999999999821583e+01 1.329047523715073842e+00 6.780083141357131638e-01
1.729999999999820659e+01 1.400554441889191537e+00 6.185332638100909941e-01
1.739999999999819380e+01 1.470482680932977182e+00 5.603714670570203449e-01
1.749999999999818101e+01 1.538496112275519634e+00 5.038025194344287749e-01
1.759999999999817177e+01 1.604267863658060289e+00 4.490983595388537974e-01
1.769999999999816254e+01 1.667481888826865211e+00 3.965219612354075607e-01
1.779999999999814975e+01 1.727834483975494884e+00 3.463260693739317331e-01
1.789999999999813696e+01 1.785035743878734094e+00 2.987519850336280980e-01
1.799999999999812772e+01 1.838810950955932055e+00 2.540284060964285162e-01
1.809999999999811848e+01 1.888901890811793827e+00 2.123703286807765711e-01
1.819999999999810569e+01 1.935068088150352361e+00 1.739780146752466783e-01
1.829999999999809290e+01 1.977087957318848011e+00 1.390360302932724113e-01
1.839999999999808367e+01 2.014759862132817325e+00 1.077123602307775430e-01
1.849999999999807443e+01 2.047903080043752766e+00 8.015760164826468692e-02
1.859999999999806164e+01 2.076358666141535192e+00 5.650424181799155315e-02
1.869999999999804885e+01 2.099990212945250345e+00 3.686602287943789580e-02
1.879999999999803961e+01 2.118684502401261049e+00 2.133739673191625136e-02
1.889999999999803038e+01 2.132352047003586826e+00 9.993072665158272624e-03
1.899999999999801759e+01 2.140927517458931728e+00 2.887659887938440542e-03
1.909999999999800480e+01 2.144370054832596129e+00 5.540666395970323505e-05
1.919999999999799556e+01 2.142663465655165744e+00 1.510037304940594141e-03
1.929999999999798632e+01 2.135816298999998697e+00 7.244687805383761940e-03
1.939999999999797353e+01 2.123861805102303713e+00 1.723194043395620892e-02
1.949999999999796074e+01 2.106857775632312357e+00 3.142395712497968868e-02
1.959999999999795151e+01 2.084886266298856761e+00 4.975271104240170522e-02
1.969999999999794227e+01 2.058053203006522835e+00 7.213031522001948914e-02
1.979999999999792948e+01 2.026487873339934520e+00 9.844944671778582679e-02
1.989999999999791669e+01 1.990342305691227276e+00 1.285838642772665630e-01
1.999999999999790745e+01 1.949790538873556578e+00 1.623890170110229014e-01
2.009999999999789821e+01 1.905027785585849953e+00 1.997027412244990197e-01
2.019999999999788542e+01 1.856269493592641595e+00 2.403460420451234703e-01
2.029999999999787264e+01 1.803750308973173233e+00 2.841239561250533674e-01
2.039999999999786340e+01 1.747722946255739762e+00 3.308264912933491786e-01
2.049999999999785416e+01 1.688456970697751469e+00 3.802296386604351874e-01
2.059999999999784137e+01 1.626237498397945291e+00 4.320964523268229773e-01
2.069999999999782858e+01 1.561363820319008111e+00 4.861781915187697312e-01
2.079999999999781934e+01 1.494147956676111333e+00 5.422155196677906908e-01
2.089999999999781011e+01 1.424913148484950431e+00 5.999397546720299790e-01
2.099999999999779732e+01 1.353992293386425905e+00 6.590741643227060464e-01
2.109999999999778453e+01 1.281726333148403674e+00 7.193353006559332075e-01
2.119999999999777529e+01 1.208462600503936057e+00 7.804343667904063420e-01
2.129999999999776605e+01 1.134553133210235876e+00 8.420786096500718632e-01
2.139999999999775326e+01 1.060352963405701621e+00 9.039727318309315196e-01
2.149999999999774047e+01 9.862183905021656427e-01 9.658203157731088950e-01
2.159999999999773124e+01 9.125052459692415407e-01 1.027325253324003151e+00
2.169999999999772200e+01 8.395671584555223221e-01 1.088193173745997111e+00
2.179999999999770921e+01 7.677538277348504581e-01 1.148132863215155286e+00
2.189999999999769642e+01 6.974093159735589298e-01 1.206857668889370627e+00
2.199999999999768718e+01 6.288703647742138747e-01 1.264086880690713066e+00
2.209999999999767795e+01 5.624647463735074071e-01 1.319547084041802210e+00
2.219999999999766516e+01 4.985096572437266449e-01 1.372973476932791037e+00
2.229999999999765237e+01 4.373101621769054370e-01 1.424111144860970457e+00
2.239999999999764313e+01 3.791576967129531850e-01 1.472716287381443001e+00
2.249999999999763389e+01 3.243286355098357610e-01 1.518557390243682415e+00
2.259999999999762110e+01 2.730829339438976544e-01 1.561416337348419114e+00
2.269999999999760831e+01 2.256628498772670910e-01 1.601089457050971943e+00
2.279999999999759908e+01 1.822917521324751433e-01 1.637388497662390252e+00
2.289999999999758984e+01 1.431730217803591221e-01 1.670141527341939325e+00
2.299999999999757705e+01 1.084890518747835542e-01 1.699193753954233443e+00
2.309999999999756426e+01 7.840035076292621585e-02 1.724408260852188013e+00
2.319999999999755502e+01 5.304475356465946506e-02 1.745666654970695619e+00
2.329999999999754579e+01 3.253674585487844467e-02 1.762869624049822059e+00
2.339999999999753300e+01 1.696690300193690049e-02 1.775937400250855891e+00
2.349999999999752021e+01 6.401448018527053710e-03 1.784810127907781707e+00
2.359999999999751097e+01 8.819301731581721078e-04 1.789448133615657355e+00
2.369999999999750173e+01 4.250259949235592736e-04 1.789832097359874252e+00
2.379999999999748894e+01 5.022463685900205137e-03 1.785963123865671021e+00
2.389999999999747615e+01 1.464107133808250326e-02 1.777862713854613030e+00
2.399999999999746692e+01 2.922294873850717761e-02 1.765572635380626698e+00
2.409999999999745768e+01 4.868576194020590026e-02 1.749154695918637037e+00
2.419999999999744489e+01 7.292315918013270171e-02 1.728690416365567861e+00
2.429999999999743210e+01 1.018053061402837550e-01 1.704280608599701541e+00
2.439999999999742286e+01 1.351795379762903426e-01 1.676044858721048136e+00
2.449999999999741362e+01 1.728711249797367511e-01 1.644120918554568878e+00
2.459999999999740083e+01 2.146841481974891552e-01 1.608664008463262851e+00
2.469999999999738804e+01 2.604024808037582184e-01 1.569846034943119362e+00
2.479999999999737881e+01 3.097908705086271364e-01 1.527854726904024796e+00
2.489999999999736957e+01 3.625961177922362721e-01 1.482892694939898171e+00
2.499999999999735678e+01 4.185483442751953276e-01 1.435176418276703947e+00
2.509999999999734399e+01 4.773623450767194298e-01 1.384935164448052314e+00
2.519999999999733475e+01 5.387390185725043912e-01 1.332409847086644561e+00
2.529999999999732552e+01 6.023668665445724990e-01 1.277851827534959961e+00
2.539999999999731273e+01 6.679235573228606837e-01 1.221521666259959060e+00
2.549999999999729994e+01 7.350775441489116879e-01 1.163687830319337646e+00
2.559999999999729070e+01 8.034897306556521013e-01 1.104625363349897027e+00
2.569999999999728146e+01 8.728151750509031137e-01 1.044614524746381834e+00
2.579999999999726867e+01 9.427048243294152696e-01 9.839394048613054888e-01
2.589999999999725588e+01 1.012807269608554828e+00 9.228865231830643001e-01
2.599999999999724665e+01 1.082770513508741761e+00 8.617434165439624705e-01
2.609999999999723741e+01 1.152243740367307590e+00 8.007972244643044579e-01
2.619999999999722462e+01 1.220879080000160544e+00 7.403332787582843633e-01
2.629999999999721183e+01 1.288333355709114336e+00 6.806337045081674031e-01
2.639999999999720259e+01 1.354269807269566028e+00 6.219760394551329119e-01
2.649999999999719336e+01 1.418359779741415805e+00 5.646318787617183865e-01
2.659999999999718057e+01 1.480284369105903108e+00 5.088655519650919778e-01
2.669999999999716778e+01 1.539736015960897264e+00 4.549328387711289445e-01
2.679999999999715854e+01 1.596420038794712504e+00 4.030797301321611403e-01
2.689999999999714930e+01 1.650056098706523589e+00 3.535412408078580371e-01
2.699999999999713651e+01 1.700379587844871088e+00 3.065402793329193853e-01
2.709999999999712372e+01 1.747142934289598326e+00 2.622865810063024772e-01
2.719999999999711449e+01 1.790116816612179029e+00 2.209757091781024418e-01
2.729999999999710525e+01 1.829091281884172249e+00 1.827881297430159480e-01
2.739999999999709246e+01 1.863876761497439194e+00 1.478883633575214518e-01
2.749999999999707967e+01 1.894304979760241370e+00 1.164242194814797959e-01
2.759999999999707043e+01 1.920229750875983799e+00 8.852611590998560320e-02
2.769999999999706120e+01 1.941527660558695745e+00 6.430648700706827203e-02
2.779999999999704841e+01 1.958098629207696506e+00 4.385928338535555193e-02
2.789999999999703562e+01 1.969866354228026140e+00 2.725956529513059654e-02
2.799999999999702638e+01 1.976778629756449801e+00 1.456319149748952491e-02
2.809999999999701714e+01 1.978807542717756496e+00 5.806604900696429698e-03
2.819999999999700435e+01 1.975949544792157342e+00 1.006715739986265446e-03
2.829999999999699156e+01 1.968225400518325952e+00 1.608825812632341823e-04
2.839999999999698233e+01 1.955680012393101963e+00 3.246990931126131439e-03
2.849999999999697309e+01 1.938382124438764231e+00 1.022362874180847599e-02
2.859999999999696030e+01 1.916423906306685687e+00 2.103035761242294868e-02
2.869999999999694751e+01 1.889920420564913384e+00 3.558807800957273365e-02
2.879999999999693827e+01 1.859008976372441113e+00 5.379948636317538613e-02
2.889999999999692903e+01 1.823848373282508817e+00 7.554962143927985985e-02
2.899999999999691624e+01 1.784618039426690395e+00 1.007064969529381238e-01
2.909999999999690345e+01 1.741517068829119719e+00 1.291218169624012424e-01
2.919999999999689422e+01 1.694763163065636791e+00 1.606317701834465428e-01
2.929999999999688498e+01 1.644591482928715598e+00 1.950578989807925379e-01
2.939999999999687219e+01 1.591253416175725910e+00 2.322080384341207449e-01
2.949999999999685940e+01 1.535015267833488295e+00 2.718773205414899974e-01
2.959999999999685016e+01 1.476156879888872897e+00 3.138492383133007491e-01
2.969999999999684093e+01 1.414970187527187617e+00 3.578967642278113592e-01
2.979999999999682814e+01 1.351757719381564637e+00 4.037835172658863492e-01
2.989999999999681535e+01 1.286831049506000912e+00 4.512649725181746563e-01
2.999999999999680611e+01 1.220509209020598229e+00 5.000897071657675053e-01
3.009999999999679687e+01 1.153117065545336217e+00 5.500006764737879195e-01
3.019999999999678408e+01 1.084983678690295994e+00 6.007365133084466846e-01
3.029999999999677129e+01 1.016440639954301117e+00 6.520328445933678552e-01
3.039999999999676206e+01 9.478204054430542369e-01 7.036236180593341549e-01
3.049999999999675282e+01 8.794546298167913445e-01 7.552424326120820153e-01
3.059999999999674003e+01 8.116725098390785709e-01 8.066238656513142757e-01
3.069999999999672724e+01 7.447991458120513109e-01 8.575047907102204547e-01
3.079999999999671800e+01 6.791539290540523632e-01 9.076256788610621573e-01
3.089999999999670877e+01 6.150489634033012853e-01 9.567318774336670550e-01
3.099999999999669598e+01 5.527875285206216294e-01 1.004574859734020498e+00
3.109999999999668319e+01 4.926625925138323758e-01 1.050913439616752765e+00
3.119999999999667395e+01 4.349553811242760637e-01 1.095514944962038717e+00
3.129999999999666471e+01 3.799340103981042605e-01 1.138156344335267578e+00
3.139999999999665192e+01 3.278521894212365617e-01 1.178625321360827760e+00
3.149999999999663913e+01 2.789479993257374946e-01 1.216721291618797052e+00
3.159999999999662990e+01 2.334427543803613558e-01 1.252256357181038782e+00
3.169999999999662066e+01 1.915399505614913400e-01 1.285056194222619963e+00
3.179999999999660787e+01 1.534243065658158212e-01 1.314960869499343543e+00
3.189999999999659508e+01 1.192609017729169552e-01 1.341825581841966653e+00
3.199999999999658584e+01 8.919441519557846920e-02 1.365521325206855208e+00
3.209999999999657661e+01 6.334846897185004988e-02 1.385935470218546905e+00
3.219999999999656382e+01 4.182507945202581373e-02 1.402972261558365297e+00
3.229999999999655103e+01 2.470421842076020100e-02 1.416553228977240675e+00
3.239999999999653824e+01 1.204348646655525185e-02 1.426617510146889423e+00
3.249999999999653255e+01 3.877899970523830328e-03 1.433122084012076414e+00
3.259999999999651976e+01 2.197926333338782198e-04 1.436041913757890809e+00
3.269999999999650697e+01 1.058831894999155828e-03 1.435369998960595916e+00
3.279999999999650129e+01 6.362150028081737900e-03 1.431117336951535535e+00
3.289999999999648850e+01 1.607458910277939634e-02 1.423312793884211391e+00
3.299999999999647571e+01 3.011905843487237139e-02 1.412002886447329075e+00
3.309999999999646292e+01 4.839700253764054466e-02 1.397251475624077477e+00
3.319999999999645013e+01 7.078897701035198609e-02 1.379139374340062174e+00
3.329999999999644444e+01 9.715532921300312763e-02 1.357763871281670420e+00
3.339999999999643165e+01 1.273369800043390454e-01 1.333238173586469122e+00
3.349999999999641886e+01 1.611563022628530184e-01 1.305690771525259253e+00
3.359999999999641318e+01 1.984180913741633023e-01 1.275264728678698445e+00
3.369999999999640039e+01 2.389106223574823662e-01 1.242116901496958414e+00
3.379999999999638760e+01 2.824067878250812180e-01 1.206417092474072028e+00
3.389999999999637481e+01 3.286653105263053209e-01 1.168347141503049746e+00
3.399999999999636202e+01 3.774320238261712479e-01 1.128099960282724856e+00
3.409999999999635634e+01 4.284412131127325329e-01 1.085878514919342175e+00
3.419999999999634355e+01 4.814170108195463538e-01 1.041894762116350570e+00
3.429999999999633076e+01 5.360748374931300075e-01 9.963685445643035710e-01
3.439999999999632507e+01 5.921228811309900975e-01 9.495264513238492743e-01
3.449999999999631228e+01 6.492636068653045989e-01 9.016006491535635270e-01
3.459999999999629949e+01 7.071952889687013188e-01 8.528276908521095212e-01
3.469999999999628670e+01 7.656135571130049389e-01 8.034473067718871375e-01
3.479999999999627391e+01 8.242129488149190220e-01 7.537011857173314677e-01
3.489999999999626823e+01 8.826884600537039383e-01 7.038317514614106374e-01
3.499999999999625544e+01 9.407370861395063510e-01 6.540809411028523090e-01
3.509999999999624265e+01 9.980593450482039275e-01 6.046889914441638814e-01
3.519999999999623697e+01 1.054360775608063294e+00 5.558932394958501222e-01
3.529999999999622418e+01 1.109353403130170834e+00 5.079269431080544184e-01
3.539999999999621139e+01 1.162757165308449414e+00 4.610181275965922754e-01
3.549999999999619860e+01 1.214301291474680022e+00 4.153884640689971541e-01
3.559999999999618581e+01 1.263725628578382665e+00 3.712521849676282959e-01
3.569999999999618012e+01 1.310781907566677118e+00 3.288150421307223237e-01
3.579999999999616733e+01 1.355234944159604105e+00 2.882733124354636689e-01
3.589999999999615454e+01 1.396863768360651736e+00 2.498128558232883822e-01
3.599999999999614886e+01 1.435462677399401921e+00 2.136082302243957898e-01
3.609999999999613607e+01 1.470842207174004379e+00 1.798218675938340894e-01
3.619999999999612328e+01 1.502830017659992246e+00 1.486033149478206139e-01
3.629999999999611049e+01 1.531271688150801946e+00 1.200885439478093508e-01
3.639999999999609770e+01 1.556031418630002161e+00 9.439933222222605946e-02
3.649999999999609201e+01 1.576992634011283423e+00 7.164271924366905075e-02
3.659999999999607923e+01 1.594058488450598832e+00 5.191053919350065854e-02
3.669999999999606644e+01 1.607152267408766155e+00 3.527903284972794956e-02
3.679999999999606075e+01 1.616217685648729141e+00 2.180854012650498483e-02
3.689999999999604796e+01 1.621219079856473844e+00 1.154327447991938121e-02
3.699999999999603517e+01 1.622141495114983956e+00 4.511179973857238484e-03
3.709999999999602238e+01 1.618990664994368167e+00 7.238713757646205458e-04
3.719999999999600959e+01 1.611792885583230639e+00 1.766572261254759416e-04
3.729999999999600391e+01 1.600594784335947374e+00 2.848645400057335259e-03
3.739999999999599112e+01 1.585462985185464024e+00 8.702930256834596340e-03
3.749999999999597833e+01 1.566483671919403964e+00 1.768686005567536579e-02
3.759999999999597264e+01 1.543762052383144789e+00 2.973238290614090007e-02
3.769999999999595985e+01 1.517421726605915344e+00 4.475646912134192273e-02
3.779999999999594706e+01 1.487603962483743825e+00 6.266160745410047361e-02
3.789999999999593427e+01 1.454466883149159173e+00 8.333637232258581107e-02
3.799999999999592148e+01 1.418184570644827946e+00 1.066560587748379973e-01
3.809999999999591580e+01 1.378946090965165627e+00 1.324833816029765410e-01
3.819999999999590301e+01 1.336954445948747905e+00 1.606692346998105092e-01
3.829999999999589022e+01 1.292425457886715812e+00 1.910535064548678774e-01
3.839999999999588454e+01 1.245586593052511182e+00 2.234659467143300937e-01
3.849999999999587175e+01 1.196675730661778125e+00 2.577270805828300038e-01
3.859999999999585896e+01 1.145939884034794298e+00 2.936491641242307549e-01
3.869999999999584617e+01 1.093633880948842840e+00 3.310371768253909663e-01
3.879999999999583338e+01 1.040019010347361661e+00 3.696898455216014456e-01
3.889999999999582769e+01 9.853616427103590869e-01 4.094006943464587045e-01
3.899999999999581490e+01 9.299318314842301980e-01 4.499591151621943896e-01
3.909999999999580211e+01 8.740019030266770184e-01 4.911514528481725761e-01
3.919999999999579643e+01 8.178450425412411295e-01 5.327620997789662693e-01
3.929999999999578364e+01 7.617338834563851524e-01 5.745745938051302071e-01
3.939999999999577085e+01 7.059391076498002793e-01 6.163727140610755217e-01
3.949999999999575806e+01 6.507280638304748788e-01 6.579415689674751322e-01
3.959999999999574527e+01 5.963634112649578434e-01 6.990686708638848001e-01
3.969999999999573959e+01 5.431017958783275201e-01 7.395449918094034736e-01
3.979999999999572680e+01 4.911925655693829551e-01 7.791659952129219580e-01
3.989999999999571401e+01 4.408765313535017438e-01 8.177326381136945654e-01
3.999999999999570832e+01 3.923847806907195812e-01 8.550523391097050174e-01
4.009999999999569553e+01 3.459375490645295592e-01 8.909399071433430350e-01
4.019999999999568274e+01 3.017431555513968022e-01 9.252184265828454768e-01
4.029999999999566995e+01 2.599970077649143008e-01 9.577200942936116013e-01
4.039999999999565716e+01 2.208806811666322312e-01 9.882870046756528914e-01
4.049999999999565148e+01 1.845610773136048821e-01 1.016771878935289752e+00
4.059999999999563869e+01 1.511896651603221731e-01 1.043038735185474408e+00
4.069999999999562590e+01 1.209018090507034959e-01 1.066963496297412828e+00
4.079999999999562021e+01 9.381618652863560337e-02 1.088434532782693420e+00
4.089999999999560742e+01 7.003429856495402284e-02 1.107353138346429455e+00
4.099999999999559464e+01 4.964007424857472955e-02 1.123633936130035371e+00
4.109999999999558185e+01 3.269957142453130960e-02 1.137205214046258739e+00
4.119999999999556906e+01 1.926077418603000871e-02 1.148009187999419645e+00
4.129999999999556337e+01 9.353487546648411172e-03 1.156002192183265054e+00
4.139999999999555058e+01 2.989329037860433743e-03 1.161154796040551718e+00
4.149999999999553779e+01 1.618164015377154146e-04 1.163451847869182432e+00
4.159999999999553211e+01 8.465499826089571342e-04 1.162892445451686685e+00
4.169999999999551932e+01 5.001487878817793484e-03 1.159489834467430258e+00
4.179999999999550653e+01 1.256731137766641145e-02 1.153271235832065811e+00
4.189999999999549374e+01 2.346787770975516593e-02 1.144277603469171511e+00
4.199999999999548095e+01 3.761075667687332341e-02 1.132563314380928610e+00
4.209999999999547526e+01 5.488784727599181623e-02 1.118195793216414158e+00
4.219999999999546247e+01 7.517607003924821341e-02 1.101255073867824397e+00
4.229999999999544968e+01 9.833813044764379285e-02 1.081833300922148133e+00
4.239999999999544400e+01 1.242233484533070559e-01 1.060034174086911030e+00
4.249999999999543121e+01 1.526685488630246668e-01 1.035972338966833384e+00
4.259999999999541842e+01 1.834990070940999696e-01 1.009772727816197646e+00
4.269999999999540563e+01 2.165294446114819915e-01 9.815698541042762182e-01
4.279999999999539284e+01 2.515650681930694521e-01 9.515070649317264317e-01
4.289999999999538716e+01 2.884026470441406476e-01 9.197357555024425757e-01
4.299999999999537437e+01 3.268316216936857921e-01 8.864145500068077999e-01
4.309999999999536158e+01 3.666352385494953681e-01 8.517084533880839858e-01
4.319999999999535589e+01 4.075917039670912123e-01 8.157879785669739370e-01
4.329999999999534310e+01 4.494753516948193917e-01 7.788282537676577411e-01
4.339999999999533031e+01 4.920578175946074273e-01 7.410081146389938533e-01
4.349999999999531752e+01 5.351092156004156886e-01 7.025091858868789396e-01
4.359999999999530473e+01 5.783993089678667321e-01 6.635149571360995369e-01
4.369999999999529905e+01 6.216986709801104460e-01 6.242098577127628278e-01
4.379999999999528626e+01 6.647798294141047393e-01 5.847783349975130829e-01
4.389999999999527347e+01 7.074183892310196287e-01 5.454039409250982517e-01
4.399999999999526779e+01 7.493941281363771800e-01 5.062684311208173193e-01
4.409999999999525500e+01 7.904920598583106139e-01 4.675508810495624945e-01
4.419999999999524221e+01 8.305034602174264924e-01 4.294268234230268488e-01
4.429999999999522942e+01 8.692268513034865363e-01 3.920674109599782131e-01
4.439999999999521663e+01 9.064689393387518335e-01 3.556386084242961210e-01
4.449999999999521094e+01 9.420455020872420260e-01 3.203004176795408164e-01
4.459999999999519815e+01 9.757822219680757359e-01 2.862061392958858974e-01
4.469999999999518536e+01 1.007515461343881924e+00 2.535016740255287560e-01
4.479999999999517968e+01 1.037092976783426268e+00 2.223248672330547515e-01
4.489999999999516689e+01 1.064374569437441576e+00 1.928048991196804063e-01
4.499999999999515410e+01 1.089232669016795052e+00 1.650617233263287631e-01
4.509999999999514131e+01 1.111552849220069472e+00 1.392055562327473850e-01
4.519999999999512852e+01 1.131234272825125009e+00 1.153364189968131559e-01
4.529999999999512283e+01 1.148190065020740613e+00 9.354373409538954687e-02
4.539999999999511004e+01 1.162347613933849333e+00 7.390597784166380579e-02
4.549999999999509726e+01 1.173648797664552434e+00 5.649039006303353122e-02
4.559999999999509157e+01 1.182050137519873090e+00 4.135274182929018355e-02
4.569999999999507878e+01 1.187522877485792439e+00 2.853716182683451591e-02
4.579999999999506599e+01 1.190052990341727623e+00 1.807602167994494177e-02
4.589999999999505320e+01 1.189641111159907005e+00 9.989880227639488450e-03
4.599999999999504041e+01 1.186302399276583985e+00 4.287486475282323121e-03
4.609999999999503473e+01 1.180066330141317010e+00 9.658406548849868788e-04
4.619999999999502194e+01 1.170976418773245431e+00 1.031254886044749909e-05
4.629999999999500915e+01 1.159089876854034307e+00 1.394815959383093789e-03
4.639999999999500346e+01 1.144477205777547857e+00 5.082037941148559446e-03
4.649999999999499067e+01 1.127221728262742806e+00 1.102372116002926956e-02
4.659999999999497788e+01 1.107419061394463888e+00 1.916099749509199771e-02
4.669999999999496509e+01 1.085176534217858757e+00 2.942477076761434648e-02
4.679999999999495230e+01 1.060612553248402756e+00 4.173614625922092425e-02
4.689999999999494662e+01 1.033855919484766739e+00 5.600690447275185474e-02
4.699999999999493383e+01 1.005045100725818319e+00 7.214001639530706611e-02
4.709999999999492104e+01 9.743274631816510878e-01 9.003019734333850277e-02
4.719999999999491536e+01 9.418584665513564103e-01 1.095644963061755545e-01
4.729999999999490257e+01 9.078008268929941282e-01 1.306229175571050616e-01
4.739999999999488978e+01 8.723236517529945333e-01 1.530790711714719865e-01
4.749999999999487699e+01 8.356015521332981200e-01 1.768008489788307769e-01
4.759999999999486420e+01 7.978137359721162447e-01 2.016511223832673505e-01
4.769999999999485851e+01 7.591430878744150901e-01 2.274884584103354368e-01
4.779999999999484572e+01 7.197752398718049172e-01 2.541678502850578392e-01
4.789999999999483293e+01 6.798976380025032462e-01 2.815414588078921088e-01
4.799999999999482725e+01 6.396986094814554047e-01 3.094593607810021130e-01
4.809999999999481446e+01 5.993664351865429785e-01 3.377703007393229595e-01
4.819999999999480167e+01 5.590884321058269268e-01 3.663224422650747658e-01
4.829999999999478888e+01 5.190500502845649677e-01 3.949641152051976412e-01
4.839999999999477609e+01 4.794339886742957635e-01 4.235445551736277126e-01
4.849999999999477041e+01 4.404193341202835565e-01 4.519146317984396588e-01
4.859999999999475762e+01 4.021807275346176991e-01 4.799275622709589517e-01
4.869999999999474483e+01 3.648875610878931086e-01 5.074396068670421478e-01
4.879999999999473914e+01 3.287032100168202353e-01 5.343107432393072731e-01
4.889999999999472635e+01 2.937843023934218478e-01 5.604053164234495954e-01
4.899999999999471356e+01 2.602800299327545641e-01 5.855926616564085530e-01
4.909999999999470077e+01 2.283315026390412561e-01 6.097476972758322233e-01
4.919999999999468798e+01 1.980711498026721806e-01 6.327514851466321533e-01
4.929999999999468230e+01 1.696221695701172205e-01 6.544917562531076261e-01
4.939999999999466951e+01 1.430980290174385661e-01 6.748633992890514799e-01
4.949999999999465672e+01 1.186020163675668010e-01 6.937689102853666911e-01
4.959999999999465103e+01 9.622684670548517505e-02 7.111188015234575222e-01
4.969999999999463824e+01 7.605432226615477243e-02 7.268319681970625279e-01
4.979999999999462545e+01 5.815504809807118397e-02 7.408360115039650529e-01
4.989999999999461266e+01 4.258820364228178140e-02 7.530675170681355723e-01
4.999999999999459988e+01 2.940137051383051939e-02 7.634722878152105929e-01
5.009999999999459419e+01 1.863041652868194578e-02 7.720055306456325983e-01
5.019999999999458140e+01 1.029943578504705082e-02 7.786319964709365049e-01
5.029999999999456861e+01 4.420744382642284066e-03 7.833260733991190827e-01
5.039999999999456293e+01 9.949311457254949361e-04 7.860718330730496195e-01
5.049999999999455014e+01 1.096250501027720576e-05 7.868630303805876913e-01
5.059999999999453735e+01 1.446340488422402084e-03 7.857030569676379805e-01
5.069999999999452456e+01 5.267312570161661496e-03 7.826048491936037355e-01
5.079999999999451177e+01 1.142913193069696950e-02 7.775907513708428809e-01
5.089999999999450608e+01 1.987636648646663728e-02 7.706923353296613044e-01
5.099999999999449329e+01 3.054325485681046171e-02 7.619501775396232413e-01
5.109999999999448050e+01 4.335410724695171886e-02 7.514135952071048230e-01
5.119999999999447482e+01 5.822374904015372582e-02 7.391403429433629491e-01
5.129999999999446203e+01 7.505800471027584964e-02 7.251962717712231443e-01
5.139999999999444924e+01 9.375421948891317359e-02 7.096549523956323657e-01
5.149999999999443645e+01 1.142018160511493602e-01 6.925972648196000447e-01
5.159999999999442366e+01 1.362828833220311175e-01 6.741109565244283175e-01
5.169999999999441798e+01 1.598727943549117236e-01 6.542901715661347817e-01
5.179999999999440519e+01 1.848408500949702826e-01 6.332349530567435991e-01
5.189999999999439240e+01 2.110509457184547577e-01 6.110507216055635071e-01
5.199999999999438671e+01 2.383622561344127533e-01 5.878477323881218242e-01
5.209999999999437392e+01 2.666299371505830851e-01 5.637405135890638519e-01
5.219999999999436113e+01 2.957058387436369284e-01 5.388472890292685946e-01
5.229999999999434834e+01 3.254392268357850782e-01 5.132893878373321339e-01
5.239999999999433555e+01 3.556775099663191941e-01 4.871906440604180100e-01
5.249999999999432987e+01 3.862669672602183635e-01 4.606767891282489424e-01
5.259999999999431708e+01 4.170534741346060281e-01 4.338748400884980261e-01
5.269999999999430429e+01 4.478832222491953008e-01 4.069124865208155750e-01
5.279999999999429861e+01 4.786034302969470189e-01 3.799174790112588851e-01
5.289999999999428582e+01 5.090630423445234864e-01 3.530170220283253557e-01
5.299999999999427303e+01 5.391134105686941069e-01 3.263371739884702860e-01
5.309999999999426024e+01 5.686089593882730497e-01 3.000022572309715696e-01
5.319999999999424745e+01 5.974078281642349886e-01 2.741342805430363461e-01
5.329999999999424176e+01 6.253724898256176612e-01 2.488523767846148316e-01
5.339999999999422897e+01 6.523703429752457650e-01 2.242722580603556670e-01
5.349999999999421618e+01 6.782742752325212621e-01 2.005056907742604477e-01
5.359999999999421050e+01 7.029631957788526897e-01 1.776599927831059578e-01
5.369999999999419771e+01 7.263225352807606283e-01 1.558375547357363500e-01
5.379999999999418492e+01 7.482447115726286180e-01 1.351353875509523350e-01
5.389999999999417213e+01 7.686295596852202872e-01 1.156446978467009779e-01
5.399999999999415934e+01 7.873847250020881150e-01 9.745049298745672717e-02
5.409999999999415365e+01 8.044260185178553346e-01 8.063121726807051526e-02
5.419999999999414086e+01 8.196777333478286742e-01 6.525842060020109470e-02
5.429999999999412807e+01 8.330729218136984082e-01 5.139646091287213697e-02
5.439999999999412239e+01 8.445536325823901347e-01 3.910224132298968647e-02
5.449999999999410960e+01 8.540711074911079281e-01 2.842498297426435810e-02
5.459999999999409681e+01 8.615859378230497079e-01 1.940603428581315695e-02
5.469999999999408402e+01 8.670681799328718853e-01 1.207871719385971224e-02
5.479999999999407123e+01 8.704974302389140162e-01 6.468210812947555038e-03
5.489999999999406555e+01 8.718628597137093594e-01 2.591472786472941072e-03
5.499999999999405276e+01 8.711632081138035444e-01 4.571984409497989411e-04
5.509999999999403997e+01 8.684067382941528246e-01 6.581770416800635860e-05
5.519999999999403428e+01 8.636111510529065338e-01 1.409529594799884119e-03
5.529999999999402149e+01 8.568034610566318543e-01 4.472373940139146194e-03
5.539999999999400870e+01 8.480198344938709720e-01 9.230339829859292994e-03
5.549999999999399591e+01 8.373053892096213868e-01 1.565151016718148089e-02
5.559999999999398312e+01 8.247139581780497108e-01 2.369624153494801280e-02
5.569999999999397744e+01 8.103078172764646148e-01 3.331737845312518487e-02
5.579999999999396465e+01 7.941573784371482869e-01 4.446050096656106732e-02
5.589999999999395186e+01 7.763408493627300677e-01 5.706420436770383992e-02
5.599999999999394618e+01 7.569438611126185767e-01 7.106040972909558051e-02
5.609999999999393339e+01 7.360590649802190022e-01 8.637470379484021854e-02
5.619999999999392060e+01 7.137857002062606426e-01 1.029267066598449909e-01
5.629999999999390781e+01 6.902291341889534859e-01 1.206304655505603118e-01
5.639999999999389502e+01 6.655003769730419849e-01 1.393948729119818819e-01
5.649999999999388933e+01 6.397155719171233601e-01 1.591241069032785782e-01
5.659999999999387654e+01 6.129954645516578760e-01 1.797180923086907078e-01
5.669999999999386375e+01 5.854648517474694280e-01 2.010729797829212961e-01
5.679999999999385807e+01 5.572520134200940056e-01 2.230816412701440710e-01
5.689999999999384528e+01 5.284881290875540483e-01 2.456341793645176463e-01
5.699999999999383249e+01 4.993066816875792457e-01 2.686184483180087401e-01
5.709999999999381970e+01 4.698428511359116211e-01 2.919205843480688345e-01
5.719999999999380691e+01 4.402329001760308391e-01 3.154255428547665940e-01
5.729999999999380123e+01 4.106135551234958991e-01 3.390176401236784653e-01
5.739999999999378844e+01 3.811213841552141823e-01 3.625810970678140510e-01
5.749999999999377565e+01 3.518921758241325137e-01 3.860005825489529752e-01
5.759999999999376996e+01 3.230603205018953150e-01 4.091617538183244807e-01
5.769999999999375717e+01 2.947581974595182563e-01 4.319517916224225318e-01
5.779999999999374438e+01 2.671155702942877297e-01 4.542599275430294070e-01
5.789999999999373159e+01 2.402589933952363199e-01 4.759779611662103838e-01
5.799999999999371880e+01 2.143112321142668086e-01 4.970007647202688283e-01
5.809999999999371312e+01 1.893906992727882599e-01 5.172267728697964584e-01
5.819999999999370033e+01 1.656109105851973906e-01 5.365584554177479371e-01
5.829999999999368754e+01 1.430799615228939281e-01 5.549027707375696616e-01
5.839999999999368185e+01 1.219000280718835205e-01 5.721715978395581770e-01
5.849999999999366906e+01 1.021668937581811515e-01 5.882821450679951436e-01
5.859999999999365627e+01 8.396950522382198856e-02 6.031573335259626800e-01
5.869999999999364348e+01 6.738955853537342833e-02 6.167261534351533570e-01
5.879999999999363069e+01 5.250111829365945032e-02 6.289239917586486595e-01
5.889999999999362501e+01 3.937027148981068342e-02 6.396929295393232184e-01
5.899999999999361222e+01 2.805481791673842748e-02 6.489820075468494265e-01
5.909999999999359943e+01 1.860399879738123402e-02 6.567474589646746796e-01
5.919999999999359375e+01 1.105826513098867592e-02 6.629529080043435885e-01
5.929999999999358096e+01 5.449087086198288986e-03 6.675695334865804353e-01
5.939999999999356817e+01 1.798805584700252300e-03 6.705761965961472004e-01
5.949999999999355538e+01 1.205270222811026965e-04 6.719595321833228274e-01
5.959999999999354259e+01 4.180618651742330988e-04 6.717140031578487935e-01
5.969999999999353690e+01 2.685907639944208700e-03 6.698419177007362002e-01
5.979999999999352411e+01 6.909276605450001552e-03 6.663534091937752812e-01
5.989999999999351132e+01 1.306416815723480257e-02 6.612663789540011994e-01
5.999999999999350564e+01 2.111748576964124144e-02 6.546064020372627246e-01
6.009999999999349285e+01 3.102719803104611249e-02 6.464065965603821295e-01
6.019999999999348006e+01 4.274254307513551676e-02 6.367074571709704367e-01
6.029999999999346727e+01 5.620427545859335572e-02 6.255566534728121963e-01
6.039999999999345448e+01 7.134495428573535414e-02 6.130087943886148860e-01
6.049999999999344880e+01 8.808927113625272809e-02 5.991251596126352386e-01
6.059999999999343601e+01 1.063544161160353690e-01 5.839733994701625797e-01
6.069999999999342322e+01 1.260504801266491559e-01 5.676272046570590701e-01
6.079999999999341753e+01 1.470808912375023148e-01 5.501659474822685469e-01
6.089999999999340474e+01 1.693428828511798767e-01 5.316742963769630625e-01
6.099999999999339195e+01 1.927279911759530173e-01 5.122418055630836298e-01
6.109999999999337916e+01 2.171225793650712332e-01 4.919624818943081346e-01
6.119999999999336637e+01 2.424083855492731587e-01 4.709343309907386699e-01
6.129999999999336069e+01 2.684630918794247978e-01 4.492588848843292459e-01
6.139999999999334790e+01 2.951609116100922803e-01 4.270407134758893997e-01
6.149999999999333511e+01 3.223731911935272532e-01 4.043869221755184706e-01
6.159999999999332942e+01 3.499690243137629775e-01 3.814066381563556152e-01
6.169999999999331664e+01 3.778158747759077785e-01 3.582104876957065698e-01
6.179999999999330385e+01 4.057802051697991241e-01 3.349100671108883875e-01
6.189999999999329106e+01 4.337281082531523335e-01 3.116174098144344762e-01
6.199999999999327827e+01 4.615259380405999923e-01 2.884444520207843921e-01
6.209999999999327258e+01 4.890409376447070189e-01 2.655024996305342389e-01
6.219999999999325979e+01 5.161418609849062200e-01 2.429016988004408517e-01
6.229999999999324700e+01 5.426995855637840593e-01 2.207505126779124860e-01
6.239999999999324132e+01 5.685877136001878940e-01 1.991552067389676661e-01
6.249999999999322853e+01 5.936831589067615988e-01 1.782193451181755262e-01
6.259999999999321574e+01 6.178667170028472322e-01 1.580433002581382029e-01
6.269999999999320295e+01 6.410236160561449958e-01 1.387237781368653444e-01
6.279999999999319016e+01 6.630440463591014133e-01 1.203533612522074553e-01
6.289999999999318447e+01 6.838236661488359402e-01 1.030200714556031155e-01
6.299999999999317168e+01 7.032640816936921446e-01 8.680695463263327083e-02
6.309999999999315889e+01 7.212732996746983316e-01 7.179168912477698616e-02
6.319999999999315321e+01 7.377661500042249632e-01 5.804621967761003365e-02
6.329999999999314042e+01 7.526646773313312444e-01 4.563641858403459650e-02
6.339999999999312763e+01 7.658984996007290880e-01 3.462177556830717956e-02
6.349999999999311484e+01 7.774051321428042671e-01 2.505511782816673833e-02
6.359999999999310205e+01 7.871302758981566505e-01 1.698236151737829783e-02
6.369999999999309637e+01 7.950280684978981993e-01 1.044229581163149539e-02
6.379999999999308358e+01 8.010612970559152224e-01 5.466400555696740958e-03
6.389999999999307079e+01 8.052015716653531108e-01 2.078698340537153948e-03
6.399999999999306510e+01 8.074294587331106721e-01 2.956417056010277175e-04
6.409999999999305942e+01 8.077345734420160461e-01 1.260360044616153194e-04
6.419999999999303952e+01 8.061156307888414085e-01 1.570998311807160052e-03
6.429999999999301963e+01 8.025804548133272931e-01 4.623952587085098168e-03
6.439999999999301394e+01 7.971459458086117555e-01 9.270661145522352334e-03
6.449999999999300826e+01 7.898380054880359546e-01 1.548929232145166736e-02
6.459999999999300258e+01 7.806914202651694668e-01 2.325052404256006469e-02
6.469999999999298268e+01 7.697497030003311869e-01 3.251768286769193134e-02
6.479999999999297700e+01 7.570648937556290203e-01 4.324691787580903224e-02
6.489999999999295710e+01 7.426973203003107704e-01 5.538740863068171427e-02
6.499999999999295142e+01 7.267153192970000619e-01 6.888160628538163299e-02
6.509999999999294573e+01 7.091949192951459979e-01 8.366550673377969038e-02
6.519999999999292584e+01 6.902194868430515662e-01 9.966895456356046623e-02
6.529999999999292015e+01 6.698793372132150203e-01 1.168159764177761212e-01
6.539999999999290026e+01 6.482713114084474038e-01 1.350251422300616788e-01
6.549999999999289457e+01 6.254983212873688192e-01 1.542099526636059315e-01
6.559999999999288889e+01 6.016688648026815578e-01 1.742792509558229452e-01
6.569999999999286899e+01 5.768965134958879970e-01 1.951376572503859264e-01
6.579999999999286331e+01 5.512993745320229344e-01 2.166860233865115504e-01
6.589999999999285762e+01 5.249995296867381311e-01 2.388219060123902282e-01
6.599999999999283773e+01 4.981224538163196436e-01 2.614400557960246396e-01
6.609999999999283204e+01 4.707964154531312784e-01 2.844329204229276153e-01
6.619999999999282636e+01 4.431518622660586271e-01 3.076911589963332028e-01
6.629999999999280647e+01 4.153207942185945245e-01 3.311041653928423201e-01
6.639999999999280078e+01 3.874361273360513169e-01 3.545605980739037211e-01
6.649999999999278089e+01 3.596310510663716653e-01 3.779489138126198022e-01
6.659999999999277520e+01 3.320383822819989450e-01 4.011579027660733821e-01
6.669999999999276952e+01 3.047899190201044384e-01 4.240772223050998657e-01
6.679999999999274962e+01 2.780157971042894749e-01 4.465979270087228614e-01
6.689999999999274394e+01 2.518438528176599744e-01 4.686129922359018041e-01
6.699999999999272404e+01 2.263989948189639168e-01 4.900178287079992590e-01
6.709999999999271836e+01 2.018025884955242377e-01 5.107107855646259020e-01
6.719999999999271267e+01 1.781718559378358824e-01 5.305936394042645166e-01
6.729999999999269278e+01 1.556192946927309195e-01 5.495720668739013659e-01
6.739999999999268709e+01 1.342521184065118001e-01 5.675560984475610526e-01
6.749999999999268141e+01 1.141717224044429962e-01 5.844605511135630982e-01
6.759999999999266151e+01 9.547317716570243029e-02 6.002054377884986636e-01
6.769999999999265583e+01 7.824475254411546177e-02 6.147163513869612350e-01
6.779999999999265015e+01 6.256747545215335382e-02 6.279248215934624122e-01
6.789999999999263025e+01 4.851472356957070575e-02 6.397686425214755834e-01
6.799999999999262457e+01 3.615185745751147567e-02 6.501921695862806772e-01
6.809999999999260467e+01 2.553589325565762055e-02 6.591465840745782678e-01
6.819999999999259899e+01 1.671521791395424311e-02 6.665901240603671063e-01
6.829999999999259330e+01 9.729348663946731438e-03 6.724882804898603128e-01
6.839999999999257341e+01 4.608738169707788865e-03 6.768139574401178526e-01
6.849999999999256772e+01 1.374626517188090201e-03 6.795475957464408578e-01
6.859999999999254783e+01 3.894090702565974264e-05 6.806772593848189334e-01
6.869999999999254214e+01 6.042436125010941907e-04 6.801986841970242281e-01
6.879999999999253646e+01 3.063728455364692939e-03 6.781152887432881915e-01
6.889999999999251656e+01 7.401265741493859990e-03 6.744381472711467040e-01
6.899999999999251088e+01 1.359149528969902029e-02 6.691859249904700269e-01
6.909999999999250520e+01 2.159996688438822407e-02 6.623847760411124552e-01
6.919999999999248530e+01 3.138332718988456199e-02 6.540682047404974275e-01
6.929999999999247962e+01 4.288955188438259292e-02 6.442768908852943843e-01
6.939999999999247393e+01 5.605822150792183489e-02 6.330584800704545101e-01
6.949999999999245404e+01 7.082083927367315013e-02 6.204673401652421871e-01
6.959999999999244835e+01 8.710118886776450908e-02 6.065642852581930589e-01
6.969999999999242846e+01 1.048157300606589182e-01 5.914162685426176402e-01
6.979999999999242277e+01 1.238740297742484814e-01 5.750960457667964043e-01
6.989999999999241709e+01 1.441792260934769698e-01 5.576818110146219976e-01
6.999999999999239719e+01 1.656285225785335269e-01 5.392568067104728247e-01
7.009999999999239151e+01 1.881137101245297927e-01 5.199089098623564942e-01
7.019999999999237161e+01 2.115217135265083370e-01 4.997301966625630754e-01
7.029999999999236593e+01 2.357351598394649694e-01 4.788164876605251474e-01
7.039999999999236024e+01 2.606329655726983274e-01 4.572668758040536185e-01
7.049999999999234035e+01 2.860909397233677987e-01 4.351832397163377664e-01
7.059999999999233466e+01 3.119823996347571016e-01 4.126697446333985608e-01
7.069999999999232898e+01 3.381787966573812643e-01 3.898323334736842338e-01
7.079999999999230909e+01 3.645503485939797783e-01 3.667782105447920937e-01
7.089999999999230340e+01 3.909666759226116395e-01 3.436153204166801922e-01
7.099999999999229772e+01 4.172974388111529431e-01 3.204518244999712273e-01
7.109999999999227782e+01 4.434129719648783885e-01 2.973955778696484864e-01
7.119999999999227214e+01 4.691849143795601140e-01 2.745536088617565040e-01
7.129999999999225224e+01 4.944868311138412853e-01 2.520316039498340377e-01
7.139999999999224656e+01 5.191948242361376087e-01 2.299334003740789445e-01
7.149999999999224087e+01 5.431881301534942086e-01 2.083604889524397208e-01
7.159999999999222098e+01 5.663497005860042011e-01 1.874115294498771012e-01
7.169999999999221529e+01 5.885667645140365556e-01 1.671818808163550163e-01
7.179999999999219540e+01 6.097313684979316362e-01 1.477631485303164405e-01
7.189999999999218971e+01 6.297408928519224736e-01 1.292427511997623069e-01
7.199999999999218403e+01 6.484985412445750663e-01 1.117035084784200466e-01
7.209999999999216413e+01 6.659138014021529495e-01 9.522325225105827962e-02
7.219999999999215845e+01 6.819028747048170302e-01 7.987446292865220399e-02
7.229999999999215277e+01 6.963890725951528138e-01 6.572393257224291852e-02
7.239999999999213287e+01 7.093031778570126900e-01 5.283245643387248641e-02
7.249999999999212719e+01 7.205837689795561163e-01 4.125455436458939223e-02
7.259999999999212150e+01 7.301775059863767625e-01 3.103822339366962141e-02
7.269999999999210161e+01 7.380393762925748780e-01 2.222472263017746807e-02
7.279999999999209592e+01 7.441328993418251381e-01 1.484839147955990639e-02
7.289999999999207603e+01 7.484302889840979134e-01 8.936502003222268620e-03
7.299999999999207034e+01 7.509125727629606395e-01 4.509146080435402597e-03
7.309999999999206466e+01 7.515696675081916522e-01 1.579157859179592576e-03
7.319999999999204476e+01 7.504004108553152808e-01 1.520718071932477503e-04
7.329999999999203908e+01 7.474125485493947618e-01 2.261164972368685702e-04
7.339999999999201918e+01 7.426226776249067463e-01 1.792244082522185178e-03
7.349999999999201350e+01 7.360561457933892937e-01 4.834195240341870002e-03
7.359999999999200782e+01 7.277469076061106046e-01 9.328599185208927974e-03
7.369999999999198792e+01 7.177373381902506511e-01 1.524510817827317774e-02
7.379999999999198224e+01 7.060780055892379448e-01 2.254656578843339601e-02
7.389999999999197655e+01 6.928274029558030289e-01 3.118920799336886984e-02
7.399999999999195666e+01 6.780516420594141502e-01 4.112289604660538528e-02
7.409999999999195097e+01 6.618241097743879919e-01 5.229137988067411591e-02
7.419999999999194529e+01 6.442250894040018050e-01 6.463259066708813838e-02
7.429999999999192539e+01 6.253413488744300475e-01 7.807896101227418395e-02
7.439999999999191971e+01 6.052656979992807607e-01 9.255777113537690115e-02
7.449999999999189981e+01 5.840965171629981523e-01 1.079915192495020659e-01
7.459999999999189413e+01 5.619372599101055687e-01 1.242983142534497681e-01
7.469999999999188844e+01 5.388959320443801326e-01 1.413922887366549086e-01
7.479999999999186855e+01 5.150845499488240220e-01 1.591840302060452683e-01
7.489999999999186286e+01 4.906185809241911944e-01 1.775810283608749429e-01
7.499999999999184297e+01 4.656163684169264960e-01 1.964881361704974294e-01
7.509999999999183729e+01 4.401985450638238873e-01 2.158080424496112981e-01
7.519999999999183160e+01 4.144874365221359325e-01 2.354417535784679161e-01
7.529999999999181171e+01 3.886064590778895433e-01 2.552890819787760335e-01
7.539999999999180602e+01 3.626795140365862147e-01 2.752491389327024751e-01
7.549999999999180034e+01 3.368303818951953743e-01 2.952208293201092904e-01
7.559999999999178044e+01 3.111821192738099540e-01 3.151033458497843887e-01
7.569999999999177476e+01 2.858564615535295061e-01 3.347966603718079415e-01
7.579999999999176907e+01 2.609732341176927428e-01 3.542020098830173103e-01
7.589999999999174918e+01 2.366497750339122685e-01 3.732223748717976575e-01
7.599999999999174349e+01 2.130003719399241047e-01 3.917629476958628953e-01
7.609999999999172360e+01 1.901357158101981415e-01 4.097315887447619542e-01
7.619999999999171791e+01 1.681623741815198581e-01 4.270392682054543476e-01
7.629999999999171223e+01 1.471822863063556863e-01 4.436004913303516761e-01
7.639999999999169233e+01 1.272922825820956561e-01 4.593337051935776350e-01
7.649999999999168665e+01 1.085836304729356078e-01 4.741616850200101596e-01
7.659999999999166675e+01 9.114160900062164006e-02 4.880118982778126613e-01
7.669999999999166107e+01 7.504511373055984536e-02 5.008168448402045003e-01
7.679999999999165539e+01 6.036629402168755543e-02 5.125143716446891595e-01
7.689999999999163549e+01 4.717022414260341884e-02 5.230479604067785893e-01
7.699999999999162981e+01 3.551460968454031586e-02 5.323669870823151129e-01
7.709999999999162412e+01 2.544953052307085198e-02 5.404269519121908116e-01
7.719999999999160423e+01 1.701722139754218918e-02 5.471896790318114823e-01
7.729999999999159854e+01 1.025189099001528291e-02 5.526234847763180635e-01
7.739999999999159286e+01 5.179580195422309880e-03 5.567033139676871301e-01
7.749999999999157296e+01 1.818060082716581663e-03 5.594108436261889805e-01
7.759999999999156728e+01 1.767698541010170312e-04 5.607345537073519237e-01
7.769999999999154738e+01 2.567949170306033308e-04 5.606697646255549561e-01
7.779999999999154170e+01 2.050884992744884776e-03 5.592186414837884145e-01
7.789999999999153601e+01 5.543511996700578939e-03 5.563901650921048159e-01
7.799999999999151612e+01 1.071096724149357693e-02 5.522000700103281146e-01
7.809999999999151044e+01 1.752149733270873602e-02 5.466707500129317499e-01
7.819999999999149054e+01 2.593547795358833521e-02 5.398311315217128037e-01
7.829999999999148486e+01 3.590562456627872934e-02 5.317165157068742820e-01
7.839999999999147917e+01 4.737723889653316228e-02 5.223683900993847384e-01
7.849999999999145928e+01 6.028848991571574001e-02 5.118342107020138476e-01
7.859999999999145359e+01 7.457072788921803586e-02 5.001671557197368001e-01
7.869999999999144791e+01 9.014882992460286626e-02 4.874258521623306972e-01
7.879999999999142801e+01 1.069415753256636320e-01 4.736740766948010495e-01
7.889999999999142233e+01 1.248620489408776013e-01 4.589804322283674853e-01
7.899999999999141664e+01 1.438180705857816655e-01 4.434180018550052949e-01
7.909999999999139675e+01 1.637126485190773528e-01 4.270639818298548329e-01
7.919999999999139106e+01 1.844444548604106948e-01 4.099992954000760137e-01
7.929999999999137117e+01 2.059083207557810269e-01 3.923081893657064390e-01
7.939999999999136548e+01 2.279957490201879045e-01 3.740778153333260136e-01
7.949999999999135980e+01 2.505954419210638107e-01 3.553977976941610217e-01
7.959999999999133991e+01 2.735938417043126125e-01 3.363597904154785878e-01
7.969999999999133422e+01 2.968756814127592736e-01 3.170570247873546466e-01
7.979999999999131433e+01 3.203245434988273854e-01 2.975838503049005879e-01
7.989999999999130864e+01 3.438234236939743949e-01 2.780352708996775557e-01
7.999999999999130296e+01 3.672552975633670003e-01 2.585064787556700661e-01
8.009999999999128306e+01 3.905036871473985260e-01 2.390923879561317744e-01
8.019999999999127738e+01 4.134532250718638835e-01 2.198871702114061077e-01
8.029999999999127169e+01 4.359902134974344423e-01 2.009837949088507936e-01
8.039999999999125180e+01 4.580031752731490990e-01 1.824735757085746146e-01
8.049999999999124611e+01 4.793833946674417867e-01 1.644457258806258093e-01
8.059999999999124043e+01 5.000254450621184343e-01 1.469869245406129898e-01
8.069999999999122053e+01 5.198277010253871122e-01 1.301808958923560688e-01
8.079999999999121485e+01 5.386928322158393012e-01 1.141080035270074927e-01
8.089999999999119495e+01 5.565282766251420377e-01 9.884486175894989513e-02
8.099999999999118927e+01 5.732466907320326044e-01 8.446396589975212199e-02
8.109999999999118359e+01 5.887663742243286480e-01 7.103334328168792178e-02
8.119999999999116369e+01 6.030116670442576821e-01 5.861622674388994314e-02
8.129999999999115801e+01 6.159133166279342486e-01 4.727075218551217428e-02
8.139999999999113811e+01 6.274088133424640112e-01 3.704968167289324904e-02
8.149999999999113243e+01 6.374426922747445934e-01 2.800015346185279197e-02
8.159999999999112674e+01 6.459667996909778109e-01 2.016346016229608046e-02
8.169999999999110685e+01 6.529405226695114139e-01 1.357485613094838207e-02
8.179999999999110116e+01 6.583309806063071257e-01 8.263395030278604045e-03
8.189999999999109548e+01 6.621131775017823351e-01 4.251798338013679755e-03
8.199999999999107558e+01 6.642701141620327432e-01 1.556355433112588263e-03
8.209999999999106990e+01 6.647928596767679332e-01 1.868557216612163122e-04
8.219999999999106421e+01 6.636805817762894133e-01 1.465531008000333366e-04
8.229999999999104432e+01 6.609405359122139112e-01 1.432162891604205892e-03
8.239999999999103864e+01 6.565880131540638986e-01 4.033891203866576784e-03
8.249999999999101874e+01 6.506462472354986870e-01 7.935496528085419360e-03
8.259999999999101306e+01 6.431462813276838109e-01 1.311438318372551426e-02
8.269999999999100737e+01 6.341267953513912703e-01 1.954172608905739225e-02
8.279999999999098748e+01 6.236338948666056980e-01 2.718262615766043125e-02
8.289999999999098179e+01 6.117208627940915466e-01 3.599629547092741966e-02
8.299999999999096190e+01 5.984478754273629963e-01 4.593627122565629994e-02
8.309999999999095621e+01 5.838816843821170721e-01 5.695065731179938667e-02
8.319999999999095053e+01 5.680952663055262031e-01 6.898239223860076763e-02
8.329999999999093063e+01 5.511674423219130592e-01 8.196954199820491449e-02
8.339999999999092495e+01 5.331824693359749068e-01 9.584561633511799739e-02
8.349999999999091926e+01 5.142296054340490530e-01 1.105399067781988459e-01
8.359999999999089937e+01 4.944026517335736726e-01 1.259778446892220738e-01
8.369999999999089368e+01 4.737994731177824770e-01 1.420813774897009274e-01
8.379999999999088800e+01 4.525215003694444404e-01 1.587693611444978281e-01
8.389999999999086810e+01 4.306732162747249348e-01 1.759579669085433451e-01
8.399999999999086242e+01 4.083616283146807580e-01 1.935611002805487368e-01
8.409999999999084253e+01 3.856957305941094427e-01 2.114908300559354970e-01
8.419999999999083684e+01 3.627859576779444706e-01 2.296578253295324668e-01
8.429999999999083116e+01 3.397436330169801844e-01 2.479717982682784760e-01
8.439999999999081126e+01 3.166804146441036250e-01 2.663419504524880410e-01
8.449999999999080558e+01 2.937077408145424284e-01 2.846774205756090192e-01
8.459999999999078568e+01 2.709362782479619036e-01 3.028877312907223285e-01
8.469999999999078000e+01 2.484753756048607432e-01 3.208832330039132485e-01
8.479999999999077431e+01 2.264325247997484303e-01 3.385755424338849351e-01
8.489999999999075442e+01 2.049128327129246807e-01 3.558779737878374760e-01
8.499999999999074873e+01 1.840185058175176358e-01 3.727059604441674834e-01
8.509999999999074305e+01 1.638483501825615807e-01 3.889774650819999291e-01
8.519999999999072315e+01 1.444972892506540818e-01 4.046133762566637149e-01
8.529999999999071747e+01 1.260559017161440865e-01 4.195378894908982081e-01
8.539999999999071179e+01 1.086099817484230817e-01 4.336788710263656532e-01
8.549999999999069189e+01 9.224012371288577150e-02 4.469682024711426060e-01
8.559999999999068621e+01 7.702133343977329849e-02 4.593421046702986787e-01
8.569999999999066631e+01 6.302266797679800803e-02 4.707414392340632525e-01
8.579999999999066063e+01 5.030690563683037214e-02 4.811119862682611825e-01
8.589999999999065494e+01 3.893024801422483722e-02 4.904046969712889115e-01
8.599999999999063505e+01 2.894205549514282383e-02 4.985759198891387967e-01
8.609999999999062936e+01 2.038461762703255506e-02 5.055875997522157883e-01
8.619999999999060947e+01 1.329295954154051211e-02 5.114074479576194987e-01
8.629999999999060378e+01 7.694685444094583743e-03 5.160090839027976495e-01
8.639999999999059810e+01 3.609859993179588035e-03 5.193721465275521476e-01
8.649999999999057820e+01 1.050928194008228338e-03 5.214823755716223586e-01
8.659999999999057252e+01 2.267422639676780163e-05 5.223316622109451801e-01
8.669999999999056683e+01 5.222194164764547590e-04 5.219180688936130297e-01
8.679999999999054694e+01 2.539059348200421815e-03 5.202458183534930392e-01
8.689999999999054126e+01 6.055139895048233627e-03 5.173252519393640725e-01
8.699999999999053557e+01 1.104497173668760913e-02 5.131727575542359698e-01
8.709999999999051568e+01 1.747578271137736200e-02 5.078106676573770351e-01
8.719999999999050999e+01 2.530770714431263002e-02 5.012671279325789930e-01
8.729999999999049010e+01 3.449401108662051435e-02 4.935759373803576544e-01
8.739999999999048441e+01 4.498135220091743769e-02 4.847763607337225444e-01
8.749999999999047873e+01 5.671007283864235027e-02 4.749129142416161908e-01
8.759999999999045883e+01 6.961452467325825177e-02 4.640351259964589081e-01
8.769999999999045315e+01 8.362342308294952453e-02 4.521972721119912331e-01
8.779999999999043325e+01 9.866022931782932048e-02 4.394580901779465143e-01
8.789999999999042757e+01 1.146435583406372194e-01 4.258804715309438271e-01
8.799999999999042188e+01 1.314876100975040096e-01 4.115311339845381666e-01
8.809999999999040199e+01 1.491026218567971517e-01 3.964802767577318421e-01
8.819999999999039630e+01 1.673953391501797339e-01 3.808012194249625892e-01
8.829999999999039062e+01 1.862695027611491749e-01 3.645700267866314181e-01
8.839999999999037072e+01 2.056263491321143888e-01 3.478651216238686783e-01
8.849999999999036504e+01 2.253651215030592903e-01 3.307668873554031608e-01
8.859999999999035936e+01 2.453835890508933304e-01 3.133572626576233144e-01
8.869999999999033946e+01 2.655785712709525237e-01 2.957193301405549590e-01
8.879999999999033378e+01 2.858464648296923372e-01 2.779369011947299128e-01
8.889999999999031388e+01 3.060837701186780446e-01 2.600940991317318707e-01
8.899999999999030820e+01 3.261876147583985253e-01 2.422749427420408663e-01
8.909999999999030251e+01 3.460562713305513349e-01 2.245629323795535481e-01
8.919999999999028262e+01 3.655896666639282255e-01 2.070406406596695670e-01
8.929999999999027693e+01 3.846898800581976530e-01 1.897893098235991782e-01
8.939999999999025704e+01 4.032616279022249173e-01 1.728884577763654118e-01
8.949999999999025135e+01 4.212127322296069232e-01 1.564154947515317418e-01
8.959999999999024567e+01 4.384545708517176288e-01 1.404453524911044582e-01
8.969999999999022577e+01 4.549025068182289688e-01 1.250501277540138345e-01
8.979999999999022009e+01 4.704762950759929230e-01 1.102987418842090034e-01
8.989999999999021441e+01 4.851004643282023632e-01 9.625661807712208862e-02
8.999999999999019451e+01 4.987046722362960538e-01 8.298537788338208876e-02
9.009999999999018883e+01 5.112240322585203112e-01 7.054255838159760594e-02
9.019999999999018314e+01 5.225994105747765461e-01 5.898135133770363719e-02
9.029999999999016325e+01 5.327776917152505787e-01 4.835036554797492864e-02
9.039999999999015756e+01 5.417120116807567776e-01 3.869341343689911006e-02
9.049999999999013767e+01 5.493619575209706118e-01 3.004932285014817739e-02
9.059999999999013198e+01 5.556937325186315224e-01 2.245177484794217207e-02
9.069999999999012630e+01 5.606802863137722026e-01 1.592916816547727821e-02
9.079999999999010640e+01 5.643014094917725432e-01 1.050451086603397532e-02
9.089999999999010072e+01 5.665437923473531923e-01 6.195339569028479945e-03
9.099999999999008082e+01 5.674010477305232447e-01 3.013666491066996876e-03
9.109999999999007514e+01 5.668736980703844575e-01 9.659543931835218615e-04
9.119999999999006945e+01 5.649691268621049867e-01 5.311938301641177005e-05
9.129999999999004956e+01 5.617014950912614379e-01 2.705613773418590398e-04
9.139999999999004388e+01 5.570916232543420277e-01 1.608221888885563635e-03
9.149999999999003819e+01 5.511668398131365221e-01 4.050668662468824913e-03
9.159999999999001830e+01 5.439607970975028906e-01 7.577206550003247332e-03
9.169999999999001261e+01 5.355132558388457920e-01 1.216201388236633381e-02
9.179999999999000693e+01 5.258698396786097851e-01 1.777430346943034006e-02
9.189999999998998703e+01 5.150817611502899185e-01 2.437850723818928839e-02
9.199999999998998135e+01 5.032055207765556704e-01 3.193448340355075493e-02
9.209999999998996145e+01 4.903025810596438605e-01 4.039774495774401536e-02
9.219999999998995577e+01 4.764390172657443911e-01 4.971970816265502274e-02
9.229999999998995008e+01 4.616851470171624561e-01 5.984795963562820897e-02
9.239999999998993019e+01 4.461151408066708068e-01 7.072654053356977610e-02
9.249999999998992450e+01 4.298066156359042767e-01 8.229624626296526413e-02
9.259999999998990461e+01 4.128402140545404664e-01 9.449494007537051488e-02
9.269999999998989892e+01 3.952991709378408380e-01 1.072578788486287515e-01
9.279999999998989324e+01 3.772688703875310967e-01 1.205180493050953261e-01
9.289999999998987334e+01 3.588363951745624503e-01 1.342065128775399019e-01
9.299999999998986766e+01 3.400900711606115179e-01 1.482527574041269114e-01
9.309999999998986198e+01 3.211190091417699399e-01 1.625850538131363709e-01
9.319999999998984208e+01 3.020126465482521616e-01 1.771308159479769162e-01
9.329999999998983640e+01 2.828602914125467049e-01 1.918169616826607138e-01
9.339999999998983071e+01 2.637506709833039586e-01 2.065702734870449031e-01
9.349999999998981082e+01 2.447714873139805181e-01 2.213177566201854907e-01
9.359999999998980513e+01 2.260089820959036433e-01 2.359869931581245750e-01
9.369999999998978524e+01 2.075475129336146196e-01 2.505064901001038402e-01
9.379999999998977955e+01 1.894691431777457691e-01 2.648060198432194978e-01
9.389999999998977387e+01 1.718532473388449111e-01 2.788169513703476765e-01
9.399999999998975397e+01 1.547761340023190990e-01 2.924725705589312774e-01
9.409999999998974829e+01 1.383106880546734196e-01 3.057083880883890714e-01
9.419999999998972839e+01 1.225260339116387570e-01 3.184624335026097208e-01
9.429999999998972271e+01 1.074872213125121073e-01 3.306755340670772814e-01
9.439999999998971703e+01 9.325493511204488439e-02 3.422915771525389950e-01
9.449999999998969713e+01 7.988523036178922510e-02 3.532577549719982390e-01
9.459999999998969145e+01 6.742929382892216827e-02 3.635247906012264441e-01
9.469999999998968576e+01 5.593323295124712907e-02 3.730471443179732560e-01
9.479999999998966587e+01 4.543789307429667995e-02 3.817831994058694667e-01
9.489999999998966018e+01 3.597870366033485701e-02 3.896954266836253344e-01
9.499999999998965450e+01 2.758555400034468433e-02 3.967505271350622587e-01
9.509999999998963460e+01 2.028269879955546182e-02 4.029195521364044574e-01
9.519999999998962892e+01 1.408869384543720051e-02 4.081780008959928208e-01
9.529999999998960902e+01 9.016361805001768884e-03 4.125058948443148243e-01
9.539999999998960334e+01 5.072788036795126791e-03 4.158878288325530970e-01
9.549999999998959765e+01 2.259346142538179794e-03 4.183129991212131693e-01
9.559999999998957776e+01 5.717528252233869358e-04 4.197752082576705623e-01
9.569999999998957207e+01 1.514652352777756329e-07 4.202728470639826019e-01
9.579999999998955218e+01 5.292236747425058986e-04 4.198088540690619874e-01
9.589999999998954650e+01 2.138327944122941481e-03 4.183906528359097599e-01
9.599999999998954081e+01 4.801664353431289202e-03 4.160300677420718518e-01
9.609999999998952092e+01 8.488464187845590897e-03 4.127432188796490986e-01
9.619999999998951523e+01 1.316320316952989365e-02 4.085503968409568420e-01
9.629999999998950955e+01 1.878583690026163627e-02 4.034759182527748456e-01
9.639999999998948965e+01 2.531205700034886222e-02 3.975479630122420449e-01
9.649999999998948397e+01 3.269356633053162320e-02 3.907983942621889861e-01
9.659999999998947828e+01 4.087837159532510534e-02 3.832625622208953309e-01
9.669999999998945839e+01 4.981109154933297672e-02 3.749790930523888011e-01
9.679999999998945270e+01 5.943327896281148243e-02 3.659896640266678269e-01
9.689999999998943281e+01 6.968375444940411167e-02 3.563387662753642604e-01
9.699999999998942712e+01 8.049895021830673347e-02 3.460734564963208748e-01
9.709999999998942144e+01 9.181326178435914032e-02 3.352430990010974443e-01
9.719999999998940154e+01 1.035594056536428276e-01 3.238990995309828924e-01
9.729999999998939586e+01 1.156687809984497939e-01 3.120946322913301096e-01
9.739999999998937597e+01 1.280718333436720036e-01 2.998843616703329995e-01
9.749999999998937028e+01 1.406984183070461580e-01 2.873241601147362156e-01
9.759999999998936460e+01 1.534781634667914674e-01 2.744708236365445142e-01
9.769999999998934470e+01 1.663408264729650810e-01 2.613817864146306680e-01
9.779999999998933902e+01 1.792166475707803741e-01 2.481148359405925818e-01
9.789999999998933333e+01 1.920366947668978863e-01 2.347278301345894214e-01
9.799999999998931344e+01 2.047331999405637426e-01 2.212784178257120038e-01
9.809999999998930775e+01 2.172398842802636398e-01 2.078237639550516158e-01
9.819999999998930207e+01 2.294922715137162617e-01 1.944202808147796613e-01
9.829999999998928217e+01 2.414279874922188318e-01 1.811233665868601517e-01
9.839999999998927649e+01 2.529870447886716778e-01 1.679871523893260721e-01
9.849999999998925659e+01 2.641121110733479771e-01 1.550642589761922485e-01
9.859999999998925091e+01 2.747487601393370227e-01 1.424055641716634735e-01
9.869999999998924523e+01 2.848457045610400806e-01 1.300599820479488578e-01
9.879999999998922533e+01 2.943550090834604060e-01 1.180742547820474442e-01
9.889999999998921965e+01 3.032322839560492311e-01 1.064927580482387809e-01
9.899999999998919975e+01 3.114368575425010000e-01 9.535732072202830756e-02
9.909999999998919407e+01 3.189319276551713656e-01 8.470705958740837316e-02
9.919999999998918838e+01 3.256846911812859013e-01 7.457822965362016776e-02
9.929999999998916849e+01 3.316664516843549348e-01 6.500409059966238967e-02
9.939999999998916280e+01 3.368527047812149289e-01 5.601478977656954017e-02
9.949999999998915712e+01 3.412232012078324495e-01 4.763726210779532094e-02
9.959999999998913722e+01 3.447619876007196882e-01 3.989514713842010757e-02
9.969999999998913154e+01 3.474574251291298599e-01 3.280872339453273778e-02
9.979999999998912585e+01 3.493021862200028638e-01 2.639486012509586338e-02
9.989999999998910596e+01 3.502932297225259672e-01 2.066698641087553329e-02
