1.000000000000000000e+00 2.000000000000000000e+00 0.000000000000000000e+00
1.099999999999988987e+00 1.997600966588858329e+00 1.999200209298840434e-03
1.199999999999977973e+00 1.990415459792237218e+00 7.987208596023621932e-03
1.299999999999966960e+00 1.978478209555236900e+00 1.793529496431100351e-02
1.399999999999955946e+00 1.961846922607866972e+00 3.179573055736423931e-02
1.499999999999944933e+00 1.940602008489503261e+00 4.950201970550272002e-02
1.599999999999933920e+00 1.914846192286473459e+00 7.096922265746322123e-02
1.699999999999922906e+00 1.884704015862242787e+00 9.609436806502470729e-02
1.799999999999911893e+00 1.850321229960572245e+00 1.247569531394094600e-01
1.899999999999900879e+00 1.811864080132181254e+00 1.568195290558533073e-01
1.999999999999889866e+00 1.769518490008543665e+00 1.921283687528860806e-01
2.099999999999878852e+00 1.723489145985672710e+00 2.305142138567393417e-01
2.199999999999867839e+00 1.673998487906468213e+00 2.717930970628323895e-01
2.299999999999856826e+00 1.621285610831729507e+00 3.157672359245314309e-01
2.399999999999845812e+00 1.565605083451928392e+00 3.622259936408087078e-01
2.499999999999834799e+00 1.507225689143979919e+00 4.109469020960427321e-01
2.599999999999823785e+00 1.446429096071269127e+00 4.616967420921433973e-01
2.699999999999812772e+00 1.383508463108121367e+00 5.142326754272711353e-01
2.799999999999801759e+00 1.318766988697007703e+00 5.683034232142063491e-01
2.899999999999790745e+00 1.252516410046281115e+00 6.236504846020435311e-01
2.999999999999779732e+00 1.185075460329860997e+00 6.800093898633119416e-01
3.099999999999768718e+00 1.116768291764864696e+00 7.371109816391991920e-01
3.199999999999757705e+00 1.047922872613341161e+00 7.946827179975911593e-01
3.299999999999746692e+00 9.788693662823853003e-01 8.524499908541675053e-01
3.399999999999735678e+00 9.099385007810364412e-01 9.101374532324338906e-01
3.499999999999724665e+00 8.414599368304715998e-01 9.674703488023707054e-01
3.599999999999713651e+00 7.737606429222858573e-01 1.024175837129906785e+00
3.699999999999702638e+00 7.071632855693181785e-01 1.079984308098891121e+00
3.799999999999691624e+00 6.419846429038774671e-01 1.134630679026940259e+00
3.899999999999680611e+00 5.785340496427167079e-01 1.187855668093571682e+00
3.999999999999669598e+00 5.171118812638668683e-01 1.239407037822575219e+00
4.099999999999658584e+00 4.580080850228316347e-01 1.289040802519602735e+00
4.199999999999647571e+00 4.015007651819119672e-01 1.336522393758176941e+00
4.299999999999636557e+00 3.478548295301207016e-01 1.381627778219006064e+00
4.399999999999625544e+00 2.973207039449665134e-01 1.424144522442154726e+00
4.499999999999614531e+00 2.501331213800288555e-01 1.463872799321085161e+00
4.599999999999603517e+00 2.065099912684193739e-01 1.500626331468538188e+00
4.699999999999592504e+00 1.666513549041051256e-01 1.534233266909370563e+00
4.799999999999581490e+00 1.307384319089585634e-01 1.564536982902059670e+00
4.899999999999570477e+00 9.893276241316463493e-02 1.591396814054065523e+00
4.999999999999559464e+00 7.137544907393832128e-02 1.614688701289196393e+00
5.099999999999548450e+00 4.818650253368138292e-02 1.634305758617301318e+00
5.199999999999537437e+00 2.946429337848755284e-02 1.650158755084242923e+00
5.299999999999526423e+00 1.528511310246221180e-02 1.662176509699720306e+00
5.399999999999515410e+00 5.702846016724941007e-03 1.670306197585434083e+00
5.499999999999504396e+00 7.487534667933580957e-04 1.674513566031148537e+00
5.599999999999493383e+00 4.313711416159767584e-04 1.674783059596364643e+00
5.699999999999482370e+00 4.736519674962033112e-03 1.671117853855322855e+00
5.799999999999471356e+00 1.362742815835447409e-02 1.663539797834461487e+00
5.899999999999460343e+00 2.704496960745796444e-02 1.652089265648071903e+00
5.999999999999449329e+00 4.490800685395467118e-02 1.636824918287403063e+00
6.099999999999438316e+00 6.711384677554481371e-02 1.617823376966521121e+00
6.199999999999427303e+00 9.353880023092452090e-02 1.595178809855467117e+00
6.299999999999416289e+00 1.240388445371585907e-01 1.569002434464892515e+00
6.399999999999405276e+00 1.584503848170547846e-01 1.539421938355064023e+00
6.499999999999394262e+00 1.965911100558052071e-01 1.506580821234852374e+00
6.599999999999383249e+00 2.382609392432934181e-01 1.470637661906501803e+00
6.699999999999372235e+00 2.832430525414371680e-01 1.431765313860202449e+00
6.799999999999361222e+00 3.313050020087830450e-01 1.390150033676841090e+00
6.899999999999350209e+00 3.821998960387482658e-01 1.345990546704030288e+00
6.999999999999339195e+00 4.356676513234561954e-01 1.299497054774888749e+00
7.099999999999328182e+00 4.914363058471966639e-01 1.250890191000816776e+00
7.199999999999317168e+00 5.492233861396899064e-01 1.200399926919837768e+00
7.299999999999306155e+00 6.087373217824082472e-01 1.148264437494196821e+00
7.399999999999295142e+00 6.696788999627358852e-01 1.094728929640321091e+00
7.499999999999284128e+00 7.317427527107157603e-01 1.040044440131171255e+00
7.599999999999273115e+00 7.946188693279515602e-01 9.844666088452053154e-01
7.699999999999262101e+00 8.579941264393337041e-01 9.282544334280165010e-01
7.799999999999251088e+00 9.215538280489693479e-01 8.716690115077038170e-01
7.899999999999240075e+00 9.849832479780950001e-01 8.149722766393217022e-01
7.999999999999229061e+00 1.047969167092699161e+00 7.584257341632240079e-01
8.099999999999218048e+00 1.110201397798837863e+00 7.022892031371220645e-01
8.199999999999207034e+00 1.171374288385912177e+00 6.468195704513448607e-01
8.299999999999196021e+00 1.231188199942152783e+00 5.922695631522232329e-01
8.399999999999185007e+00 1.289350948737712832e+00 5.388865448867575791e-01
8.499999999999173994e+00 1.345579207182256543e+00 4.869113422438045014e-01
8.599999999999162981e+00 1.399599856698844125e+00 4.365771065964434428e-01
8.699999999999151967e+00 1.451151286129186646e+00 3.881082168597025928e-01
8.799999999999140954e+00 1.499984629580141782e+00 3.417192283559348231e-01
8.899999999999129940e+00 1.545864937947012852e+00 2.976138727376259063e-01
8.999999999999118927e+00 1.588572278696235962e+00 2.559841136522892913e-01
9.099999999999107914e+00 1.627902758867912691e+00 2.170092625443205692e-01
9.199999999999096900e+00 1.663669466639929206e+00 1.808551586829602320e-01
9.299999999999085887e+00 1.695703327222845891e+00 1.476734171784891692e-01
9.399999999999074873e+00 1.723853869268733296e+00 1.176007484064840319e-01
9.499999999999063860e+00 1.747989898432495304e+00 9.075835190232929561e-02
9.599999999999052847e+00 1.768000075171587193e+00 6.725138741686238764e-02
9.699999999999041833e+00 1.783793394345511762e+00 4.716852544227374128e-02
9.799999999999030820e+00 1.795299564644639467e+00 3.058157912476151125e-02
9.899999999999019806e+00 1.802469286365521395e+00 1.754521908141527461e-02
9.999999999999008793e+00 1.805274426533281851e+00 8.096772232868343008e-03
1.009999999999899778e+01 1.803708090860128843e+00 2.256105354200049935e-03
1.019999999999898677e+01 1.797784592520250246e+00 2.559363518613757806e-05
1.029999999999897575e+01 1.787539318205642047e+00 1.390174129670875263e-03
1.039999999999896474e+01 1.773028492409242096e+00 6.317483564366366613e-03
1.049999999999895373e+01 1.754328841365350389e+00 1.475807957171247631e-02
1.059999999999894271e+01 1.731537158535019882e+00 2.664574401135977322e-02
1.069999999999893170e+01 1.704769773996764437e+00 4.189786665228187323e-02
1.079999999999892069e+01 1.674161930540776000e+00 6.041590710424336180e-02
1.089999999999890967e+01 1.639867069703657920e+00 8.208593251506363098e-02
1.099999999999889866e+01 1.602056031402323333e+00 1.067792281907086333e-01
1.109999999999888765e+01 1.560916171222867188e+00 1.343529779501638766e-01
1.119999999999887663e+01 1.516650399811721561e+00 1.646510106977676913e-01
1.129999999999886562e+01 1.469476149174071100e+00 1.975046093846223316e-01
1.139999999999885461e+01 1.419624271032397189e+00 2.327333782373501858e-01
1.149999999999884359e+01 1.367337872714835090e+00 2.701461638611499794e-01
1.159999999999883258e+01 1.312871096335704202e+00 3.095420255726071823e-01
1.169999999999882156e+01 1.256487847306440919e+00 3.507112500905402164e-01
1.179999999999881055e+01 1.198460478444427268e+00 3.934364055088527823e-01
1.189999999999879954e+01 1.139068436169963894e+00 4.374934292966376481e-01
1.199999999999878852e+01 1.078596875455789750e+00 4.826527449172254847e-01
1.209999999999877751e+01 1.017335250346188991e+00 5.286804015312593918e-01
1.219999999999876650e+01 9.555758869793569144e-01 5.753392311496356992e-01
1.229999999999875548e+01 8.936125461300402639e-01 6.223900175291418035e-01
1.239999999999874447e+01 8.317389823405837435e-01 6.695926710615404120e-01
1.249999999999873346e+01 7.702475067196072889e-01 7.167074038893080923e-01
1.259999999999872244e+01 7.094275604687748649e-01 7.634958994954094136e-01
1.269999999999871143e+01 6.495643061418131525e-01 8.097224710554663529e-01
1.279999999999870042e+01 5.909372435439137483e-01 8.551552029092016616e-01
1.289999999999868940e+01 5.338188570550116419e-01 8.995670696061195404e-01
1.299999999999867839e+01 4.784733009946596782e-01 9.427370271039531291e-01
1.309999999999866738e+01 4.251551294491040522e-01 9.844510708505496144e-01
1.319999999999865636e+01 3.741080767499548876e-01 1.024503255656173506e+00
1.329999999999864535e+01 3.255638945287185892e-01 1.062696672464563896e+00
1.339999999999863434e+01 2.797412509790919155e-01 1.098844377359281088e+00
1.349999999999862332e+01 2.368446976325911113e-01 1.132770268387511825e+00
1.359999999999861231e+01 1.970637086037648755e-01 1.164309906056619326e+00
1.369999999999860130e+01 1.605717968842165777e-01 1.193311273645579318e+00
1.379999999999859028e+01 1.275257118656995259e-01 1.219635473785145141e+00
1.389999999999857927e+01 9.806472185300856015e-02 1.243157358083252895e+00
1.399999999999856826e+01 7.230998489018185260e-02 1.263766086914384967e+00
1.409999999999855724e+01 5.036401077034891732e-02 1.281365616843991528e+00
1.419999999999854623e+01 3.231021663521014414e-02 1.295875113524708633e+00
1.429999999999853522e+01 1.821257809434225980e-02 1.307229288276638091e+00
1.439999999999852420e+01 8.115377312906957297e-03 1.315378656945113578e+00
1.449999999999851319e+01 2.043049029586526278e-03 1.320289720017282509e+00
1.459999999999850218e+01 1.249781024848041202e-07 1.321945063372683027e+00
1.469999999999849116e+01 1.971276697950428026e-03 1.320343379433745135e+00
1.479999999999848015e+01 7.921456235231954038e-03 1.315499408878020970e+00
1.489999999999846914e+01 1.779613375513431489e-02 1.307443803462783993e+00
1.499999999999845812e+01 3.152163061584069975e-02 1.296222910902876002e+00
1.509999999999844711e+01 4.900554599147342177e-02 1.281898483119554566e+00
1.519999999999843610e+01 7.013727468114443198e-02 1.264547309558235133e+00
1.529999999999842508e+01 9.478861330396819163e-02 1.244260777630180392e+00
1.539999999999841407e+01 1.228144516578223711e-01 1.221144362690220531e+00
1.549999999999840306e+01 1.540535456143556636e-01 1.195317050303866147e+00
1.559999999999839204e+01 1.883293675357875507e-01 1.166910693877690086e+00
1.569999999999838103e+01 2.254510298316239059e-01 1.136069311042783303e+00
1.579999999999837001e+01 2.652142769275173673e-01 1.102948322468852771e+00
1.589999999999835900e+01 3.074025405946571032e-01 1.067713737063015644e+00
1.599999999999834799e+01 3.517880532885925282e-01 1.030541287758928615e+00
1.609999999999833875e+01 3.981330138715274969e-01 9.916155223374539807e-01
1.619999999999832596e+01 4.461907998437787404e-01 9.511288539256408381e-01
1.629999999999831317e+01 4.957072199890916187e-01 9.092805760131532633e-01
1.639999999999830393e+01 5.464218011462412816e-01 8.662758469840354802e-01
1.649999999999829470e+01 5.980691026568406565e-01 8.223246493012196234e-01
1.659999999999828191e+01 6.503800519069544706e-01 7.776407285948021553e-01
1.669999999999826912e+01 7.030832942800251395e-01 7.324405179872958138e-01
1.679999999999825988e+01 7.559065507699017639e-01 6.869420530545252701e-01
1.689999999999825064e+01 8.085779764690074201e-01 6.413638828473110509e-01
1.699999999999823785e+01 8.608275131430669358e-01 5.959239824094512139e-01
1.709999999999822506e+01 9.123882291387310772e-01 5.508386722042576400e-01
1.719999999999821583e+01 9.629976399346686922e-01 5.063215498118811553e-01
1.729999999999820659e+01 1.012399002750043353e+00 4.625824391871708463e-01
1.739999999999819380e+01 1.060342578754933429e+00 4.198263626645935553e-01
1.749999999999818101e+01 1.106586856601138757e+00 3.782525407674182105e-01
1.759999999999817177e+01 1.150899731186665553e+00 3.380534247289957994e-01
1.769999999999816254e+01 1.193059631805257315e+00 2.994137664528965237e-01
1.779999999999814975e+01 1.232856594093689084e+00 2.625097304392062791e-01
1.789999999999813696e+01 1.270093270483666936e+00 2.275080519804104917e-01
1.799999999999812772e+01 1.304585874188574302e+00 1.945652456847710987e-01
1.809999999999811848e+01 1.336165052101140782e+00 1.638268681197738441e-01
1.819999999999810569e+01 1.364676682352495840e+00 1.354268380846192776e-01
1.829999999999809290e+01 1.389982592678742801e+00 1.094868177187873631e-01
1.839999999999808367e+01 1.411961196157659693e+00 8.611565733748159646e-02
1.849999999999807443e+01 1.430508041306758571e+00 6.540890655324732572e-02
1.859999999999806164e+01 1.445536273992247489e+00 4.744839390013646380e-02
1.869999999999804885e+01 1.456977009052018213e+00 3.230187682339096672e-02
1.879999999999803961e+01 1.464779610013458910e+00 2.002276353525948155e-02
1.889999999999803038e+01 1.468911875766023556e+00 1.064990786889282413e-02
1.899999999999801759e+01 1.469360133533989421e+00 4.207477888961366590e-03
1.909999999999800480e+01 1.466129237982842781e+00 7.048986413815724449e-04
1.919999999999799556e+01 1.459242476779201381e+00 1.368690476985899172e-04
1.929999999999798632e+01 1.448741383410800276e+00 2.483452574029541924e-03
1.939999999999797353e+01 1.434685458549219472e+00 7.710240932013045882e-03
1.949999999999796074e+01 1.417151801710101244e+00 1.576858970189205789e-02
1.959999999999795151e+01 1.396234655421584758e+00 2.659592440757310369e-02
1.969999999999794227e+01 1.372044864563603417e+00 4.011611522213431869e-02
1.979999999999792948e+01 1.344709253963174200e+00 5.623991814155651636e-02
1.989999999999791669e+01 1.314369927746036559e+00 7.486548013622447428e-02
1.999999999999790745e+01 1.281183494337140072e+00 9.587890547565114385e-02
2.009999999999789821e+01 1.245320221368118707e+00 1.191548801234097454e-01
2.019999999999788542e+01 1.206963125094390410e+00 1.445573508179894551e-01
2.029999999999787264e+01 1.166306999245038556e+00 1.719402551926412781e-01
2.039999999999786340e+01 1.123557388512695931e+00 2.011482990446750441e-01
2.049999999999785416e+01 1.078929512158683712e+00 2.320177766421337162e-01
2.059999999999784137e+01 1.032647143430228009e+00 2.643774297573594501e-01
2.069999999999782858e+01 9.849414506911764455e-01 2.980493409385183701e-01
2.079999999999781934e+01 9.360498063295256133e-01 3.328498563788844233e-01
2.089999999999781011e+01 8.862145696391727778e-01 3.685905336138832200e-01
2.099999999999779732e+01 8.356818499711937687e-01 4.050791091729248894e-01
2.109999999999778453e+01 7.847002565149648889e-01 4.421204812348080715e-01
2.119999999999777529e+01 7.335196411028642727e-01 4.795177022824393953e-01
2.129999999999776605e+01 6.823898404247046301e-01 5.170729767262404186e-01
2.139999999999775326e+01 6.315594240097472944e-01 5.545886584638938244e-01
2.149999999999774047e+01 5.812744542590683183e-01 5.918682433677218135e-01
2.159999999999773124e+01 5.317772647153961030e-01 6.287173517421397184e-01
2.169999999999772200e+01 4.833052626250797790e-01 6.649446958654845474e-01
2.179999999999770921e+01 4.360897616861885151e-01 7.003630278304584511e-01
2.189999999999769642e+01 3.903548506876549085e-01 7.347900630186201543e-01
2.199999999999768718e+01 3.463163035274869350e-01 7.680493746896039919e-01
2.209999999999767795e+01 3.041805358569794060e-01 7.999712553315163621e-01
2.219999999999766516e+01 2.641436133291454880e-01 8.303935406065617864e-01
2.229999999999765237e+01 2.263903161426704946e-01 8.591623919337083581e-01
2.239999999999764313e+01 1.910932642617278188e-01 8.861330339761824826e-01
2.249999999999763389e+01 1.584121073626465481e-01 9.111704435431922100e-01
2.259999999999762110e+01 1.284927832126419589e-01 9.341499866769066296e-01
2.269999999999760831e+01 1.014668478239001553e-01 9.549580009677013370e-01
2.279999999999759908e+01 7.745088035041866603e-02 9.734923204291692223e-01
2.289999999999758984e+01 5.654596530878662486e-02 9.896627405632866248e-01
2.299999999999757705e+01 3.883725430687071101e-02 1.003391421553106122e+00
2.309999999999756426e+01 2.439360906024554826e-02 1.014613227842071863e+00
2.319999999999755502e+01 1.326732706603178658e-02 1.023276002678815244e+00
2.329999999999754579e+01 5.493950889967315170e-03 1.029340776540723423e+00
2.339999999999753300e+01 1.092161606781734797e-03 1.032781908679982985e+00
2.349999999999752021e+01 6.375651855346476618e-05 1.033587161373399566e+00
2.359999999999751097e+01 2.393710862321521762e-03 1.031757706793239526e+00
2.369999999999750173e+01 8.050322808934071150e-03 1.027308066749393900e+00
2.379999999999748894e+01 1.698544065179487944e-02 1.020265985888771931e+00
2.389999999999747615e+01 2.913477068864114838e-02 1.010672239261294125e+00
2.399999999999746692e+01 4.441826391352863418e-02 9.985803754864602810e-01
2.409999999999745768e+01 6.274057926172542377e-02 9.840563970670281879e-01
2.419999999999744489e+01 8.399162078845968937e-02 9.671783797018271844e-01
2.429999999999743210e+01 1.080471458157034742e-01 9.480360327424420808e-01
2.439999999999742286e+01 1.347694407500057701e-01 9.267302032246110821e-01
2.449999999999741362e+01 1.640080609611414553e-01 9.033723261712286456e-01
2.459999999999740083e+01 1.956006308164587593e-01 8.780838241200364935e-01
2.469999999999738804e+01 2.293736996910379911e-01 8.509954590688239007e-01
2.479999999999737881e+01 2.651436495199385734e-01 8.222466402546623199e-01
2.489999999999736957e+01 3.027176492272870001e-01 7.919846913866274152e-01
2.499999999999735678e+01 3.418946511570428726e-01 7.603640811400456112e-01
2.509999999999734399e+01 3.824664244457375850e-01 7.275456208879481634e-01
2.519999999999733475e+01 4.242186201158819059e-01 6.936956337908535275e-01
2.529999999999732552e+01 4.669318625315895810e-01 6.589850994939763229e-01
2.539999999999731273e+01 5.103828617473795681e-01 6.235887787871302601e-01
2.549999999999729994e+01 5.543455411955166001e-01 5.876843226636414563e-01
2.559999999999729070e+01 5.985921750964241506e-01 5.514513702788267357e-01
2.569999999999728146e+01 6.428945299442290207e-01 5.150706403469533790e-01
2.579999999999726867e+01 6.870250044118931809e-01 4.787230205322683396e-01
2.589999999999725588e+01 7.307577620383614025e-01 4.425886593849925887e-01
2.599999999999724665e+01 7.738698511081893994e-01 4.068460653444319064e-01
2.609999999999723741e+01 8.161423062029391495e-01 3.716712172828160465e-01
2.619999999999722462e+01 8.573612260049243705e-01 3.372366909892503539e-01
2.629999999999721183e+01 8.973188220550266658e-01 3.037108059016952466e-01
2.639999999999720259e+01 9.358144333202513820e-01 2.712567962784502851e-01
2.649999999999719336e+01 9.726555015975778540e-01 2.400320108664192320e-01
2.659999999999718057e+01 1.007658502985075755e+00 2.101871449674058978e-01
2.669999999999716778e+01 1.040649830872100612e+00 1.818655086294721501e-01
2.679999999999715854e+01 1.071466626152131729e+00 1.552023344977249419e-01
2.689999999999714930e+01 1.099957550626815106e+00 1.303241286487598349e-01
2.699999999999713651e+01 1.125983499866995530e+00 1.073480675067274431e-01
2.709999999999712372e+01 1.149418252103682203e+00 8.638144369709056802e-02
2.719999999999711449e+01 1.170149050054668072e+00 6.752116343946513999e-02
2.729999999999710525e+01 1.188077112939480928e+00 5.085329781211101602e-02
2.739999999999709246e+01 1.203118076295726535e+00 3.645268994196734780e-02
2.749999999999707967e+01 1.215202357590440263e+00 2.438261988483919271e-02
2.759999999999707043e+01 1.224275446001385603e+00 1.469452866313185682e-02
2.769999999999706120e+01 1.230298115145624926e+00 7.427802624579585809e-03
2.779999999999704841e+01 1.233246557929880138e+00 2.609618976269004187e-03
2.789999999999703562e+01 1.233112443109682932e+00 2.548530358406097033e-04
2.799999999999702638e+01 1.229902893550418153e+00 3.660474273439422296e-04
2.809999999999701714e+01 1.223640386593653151e+00 2.933443134851170149e-03
2.819999999999700435e+01 1.214362577336639104e+00 7.935072014012899827e-03
2.829999999999699156e+01 1.202122046034227454e+00 1.533691005207694046e-02
2.839999999999698233e+01 1.186985971223745828e+00 2.509309036205708762e-02
2.849999999999697309e+01 1.169035730554201180e+00 3.714617459837758068e-02
2.859999999999696030e+01 1.148366431671418830e+00 5.142748119089989023e-02
2.869999999999694751e+01 1.125086375863737498e+00 6.785746851344899577e-02
2.879999999999693827e+01 1.099316457509338596e+00 8.634617083299689355e-02
2.889999999999692903e+01 1.071189502685991446e+00 1.067936846281157953e-01
2.899999999999691624e+01 1.040849550600794204e+00 1.290907026213215514e-01
2.909999999999690345e+01 1.008451081773909186e+00 1.531190926407772490e-01
2.919999999999689422e+01 9.741581971620566494e-01 1.787525182135708823e-01
2.929999999999688498e+01 9.381437526366825930e-01 2.058570975964897909e-01
2.939999999999687219e+01 9.005884534350857562e-01 2.342920977715850506e-01
2.949999999999685940e+01 8.616799133785104647e-01 2.639106597742988392e-01
2.959999999999685016e+01 8.216116838023588276e-01 2.945605515806261621e-01
2.969999999999684093e+01 7.805822572686212935e-01 3.260849446602658852e-01
2.979999999999682814e+01 7.387940512234564272e-01 3.583232102010926456e-01
2.989999999999681535e+01 6.964523768375072699e-01 3.911117309319178115e-01
2.999999999999680611e+01 6.537643983037959572e-01 4.242847244108758908e-01
3.009999999999679687e+01 6.109380878859447250e-01 4.576750736102893624e-01
3.019999999999678408e+01 5.681811819993022317e-01 4.911151606115712887e-01
3.029999999999677129e+01 5.257001435680478396e-01 5.244376992292030248e-01
3.039999999999676206e+01 4.836991358415380637e-01 5.574765624083523052e-01
3.049999999999675282e+01 4.423790127632607483e-01 5.900676002866689362e-01
3.059999999999674003e+01 4.019363308771916610e-01 6.220494448782614150e-01
3.069999999999672724e+01 3.625623876184550509e-01 6.532642974232345523e-01
3.079999999999671800e+01 3.244422906810693896e-01 6.835586945530991443e-01
3.089999999999670877e+01 2.877540629739294697e-01 7.127842495460203764e-01
3.099999999999669598e+01 2.526677874784947764e-01 7.407983650884412130e-01
3.109999999999668319e+01 2.193447961014538816e-01 7.674649141199542113e-01
3.119999999999667395e+01 1.879369063783014326e-01 7.926548855128245918e-01
3.129999999999666471e+01 1.585857096278953104e-01 8.162469915302610346e-01
3.139999999999665192e+01 1.314219138868737147e-01 8.381282342117511996e-01
3.149999999999663913e+01 1.065647446656611125e-01 8.581944280549015369e-01
3.159999999999662990e+01 8.412140626640551844e-02 8.763506765917415953e-01
3.169999999999662066e+01 6.418660609085687085e-02 8.925118007015893085e-01
3.179999999999660787e+01 4.684214404018304662e-02 9.066027167538597276e-01
3.189999999999659508e+01 3.215656877501255756e-02 9.185587629344682536e-01
3.199999999999658584e+01 2.018490226054812237e-02 9.283259723777278483e-01
3.209999999999657661e+01 1.096843367190536780e-02 9.358612919988570367e-01
3.219999999999656382e+01 4.534583379809820763e-03 9.411327461993997945e-01
3.229999999999655103e+01 8.968373781347991269e-04 9.441195449009893714e-01
3.239999999999653824e+01 5.475215425501744426e-05 9.448121356430823070e-01
3.249999999999653255e+01 1.994029642694630181e-03 9.432121997645727118e-01
3.259999999999651976e+01 6.686661543689790231e-03 9.393325929717739609e-01
3.269999999999650697e+01 1.409114193309356049e-02 9.331972308703111452e-01
3.279999999999650129e+01 2.415274674033247859e-02 9.248409203194292161e-01
3.289999999999648850e+01 3.680387832883563054e-02 9.143091377299722433e-01
3.299999999999647571e+01 5.196447308046004548e-02 9.016577556944437299e-01
3.309999999999646292e+01 6.954246956372472921e-02 8.869527195895633431e-01
3.319999999999645013e+01 8.943433455729422887e-02 8.702696760362818029e-01
3.329999999999644444e+01 1.115256439066676514e-01 8.516935553357573019e-01
3.339999999999643165e+01 1.356917149157599589e-01 8.313181102225938313e-01
3.349999999999641886e+01 1.617982867168549499e-01 8.092454134825716183e-01
3.359999999999641318e+01 1.897022448253020688e-01 7.855853171778883759e-01
3.369999999999640039e+01 2.192523858693675165e-01 7.604548764011755946e-01
3.379999999999638760e+01 2.502902182930711872e-01 7.339777406411974736e-01
3.389999999999637481e+01 2.826507946625731460e-01 7.062835159886332592e-01
3.399999999999636202e+01 3.161635710635736229e-01 6.775071015394469320e-01
3.409999999999635634e+01 3.506532889619003446e-01 6.477880034598660908e-01
3.419999999999634355e+01 3.859408748113792309e-01 6.172696302705098503e-01
3.429999999999633076e+01 4.218443526310707847e-01 5.860985729753089846e-01
3.439999999999632507e+01 4.581797647428882403e-01 5.544238737152401564e-01
3.449999999999631228e+01 4.947620958549417969e-01 5.223962866565827756e-01
3.459999999999629949e+01 5.314061957000546510e-01 4.901675348381439590e-01
3.469999999999628670e+01 5.679276954893538454e-01 4.578895666927814134e-01
3.479999999999627391e+01 6.041439135196962074e-01 4.257138159330452476e-01
3.489999999999626823e+01 6.398747453772567484e-01 3.937904684448705894e-01
3.499999999999625544e+01 6.749435343095323558e-01 3.622677397696315582e-01
3.509999999999624265e+01 7.091779174914530914e-01 3.312911666723361015e-01
3.519999999999623697e+01 7.424106440873693424e-01 3.010029161941848996e-01
3.529999999999622418e+01 7.744803612074551147e-01 2.715411154720102083e-01
3.539999999999621139e+01 8.052323640759506684e-01 2.430392054749672681e-01
3.549999999999619860e+01 8.345193069592921065e-01 2.156253216621280000e-01
3.559999999999618581e+01 8.622018716566772767e-01 1.894217044040228115e-01
3.569999999999618012e+01 8.881493906169479757e-01 1.645441418375379050e-01
3.579999999999616733e+01 9.122404220236397521e-01 1.411014476388448291e-01
3.589999999999615454e+01 9.343632744743963769e-01 1.191949760026114746e-01
3.599999999999614886e+01 9.544164791768587897e-01 9.891817591131565890e-02
3.609999999999613607e+01 9.723092078819106643e-01 8.035618656481391398e-02
3.619999999999612328e+01 9.879616350794904189e-01 6.358547562036608036e-02
3.629999999999611049e+01 1.001305243286890523e+00 4.867352166762075466e-02
3.639999999999609770e+01 1.012283070568628984e+00 3.567854213278971037e-02
3.649999999999609201e+01 1.020849899726126830e+00 2.464926757313851483e-02
3.659999999999607923e+01 1.026972388902020583e+00 1.562476308776864636e-02
3.669999999999606644e+01 1.030629143635309886e+00 8.634297334980915381e-03
3.679999999999606075e+01 1.031810730695581269e+00 3.697259411236491523e-03
3.689999999999604796e+01 1.030519634304566390e+00 8.231236133758317204e-04
3.699999999999603517e+01 1.026770155626586245e+00 1.146187507058623647e-05
3.709999999999602238e+01 1.020588256670177163e+00 1.252003441865635891e-03
3.719999999999600959e+01 1.012011349994281995e+00 4.524741127452066788e-03
3.729999999999600391e+01 1.001088035850286717e+00 9.800083278094005521e-03
3.739999999999599112e+01 9.878777886149944232e-01 1.703905036330865749e-02
3.749999999999597833e+01 9.724505945822166098e-01 2.619351490982768649e-02
3.759999999999597264e+01 9.548865433751234644e-01 3.720648330340736026e-02
3.769999999999595985e+01 9.352753754242261186e-01 5.001241779993107622e-02
3.779999999999594706e+01 9.137159881216196933e-01 6.453759691410640431e-02
3.789999999999593427e+01 8.903159034125572857e-01 8.070051219166869683e-02
3.799999999999592148e+01 8.651906997197197358e-01 9.841229921972485806e-02
3.809999999999591580e+01 8.384634112166933217e-01 1.175772005904039685e-01
3.819999999999590301e+01 8.102638975678331246e-01 1.380930584054662902e-01
3.829999999999589022e+01 7.807281873408565831e-01 1.598518337950120549e-01
3.839999999999588454e+01 7.499977983709537055e-01 1.827401508209008651e-01
3.849999999999587175e+01 7.182190384101011515e-01 2.066398620471407710e-01
3.859999999999585896e+01 6.855422894395143407e-01 2.314286329832391242e-01
3.869999999999584617e+01 6.521212790476091925e-01 2.569805425447474478e-01
3.879999999999583338e+01 6.181123422902796705e-01 2.831666966259605567e-01
3.889999999999582769e+01 5.836736774463964217e-01 3.098558518448358279e-01
3.899999999999581490e+01 5.489645990679287157e-01 3.369150464980044113e-01
3.909999999999580211e+01 5.141447916937744722e-01 3.642102357555341841e-01
3.919999999999579643e+01 4.793735675550575004e-01 3.916069281295922466e-01
3.929999999999578364e+01 4.448091315437942006e-01 4.189708202693563921e-01
3.939999999999577085e+01 4.106078566518127637e-01 4.461684271647329836e-01
3.949999999999575806e+01 3.769235730057892142e-01 4.730677048853314526e-01
3.959999999999574527e+01 3.439068735354686712e-01 4.995386630358948921e-01
3.969999999999573959e+01 3.117044392100756789e-01 5.254539641776739822e-01
3.979999999999572680e+01 2.804583866661601310e-01 5.506895075432113318e-01
3.989999999999571401e+01 2.503056409276884220e-01 5.751249944626125599e-01
3.999999999999570832e+01 2.213773357882441450e-01 5.986444730199471653e-01
4.009999999999569553e+01 1.937982442830281371e-01 6.211368595687094540e-01
4.019999999999568274e+01 1.676862415302912968e-01 6.424964348552900661e-01
4.029999999999566995e+01 1.431518020630722643e-01 6.626233126295789644e-01
4.039999999999565716e+01 1.202975336085180952e-01 6.814238787570262579e-01
4.049999999999565148e+01 9.921774909980728141e-02 6.988111989946902414e-01
4.059999999999563869e+01 7.999807852877498238e-02 7.147053937417368052e-01
4.069999999999562590e+01 6.271512206501465847e-02 7.290339782375666600e-01
4.079999999999562021e+01 4.743614568016602667e-02 7.417321668406079427e-01
4.089999999999560742e+01 3.421882032636445331e-02 7.527431401922545229e-01
4.099999999999559464e+01 2.311100552470271227e-02 7.620182742417055399e-01
4.109999999999558185e+01 1.415057802545676736e-02 7.695173302833905327e-01
4.119999999999556906e+01 7.365306006557312268e-03 7.752086053375880637e-01
4.129999999999556337e+01 2.772769081780967863e-03 7.790690423854031987e-01
4.139999999999555058e+01 3.803241962106192848e-04 7.810843001486929005e-01
4.149999999999553779e+01 1.851172944434671360e-04 7.812487822880648247e-01
4.159999999999553211e+01 2.174140457659913626e-03 7.795656260729957321e-01
4.169999999999551932e+01 6.324334019831947748e-03 7.760466507556883498e-01
4.179999999999550653e+01 1.260273299170910737e-02 7.707122660601126718e-01
4.189999999999549374e+01 2.096665694443134928e-02 7.635913413682707818e-01
4.199999999999548095e+01 3.136394233330575682e-02 7.547210363611643880e-01
4.209999999999547526e+01 4.373321607681301265e-02 7.441465940347111729e-01
4.219999999999546247e+01 5.800420904695497565e-02 7.319210971752992956e-01
4.229999999999544968e+01 7.409810797466113985e-02 7.181051895352080772e-01
4.239999999999544400e+01 9.192794412860133546e-02 7.027667630993609249e-01
4.249999999999543121e+01 1.113990169878113085e-01 6.859806129786437667e-01
4.259999999999541842e+01 1.324093509974421934e-01 6.678280616021496918e-01
4.269999999999540563e+01 1.548501833740570099e-01 6.483965540109444259e-01
4.279999999999539284e+01 1.786064808109866786e-01 6.277792261773657012e-01
4.289999999999538716e+01 2.035574828261587643e-01 6.060744483870017518e-01
4.299999999999537437e+01 2.295772693946275811e-01 5.833853458261533120e-01
4.309999999999536158e+01 2.565353504155705178e-01 5.598192986117986880e-01
4.319999999999535589e+01 2.842972744781596672e-01 5.354874235890576539e-01
4.329999999999534310e+01 3.127252543149527941e-01 5.105040402950405953e-01
4.339999999999533031e+01 3.416788062617449606e-01 4.849861235576002350e-01
4.349999999999531752e+01 3.710154009837647315e-01 4.590527452497924488e-01
4.359999999999530473e+01 4.005911226745709763e-01 4.328245077701659005e-01
4.369999999999529905e+01 4.302613338934139775e-01 4.064229718503616362e-01
4.379999999999528626e+01 4.598813431703945298e-01 3.799700813182203540e-01
4.389999999999527347e+01 4.893070724876149025e-01 3.535875874548516928e-01
4.399999999999526779e+01 5.183957217273074125e-01 3.273964755876385690e-01
4.409999999999525500e+01 5.470064271764886188e-01 3.015163965502627996e-01
4.419999999999524221e+01 5.750009111835345799e-01 2.760651056200995601e-01
4.429999999999522942e+01 6.022441200809683925e-01 2.511579115104814464e-01
4.439999999999521663e+01 6.286048475184862205e-01 2.269071379523158183e-01
4.449999999999521094e+01 6.539563403928380092e-01 2.034216003435176112e-01
4.459999999999519815e+01 6.781768846158094943e-01 1.808060998790250173e-01
4.469999999999518536e+01 7.011503680280943840e-01 1.591609374968735446e-01
4.479999999999517968e+01 7.227668178493172890e-01 1.385814498874592127e-01
4.489999999999516689e+01 7.429229101442652583e-01 1.191575697154360763e-01
4.499999999999515410e+01 7.615224488964064120e-01 1.009734120938200613e-01
4.509999999999514131e+01 7.784768123939845852e-01 8.410688923285633556e-02
4.519999999999512852e+01 7.937053647697706049e-01 6.862935505734168995e-02
4.529999999999512283e+01 8.071358306790931136e-01 5.460528145006912637e-02
4.539999999999511004e+01 8.187046312539780768e-01 4.209196763407768022e-02
4.549999999999509726e+01 8.283571796434927581e-01 3.113928405380609818e-02
4.559999999999509157e+01 8.360481346242095713e-01 2.178945195575421670e-02
4.569999999999507878e+01 8.417416109548846448e-01 1.407685970326220774e-02
4.579999999999506599e+01 8.454113453449417781e-01 8.027916688674033990e-03
4.589999999999505320e+01 8.470408171115231255e-01 3.660945529855907064e-03
4.599999999999504041e+01 8.466233228107294950e-01 9.861130578403174383e-04
4.609999999999503473e+01 8.441620043463443634e-01 5.400419067812697432e-06
4.619999999999502194e+01 8.396698302801859359e-01 7.126124301445825506e-04
4.629999999999500915e+01 8.331695302940164138e-01 3.093426136173476823e-03
4.639999999999500346e+01 8.246934829783065801e-01 7.125478336417328216e-03
4.649999999999499067e+01 8.142835573539183303e-01 1.277849165426377803e-02
4.659999999999497788e+01 8.019909087561215566e-01 2.001443854312690007e-02
4.669999999999496509e+01 7.878757299397389779e-01 2.878774243687749756e-02
4.679999999999495230e+01 7.720069584843414212e-01 3.904551507374175168e-02
4.689999999999494662e+01 7.544619417989750776e-01 5.072782884695926919e-02
4.699999999999493383e+01 7.353260612365415394e-01 6.376802286515007023e-02
4.709999999999492104e+01 7.146923170389524183e-01 7.809304124065363784e-02
4.719999999999491536e+01 6.926608760277268573e-01 9.362380196645854469e-02
4.729999999999490257e+01 6.693385841506334089e-01 1.102755945921116698e-01
4.739999999999488978e+01 6.448384461720974015e-01 1.279585047671444598e-01
4.749999999999487699e+01 6.192790749665336714e-01 1.465778635878174641e-01
4.759999999999486420e+01 5.927841130328530550e-01 1.660347195602307480e-01
4.769999999999485851e+01 5.654816289925291839e-01 1.862263308799594341e-01
4.779999999999484572e+01 5.375034919688023161e-01 2.070466756271233666e-01
4.789999999999483293e+01 5.089847268616252141e-01 2.283869773858793473e-01
4.799999999999482725e+01 4.800628536378199196e-01 2.501362437192159449e-01
4.809999999999481446e+01 4.508772138448507438e-01 2.721818148645168134e-01
4.819999999999480167e+01 4.215682876296185100e-01 2.944099199630748620e-01
4.829999999999478888e+01 3.922770046013657197e-01 3.167062380965645074e-01
4.839999999999477609e+01 3.631440519173216308e-01 3.389564613778386915e-01
4.849999999999477041e+01 3.343091829955278649e-01 3.610468573308149853e-01
4.859999999999475762e+01 3.059105302634277934e-01 3.828648277947135359e-01
4.869999999999474483e+01 2.780839253444929993e-01 4.042994616029561561e-01
4.879999999999473914e+01 2.509622300552019070e-01 4.252420783151596440e-01
4.889999999999472635e+01 2.246746815436201916e-01 4.455867603221511652e-01
4.899999999999471356e+01 1.993462548388151567e-01 4.652308706993089071e-01
4.909999999999470077e+01 1.750970460051927968e-01 4.840755542518294097e-01
4.919999999999468798e+01 1.520416790032027288e-01 5.020262192755764463e-01
4.929999999999468230e+01 1.302887392493564389e-01 5.189929976516861609e-01
4.939999999999466951e+01 1.099402367465744795e-01 5.348911809975576137e-01
4.949999999999465672e+01 9.109110151740446026e-02 5.496416307143173752e-01
4.959999999999465103e+01 7.382871392236266261e-02 5.631711598984856515e-01
4.969999999999463824e+01 5.823247228011362714e-02 5.754128852235342872e-01
4.979999999999462545e+01 4.437340002967350705e-02 5.863065470454619232e-01
4.989999999999461266e+01 3.231379448554493050e-02 5.957987961432380519e-01
4.999999999999459988e+01 2.210691903656722065e-02 6.038434456702373998e-01
5.009999999999459419e+01 1.379674042888739613e-02 6.104016870659240146e-01
5.019999999999458140e+01 7.417712553472453549e-03 6.154422688561541621e-01
5.029999999999456861e+01 2.994607930207917029e-03 6.189416374560863243e-01
5.039999999999456293e+01 5.423978443556601694e-04 6.208840392802678076e-01
5.049999999999455014e+01 6.618184832505799586e-05 6.212615836581475426e-01
5.059999999999453735e+01 1.561167093172893903e-03 6.200742662511725678e-01
5.069999999999452456e+01 5.012697701106574692e-03 6.173299528677292924e-01
5.079999999999451177e+01 1.039633413371740707e-02 6.130443237703564474e-01
5.089999999999450608e+01 1.767798225189929837e-02 6.072407787748792529e-01
5.099999999999449329e+01 2.681407150371654252e-02 5.999503036348367013e-01
5.109999999999448050e+01 3.775178141725513831e-02 5.912112984082472655e-01
5.119999999999447482e+01 5.042931531809738410e-02 5.810693686938445124e-01
5.129999999999446203e+01 6.477621993714742510e-02 5.695770808173066246e-01
5.139999999999444924e+01 8.071374932536372337e-02 5.567936822314950573e-01
5.149999999999443645e+01 9.815527124951056726e-02 5.427847885757005608e-01
5.159999999999442366e+01 1.170067140085590957e-01 5.276220390098625979e-01
5.169999999999441798e+01 1.371670513857452256e-01 5.113827216033351997e-01
5.179999999999440519e+01 1.585288232380857587e-01 4.941493707144614111e-01
5.189999999999439240e+01 1.809786890246248836e-01 4.760093384393256910e-01
5.199999999999438671e+01 2.043980113891052663e-01 4.570543423454588861e-01
5.209999999999437392e+01 2.286634667427302758e-01 4.373799918252873065e-01
5.219999999999436113e+01 2.536476796398507982e-01 4.170852955169284115e-01
5.229999999999434834e+01 2.792198776054093390e-01 3.962721523358840869e-01
5.239999999999433555e+01 3.052465629581226914e-01 3.750448287443335915e-01
5.249999999999432987e+01 3.315921980788538170e-01 3.535094249556650081e-01
5.259999999999431708e+01 3.581199005008021685e-01 3.317733328256414205e-01
5.269999999999430429e+01 3.846921441451959245e-01 3.099446882226092881e-01
5.279999999999429861e+01 4.111714629981112479e-01 2.881318206944945559e-01
5.289999999999428582e+01 4.374211535136739437e-01 2.664427032603841061e-01
5.299999999999427303e+01 4.633059720449635988e-01 2.449844051500227604e-01
5.309999999999426024e+01 4.886928236373982992e-01 2.238625502942976631e-01
5.319999999999424745e+01 5.134514385767930955e-01 2.031807843353135856e-01
5.329999999999424176e+01 5.374550331603088482e-01 1.830402528752464730e-01
5.339999999999422897e+01 5.605809512553781015e-01 1.635390936192528955e-01
5.349999999999421618e+01 5.827112833258112357e-01 1.447719449905083833e-01
5.359999999999421050e+01 6.037334597368240185e-01 1.268294737041404385e-01
5.369999999999419771e+01 6.235408153006612997e-01 1.097979236832888061e-01
5.379999999999418492e+01 6.420331221873432082e-01 9.375868858427136021e-02
5.389999999999417213e+01 6.591170885044492778e-01 7.878791007055967188e-02
5.399999999999415934e+01 6.747068200409248595e-01 6.495610383696528989e-02
5.409999999999415365e+01 6.887242428725369736e-01 5.232781523682296376e-02
5.419999999999414086e+01 7.010994847405537245e-01 4.096130620808501738e-02
5.429999999999412807e+01 7.117712133372152694e-01 3.090827502790596468e-02
5.439999999999412239e+01 7.206869298629533516e-01 2.221361025268453471e-02
5.449999999999410960e+01 7.278032164570590323e-01 1.491518002050817165e-02
5.459999999999409681e+01 7.330859363472055357e-01 9.043657708121778313e-03
5.469999999999408402e+01 7.365103858110003676e-01 4.622384744683571099e-03
5.479999999999407123e+01 7.380613972936153067e-01 1.667271191378084287e-03
5.489999999999406555e+01 7.377333932802272454e-01 1.867345001352853232e-04
5.499999999999405276e+01 7.355303907752377413e-01 1.816766672696051301e-04
5.509999999999403997e+01 7.314659564958708726e-01 1.645499799902336345e-03
5.519999999999403428e+01 7.255631131429891578e-01 4.564159915501552964e-03
5.529999999999402149e+01 7.178541973606201720e-01 8.916258598798585192e-03
5.539999999999400870e+01 7.083806702464657823e-01 1.467317194671851829e-02
5.549999999999399591e+01 6.971928815178249916e-01 2.179921604177846584e-02
5.559999999999398312e+01 6.843497886757743398e-01 3.025184800864034670e-02
5.569999999999397744e+01 6.699186327395504348e-01 3.998190152808097503e-02
5.579999999999396465e+01 6.539745723468264327e-01 5.093385550857552208e-02
5.589999999999395186e+01 6.366002782274157168e-01 6.304613444867196437e-02
5.599999999999394618e+01 6.178854902586814468e-01 7.625143886455314213e-02
5.609999999999393339e+01 5.979265395021062801e-01 9.047710400707895118e-02
5.619999999999392060e+01 5.768258377959027960e-01 1.056454849522427270e-01
5.629999999999390781e+01 5.546913376411717334e-01 1.216743660188512599e-01
5.639999999999389502e+01 5.316359652672589808e-01 1.384773923483686719e-01
5.649999999999388933e+01 5.077770298914628944e-01 1.559645213741682468e-01
5.659999999999387654e+01 4.832356123050463026e-01 1.740424918122014109e-01
5.669999999999386375e+01 4.581359360139800607e-01 1.926153077226368249e-01
5.679999999999385807e+01 4.326047242419621131e-01 2.115847351217751415e-01
5.689999999999384528e+01 4.067705461658078780e-01 2.308508085673142418e-01
5.699999999999383249e+01 3.807631557968984004e-01 2.503123450977567388e-01
5.709999999999381970e+01 3.547128269458699190e-01 2.698674628759468730e-01
5.719999999999380691e+01 3.287496877159215014e-01 2.894141018736356985e-01
5.729999999999380123e+01 3.030030579576455940e-01 3.088505439298755428e-01
5.739999999999378844e+01 2.776007930891745135e-01 3.280759295304577772e-01
5.749999999999377565e+01 2.526686376387486388e-01 3.469907686800298152e-01
5.759999999999376996e+01 2.283295918014219272e-01 3.654974432780508931e-01
5.769999999999375717e+01 2.047032942228383112e-01 3.835006984627398752e-01
5.779999999999374438e+01 1.819054241240687098e-01 4.009081204519606700e-01
5.789999999999373159e+01 1.600471257709016881e-01 4.176305984874723598e-01
5.799999999999371880e+01 1.392344581626616951e-01 4.335827685795531350e-01
5.809999999999371312e+01 1.195678726753044707e-01 4.486834368494990732e-01
5.819999999999370033e+01 1.011417212383268621e-01 4.628559803800267880e-01
5.829999999999368754e+01 8.404379745829249071e-02 4.760287236060581906e-01
5.839999999999368185e+01 6.835491292250074624e-02 4.881352884106036072e-01
5.849999999999366906e+01 5.414851072673239341e-02 4.991149162315199894e-01
5.859999999999365627e+01 4.149031807078180228e-02 5.089127606342074284e-01
5.869999999999364348e+01 3.043803955670861330e-02 5.174801489622448125e-01
5.879999999999363069e+01 2.104109260758067063e-02 5.247748118414790053e-01
5.889999999999362501e+01 1.334038620045842165e-02 5.307610794814940913e-01
5.899999999999361222e+01 7.368143877483496196e-03 5.354100438930574635e-01
5.909999999999359943e+01 3.147771764363816328e-03 5.386996863173184602e-01
5.919999999999359375e+01 6.937720876622404742e-04 5.406149693443751403e-01
5.929999999999358096e+01 1.170244226278172095e-05 5.411478933794813262e-01
5.939999999999356817e+01 1.098180819730691996e-03 5.402975173017409150e-01
5.949999999999355538e+01 3.940936168270257889e-03 5.380699433419523503e-01
5.959999999999354259e+01 8.518904017137103254e-03 5.344782663894236396e-01
5.969999999999353690e+01 1.480236646404150917e-02 5.295424881198926848e-01
5.979999999999352411e+01 2.275313559476701414e-02 5.232893965137419556e-01
5.989999999999351132e+01 3.232477918123301264e-02 5.157524115074203497e-01
5.999999999999350564e+01 4.346288728898505677e-02 5.069713976933993838e-01
6.009999999999349285e+01 5.610537821877092934e-02 4.969924451443136215e-01
6.019999999999348006e+01 7.018284201068424044e-02 4.858676195982711832e-01
6.029999999999346727e+01 8.561891955452152758e-02 4.736546833897946618e-01
6.039999999999345448e+01 1.023307151771444684e-01 4.604167886554080269e-01
6.049999999999344880e+01 1.202292404179523266e-01 4.462221444756487854e-01
6.059999999999343601e+01 1.392198865578950784e-01 4.311436597399732618e-01
6.069999999999342322e+01 1.592029233353808304e-01 4.152585636360358046e-01
6.079999999999341753e+01 1.800740211661649715e-01 3.986480057685943823e-01
6.089999999999340474e+01 2.017247940823985453e-01 3.813966380069981899e-01
6.099999999999339195e+01 2.240433605195422673e-01 3.635921802421084870e-01
6.109999999999337916e+01 2.469149190094806212e-01 3.453249723049727771e-01
6.119999999999336637e+01 2.702223357826335493e-01 3.266875143566418949e-01
6.129999999999336069e+01 2.938467412416974622e-01 3.077739981073382980e-01
6.139999999999334790e+01 3.176681322455674472e-01 2.886798312563320090e-01
6.149999999999333511e+01 3.415659771326047811e-01 2.695011575666486081e-01
6.159999999999332942e+01 3.654198204170862607e-01 2.503343749992444356e-01
6.169999999999331664e+01 3.891098841147600518e-01 2.312756543287709243e-01
6.179999999999330385e+01 4.125176626859294315e-01 2.124204606486050362e-01
6.189999999999329106e+01 4.355265086356034931e-01 1.938630801473632814e-01
6.199999999999327827e+01 4.580222058714281119e-01 1.756961545001574920e-01
6.209999999999327258e+01 4.798935279975468093e-01 1.580102251690459203e-01
6.219999999999325979e+01 5.010327788124629977e-01 1.408932898457139204e-01
6.229999999999324700e+01 5.213363123800951460e-01 1.244303731982882993e-01
6.239999999999324132e+01 5.407050301613031129e-01 1.087031140013384328e-01
6.249999999999322853e+01 5.590448528166703790e-01 9.378937063633592530e-02
6.259999999999321574e+01 5.762671644348023037e-01 7.976284684782278256e-02
6.269999999999320295e+01 5.922892270861495057e-01 6.669273952958079676e-02
6.279999999999319016e+01 6.070345637662548643e-01 5.464341019601018368e-02
6.289999999999318447e+01 6.204333079604148482e-01 4.367408166669323882e-02
6.299999999999317168e+01 6.324225182424348946e-01 3.383856135788194941e-02
6.309999999999315889e+01 6.429464565061807635e-01 2.518499243414293320e-02
6.319999999999315321e+01 6.519568286244069588e-01 1.775563392688961351e-02
6.329999999999314042e+01 6.594129865288779202e-01 1.158667077546205425e-02
6.339999999999312763e+01 6.652820909109821157e-01 6.708054591073067847e-03
6.349999999999311484e+01 6.695392339524904868e-01 3.143375785389323357e-03
6.359999999999310205e+01 6.721675217056737317e-01 9.097675445683482253e-04
6.369999999999309637e+01 6.731581159570518835e-01 1.784196710831401897e-05
6.379999999999308358e+01 6.725102356190255648e-01 4.716585206905505884e-04
6.389999999999307079e+01 6.702311179069556646e-01 2.268724810251494112e-03
6.399999999999306510e+01 6.663359397667407702e-01 5.400029487632970228e-03
6.409999999999305942e+01 6.608477002212110873e-01 9.850106973190756246e-03
6.419999999999303952e+01 6.537970645042004980e-01 1.559713350254625895e-02
6.429999999999301963e+01 6.452221710428415191e-01 2.261305385800728776e-02
6.439999999999301394e+01 6.351684025328114824e-01 3.086373799493335665e-02
6.449999999999300826e+01 6.236881225286196040e-01 4.030916662917120169e-02
6.459999999999300258e+01 6.108403791365778490e-01 5.090364471329014706e-02
6.469999999999298268e+01 5.966905775550602753e-01 6.259604159762961750e-02
6.479999999999297700e+01 5.813101233507677046e-01 7.533005654733211653e-02
6.489999999999295710e+01 5.647760384944469081e-01 8.904450816977148297e-02
6.499999999999295142e+01 5.471705522977752256e-01 1.036736461978176455e-01
6.509999999999294573e+01 5.285806695041223024e-01 1.191474839746182318e-01
6.519999999999292584e+01 5.090977178773946621e-01 1.353921498946984991e-01
6.529999999999292015e+01 4.888168777175332935e-01 1.523302559747311269e-01
6.539999999999290026e+01 4.678366957956377470e-01 1.698812816562131622e-01
6.549999999999289457e+01 4.462585862576238238e-01 1.879619708806938572e-01
6.559999999999288889e+01 4.241863210834538878e-01 2.064867404274657869e-01
6.569999999999286899e+01 4.017255127151586058e-01 2.253680974627470801e-01
6.579999999999286331e+01 3.789830914783774429e-01 2.445170642199657185e-01
6.589999999999285762e+01 3.560667804211202769e-01 2.638436077111122047e-01
6.599999999999283773e+01 3.330845701761973587e-01 2.832570723599345808e-01
6.609999999999283204e+01 3.101441964264403106e-01 3.026666134508934625e-01
6.619999999999282636e+01 2.873526225099964360e-01 3.219816292979357786e-01
6.629999999999280647e+01 2.648155296482852528e-01 3.411121900614609848e-01
6.639999999999280078e+01 2.426368172129231837e-01 3.599694611727149995e-01
6.649999999999278089e+01 2.209181153713609125e-01 3.784661193678873214e-01
6.659999999999277520e+01 1.997583123607993005e-01 3.965167593844167726e-01
6.669999999999276952e+01 1.792530985425871692e-01 4.140382894338252573e-01
6.679999999999274962e+01 1.594945292803645887e-01 4.309503136330471995e-01
6.689999999999274394e+01 1.405706085682985051e-01 4.471754996538068183e-01
6.699999999999272404e+01 1.225648952117178725e-01 4.626399299344406968e-01
6.709999999999271836e+01 1.055561332298039917e-01 4.772734348898860501e-01
6.719999999999271267e+01 8.961790801308222587e-02 4.910099066544459379e-01
6.729999999999269278e+01 7.481832962497302064e-02 5.037875919957552906e-01
6.739999999999268709e+01 6.121974448960803422e-02 5.155493631484839856e-01
6.749999999999268141e+01 4.887847655775964112e-02 5.262429654308323768e-01
6.759999999999266151e+01 3.784459888927926147e-02 5.358212406252039761e-01
6.769999999999265583e+01 2.816173643620387482e-02 5.442423252273055345e-01
6.779999999999265015e+01 1.986690065487596232e-02 5.514698227926352336e-01
6.789999999999263025e+01 1.299035642015146201e-02 5.574729497370091158e-01
6.799999999999262457e+01 7.555521559873857283e-03 5.622266540773640520e-01
6.809999999999260467e+01 3.578899174341091879e-03 5.657117067282113609e-01
6.819999999999259899e+01 1.070042754102384268e-03 5.679147651015614695e-01
6.829999999999259330e+01 3.155396048072627187e-05 5.688284088870888544e-01
6.839999999999257341e+01 4.591127874387331605e-04 5.684511480201137612e-01
6.849999999999256772e+01 2.341539681147234223e-03 5.667874029738213526e-01
6.859999999999254783e+01 5.660889055361551826e-03 5.638474576382382919e-01
6.869999999999254214e+01 1.039257350687023199e-02 5.596473851731800231e-01
6.879999999999253646e+01 1.650551790621791401e-02 5.542089473446392134e-01
6.889999999999251656e+01 2.396234241498275408e-02 5.475594679711086599e-01
6.899999999999251088e+01 3.271957336249048387e-02 5.397316812222029414e-01
6.909999999999250520e+01 4.272788080220401435e-02 5.307635556205255734e-01
6.919999999999248530e+01 5.393234146161810655e-02 5.206980947046025987e-01
6.929999999999247962e+01 6.627272569946342229e-02 5.095831154094221382e-01
6.939999999999247393e+01 7.968380699080951368e-02 4.974710053172610724e-01
6.949999999999245404e+01 9.409569237450104984e-02 4.844184600197214974e-01
6.959999999999244835e+01 1.094341722184708765e-01 4.704862019141273777e-01
6.969999999999242846e+01 1.256210875874718136e-01 4.557386818338585721e-01
6.979999999999242277e+01 1.425747134339922784e-01 4.402437649823678911e-01
6.989999999999241709e+01 1.602101557782438235e-01 4.240724027009774022e-01
6.999999999999239719e+01 1.784397609956124009e-01 4.072982916574179324e-01
7.009999999999239151e+01 1.971735352915393036e-01 3.899975220881437554e-01
7.019999999999237161e+01 2.163195724131549147e-01 3.722482167682673038e-01
7.029999999999236593e+01 2.357844876252748745e-01 3.541301624150122729e-01
7.039999999999236024e+01 2.554738559652587337e-01 3.357244352543714561e-01
7.049999999999234035e+01 2.752926527855736327e-01 3.171130224974070821e-01
7.059999999999233466e+01 2.951456945973278123e-01 2.983784414824026121e-01
7.069999999999232898e+01 3.149380782384676447e-01 2.796033582376455384e-01
7.079999999999230909e+01 3.345756164108817377e-01 2.608702072148305073e-01
7.089999999999230340e+01 3.539652676575998913e-01 2.422608139266412830e-01
7.099999999999229772e+01 3.730155588864429439e-01 2.238560222010748113e-01
7.109999999999227782e+01 3.916369985888664695e-01 2.057353277343133280e-01
7.119999999999227214e+01 4.097424789524906630e-01 1.879765195869698979e-01
7.129999999999225224e+01 4.272476651225340927e-01 1.706553312251954391e-01
7.139999999999224656e+01 4.440713699298092232e-01 1.538451026557377532e-01
7.149999999999224087e+01 4.601359124741207229e-01 1.376164551472452979e-01
7.159999999999222098e+01 4.753674590265339339e-01 1.220369799658366644e-01
7.169999999999221529e+01 4.896963447968865624e-01 1.071709424824672657e-01
7.179999999999219540e+01 5.030573752009502853e-01 9.307900293398875535e-02
7.189999999999218971e+01 5.153901053555257628e-01 7.981795503832304906e-02
7.199999999999218403e+01 5.266390966280826147e-01 6.744048357760147605e-02
7.209999999999216413e+01 5.367541491737213288e-01 5.599494197204857304e-02
7.219999999999215845e+01 5.456905094999739969e-01 4.552515077192247767e-02
7.229999999999215277e+01 5.534090522157797398e-01 3.607021789534189948e-02
7.239999999999213287e+01 5.598764352389481447e-01 2.766438133713770842e-02
7.249999999999212719e+01 5.650652278585981403e-01 2.033687496797176655e-02
7.259999999999212150e+01 5.689540111761101082e-01 1.411181793471506969e-02
7.269999999999210161e+01 5.715274505769067925e-01 9.008128062792119389e-03
7.279999999999209592e+01 5.727763400160945650e-01 5.039459549357358688e-03
7.289999999999207603e+01 5.726976180354269585e-01 2.214165123493656417e-03
7.299999999999207034e+01 5.712943555613545499e-01 5.352827364421406569e-04
7.309999999999206466e+01 5.685757156694091208e-01 5.467318927125960671e-07
7.319999999999204476e+01 5.645568856320157813e-01 6.024233340553528668e-04
7.329999999999203908e+01 5.592589816991718754e-01 2.328170180195915547e-03
7.339999999999201918e+01 5.527089271897649425e-01 5.159919515079419011e-03
7.349999999999201350e+01 5.449393045961831161e-01 9.074784557870819654e-03
7.359999999999200782e+01 5.359881825258289156e-01 1.404498844804163461e-02
7.369999999999198792e+01 5.258989184183975318e-01 2.003801507618355529e-02
7.379999999999198224e+01 5.147199380866512852e-01 2.701678100888391457e-02
7.389999999999197655e+01 5.025044932304819634e-01 3.493982762435623307e-02
7.399999999999195666e+01 4.893103981694350568e-01 4.376153248783078153e-02
7.409999999999195097e+01 4.751997471240476667e-01 5.343233891314366074e-02
7.419999999999194529e+01 4.602386134562599929e-01 6.389900257991303067e-02
7.429999999999192539e+01 4.444967323471210596e-01 7.510485400419449065e-02
7.439999999999191971e+01 4.280471684509439267e-01 8.699007559565240244e-02
7.449999999999189981e+01 4.109659701177842961e-01 9.949199197482179458e-02
7.459999999999189413e+01 3.933318118164320087e-01 1.125453721718956690e-01
7.469999999999188844e+01 3.752256264273532427e-01 1.260827422823925514e-01
7.479999999999186855e+01 3.567302290980398638e-01 1.400347071158672407e-01
7.489999999999186286e+01 3.379299343721341442e-01 1.543302793413852403e-01
7.499999999999184297e+01 3.189101683143838462e-01 1.688972146079629755e-01
7.509999999999183729e+01 2.997570773547162948e-01 1.836623510989741359e-01
7.519999999999183160e+01 2.805571355718155524e-01 1.985519519681817335e-01
7.529999999999181171e+01 2.613967521264621285e-01 2.134920490988606034e-01
7.539999999999180602e+01 2.423618805381599350e-01 2.284087866295163305e-01
7.549999999999180034e+01 2.235376314766447103e-01 2.432287626974621308e-01
7.559999999999178044e+01 2.050078907143387530e-01 2.578793678656344235e-01
7.569999999999177476e+01 1.868549438522261741e-01 2.722891187189583340e-01
7.579999999999176907e+01 1.691591093970157278e-01 2.863879851437353685e-01
7.589999999999174918e+01 1.519983817251540636e-01 3.001077098361898954e-01
7.599999999999174349e+01 1.354480854252710642e-01 3.133821186251379287e-01
7.609999999999172360e+01 1.195805424604255290e-01 3.261474202392650179e-01
7.619999999999171791e+01 1.044647535383033260e-01 3.383424941981455492e-01
7.629999999999171223e+01 9.016609501955695494e-02 3.499091655636773490e-01
7.639999999999169233e+01 7.674603263237143869e-02 3.607924653476793364e-01
7.649999999999168665e+01 6.426185319487541514e-02 3.709408754377814255e-01
7.659999999999166675e+01 5.276641547668254467e-02 3.803065569747755004e-01
7.669999999999166107e+01 4.230792125537136128e-02 3.888455611879381713e-01
7.679999999999165539e+01 3.292970754478153489e-02 3.965180217755671088e-01
7.689999999999163549e+01 2.467006088827578686e-02 4.032883279996664627e-01
7.699999999999162981e+01 1.756205452226769492e-02 4.091252777509509775e-01
7.709999999999162412e+01 1.163340912365993726e-02 4.140022099301191028e-01
7.719999999999160423e+01 6.906377758885781475e-03 4.178971155836265217e-01
7.729999999999159854e+01 3.397655553003748122e-03 4.207927273283523784e-01
7.739999999999159286e+01 1.118314494389554496e-03 4.226765866963196894e-01
7.749999999999157296e+01 7.376368474323636041e-05 4.235410891305932402e-01
7.759999999999156728e+01 2.637352355392412365e-04 4.233835064632385792e-01
7.769999999999154738e+01 1.682295901158431615e-03 4.222059868096993962e-01
7.779999999999154170e+01 4.317884426231629984e-03 4.200155319137772736e-01
7.789999999999153601e+01 8.153374470613929462e-03 4.168239520818061705e-01
7.799999999999151612e+01 1.316616286044714271e-02 4.126477989456424633e-01
7.809999999999151044e+01 1.932828279846646527e-02 4.075082763949025577e-01
7.819999999999149054e+01 2.660654155159383055e-02 4.014311301190143233e-01
7.829999999999148486e+01 3.496268201960159305e-02 3.944465162982096484e-01
7.839999999999147917e+01 4.435356747561037399e-02 3.865888500777130421e-01
7.849999999999145928e+01 5.473138865824033611e-02 3.778966345524830128e-01
7.859999999999145359e+01 6.604389228683994750e-02 3.684122710804947354e-01
7.869999999999144791e+01 7.823462996584205909e-02 3.581818518286718489e-01
7.879999999999142801e+01 9.124322634311629598e-02 3.472549355378760638e-01
7.889999999999142233e+01 1.050056652898034987e-01 3.356843075716754998e-01
7.899999999999141664e+01 1.194545927776666655e-01 3.235257253863522142e-01
7.909999999999139675e+01 1.345196350433197907e-01 3.108376506281723684e-01
7.919999999999139106e+01 1.501277305490008596e-01 2.976809691256603885e-01
7.929999999999137117e+01 1.662034741765399393e-01 2.841187001012822622e-01
7.939999999999136548e+01 1.826694720257207305e-01 2.702156959771077616e-01
7.949999999999135980e+01 1.994467051305300609e-01 2.560383341927975343e-01
7.959999999999133991e+01 2.164549003584163855e-01 2.416542024905583841e-01
7.969999999999133422e+01 2.336129067170858165e-01 2.271317791519933960e-01
7.979999999999131433e+01 2.508390752639575449e-01 2.125401096943624335e-01
7.989999999999130864e+01 2.680516407917815092e-01 1.979484815486226290e-01
7.999999999999130296e+01 2.851691034536143476e-01 1.834260982500951209e-01
8.009999999999128306e+01 3.021106084902705491e-01 1.690417546722110254e-01
8.019999999999127738e+01 3.187963222324390888e-01 1.548635148275212814e-01
8.029999999999127169e+01 3.351478025700478924e-01 1.409583937446013402e-01
8.039999999999125180e+01 3.510883621112352859e-01 1.273920449084813555e-01
8.049999999999124611e+01 3.665434222939688014e-01 1.142284547218855723e-01
8.059999999999124043e+01 3.814408567611736189e-01 1.015296454093227857e-01
8.069999999999122053e+01 3.957113223709727290e-01 8.935538774185339261e-02
8.079999999999121485e+01 4.092885762792111137e-01 7.776292491126737816e-02
8.089999999999119495e+01 4.221097776075949382e-01 6.680670882548142564e-02
8.099999999999118927e+01 4.341157722934582130e-01 5.653815003536107747e-02
8.109999999999118359e+01 4.452513598073220558e-01 4.700538243467537736e-02
8.119999999999116369e+01 4.554655405191937456e-01 3.825304380205336863e-02
8.129999999999115801e+01 4.647117425972721594e-01 3.032207317545372247e-02
8.139999999999113811e+01 4.729480274273942797e-01 2.324952596717560008e-02
8.149999999999113243e+01 4.801372726528830293e-01 1.706840764080861522e-02
8.159999999999112674e+01 4.862473320464836823e-01 1.180752668127382950e-02
8.169999999999110685e+01 4.912511715432066328e-01 7.491367495944384162e-03
8.179999999999110116e+01 4.951269808800822236e-01 4.139983788798273084e-03
8.189999999999109548e+01 4.978582604088406804e-01 1.768912851605604917e-03
8.199999999999107558e+01 4.994338827667265668e-01 3.891111163832008013e-04
8.209999999999106990e+01 4.998481292124505870e-01 6.911212481584379741e-06
8.219999999999106421e+01 4.991007005532749896e-01 6.240006700734534182e-04
8.229999999999104432e+01 4.971967027086004465e-01 2.237422309999727472e-03
8.239999999999103864e+01 4.941466070753006146e-01 4.839596258375316630e-03
8.249999999999101874e+01 4.899661859740019332e-01 8.418363423518199565e-03
8.259999999999101306e+01 4.846764235719487335e-01 1.295705017310575489e-02
8.269999999999100737e+01 4.783034027896127527e-01 1.843455385144214184e-02
8.279999999999098748e+01 4.708781688064193616e-01 2.482544868077240716e-02
8.289999999999098179e+01 4.624365698872106578e-01 3.210011149709965372e-02
8.299999999999096190e+01 4.530190763528024744e-01 4.022486668047614566e-02
8.309999999999095621e+01 4.426705786158905420e-01 4.916214955253976615e-02
8.319999999999095053e+01 4.314401652951604382e-01 5.887068743044287372e-02
8.329999999999093063e+01 4.193808825100625026e-01 6.930569744720904701e-02
8.339999999999092495e+01 4.065494755399185478e-01 8.041910017311691694e-02
8.349999999999091926e+01 3.930061141079184139e-01 9.215974800302108305e-02
8.359999999999089937e+01 3.788141026208282636e-01 1.044736672088846241e-01
8.369999999999089368e+01 3.640395767591743104e-01 1.173043124972484447e-01
8.379999999999088800e+01 3.487511878685154998e-01 1.305928328570946095e-01
8.389999999999086810e+01 3.330197766542029592e-01 1.442783474352037909e-01
8.399999999999086242e+01 3.169180377218553391e-01 1.582982301334254494e-01
8.409999999999084253e+01 3.005201765430059457e-01 1.725884015866075150e-01
8.419999999999083684e+01 2.839015604514864011e-01 1.870836271494348835e-01
8.429999999999083116e+01 2.671383652966938804e-01 2.017178194974882655e-01
8.439999999999081126e+01 2.503072193915188981e-01 2.164243444301510166e-01
8.449999999999080558e+01 2.334848463984930678e-01 2.311363284534278251e-01
8.459999999999078568e+01 2.167477087943298353e-01 2.457869667156179216e-01
8.469999999999078000e+01 2.001716535440747347e-01 2.603098298723220405e-01
8.479999999999077431e+01 1.838315615992730523e-01 2.746391684656911414e-01
8.489999999999075442e+01 1.678010028109441221e-01 2.887102134180533075e-01
8.499999999999074873e+01 1.521518978187262061e-01 3.024594712622936110e-01
8.509999999999074305e+01 1.369541884412439348e-01 3.158250127584091849e-01
8.519999999999072315e+01 1.222755180505382400e-01 3.287467535799280527e-01
8.529999999999071747e+01 1.081809233656936403e-01 3.411667257930730002e-01
8.539999999999071179e+01 9.473253904716402718e-02 3.530293388972985946e-01
8.549999999999069189e+01 8.198931641459235309e-02 3.642816292458831429e-01
8.559999999999068621e+01 7.000675754677489204e-02 3.748734967216494907e-01
8.569999999999066631e+01 5.883666595378977265e-02 3.847579276034845397e-01
8.579999999999066063e+01 4.852691493712675552e-02 3.938912026250194209e-01
8.589999999999065494e+01 3.912123467557648143e-02 4.022330892966849425e-01
8.599999999999063505e+01 3.065901899154132096e-02 4.097470176365327621e-01
8.609999999999062936e+01 2.317515266514090511e-02 4.164002385339176104e-01
8.619999999999060947e+01 1.669986007223426411e-02 4.221639640495868928e-01
8.629999999999060378e+01 1.125857582694933176e-02 4.270134890438102571e-01
8.639999999999059810e+01 6.871838010411665358e-03 4.309282936074786408e-01
8.649999999999057820e+01 3.555204464809998393e-03 4.338921258650910162e-01
8.659999999999057252e+01 1.319192526425954541e-03 4.358930648073647829e-01
8.669999999999056683e+01 1.692424630220789878e-04 4.369235629063692450e-01
8.679999999999054694e+01 1.057047704561882583e-04 4.369804683605887363e-01
8.689999999999054126e+01 1.123851371127541172e-03 4.360650269122760547e-01
8.699999999999053557e+01 3.213910643370191268e-03 4.341828632765030171e-01
8.709999999999051568e+01 6.361126096788538922e-03 4.313439423148180407e-01
8.719999999999050999e+01 1.054583839442345579e-02 4.275625101846591836e-01
8.729999999999049010e+01 1.574359030921784752e-02 4.228570157858956846e-01
8.739999999999048441e+01 2.192525409022954772e-02 4.172500129217286968e-01
8.749999999999047873e+01 2.905718060406253800e-02 4.107680436791492640e-01
8.759999999999045883e+01 3.710136950987977938e-02 4.034415036232911755e-01
8.769999999999045315e+01 4.601565962272835542e-02 3.953044894843987245e-01
8.779999999999043325e+01 5.575393852046842819e-02 3.863946300985189874e-01
8.789999999999042757e+01 6.626637035497837114e-02 3.767529014394053188e-01
8.799999999999042188e+01 7.749964073920535823e-02 3.664234266543955898e-01
8.809999999999040199e+01 8.939721749855164545e-02 3.554532620854685132e-01
8.819999999999039630e+01 1.018996259982997282e-01 3.438921703199251945e-01
8.829999999999039062e+01 1.149447376893148465e-01 3.317923813760057516e-01
8.839999999999037072e+01 1.284680704519811367e-01 3.192083431806336247e-01
8.849999999999036504e+01 1.424030992633912585e-01 3.061964625448275745e-01
8.859999999999035936e+01 1.566815756664979853e-01 2.928148378842914124e-01
8.869999999999033946e+01 1.712338544809277885e-01 2.791229849674028984e-01
8.879999999999033378e+01 1.859892261649075673e-01 2.651815570032934888e-01
8.889999999999031388e+01 2.008762532158250846e-01 2.510520604041655002e-01
8.899999999999030820e+01 2.158231089825876914e-01 2.367965675734801934e-01
8.909999999999030251e+01 2.307579172581758209e-01 2.224774280801964099e-01
8.919999999999028262e+01 2.456090910229702662e-01 2.081569795836315240e-01
8.929999999999027693e+01 2.603056687205022035e-01 1.938972598686213022e-01
8.939999999999025704e+01 2.747776464658858164e-01 1.797597213420121798e-01
8.949999999999025135e+01 2.889563046141924718e-01 1.658049493239411032e-01
8.959999999999024567e+01 3.027745271493909041e-01 1.520923854455430435e-01
8.969999999999022577e+01 3.161671123972765729e-01 1.386800574352586302e-01
8.979999999999022009e+01 3.290710736124536351e-01 1.256243165408593987e-01
8.989999999999021441e+01 3.414259280467316082e-01 1.129795837941539038e-01
8.999999999999019451e+01 3.531739731667717375e-01 1.007981062783529225e-01
9.009999999999018883e+01 3.642605487568997824e-01 8.912972450686883208e-02
9.019999999999018314e+01 3.746342837167811468e-01 7.802165196519193768e-02
9.029999999999016325e+01 3.842473264420584456e-01 6.751826780649351767e-02
9.039999999999015756e+01 3.930555577601334560e-01 5.766092362523790593e-02
9.049999999999013767e+01 4.010187854808014429e-01 4.848776516331186615e-02
9.059999999999013198e+01 4.081009197142292377e-01 4.003356972940697034e-02
9.069999999999012630e+01 4.142701282027074217e-01 3.232960003528292242e-02
9.079999999999010640e+01 4.194989710127008942e-01 2.540347507227939949e-02
9.089999999999010072e+01 4.237645140328768489e-01 1.927905856899968587e-02
9.099999999999008082e+01 4.270484208268271464e-01 1.397636548605502016e-02
9.109999999999007514e+01 4.293370224938544699e-01 9.511486917119801529e-03
9.119999999999006945e+01 4.306213652941724424e-01 5.896533677650029649e-03
9.129999999999004956e+01 4.308972359016029485e-01 3.139598773586048039e-03
9.139999999999004388e+01 4.301651642507297035e-01 1.244738852960865791e-03
9.149999999999003819e+01 4.284304040496852983e-01 2.119746537826530696e-04
9.159999999999001830e+01 4.257028911337169541e-01 3.731037229574828693e-05
9.169999999999001261e+01 4.219971799351195929e-01 7.127717872290079571e-04
9.179999999999000693e+01 4.173323584456972157e-01 2.226462888213933192e-03
9.189999999998998703e+01 4.117319421457911188e-01 4.562640670663274667e-03
9.199999999998998135e+01 4.052237474671526729e-01 7.701807675388729069e-03
9.209999999998996145e+01 3.978397454512791476e-01 1.162082176947240413e-02
9.219999999998995577e+01 3.896158963515528040e-01 1.629302258578272863e-02
9.229999999998995008e+01 3.805919660141242611e-01 2.168837396234070056e-02
9.239999999998993019e+01 3.708113249535928690e-01 2.777362164982995207e-02
9.249999999998992450e+01 3.603207311168401539e-01 3.451246548635848732e-02
9.259999999998990461e+01 3.491700974019788517e-01 4.186574517307402321e-02
9.269999999998989892e+01 3.374122450678596619e-01 4.979163872326710510e-02
9.279999999998989324e+01 3.251026442327453192e-01 5.824587260074638034e-02
9.289999999998987334e+01 3.122991427210332072e-01 6.718194251143984330e-02
9.299999999998986766e+01 2.990616845679288094e-01 7.655134376520369988e-02
9.309999999998986198e+01 2.854520195416975215e-01 8.630381008290351208e-02
9.319999999998984208e+01 2.715334050832686752e-01 9.638755968763371151e-02
9.329999999998983640e+01 2.573703020990927293e-01 1.067495474879866929e-01
9.339999999998983071e+01 2.430280660711426344e-01 1.173357221361112090e-01
9.349999999998981082e+01 2.285726349709163163e-01 1.280912867243037823e-01
9.359999999998980513e+01 2.140702154780448618e-01 1.389609618701330984e-01
9.369999999998978524e+01 1.995869690124434104e-01 1.498892499333401573e-01
9.379999999998977955e+01 1.851886990883019612e-01 1.608206991059938085e-01
9.389999999998977387e+01 1.709405414908964915e-01 1.717001661227177678e-01
9.399999999998975397e+01 1.569066587616557429e-01 1.824730763485585550e-01
9.409999999998974829e+01 1.431499404532331210e-01 1.930856800189000022e-01
9.419999999998972839e+01 1.297317105858720454e-01 2.034853034291437268e-01
9.429999999998972271e+01 1.167114436966649321e-01 2.136205938999721221e-01
9.439999999998971703e+01 1.041464908275938905e-01 2.234417573793570089e-01
9.449999999998969713e+01 9.209181674375280235e-02 2.329007875813307871e-01
9.459999999998969145e+01 8.059974961289169404e-02 2.419516856073948008e-01
9.469999999998968576e+01 6.971974430942400047e-02 2.505506690466753339e-01
9.479999999998966587e+01 5.949816043243772584e-02 2.586563696051273897e-01
9.489999999998966018e+01 4.997805604766274862e-02 2.662300183745088811e-01
9.499999999998965450e+01 4.119899807874132652e-02 2.732356179145648545e-01
9.509999999998963460e+01 3.319689018368741223e-02 2.796401003891607062e-01
9.519999999998962892e+01 2.600381885926549355e-02 2.854134710682239007e-01
9.529999999998960902e+01 1.964791841964326491e-02 2.905289365803245261e-01
9.539999999998960334e+01 1.415325539639787807e-02 2.949630173770028119e-01
9.549999999998959765e+01 9.539732806199600554e-03 2.986956439489099058e-01
9.559999999998957776e+01 5.823014630285813613e-03 3.017102364126534320e-01
9.569999999998957207e+01 3.014470747267042946e-03 3.039937671700191357e-01
9.579999999998955218e+01 1.121142458304511631e-03 3.055368064219690649e-01
9.589999999998954650e+01 1.457286420827874900e-04 3.063335504042394852e-01
9.599999999998954081e+01 8.659247666502899491e-05 3.063818322922295945e-01
9.609999999998952092e+01 9.377885669885614077e-04 3.056831158069145959e-01
9.619999999998951523e+01 2.689110220813291461e-03 3.042424716339931501e-01
9.629999999998950955e+01 5.326156522889585222e-03 3.020685368494550604e-01
9.639999999998948965e+01 8.830418767341164168e-03 2.991734576235431931e-01
9.649999999998948397e+01 1.317938572210480656e-02 2.955728155522300282e-01
9.659999999998947828e+01 1.834666711706732511e-02 2.912855380400367067e-01
9.669999999998945839e+01 2.430213466944764270e-02 2.863337932304511613e-01
9.679999999998945270e+01 3.101207988633686297e-02 2.807428700495994134e-01
9.689999999998943281e+01 3.843938781512681868e-02 2.745410439953298032e-01
9.699999999998942712e+01 4.654372584810013980e-02 2.677594293668441594e-01
9.709999999998942144e+01 5.528174662773849973e-02 2.604318186891310116e-01
9.719999999998940154e+01 6.460730404431036522e-02 2.525945101425579042e-01
9.729999999998939586e+01 7.447168126754888373e-02 2.442861238591161610e-01
9.739999999998937597e+01 8.482382970876577166e-02 2.355474079942040944e-01
9.749999999998937028e+01 9.561061776989078498e-02 2.264210355259159146e-01
9.759999999998936460e+01 1.067770882006601335e-01 2.169513927721133939e-01
9.769999999998934470e+01 1.182667228549172528e-01 2.071843606493636858e-01
9.779999999998933902e+01 1.300217136117158556e-01 1.971670897268185119e-01
9.789999999998933333e+01 1.419832382069896037e-01 1.869477701524847046e-01
9.799999999998931344e+01 1.540917397060033722e-01 1.765753975480656435e-01
9.809999999998930775e+01 1.662872083370350029e-01 1.660995359834670226e-01
9.819999999998930207e+01 1.785094644013153764e-01 1.555700791508340119e-01
9.829999999998928217e+01 1.906984409746965148e-01 1.450370108622666132e-01
9.839999999998927649e+01 2.027944651211327498e-01 1.345501659948409590e-01
9.849999999998925659e+01 2.147385363487724352e-01 1.241589930002017922e-01
9.859999999998925091e+01 2.264726010544081680e-01 1.139123190855517997e-01
9.869999999998924523e+01 2.379398217223555045e-01 1.038581191570245726e-01
9.879999999998922533e+01 2.490848396697507849e-01 9.404328959561944479e-02
9.889999999998921965e+01 2.598540301596562463e-01 8.451342791070938498e-02
9.899999999998919975e+01 2.701957487397880775e-01 7.531261928604256195e-02
9.909999999998919407e+01 2.800605677035636898e-01 6.648323099853145624e-02
9.919999999998918838e+01 2.894015016155539466e-01 5.806571565147788244e-02
9.929999999998916849e+01 2.981742208927395388e-01 5.009842412035347969e-02
9.939999999998916280e+01 3.063372524853030243e-01 4.261742906278612880e-02
9.949999999998915712e+01 3.138521667603157428e-01 3.565635979285779883e-02
9.959999999998913722e+01 3.206837497507710188e-01 2.924624926598608926e-02
9.969999999998913154e+01 3.268001599997557571e-01 2.341539386236500542e-02
9.979999999998912585e+01 3.321730692966935461e-01 1.818922659646912340e-02
9.989999999998910596e+01 3.367777866747092008e-01 1.359020431618791248e-02
