1.000000000000000000e+00 2.000000000000000000e+00 0.000000000000000000e+00
1.099999999999988987e+00 1.997600966460504113e+00 1.999200209277519815e-03
1.199999999999977973e+00 1.990415455681589618e+00 7.987208593276545060e-03
1.299999999999966960e+00 1.978478178664157650e+00 1.793529491765561215e-02
1.399999999999955946e+00 1.961846794242871672e+00 3.179573021094932866e-02
1.499999999999944933e+00 1.940601623078668236e+00 4.950201807097038414e-02
1.599999999999933920e+00 1.914845250521775677e+00 7.096921686823771946e-02
1.699999999999922906e+00 1.884702020412987178e+00 9.609435124475169954e-02
1.799999999999911893e+00 1.850317422422765423e+00 1.247569108692754974e-01
1.899999999999900879e+00 1.811857376064753833e+00 1.568194339835903839e-01
1.999999999999889866e+00 1.769507415027376185e+00 1.921281728606225037e-01
2.099999999999878852e+00 1.723471775954320329e+00 2.305138378957900247e-01
2.199999999999867839e+00 1.673972396273710084e+00 2.717924166715895984e-01
2.299999999999856826e+00 1.621247826110477464e+00 3.157660639708501082e-01
2.399999999999845812e+00 1.565552059733916979e+00 3.622240583717605822e-01
2.499999999999834799e+00 1.507153292366153030e+00 4.109438207358141470e-01
2.599999999999823785e+00 1.446332608534596220e+00 4.616919896031696502e-01
2.699999999999812772e+00 1.383382608465447916e+00 5.142255482354388674e-01
2.799999999999801759e+00 1.318605979299233955e+00 5.682929978011891370e-01
2.899999999999790745e+00 1.252314018162789644e+00 6.236355709774357159e-01
2.999999999999779732e+00 1.184825114345552599e+00 6.799884800511253324e-01
3.099999999999768718e+00 1.116463198009577829e+00 7.370821934407425502e-01
3.199999999999757705e+00 1.047556163011178043e+00 7.946437344244269285e-01
3.299999999999746692e+00 9.784342715190225137e-01 8.523979957603845525e-01
3.399999999999735678e+00 9.094285481942177007e-01 9.100690638099570018e-01
3.499999999999724665e+00 8.408691717356300277e-01 9.673815457349639324e-01
3.599999999999713651e+00 7.730838716006593891e-01 1.024061893328773287e+00
3.699999999999702638e+00 7.063963376824072826e-01 1.079839717060451454e+00
3.799999999999691624e+00 6.411246506583931914e-01 1.134449083965624494e+00
3.899999999999680611e+00 5.775797406285274604e-01 1.187629793095919206e+00
3.999999999999669598e+00 5.160638815220867093e-01 1.239128622353902420e+00
4.099999999999658584e+00 4.568692285854267787e-01 1.288700540682952367e+00
4.199999999999647571e+00 4.002764060561802562e-01 1.336109879750320806e+00
4.299999999999636557e+00 3.465531518908444020e-01 1.381131459465562816e+00
4.399999999999625544e+00 2.959530261373304327e-01 1.423551661901137688e+00
4.499999999999614531e+00 2.487141892389301279e-01 1.463169448436827835e+00
4.599999999999603517e+00 2.050582562151935517e-01 1.499797315229542516e+00
4.699999999999592504e+00 1.651892322945503200e-01 1.533262182415574326e+00
4.799999999999581490e+00 1.292925351739893369e-01 1.563406212772523229e+00
4.899999999999570477e+00 9.753410865243331007e-02 1.590087555922430118e+00
4.999999999999559464e+00 7.005963193064358718e-02 1.613181014518894063e+00
5.099999999999548450e+00 4.699382839459074340e-02 1.632578629246017599e+00
5.199999999999537437e+00 2.843987720138375225e-02 1.648190179857441651e+00
5.299999999999526423e+00 1.447893047328369272e-02 1.659943599893179966e+00
5.399999999999515410e+00 5.169738376466027734e-03 1.667785303139790010e+00
5.499999999999504396e+00 5.483838222132007877e-04 1.671680420328017114e+00
5.599999999999493383e+00 6.281279815647487774e-04 1.671612945004647965e+00
5.699999999999482370e+00 5.399367253802942607e-03 1.667585787958526078e+00
5.799999999999471356e+00 1.482970177791286849e-02 1.659620740028912689e+00
5.899999999999460343e+00 2.886411502747265531e-02 1.647758343567939487e+00
5.999999999999449329e+00 4.742526348642815692e-02 1.632057673276352983e+00
6.099999999999438316e+00 7.041387486882200175e-02 1.612596027573000024e+00
6.199999999999427303e+00 9.770925282233942910e-02 1.589468532088290642e+00
6.299999999999416289e+00 1.291698855458384421e-01 1.562787657301999866e+00
6.399999999999405276e+00 1.646341552574706601e-01 1.532682652756192976e+00
6.499999999999394262e+00 2.039211449733223103e-01 1.499298900682795921e+00
6.599999999999383249e+00 2.468315385999630407e-01 1.462797192264135626e+00
6.699999999999372235e+00 2.931486099073165041e-01 1.423352930125937998e+00
6.799999999999361222e+00 3.426392955343208202e-01 1.381155261011400182e+00
6.899999999999350209e+00 3.950553467874744484e-01 1.336406142920632201e+00
6.999999999999339195e+00 4.501345546253525121e-01 1.289319351315350248e+00
7.099999999999328182e+00 5.076020418777273946e-01 1.240119429278701002e+00
7.199999999999317168e+00 5.671716164326707776e-01 1.189040586791503706e+00
7.299999999999306155e+00 6.285471788315296626e-01 1.136325554525651427e+00
7.399999999999295142e+00 6.914241774510845318e-01 1.082224397778226654e+00
7.499999999999284128e+00 7.554911042144034639e-01 1.026993296357886942e+00
7.599999999999273115e+00 8.204310235707908960e-01 9.708932963986217635e-01
7.699999999999262101e+00 8.859231273059312572e-01 9.141890402136423344e-01
7.799999999999251088e+00 9.516443076070735252e-01 8.571474804029977079e-01
7.899999999999240075e+00 1.017270740693719810e+00 8.000365845089761896e-01
7.999999999999229061e+00 1.082479473255750779e+00 7.431240365553476446e-01
8.099999999999218048e+00 1.146950003898086878e+00 6.866759418207375454e-01
8.199999999999207034e+00 1.210365851794457770e+00 6.309555411832360461e-01
8.299999999999196021e+00 1.272416104787795321e+00 5.762219413206873808e-01
8.399999999999185007e+00 1.332796939252118618e+00 5.227288669764232898e-01
8.499999999999173994e+00 1.391213104147489332e+00 4.707234413876130730e-01
8.599999999999162981e+00 1.447379361856419688e+00 4.204450008356842572e-01
8.699999999999151967e+00 1.501021878584319680e+00 3.721239491057919957e-01
8.799999999999140954e+00 1.551879557346307559e+00 3.259806574451077354e-01
8.899999999999129940e+00 1.599705306835857987e+00 2.822244153806999223e-01
8.999999999999118927e+00 1.644267239783520962e+00 2.410524375035165145e-01
9.099999999999107914e+00 1.685349794767723841e+00 2.026489310441092206e-01
9.199999999999096900e+00 1.722754775817522566e+00 1.671842287598755972e-01
9.299999999999085887e+00 1.756302304573071904e+00 1.348139913251715227e-01
9.399999999999074873e+00 1.785831680208610051e+00 1.056784830656152391e-01
9.499999999999063860e+00 1.811202142806344284e+00 7.990192450776782696e-02
9.599999999999052847e+00 1.832293536357929131e+00 5.759192482867159235e-02
9.699999999999041833e+00 1.849006868105279588e+00 3.883899688590414928e-02
9.799999999999030820e+00 1.861264761459489048e+00 2.371615709296095650e-02
9.899999999999019806e+00 1.869011800296077608e+00 1.227861197638465025e-02
9.999999999999008793e+00 1.872214762992450598e+00 4.563532814442571028e-03
1.009999999999899778e+01 1.870862745141810057e+00 5.899193132894258156e-04
1.019999999999898677e+01 1.864967170462160873e+00 3.585528286206547221e-04
1.029999999999897575e+01 1.854561689997771712e+00 3.852039190586963556e-03
1.039999999999896474e+01 1.839701970285777755e+00 1.103494073995749461e-02
1.049999999999895373e+01 1.820465371742911787e+00 2.185399673633937542e-02
1.059999999999894271e+01 1.796950519085433573e+00 3.623843085704404887e-02
1.069999999999893170e+01 1.769276766159791903e+00 5.410034407030281378e-02
1.079999999999892069e+01 1.737583558095494807e+00 7.533519074100732127e-02
1.089999999999890967e+01 1.702029694226462109e+00 9.982233541362756091e-02
1.099999999999889866e+01 1.662792495731058695e+00 1.274256873168486404e-01
1.109999999999888765e+01 1.620066882423543353e+00 1.579944092505487785e-01
1.119999999999887663e+01 1.574064363601454630e+00 1.913636971498287043e-01
1.129999999999886562e+01 1.525011948278461871e+00 2.273556262738745115e-01
1.139999999999885461e+01 1.473150980546157340e+00 2.657800596428367412e-01
1.149999999999884359e+01 1.418735906183437034e+00 3.064356140443940668e-01
1.159999999999883258e+01 1.362032976971023102e+00 3.491106786534670658e-01
1.169999999999882156e+01 1.303318899481347604e+00 3.935844810592096232e-01
1.179999999999881055e+01 1.242879435381537112e+00 4.396281952677923988e-01
1.189999999999879954e+01 1.181007960522046041e+00 4.870060860556435500e-01
1.199999999999878852e+01 1.118003990272006032e+00 5.354766838818038055e-01
1.209999999999877751e+01 1.054171678720194683e+00 5.847939844309208990e-01
1.219999999999876650e+01 9.898182994635817966e-01 6.347086667562235052e-01
1.229999999999875548e+01 9.252527157779941724e-01 6.849693239146431578e-01
1.239999999999874447e+01 8.607838479866207759e-01 7.353236999483173664e-01
1.249999999999873346e+01 7.967191458271712934e-01 7.855199270513946175e-01
1.259999999999872244e+01 7.333630735558930303e-01 8.353077567871759479e-01
1.269999999999871143e+01 6.710156154289831365e-01 8.844397792675171566e-01
1.279999999999870042e+01 6.099708090558416673e-01 9.326726242950665879e-01
1.289999999999868940e+01 5.505153139426126607e-01 9.797681385760588224e-01
1.299999999999867839e+01 4.929270223217125935e-01 1.025494533260067787e+00
1.309999999999866738e+01 4.374737191126040758e-01 1.069627496229541119e+00
1.319999999999865636e+01 3.844117975680851895e-01 1.111951263763199638e+00
1.329999999999864535e+01 3.339850368418814663e-01 1.152259646421943451e+00
1.339999999999863434e+01 2.864234473623012422e-01 1.190357004254149365e+00
1.349999999999862332e+01 2.419421895211420204e-01 1.226059166694412061e+00
1.359999999999861231e+01 2.007405707819920893e-01 1.259194292819001415e+00
1.369999999999860130e+01 1.630011258888499626e-01 1.289603667945819154e+00
1.379999999999859028e+01 1.288887844081566536e-01 1.317142432890704429e+00
1.389999999999857927e+01 9.855012937416829377e-02 1.341680242553174862e+00
1.399999999999856826e+01 7.211275032611284830e-02 1.363101850864629538e+00
1.409999999999855724e+01 4.968469353194469862e-02 1.381307619512743168e+00
1.419999999999854623e+01 3.135401168801372346e-02 1.396213948248845371e+00
1.429999999999853522e+01 1.718841486866989551e-02 1.407753624983685947e+00
1.439999999999852420e+01 7.235023978899054846e-03 1.415876094279962638e+00
1.449999999999851319e+01 1.520227436791808098e-03 1.420547643271117488e+00
1.459999999999850218e+01 4.964128494299186459e-05 1.421751504440206704e+00
1.469999999999849116e+01 2.808172402557867087e-03 1.419487875117602105e+00
1.479999999999848015e+01 9.760183965896096145e-03 1.413773853963476101e+00
1.489999999999846914e+01 2.084976178647010570e-02 1.404643295120420188e+00
1.499999999999845812e+01 3.600107964677545791e-02 1.392146581116432857e+00
1.509999999999844711e+01 5.511886125524897984e-02 1.376350316009735675e+00
1.519999999999843610e+01 7.808893595833409085e-02 1.357336940642994261e+00
1.529999999999842508e+01 1.047788848811141149e-01 1.335204272261878655e+00
1.539999999999841407e+01 1.350387737215717199e-01 1.310064971109681675e+00
1.549999999999840306e+01 1.687019680002037614e-01 1.282045936960943155e+00
1.559999999999839204e+01 2.055860261690438950e-01 1.251287638889152065e+00
1.569999999999838103e+01 2.454936656147216067e-01 1.217943381872828690e+00
1.579999999999837001e+01 2.882137962510567530e-01 1.182178514140721504e+00
1.589999999999835900e+01 3.335226160908955073e-01 1.144169579423337968e+00
1.599999999999834799e+01 3.811847629143525484e-01 1.104103418528219915e+00
1.609999999999833875e+01 4.309545159154568039e-01 1.062176224879475273e+00
1.619999999999832596e+01 4.825770410090323703e-01 1.018592558859682473e+00
1.629999999999831317e+01 5.357896733191865879e-01 9.735643259654769288e-01
1.639999999999830393e+01 5.903232302458362168e-01 9.273097239347405374e-01
1.649999999999829470e+01 6.459033484210829901e-01 8.800521641224315905e-01
1.659999999999828191e+01 7.022518378166913156e-01 8.320191724931194077e-01
1.669999999999826912e+01 7.590880462537878959e-01 7.834412756651419896e-01
1.679999999999825988e+01 8.161302275857598154e-01 7.345508774774350824e-01
1.689999999999825064e+01 8.730969068852106885e-01 6.855811315613199453e-01
1.699999999999823785e+01 9.297082360517376909e-01 6.367648153817910828e-01
1.709999999999822506e+01 9.856873333783376934e-01 5.883332111729274727e-01
1.719999999999821583e+01 1.040761600761286543e+00 5.405149991211199989e-01
1.729999999999820659e+01 1.094664012411787901e+00 4.935351680577809708e-01
1.739999999999819380e+01 1.147134369128709697e+00 4.476139488051299464e-01
1.749999999999818101e+01 1.197920512409867522e+00 4.029657751782225183e-01
1.759999999999817177e+01 1.246779492926179733e+00 3.597982774822075513e-01
1.769999999999816254e+01 1.293478688140991428e+00 3.183113131588396483e-01
1.779999999999814975e+01 1.337796864139391362e+00 2.786960390323076631e-01
1.789999999999813696e+01 1.379525177028288141e+00 2.411340293777281263e-01
1.799999999999812772e+01 1.418468109576352720e+00 2.057964437954630521e-01
1.809999999999811848e+01 1.454444339096394367e+00 1.728432486133339441e-01
1.819999999999810569e+01 1.487287532900617437e+00 1.424224952643228792e-01
1.829999999999809290e+01 1.516847068023713829e+00 1.146696587981373416e-01
1.839999999999808367e+01 1.542988672258641669e+00 8.970703938288018819e-02
1.849999999999807443e+01 1.565594983935176598e+00 6.764322933866252774e-02
1.859999999999806164e+01 1.584566028246170655e+00 4.857264792171932244e-02
1.869999999999804885e+01 1.599819608324219322e+00 3.257514574436885108e-02
1.879999999999803961e+01 1.611291609669486036e+00 1.971568037659150729e-02
1.889999999999803038e+01 1.618936216935281447e+00 1.004406432935405977e-02
1.899999999999801759e+01 1.622726042492985465e+00 3.594786270218312992e-03
1.909999999999800480e+01 1.622652166609412694e+00 3.869059696815228453e-04
1.919999999999799556e+01 1.618724089491837992e+00 4.240231238305261713e-04
1.929999999999798632e+01 1.610969595867997928e+00 3.694319846722551176e-03
1.939999999999797353e+01 1.599434533187491514e+00 1.017067627634466939e-02
1.949999999999796074e+01 1.584182504941023861e+00 1.981085839253654904e-02
1.959999999999795151e+01 1.565294480993518311e+00 3.255777680563343851e-02
1.969999999999794227e+01 1.542868327230312087e+00 4.833981494248324601e-02
1.979999999999792948e+01 1.517018257188617714e+00 6.707122473335631885e-02
1.989999999999791669e+01 1.487874208720213698e+00 8.865258759103537833e-02
1.999999999999790745e+01 1.455581149086231374e+00 1.129713381730223370e-01
2.009999999999789821e+01 1.420298312209635094e+00 1.399023481314944084e-01
2.019999999999788542e+01 1.382198372132277475e+00 1.693085667838547526e-01
2.029999999999787264e+01 1.341466557005670746e+00 2.010417153819466785e-01
2.039999999999786340e+01 1.298299708215833848e+00 2.349430314197147041e-01
2.049999999999785416e+01 1.252905289476111683e+00 2.708440592009091485e-01
2.059999999999784137e+01 1.205500350937533938e+00 3.085674826877498611e-01
2.069999999999782858e+01 1.156310453547709782e+00 3.479279964735393360e-01
2.079999999999781934e+01 1.105568559047688471e+00 3.887332105630025292e-01
2.089999999999781011e+01 1.053513891118245560e+00 4.307845845090775838e-01
2.099999999999779732e+01 1.000390773289236535e+00 4.738783863399461116e-01
2.109999999999778453e+01 9.464474492888249602e-01 5.178066716184718254e-01
2.119999999999777529e+01 8.919348915543952039e-01 5.623582779090349204e-01
2.129999999999776605e+01 8.371056036341560924e-01 6.073198298788802241e-01
2.139999999999775326e+01 7.822124221947884815e-01 6.524767502401858099e-01
2.149999999999774047e+01 7.275073243067712303e-01 6.976142717377785685e-01
2.159999999999773124e+01 6.732402456105416322e-01 7.425184454107731646e-01
2.169999999999772200e+01 6.196579148722969332e-01 7.869771404024834549e-01
2.179999999999770921e+01 5.670027103202853747e-01 8.307810306562121161e-01
2.189999999999769642e+01 5.155115430100820628e-01 8.737245639285475818e-01
2.199999999999768718e+01 4.654147723048545071e-01 9.156069086557178105e-01
2.209999999999767795e+01 4.169351583686803919e-01 9.562328743416289578e-01
2.219999999999766516e+01 3.702868563671279922e-01 9.954138012833814164e-01
2.229999999999765237e+01 3.256744568426555575e-01 1.032968415618453761e+00
2.239999999999764313e+01 2.832920764873365638e-01 1.068723645863284055e+00
2.249999999999763389e+01 2.433225032751705486e-01 1.102515397314172585e+00
2.259999999999762110e+01 2.059363996359162841e-01 1.134189280901367169e+00
2.269999999999760831e+01 1.712915670599778339e-01 1.163601293317250818e+00
2.279999999999759908e+01 1.395322752139060707e-01 1.190618445490297717e+00
2.289999999999758984e+01 1.107886583268097025e-01 1.215119336728511135e+00
2.299999999999757705e+01 8.517618127314112442e-02 1.236994672132942785e+00
2.309999999999756426e+01 6.279517743568599486e-02 1.256147721157196084e+00
2.319999999999755502e+01 4.373046008018803554e-02 1.272494715476425231e+00
2.329999999999754579e+01 2.805100861481518368e-02 1.285965184626583824e+00
2.339999999999753300e+01 1.580973074382970717e-02 1.296502228175088201e+00
2.349999999999752021e+01 7.043301158013634371e-03 1.304062723484122444e+00
2.359999999999751097e+01 1.772077035870482957e-03 1.308617468442244247e+00
2.369999999999750173e+01 9.026203823397226818e-08 1.310151258841386834e+00
2.379999999999748894e+01 1.715115904096016280e-03 1.308662900387396633e+00
2.389999999999747615e+01 6.888816128396926634e-03 1.304165155639715135e+00
2.399999999999746692e+01 1.547695838154546782e-02 1.296684626473080248e+00
2.409999999999745768e+01 2.741970631860558144e-02 1.286261572957308363e+00
2.419999999999744489e+01 4.264198162395843594e-02 1.272949669840308884e+00
2.429999999999743210e+01 6.105389454762717716e-02 1.256815702102843657e+00
2.439999999999742286e+01 8.255124067073879579e-02 1.237939201329481653e+00
2.449999999999741362e+01 1.070160611196002559e-01 1.216412024905239475e+00
2.459999999999740083e+01 1.343172631709604881e-01 1.192337880300359476e+00
2.469999999999738804e+01 1.643112979313241795e-01 1.165831796946806387e+00
2.479999999999737881e+01 1.968428915333779172e-01 1.137019548437236738e+00
2.489999999999736957e+01 2.317458260718020802e-01 1.106037027991821242e+00
2.499999999999735678e+01 2.688437663018793389e-01 1.073029580333740407e+00
2.509999999999734399e+01 3.079511279452463168e-01 1.038151293298421818e+00
2.519999999999733475e+01 3.488739832915759287e-01 1.001564252662929366e+00
2.529999999999732552e+01 3.914109996502470046e-01 9.634377638344223671e-01
2.539999999999731273e+01 4.353544060943687621e-01 9.239475441604677597e-01
2.549999999999729994e+01 4.804909838497718466e-01 8.832748897403300825e-01
2.559999999999729070e+01 5.266030756143674774e-01 8.416058207046147599e-01
2.569999999999728146e+01 5.734696090488909936e-01 7.991302090076259912e-01
2.579999999999726867e+01 6.208671296553177621e-01 7.560408928307120746e-01
2.589999999999725588e+01 6.685708382599385713e-01 7.125327817282129939e-01
2.599999999999724665e+01 7.163556283355131393e-01 6.688019566670528882e-01
2.609999999999723741e+01 7.639971184384617420e-01 6.250447691080072143e-01
2.619999999999722462e+01 8.112726750977686807e-01 5.814569432532311621e-01
2.629999999999721183e+01 8.579624215708914203e-01 5.382326855480417116e-01
2.639999999999720259e+01 9.038502279831843733e-01 4.955638054647293900e-01
2.649999999999719336e+01 9.487246784815405176e-01 4.536388515216442374e-01
2.659999999999718057e+01 9.923800111717243633e-01 4.126422663973992599e-01
2.669999999999716778e+01 1.034617026756222247e+00 3.727535648906403210e-01
2.679999999999715854e+01 1.075243961960538730e+00 3.341465383490476171e-01
2.689999999999714930e+01 1.114077324016726545e+00 2.969884890521514165e-01
2.699999999999713651e+01 1.150942682669538364e+00 2.614394978731218178e-01
2.709999999999712372e+01 1.185675416385171266e+00 2.276517283780370438e-01
2.719999999999711449e+01 1.218121409659640220e+00 1.957687703355605047e-01
2.729999999999710525e+01 1.248137698564703690e+00 1.659250254155599791e-01
2.739999999999709246e+01 1.275593061911459936e+00 1.382451376485224759e-01
2.749999999999707967e+01 1.300368555670465165e+00 1.128434709995427693e-01
2.759999999999707043e+01 1.322357988546517760e+00 8.982363618511404746e-02
2.769999999999706120e+01 1.341468336887835955e+00 6.927806862527442766e-02
2.779999999999704841e+01 1.357620097378321677e+00 5.128765918187798423e-02
2.789999999999703562e+01 1.370747576254898181e+00 3.592143908490682408e-02
2.799999999999702638e+01 1.380799114080326184e+00 2.323632019568022677e-02
2.809999999999701714e+01 1.387737245391585272e+00 1.327689149794153076e-02
2.819999999999700435e+01 1.391538792846998218e+00 6.075272447833734990e-03
2.829999999999699156e+01 1.392194895789097719e+00 1.651023551740959504e-03
2.839999999999698233e+01 1.389710973437241925e+00 1.111427872210669665e-05
2.849999999999697309e+01 1.384106623226214250e+00 1.149948152676630699e-03
2.859999999999696030e+01 1.375415455094788575e+00 5.049444609750766526e-03
2.869999999999694751e+01 1.363684862826146871e+00 1.167917694995043720e-02
2.879999999999693827e+01 1.348975733819207434e+00 2.099656545968774449e-02
2.889999999999692903e+01 1.331362098959426143e+00 3.294712453517417011e-02
2.899999999999691624e+01 1.310930724518018620e+00 4.746476239633448668e-02
2.909999999999690345e+01 1.287780648277468298e+00 6.447213174835542127e-02
2.919999999999689422e+01 1.262022662329703060e+00 8.388102952413029056e-02
2.929999999999688498e+01 1.233778745230172280e+00 1.055928436269427118e-01
2.939999999999687219e+01 1.203181446418056355e+00 1.294990443892819199e-01
2.949999999999685940e+01 1.170373226021315993e+00 1.554817182722604552e-01
2.959999999999685016e+01 1.135505753358754255e+00 1.834141411511009401e-01
2.969999999999684093e+01 1.098739167628224989e+00 2.131613883662344111e-01
2.979999999999682814e+01 1.060241304428016118e+00 2.445809785685257864e-01
2.989999999999681535e+01 1.020186891895252801e+00 2.775235482497548367e-01
2.999999999999680611e+01 9.787567203669121918e-01 3.118335537284045444e-01
3.009999999999679687e+01 9.361367895648591286e-01 3.473499972548906300e-01
3.019999999999678408e+01 8.925174373841244790e-01 3.839071738111606291e-01
3.029999999999677129e+01 8.480924544209781368e-01 4.213354351063302028e-01
3.039999999999676206e+01 8.030581884108718427e-01 4.594619672138850475e-01
3.049999999999675282e+01 7.576126427607561276e-01 4.981115782569139339e-01
3.059999999999674003e+01 7.119545733543688470e-01 5.371074925244779807e-01
3.069999999999672724e+01 6.662825877790473639e-01 5.762721473982497233e-01
3.079999999999671800e+01 6.207942510795875224e-01 6.154279894771920167e-01
3.089999999999670877e+01 5.756852020739917641e-01 6.543982663182101867e-01
3.099999999999669598e+01 5.311482841841781433e-01 6.930078102530066175e-01
3.109999999999668319e+01 4.873726946314786979e-01 7.310838108001544988e-01
3.119999999999667395e+01 4.445431557267275346e-01 7.684565722691469869e-01
3.129999999999666471e+01 4.028391118525931902e-01 8.049602532400512711e-01
3.139999999999665192e+01 3.624339555828743897e-01 8.404335847082607946e-01
3.149999999999663913e+01 3.234942862234237992e-01 8.747205638017527818e-01
3.159999999999662990e+01 2.861792038818631867e-01 9.076711201085158054e-01
3.169999999999662066e+01 2.506396419851915636e-01 9.391417517949258720e-01
3.179999999999660787e+01 2.170177409671078805e-01 9.689961288519729488e-01
3.189999999999659508e+01 1.854462656374940566e-01 9.971056609715187591e-01
3.199999999999658584e+01 1.560480685293028080e-01 1.023350027727969236e+00
3.209999999999657661e+01 1.289356012936529183e-01 1.047617668929851309e+00
3.219999999999656382e+01 1.042104759804316078e-01 1.069806233194413592e+00
3.229999999999655103e+01 8.196307780463735204e-02 1.089822983001759837e+00
3.239999999999653824e+01 6.227223075434827615e-02 1.107585154688463636e+00
3.249999999999653255e+01 4.520491714914854492e-02 1.123020272056829860e+00
3.259999999999651976e+01 3.081605200711702228e-02 1.136066412486212762e+00
3.269999999999650697e+01 1.914831282575081214e-02 1.146672424659298306e+00
3.279999999999650129e+01 1.023202512862188100e-02 1.154798097232742959e+00
3.289999999999648850e+01 4.085103876209586309e-03 1.160414278008333522e+00
3.299999999999647571e+01 7.130505872903213126e-04 1.163502943382652477e+00
3.309999999999646292e+01 1.090057678104556816e-04 1.164057218079051159e+00
3.319999999999645013e+01 2.253855998603813277e-03 1.162081345383293662e+00
3.329999999999644444e+01 7.116394792706948538e-03 1.157590608327121240e+00
3.339999999999643165e+01 1.465353609877001473e-02 1.150611202475795292e+00
3.349999999999641886e+01 2.481057910026199589e-02 1.141180061189355888e+00
3.359999999999641318e+01 3.752152274203062604e-02 1.129344634429061189e+00
3.369999999999640039e+01 5.270942820736552320e-02 1.115162622381842050e+00
3.379999999999638760e+01 7.028682737106346778e-02 1.098701665364834046e+00
3.389999999999637481e+01 9.015617506798680181e-02 1.080038991657113590e+00
3.399999999999636202e+01 1.122103428430435978e-01 1.059261025079014651e+00
3.409999999999635634e+01 1.363331516881204075e-01 1.036462954303902340e+00
3.419999999999634355e+01 1.623999411245289348e-01 1.011748266043740907e+00
3.429999999999633076e+01 1.902781718568470060e-01 9.852282443912347976e-01
3.439999999999632507e+01 2.198280591056281097e-01 9.570214387376455578e-01
3.449999999999631228e+01 2.509032336217382197e-01 9.272531028024635358e-01
3.459999999999629949e+01 2.833514272959158919e-01 8.960546074233451952e-01
3.469999999999628670e+01 3.170151802013002618e-01 8.635628298498012612e-01
3.479999999999627391e+01 3.517325658448535175e-01 8.299195223687538814e-01
3.489999999999626823e+01 3.873379313566766569e-01 7.952706631605894749e-01
3.499999999999625544e+01 4.236626493106090963e-01 7.597657923440213068e-01
3.509999999999624265e+01 4.605358778502389172e-01 7.235573362113298934e-01
3.519999999999623697e+01 4.977853257835432310e-01 6.867999226887527842e-01
3.529999999999622418e+01 5.352380193161486721e-01 6.496496910756972554e-01
3.539999999999621139e+01 5.727210671067720638e-01 6.122635991214350204e-01
3.549999999999619860e+01 6.100624203587091676e-01 5.747987304913219075e-01
3.559999999999618581e+01 6.470916246992884924e-01 5.374116056545916731e-01
3.569999999999618012e+01 6.836405606515568723e-01 5.002574991918677938e-01
3.579999999999616733e+01 7.195441695648736591e-01 4.634897664770114556e-01
3.589999999999615454e+01 7.546411619463865295e-01 4.272591826276065374e-01
3.599999999999614886e+01 7.887747052187176200e-01 3.917132965510979337e-01
3.609999999999613607e+01 8.217930880306867358e-01 3.569958028306580711e-01
3.619999999999612328e+01 8.535503583511399039e-01 3.232459341019198740e-01
3.629999999999611049e+01 8.839069327031982004e-01 2.905978764684136739e-01
3.639999999999609770e+01 9.127301740211101189e-01 2.591802103887184683e-01
3.649999999999609201e+01 9.398949357609542865e-01 2.291153793434504982e-01
3.659999999999607923e+01 9.652840700466281953e-01 2.005191884565384886e-01
3.669999999999606644e+01 9.887888978014440777e-01 1.735003351015941830e-01
3.679999999999606075e+01 1.010309638987100023e+00 1.481599733732741064e-01
3.689999999999604796e+01 1.029755801260583414e+00 1.245913141436673088e-01
3.699999999999603517e+01 1.047046525551835305e+00 1.028792622580925464e-01
3.709999999999602238e+01 1.062110887266645376e+00 8.310009225246518805e-02
3.719999999999600959e+01 1.074888152028509403e+00 6.532116379625507729e-02
3.729999999999600391e+01 1.085327985088494485e+00 4.960067788357396673e-02
3.739999999999599112e+01 1.093390613747933449e+00 3.598747460865135001e-02
3.749999999999597833e+01 1.099046942363034463e+00 2.452087317387719942e-02
3.759999999999597264e+01 1.102278619720116870e+00 1.523055458812886884e-02
3.769999999999595985e+01 1.103078058793636185e+00 8.136487322243094594e-03
3.779999999999594706e+01 1.101448409117936400e+00 3.248895997376865467e-03
3.789999999999593427e+01 1.097403482220836279e+00 5.682729921267292783e-04
3.799999999999592148e+01 1.090967630775882435e+00 8.543266627778572876e-05
3.809999999999591580e+01 1.082175582337960851e+00 1.781607713836742260e-03
3.819999999999590301e+01 1.071072228719878616e+00 5.628586976490143612e-03
3.829999999999589022e+01 1.057712372256935929e+00 1.158889387157816843e-02
3.839999999999588454e+01 1.042160430385409731e+00 1.961600441686258203e-02
3.849999999999587175e+01 1.024490100123927716e+00 2.965460366851735419e-02
3.859999999999585896e+01 1.004783984207770153e+00 4.164087922949049475e-02
3.869999999999584617e+01 9.831331807658896249e-01 5.550285033341469110e-02
3.879999999999583338e+01 9.596368385649136634e-01 7.116073086484621391e-02
3.889999999999582769e+01 9.344016799659982109e-01 8.852732454065109780e-02
3.899999999999581490e+01 9.075414938472340376e-01 1.075084503499899591e-01
3.909999999999580211e+01 8.791766008442269964e-01 1.280033962317821405e-01
3.919999999999579643e+01 8.494332933481134607e-01 1.499053988599724774e-01
3.929999999999578364e+01 8.184432527760340248e-01 1.731021473070779026e-01
3.939999999999577085e+01 7.863429466971703086e-01 1.974763082674295955e-01
3.949999999999575806e+01 7.532730084540772975e-01 2.229060704420776917e-01
3.959999999999574527e+01 7.193776019693760571e-01 2.492657056179328479e-01
3.969999999999573959e+01 6.848037744641579661e-01 2.764261439157170708e-01
3.979999999999572680e+01 6.497007998527843942e-01 3.042555606320608841e-01
3.989999999999571401e+01 6.142195155976721832e-01 3.326199720647854408e-01
3.999999999999570832e+01 5.785116558274052689e-01 3.613838376826123411e-01
4.009999999999569553e+01 5.427291835301498724e-01 3.904106659846246496e-01
4.019999999999568274e+01 5.070236246358504895e-01 4.195636213904952450e-01
4.029999999999566995e+01 4.715454067926794779e-01 4.487061295070661204e-01
4.039999999999565716e+01 4.364432056306459251e-01 4.777024781333480408e-01
4.049999999999565148e+01 4.018633012782646952e-01 5.064184113953157373e-01
4.059999999999563869e+01 3.679489478674083935e-01 5.347217144371824160e-01
4.069999999999562590e+01 3.348397587151679122e-01 5.624827861481002111e-01
4.079999999999562021e+01 3.026711098193668459e-01 5.895751974604398482e-01
4.089999999999560742e+01 2.715735642371673308e-01 6.158762328281351950e-01
4.099999999999559464e+01 2.416723198385947458e-01 6.412674125729144192e-01
4.109999999999558185e+01 2.130866828371018873e-01 6.656349938790943055e-01
4.119999999999556906e+01 1.859295693951170947e-01 6.888704483158647474e-01
4.129999999999556337e+01 1.603070374873896420e-01 7.108709138799398364e-01
4.139999999999555058e+01 1.363178510740692684e-01 7.315396196670496121e-01
4.149999999999553779e+01 1.140530784941018727e-01 7.507862814136546659e-01
4.159999999999553211e+01 9.359572683332062493e-02 7.685274662822058067e-01
4.169999999999551932e+01 7.502041385435834209e-02 7.846869254108089775e-01
4.179999999999550653e+01 5.839307889631951271e-02 7.991958928972053844e-01
4.189999999999549374e+01 4.377073396298323399e-02 8.119933500454258324e-01
4.199999999999548095e+01 3.120125601910822555e-02 8.230262538631941682e-01
4.209999999999547526e+01 2.072322130840121776e-02 8.322497289700522272e-01
4.219999999999546247e+01 1.236578229348317404e-02 8.396272222403681207e-01
4.229999999999544968e+01 6.148587601106811525e-03 8.451306196853216601e-01
4.239999999999544400e+01 2.081745135646945362e-03 8.487403252472766058e-01
4.249999999999543121e+01 1.658283030942119180e-04 8.504453013600230538e-01
4.259999999999541842e+01 3.919250679366229062e-04 8.502430713015229902e-01
4.269999999999540563e+01 2.741729348625592845e-03 8.481396835411944002e-01
4.279999999999539284e+01 7.187674045488387162e-03 8.441496384566425926e-01
4.289999999999538716e+01 1.369310478986826389e-02 8.382957779622309813e-01
4.299999999999537437e+01 2.221249330657358578e-02 8.306091387602791976e-01
4.309999999999536158e+01 3.269168909494761521e-02 8.211287700817581081e-01
4.319999999999535589e+01 4.506820795834758087e-02 8.099015169438534834e-01
4.329999999999534310e+01 5.927155574859838821e-02 7.969817700937257277e-01
4.339999999999533031e+01 7.522358554231552141e-02 7.824311839559123793e-01
4.349999999999531752e+01 9.283888632980903666e-02 7.663183640286168608e-01
4.359999999999530473e+01 1.120252011761318361e-01 7.487185253032133669e-01
4.369999999999529905e+01 1.326838727066895207e-01 7.297131233977399711e-01
4.379999999999528626e+01 1.547103136776445953e-01 7.093894602010224482e-01
4.389999999999527347e+01 1.779945003137334003e-01 6.878402659237291550e-01
4.399999999999526779e+01 2.024214860317662956e-01 6.651632595415414295e-01
4.409999999999525500e+01 2.278719331181514596e-01 6.414606896939859526e-01
4.419999999999524221e+01 2.542226598909950730e-01 6.168388581700324780e-01
4.429999999999522942e+01 2.813472008514989464e-01 5.914076281731064366e-01
4.439999999999521663e+01 3.091163773153015604e-01 5.652799196037957552e-01
4.449999999999521094e+01 3.373988760104094653e-01 5.385711936395859434e-01
4.459999999999519815e+01 3.660618331329282826e-01 5.113989289187453879e-01
4.469999999999518536e+01 3.949714213675861729e-01 4.838820916534896655e-01
4.479999999999517968e+01 4.239934374001849693e-01 4.561406020084241009e-01
4.489999999999516689e+01 4.529938874800541471e-01 4.282947990787980275e-01
4.499999999999515410e+01 4.818395686262798017e-01 4.004649067925587502e-01
4.509999999999514131e+01 5.103986431129213797e-01 3.727705030430504829e-01
4.519999999999512852e+01 5.385412039186122657e-01 3.453299943285013662e-01
4.529999999999512283e+01 5.661398288785620680e-01 3.182600981400206530e-01
4.539999999999511004e+01 5.930701213373388292e-01 2.916753352915314457e-01
4.549999999999509726e+01 6.192112351656442470e-01 2.656875343338215845e-01
4.559999999999509157e+01 6.444463820762960093e-01 2.404053501298406004e-01
4.569999999999507878e+01 6.686633192499996658e-01 2.159337986007558996e-01
4.579999999999506599e+01 6.917548153642061326e-01 1.923738095727152986e-01
4.589999999999505320e+01 7.136190932086025063e-01 1.698217995701903626e-01
4.599999999999504041e+01 7.341602471628778659e-01 1.483692663089714037e-01
4.609999999999503473e+01 7.532886339145602461e-01 1.281024065434067938e-01
4.619999999999502194e+01 7.709212349036496104e-01 1.091017588172154967e-01
4.629999999999500915e+01 7.869819890895396464e-01 9.144187255534406977e-02
4.639999999999500346e+01 8.014020947607491951e-01 7.519100481862642238e-02
4.649999999999499067e+01 8.141202792284591983e-01 6.041084592001468023e-02
4.659999999999497788e+01 8.250830353778821902e-01 4.715627497536062362e-02
4.669999999999496509e+01 8.342448241871255332e-01 3.547514633062610195e-02
4.679999999999495230e+01 8.415682424613791790e-01 2.540810767325041644e-02
4.689999999999494662e+01 8.470241551765951282e-01 1.698845049793084108e-02
4.699999999999493383e+01 8.505917919705971997e-01 1.024199345733007790e-02
4.709999999999492104e+01 8.522588074709426254e-01 5.186998986302246428e-03
4.719999999999491536e+01 8.520213052986946867e-01 1.834123445245391774e-03
4.729999999999490257e+01 8.498838257357734793e-01 1.864008843726214714e-04
4.739999999999488978e+01 8.458592971976520714e-01 2.392603868438060487e-04
4.749999999999487699e+01 8.399689518009367806e-01 1.980576805342086372e-03
4.759999999999486420e+01 8.322422054607169217e-01 5.390754564466766069e-03
4.769999999999485851e+01 8.227165031028252917e-01 1.044284406080905371e-02
4.779999999999484572e+01 8.114371297115782200e-01 1.710269005435592973e-02
4.789999999999483293e+01 7.984569880764418315e-01 2.532911130951728471e-02
4.799999999999482725e+01 7.838363442317705099e-01 3.507411061209075170e-02
4.809999999999481446e+01 7.676425417140028129e-01 4.628311416044136872e-02
4.819999999999480167e+01 7.499496858838484714e-01 5.889523920548161984e-02
4.829999999999478888e+01 7.308382996798141740e-01 7.284358869537950476e-02
4.839999999999477609e+01 7.103949522834909214e-01 8.805557156733767599e-02
4.849999999999477041e+01 6.887118622833690029e-01 1.044532472212507390e-01
4.859999999999475762e+01 6.658864770259472765e-01 1.219536926085993678e-01
4.869999999999474483e+01 6.420210299403761312e-01 1.404693902746938505e-01
4.879999999999473914e+01 6.172220777107839673e-01 1.599086356049352620e-01
4.889999999999472635e+01 5.916000192564742077e-01 1.801759614442629831e-01
4.899999999999471356e+01 5.652685985547322156e-01 2.011725781866439688e-01
4.909999999999470077e+01 5.383443934156230126e-01 2.227968273655169529e-01
4.919999999999468798e+01 5.109462923785470512e-01 2.449446467192023247e-01
4.929999999999468230e+01 4.831949619594928524e-01 2.675100446573077106e-01
4.939999999999466951e+01 4.552123065254802259e-01 2.903855820131126531e-01
4.949999999999465672e+01 4.271209231144706409e-01 3.134628589369848339e-01
4.959999999999465103e+01 3.990435535510034604e-01 3.366330047632567490e-01
4.969999999999463824e+01 3.711025362308627007e-01 3.597871686710307215e-01
4.979999999999462545e+01 3.434192599624219522e-01 3.828170089554924216e-01
4.989999999999461266e+01 3.161136222558668663e-01 4.056151787328020064e-01
4.999999999999459988e+01 2.893034944437516409e-01 4.280758059182054875e-01
5.009999999999459419e+01 2.631041960011439862e-01 4.500949653405230122e-01
5.019999999999458140e+01 2.376279804022940201e-01 4.715711408931912429e-01
5.029999999999456861e+01 2.129835348136450979e-01 4.924056756648468314e-01
5.039999999999456293e+01 1.892754958699797152e-01 5.125032080460786288e-01
5.049999999999455014e+01 1.666039837193113715e-01 5.317720918724248014e-01
5.059999999999453735e+01 1.450641564483899637e-01 5.501247987342428036e-01
5.069999999999452456e+01 1.247457869164930871e-01 5.674783006647230454e-01
5.079999999999451177e+01 1.057328639306032575e-01 5.837544315052296540e-01
5.089999999999450608e+01 8.810321959072793530e-02 5.988802253435252521e-01
5.099999999999449329e+01 7.192818452020385833e-02 6.127882305233728344e-01
5.109999999999448050e+01 5.727227257348059541e-02 6.254167978355001933e-01
5.119999999999447482e+01 4.419289648367479700e-02 6.367103416159952678e-01
5.129999999999446203e+01 3.274011577480867574e-02 6.466195726005318223e-01
5.139999999999444924e+01 2.295641811991955272e-02 6.551017015126536780e-01
5.149999999999443645e+01 1.487653517715931129e-02 6.621206124953563643e-01
5.159999999999442366e+01 8.527293782126575336e-03 6.676470056336260006e-01
5.169999999999441798e+01 3.927503216868341585e-03 6.716585079553298865e-01
5.179999999999440519e+01 1.087879115048501688e-03 6.741397524417751530e-01
5.189999999999439240e+01 1.100439929057130150e-05 6.750824247246819398e-01
5.199999999999438671e+01 6.913274814287051050e-04 6.744852772940257424e-01
5.209999999999437392e+01 3.115197789858458691e-03 6.723541111892341604e-01
5.219999999999436113e+01 7.260938521032024584e-03 6.687017252950190338e-01
5.229999999999434834e+01 1.309895634489782745e-02 6.635478335110921444e-01
5.239999999999433555e+01 2.059188762729965289e-02 6.569189502135376335e-01
5.249999999999432987e+01 2.969478056654882223e-02 6.488482445688391609e-01
5.259999999999431708e+01 4.035531247711809932e-02 6.393753644087306620e-01
5.269999999999430429e+01 5.251404129127393294e-02 6.285462305106609415e-01
5.279999999999429861e+01 6.610469018987151502e-02 6.164128022689374653e-01
5.289999999999428582e+01 8.105446411757599723e-02 6.030328158722152443e-01
5.299999999999427303e+01 9.728439678526171197e-02 5.884694962326860734e-01
5.309999999999426024e+01 1.147097266153375011e-01 5.727912440340997557e-01
5.319999999999424745e+01 1.332402999431862856e-01 5.560712993831410378e-01
5.329999999999424176e+01 1.527809996526184877e-01 5.383873836582085959e-01
5.339999999999422897e+01 1.732321972943535460e-01 5.198213212536488825e-01
5.349999999999421618e+01 1.944902266158536619e-01 5.004586430122571761e-01
5.359999999999421050e+01 2.164478763185797572e-01 4.803881732261992554e-01
5.369999999999419771e+01 2.389948997570584266e-01 4.597016021664279695e-01
5.379999999999418492e+01 2.620185392007670644e-01 4.384930461675463631e-01
5.389999999999417213e+01 2.854040622002008698e-01 4.168585973594371441e-01
5.399999999999415934e+01 3.090353075280377615e-01 3.948958651826615651e-01
5.409999999999415365e+01 3.327952381097247225e-01 3.727035118693912130e-01
5.419999999999414086e+01 3.565664983132056376e-01 3.503807840978322430e-01
5.429999999999412807e+01 3.802319729361761103e-01 3.280270430504128032e-01
5.439999999999412239e+01 4.036753452113472362e-01 3.057412951129587220e-01
5.449999999999410960e+01 4.267816511442101279e-01 2.836217254504954099e-01
5.459999999999409681e+01 4.494378275088853347e-01 2.617652366832751709e-01
5.469999999999408402e+01 4.715332508463563888e-01 2.402669948617132956e-01
5.479999999999407123e+01 4.929602648465862824e-01 2.192199849058207861e-01
5.489999999999406555e+01 5.136146935430290217e-01 1.987145776294171051e-01
5.499999999999405276e+01 5.333963378070791794e-01 1.788381104143629829e-01
5.509999999999403997e+01 5.522094527040489753e-01 1.596744835351463498e-01
5.519999999999403428e+01 5.699632033538365450e-01 1.413037740588429514e-01
5.529999999999402149e+01 5.865720970361976150e-01 1.238018691612780692e-01
5.539999999999400870e+01 6.019563893847484914e-01 1.072401206067409435e-01
5.549999999999399591e+01 6.160424626307454687e-01 9.168502203616581137e-02
5.559999999999398312e+01 6.287631739829235844e-01 7.719791059866283611e-02
5.569999999999397744e+01 6.400581723659533040e-01 6.383469434274498255e-02
5.579999999999396465e+01 6.498741818834370410e-01 5.164560665864157546e-02
5.589999999999395186e+01 6.581652505267215902e-01 4.067498893077115679e-02
5.599999999999394618e+01 6.648929628099718991e-01 3.096110242145143701e-02
5.609999999999393339e+01 6.700266151854644692e-01 2.253597026345281057e-02
5.619999999999392060e+01 6.735433532674093282e-01 1.542525029043663627e-02
5.629999999999390781e+01 6.754282700796909733e-01 9.648139281956942190e-03
5.639999999999389502e+01 6.756744647338346343e-01 5.217309043649472761e-03
5.649999999999388933e+01 6.742830611413135333e-01 2.138874584663795052e-03
5.659999999999387654e+01 6.712631865674988374e-01 4.123944937827474472e-04
5.669999999999386375e+01 6.666319100409771048e-01 3.090345404120503647e-05
5.679999999999385807e+01 6.604141408465736829e-01 9.809766736735420212e-04
5.689999999999384528e+01 6.526424875385713475e-01 3.242825849825384937e-03
5.699999999999383249e+01 6.433570781309576603e-01 6.790426121488887974e-03
5.709999999999381970e+01 6.326053423320711078e-01 1.159167331045215903e-02
5.719999999999380691e+01 6.204417569066937865e-01 1.760857059460148311e-02
5.729999999999380123e+01 6.069275554555882968e-01 2.479744360752722532e-02
5.739999999999378844e+01 5.921304041110032612e-01 3.310918281303679156e-02
5.749999999999377565e+01 5.761240448406703685e-01 4.248951186359201798e-02
5.759999999999376996e+01 5.589879082463096172e-01 5.287928051892260700e-02
5.769999999999375717e+01 5.408066979206013203e-01 6.421478057579331489e-02
5.779999999999374438e+01 5.216699485947817738e-01 7.642808314284350868e-02
5.789999999999373159e+01 5.016715604652756122e-01 8.944739548657884565e-02
5.799999999999371880e+01 4.809093122264821996e-01 1.031974355763924656e-01
5.809999999999371312e+01 4.594843554624647441e-01 1.175998223686795796e-01
5.819999999999370033e+01 4.375006931559519696e-01 1.325734797929159769e-01
5.829999999999368754e+01 4.150646451636525458e-01 1.480350523373822891e-01
5.839999999999368185e+01 3.922843035754504104e-01 1.638993300781100837e-01
5.849999999999366906e+01 3.692689809267984957e-01 1.800796809526411801e-01
5.859999999999365627e+01 3.461286542647837861e-01 1.964884880511742205e-01
5.869999999999364348e+01 3.229734080779187999e-01 2.130375896802432223e-01
5.879999999999363069e+01 2.999128790939974420e-01 2.296387199489766939e-01
5.889999999999362501e+01 2.770557059200179362e-01 2.462039476368240443e-01
5.899999999999361222e+01 2.545089864525965639e-01 2.626461111202729737e-01
5.909999999999359943e+01 2.323777459230346176e-01 2.788792471690592634e-01
5.919999999999359375e+01 2.107644183578402663e-01 2.948190114655890870e-01
5.929999999999358096e+01 1.897683441375889457e-01 3.103830887568763131e-01
5.939999999999356817e+01 1.694852862233382773e-01 3.254915906140641857e-01
5.949999999999355538e+01 1.500069674914762119e-01 3.400674388512942570e-01
5.959999999999354259e+01 1.314206314769245931e-01 3.540367327422279109e-01
5.969999999999353690e+01 1.138086286725297491e-01 3.673290982681087780e-01
5.979999999999352411e+01 9.724803036903779951e-02 3.798780177359942223e-01
5.989999999999351132e+01 8.181027184883991887e-02 3.916211382174882849e-01
5.999999999999350564e+01 6.756082656676185016e-02 4.025005573789655622e-01
6.009999999999349285e+01 5.455891276579921678e-02 4.124630853987072410e-01
6.019999999999348006e+01 4.285723378498574460e-02 4.214604817999260122e-01
6.029999999999346727e+01 3.250175312219171636e-02 4.294496661635539003e-01
6.039999999999345448e+01 2.353150511830809366e-02 4.363929018267045379e-01
6.049999999999344880e+01 1.597844193133586554e-02 4.422579518157732648e-01
6.059999999999343601e+01 9.867317271486333863e-03 4.470182064097541486e-01
6.069999999999342322e+01 5.215607171951432836e-03 4.506527818782620209e-01
6.079999999999341753e+01 2.033467876055709486e-03 4.531465900861131879e-01
6.089999999999340474e+01 3.237307308973364070e-04 4.544903788066742556e-01
6.099999999999339195e+01 8.193379126188688009e-05 4.546807427344747299e-01
6.109999999999337916e+01 1.296389656543553903e-03 4.537201053328521194e-01
6.119999999999336637e+01 3.948288888305746987e-03 4.516166717997647795e-01
6.129999999999336069e+01 8.011838187733801020e-03 4.483843535744043152e-01
6.139999999999334790e+01 1.345443235115361021e-02 4.440426649470973763e-01
6.149999999999333511e+01 2.023685886854833388e-02 4.386165924683843031e-01
6.159999999999332942e+01 2.831353388495629064e-02 4.321364379838153469e-01
6.169999999999331664e+01 3.763276810826703817e-02 4.246376362442561558e-01
6.179999999999330385e+01 4.813706111919179714e-02 4.161605481601546863e-01
6.189999999999329106e+01 5.976342242067288202e-02 4.067502308818177204e-01
6.199999999999327827e+01 7.244371745431127385e-02 3.964561859918089293e-01
6.209999999999327258e+01 8.610503671098758416e-02 3.853320871945388193e-01
6.219999999999325979e+01 1.006700859715593255e-01 3.734354889804767375e-01
6.229999999999324700e+01 1.160575956313000812e-01 3.608275178240711312e-01
6.239999999999324132e+01 1.321827469884681028e-01 3.475725475506141748e-01
6.249999999999322853e+01 1.489576133137314462e-01 3.337378605748722027e-01
6.259999999999321574e+01 1.662916134616068131e-01 3.193932967713331572e-01
6.269999999999320295e+01 1.840919757397645462e-01 3.046108917870185562e-01
6.279999999999319016e+01 2.022642097151562124e-01 2.894645066477302686e-01
6.289999999999318447e+01 2.207125836082597936e-01 2.740294505405140857e-01
6.299999999999317168e+01 2.393406049097818178e-01 2.583820986780012707e-01
6.309999999999315889e+01 2.580515018449125453e-01 2.425995071629476751e-01
6.319999999999315321e+01 2.767487033136477592e-01 2.267590267754283628e-01
6.329999999999314042e+01 2.953363149465526027e-01 2.109379176001731082e-01
6.339999999999312763e+01 3.137195889396571236e-01 1.952129663960011641e-01
6.349999999999311484e+01 3.318053853654693297e-01 1.796601085859490521e-01
6.359999999999310205e+01 3.495026227024108922e-01 1.643540567129090635e-01
6.369999999999309637e+01 3.667227153826745356e-01 1.493679371637312847e-01
6.379999999999308358e+01 3.833799962256689287e-01 1.347729369134471056e-01
6.389999999999307079e+01 3.993921217064554940e-01 1.206379619813686133e-01
6.399999999999306510e+01 4.146804580990346989e-01 1.070293092228437604e-01
6.409999999999305942e+01 4.291704466389765771e-01 9.401035300424409602e-02
6.419999999999303952e+01 4.427919459654082179e-01 8.164124822483603827e-02
6.429999999999301963e+01 4.554795502267765528e-01 6.997865105856244938e-02
6.439999999999301394e+01 4.671728813719583373e-01 5.907545869052665405e-02
6.449999999999300826e+01 4.778168542930783524e-01 4.898056921986056189e-02
6.459999999999300258e+01 4.873619136401664553e-01 3.973866279066833734e-02
6.469999999999298268e+01 4.957642412879640914e-01 3.139000489885434425e-02
6.479999999999297700e+01 5.029859336026217820e-01 2.397027270390079262e-02
6.489999999999295710e+01 5.089951478275955843e-01 1.751040505266789060e-02
6.499999999999295142e+01 5.137662170817717255e-01 1.203647679733427581e-02
6.509999999999294573e+01 5.172797336398010648e-01 7.569597862623958333e-03
6.519999999999292584e+01 5.195226003419550764e-01 4.125837389080358464e-03
6.529999999999292015e+01 5.204880501545195992e-01 1.716173150320885171e-03
6.539999999999290026e+01 5.201756340768481923e-01 3.464663134079826981e-04
6.549999999999289457e+01 5.185911777580303195e-01 1.746148364669547481e-05
6.559999999999288889e+01 5.157467073521713186e-01 7.248118489062545461e-04
6.569999999999286899e+01 5.116603452962401599e-01 2.459129114630030297e-03
6.579999999999286331e+01 5.063561768474571512e-01 5.206057799738921833e-03
6.589999999999285762e+01 4.998640883566213278e-01 8.946373346241244529e-03
6.599999999999283773e+01 4.922195783896299304e-01 1.365610338213662893e-02
6.609999999999283204e+01 4.834635429308254406e-01 1.930667136863966835e-02
6.619999999999282636e+01 4.736420360180464972e-01 2.586506175942023672e-02
6.629999999999280647e+01 4.628060072623094157e-01 3.329400570179508884e-02
6.639999999999280078e+01 4.510110177981310198e-01 4.155218621811320595e-02
6.649999999999278089e+01 4.383169362958830306e-01 5.059446172029422734e-02
6.659999999999277520e+01 4.247876167382801937e-01 6.037210663175810593e-02
6.669999999999276952e+01 4.104905597283804997e-01 7.083306781945261643e-02
6.679999999999274962e+01 3.954965591474608466e-01 8.192223547408909734e-02
6.689999999999274394e+01 3.798793360249176354e-01 9.358172701959677209e-02
6.699999999999272404e+01 3.637151615156447582e-01 1.057511825832779806e-01
6.709999999999271836e+01 3.470824709039557199e-01 1.183680705161315183e-01
6.719999999999271267e+01 3.300614705667335724e-01 1.313680014183090938e-01
6.729999999999269278e+01 3.127337398355780618e-01 1.446850490986020255e-01
6.739999999999268709e+01 2.951818296925239893e-01 1.582520768773785780e-01
6.749999999999268141e+01 2.774888602230355383e-01 1.720010676317400011e-01
6.759999999999266151e+01 2.597381187290438986e-01 1.858634559778807593e-01
6.769999999999265583e+01 2.420126603764818085e-01 1.997704609899109696e-01
6.779999999999265015e+01 2.243949132155892423e-01 2.136534178654292682e-01
6.789999999999263025e+01 2.069662893680825622e-01 2.274441069671009619e-01
6.799999999999262457e+01 1.898068041247180371e-01 2.410750786955274394e-01
6.809999999999260467e+01 1.729947046391078769e-01 2.544799726802035589e-01
6.819999999999259899e+01 1.566061098387157846e-01 2.675938298161867346e-01
6.829999999999259330e+01 1.407146631053353414e-01 2.803533957177960501e-01
6.839999999999257341e+01 1.253911992006363496e-01 2.926974142136584134e-01
6.849999999999256772e+01 1.107034268327423826e-01 3.045669095641564406e-01
6.859999999999254783e+01 9.671562817518926380e-02 3.159054561442938280e-01
6.869999999999254214e+01 8.348837656086462167e-02 3.266594344042932918e-01
6.879999999999253646e+01 7.107827348207255980e-02 3.367782719907470579e-01
6.889999999999251656e+01 5.953770593343885031e-02 3.462146689893186857e-01
6.899999999999251088e+01 4.891462503770725029e-02 3.549248063294776490e-01
6.909999999999250520e+01 3.925234679620335371e-02 3.628685364769807520e-01
6.919999999999248530e+01 3.058937570590228999e-02 3.700095556256430274e-01
6.929999999999247962e+01 2.295925188430200659e-02 3.763155566917930073e-01
6.939999999999247393e+01 1.639042224172795187e-02 3.817583625056170660e-01
6.949999999999245404e+01 1.090613613862601201e-02 3.863140386893374467e-01
6.959999999999244835e+01 6.524365862664822241e-03 3.899629858076422151e-01
6.969999999999242846e+01 3.257752157610301590e-03 3.926900104733025976e-01
6.979999999999242277e+01 1.113574932432034783e-03 3.944843751900107276e-01
6.989999999999241709e+01 9.374917533058892789e-05 3.953398268119819869e-01
6.999999999999239719e+01 1.948459930758021424e-04 3.952546036007261732e-01
7.009999999999239151e+01 1.408138591248898550e-03 3.942314209567480687e-01
7.019999999999237161e+01 3.719672905655609357e-03 3.922774360036932473e-01
7.029999999999236593e+01 7.110362489353255246e-03 3.894041912988915888e-01
7.039999999999236024e+01 1.155610715351232214e-02 3.856275380414586063e-01
7.049999999999234035e+01 1.702793475386452787e-02 3.809675392426712937e-01
7.059999999999233466e+01 2.349216540814488829e-02 3.754483534167745162e-01
7.069999999999232898e+01 3.091059732397969523e-02 3.690980994390167247e-01
7.079999999999230909e+01 3.924071331175486149e-02 3.619487033064660020e-01
7.089999999999230340e+01 4.843590695377037597e-02 3.540357276190291280e-01
7.099999999999229772e+01 5.844572730000069383e-02 3.453981846788564680e-01
7.109999999999227782e+01 6.921614086322480652e-02 3.360783341819432168e-01
7.119999999999227214e+01 8.068980959291083277e-02 3.261214665465869689e-01
7.129999999999225224e+01 9.280638341902956723e-02 3.155756729882945311e-01
7.139999999999224656e+01 1.055028058752557618e-01 3.044916035130502685e-01
7.149999999999224087e+01 1.187136312364852064e-01 2.929222140529315066e-01
7.159999999999222098e+01 1.323713515397240414e-01 2.809225040176677179e-01
7.169999999999221529e+01 1.464067318008026863e-01 2.685492455772621745e-01
7.179999999999219540e+01 1.607491516932854914e-01 2.558607060243508480e-01
7.189999999999218971e+01 1.753269519209814942e-01 2.429163645936781302e-01
7.199999999999218403e+01 1.900677834919284603e-01 2.297766251354408928e-01
7.209999999999216413e+01 2.048989580912946307e-01 2.165025260521816208e-01
7.219999999999215845e+01 2.197477977519375625e-01 2.031554489141164654e-01
7.229999999999215277e+01 2.345419820352898921e-01 1.897968271649690675e-01
7.239999999999213287e+01 2.492098909628557568e-01 1.764878563209363316e-01
7.249999999999212719e+01 2.636809419764945539e-01 1.632892070474029900e-01
7.259999999999212150e+01 2.778859192570838910e-01 1.502607424738278963e-01
7.269999999999210161e+01 2.917572937923276211e-01 1.374612410752488745e-01
7.279999999999209592e+01 3.052295326560093836e-01 1.249481264107802081e-01
7.289999999999207603e+01 3.182393960427044033e-01 1.127772049639209767e-01
7.299999999999207034e+01 3.307262206891786183e-01 1.010024132797018442e-01
7.309999999999206466e+01 3.426321884117854433e-01 8.967557553614019517e-02
7.319999999999204476e+01 3.539025785878818220e-01 7.884617262644204316e-02
7.329999999999203908e+01 3.644860035182154734e-01 6.856112376190465207e-02
7.339999999999201918e+01 3.743346257137172284e-01 5.886458153449571767e-02
7.349999999999201350e+01 3.834043562640014891e-01 4.979774130421881634e-02
7.359999999999200782e+01 3.916550335556230888e-01 4.139866569832294230e-02
7.369999999999198792e+01 3.990505817230329266e-01 3.370212492922514125e-02
7.379999999999198224e+01 4.055591483249823548e-01 2.673945355537210231e-02
7.389999999999197655e+01 4.111532208528314025e-01 2.053842422461769207e-02
7.399999999999195666e+01 4.158097217841696946e-01 1.512313885410006969e-02
7.409999999999195097e+01 4.195100820031711364e-01 1.051393761375885375e-02
7.419999999999194529e+01 4.222402925123276973e-01 6.727325993458063355e-03
7.429999999999192539e+01 4.239909344617908138e-01 3.775920146468252341e-03
7.439999999999191971e+01 4.247571876206834296e-01 1.668410615094039233e-03
7.449999999999189981e+01 4.245388175085071936e-01 4.095444579881299179e-04
7.459999999999189413e+01 4.233401414976742938e-01 1.257134830614343341e-07
7.469999999999188844e+01 4.211699742853623474e-01 4.370340494603777866e-04
7.479999999999186855e+01 4.180415532185588479e-01 1.713261368139212901e-03
7.489999999999186286e+01 4.139724440380008752e-01 3.817966054075573774e-03
7.499999999999184297e+01 4.089844276850554405e-01 6.736544475875560004e-03
7.509999999999183729e+01 4.031033688906898727e-01 1.045071927695759989e-02
7.519999999999183160e+01 3.963590673381240381e-01 1.493864391843148683e-02
7.529999999999181171e+01 3.887850922589898284e-01 2.017502286803627559e-02
7.539999999999180602e+01 3.804186013864774285e-01 2.613124676343542285e-02
7.549999999999180034e+01 3.713001452503272293e-01 3.277554181618839296e-02
7.559999999999178044e+01 3.614734578549196886e-01 4.007313266462640688e-02
7.569999999999177476e+01 3.509852348317619164e-01 4.798641783006023925e-02
7.579999999999176907e+01 3.398849002058221269e-01 5.647515688120977734e-02
7.589999999999174918e+01 3.282243629555242070e-01 6.549666836681920790e-02
7.599999999999174349e+01 3.160577645804760749e-01 7.500603753629823955e-02
7.609999999999172360e+01 3.034412189222471801e-01 8.495633283308051675e-02
7.619999999999171791e+01 2.904325455041337212e-01 9.529883011501279200e-02
7.629999999999171223e+01 2.770909976728718749e-01 1.059832435313694254e-01
7.639999999999169233e+01 2.634769868339980059e-01 1.169579619660225667e-01
7.649999999999168665e+01 2.496518040743461175e-01 1.281702899420326114e-01
7.659999999999166675e+01 2.356773404601453237e-01 1.395666918735752882e-01
7.669999999999166107e+01 2.216158072865975215e-01 1.510930385472887272e-01
7.679999999999165539e+01 2.075294575357695404e-01 1.626948547163929448e-01
7.689999999999163549e+01 1.934803097735776356e-01 1.743175666971968352e-01
7.699999999999162981e+01 1.795298756843088650e-01 1.859067488693418313e-01
7.709999999999162412e+01 1.657388924022586696e-01 1.974083679971833094e-01
7.719999999999160423e+01 1.521670607566582012e-01 2.087690243106298804e-01
7.729999999999159854e+01 1.388727904968618809e-01 2.199361883093746417e-01
7.739999999999159286e+01 1.259129535109184128e-01 2.308584322840916414e-01
7.749999999999157296e+01 1.133426459943870923e-01 2.414856555814142436e-01
7.759999999999156728e+01 1.012149604651994966e-01 2.517693026778746179e-01
7.769999999999154738e+01 8.958076845797786902e-02 2.616625731675059074e-01
7.779999999999154170e+01 7.848851466691030010e-02 2.711206228128723583e-01
7.789999999999153601e+01 6.798402324039902467e-02 2.801007548557257754e-01
7.799999999999151612e+01 5.811031686475210539e-02 2.885626008328807668e-01
7.809999999999151044e+01 4.890744920817637065e-02 2.964682901947218174e-01
7.819999999999149054e+01 4.041235123074304186e-02 3.037826080774364557e-01
7.829999999999148486e+01 3.265869180149254952e-02 3.104731406358106072e-01
7.839999999999147917e+01 2.567675300081792913e-02 3.165104073995033684e-01
7.849999999999145928e+01 1.949332042460850609e-02 3.218679801753200342e-01
7.859999999999145359e+01 1.413158874704834381e-02 3.265225880753611087e-01
7.869999999999144791e+01 9.611082741255464953e-03 3.304542083118354179e-01
7.879999999999142801e+01 5.947593901218396067e-03 3.336461424599901915e-01
7.889999999999142233e+01 3.153132754773591180e-03 3.360850779497537855e-01
7.899999999999141664e+01 1.235896905548938352e-03 3.377611346096500156e-01
7.909999999999139675e+01 2.002547916468253746e-04 3.386678961451605185e-01
7.919999999999139106e+01 4.674510030147724127e-05 3.388024264965002197e-01
7.929999999999137117e+01 7.720917304488330701e-04 3.381652710790788441e-01
7.939999999999136548e+01 2.369234148933864383e-03 3.367604429714669001e-01
7.949999999999135980e+01 4.827372940650782873e-03 3.345953941736757309e-01
7.959999999999133991e+01 8.132030308023724743e-03 3.316809721177104153e-01
7.969999999999133422e+01 1.226512523066583364e-02 3.280313616695574863e-01
7.979999999999131433e+01 1.720506295157727197e-02 3.236640129186909021e-01
7.989999999999130864e+01 2.292683841176109544e-02 3.185995551061769349e-01
7.999999999999130296e+01 2.940215321044735430e-02 3.128616970968413624e-01
8.009999999999128306e+01 3.659954562334639255e-02 3.064771148530845979e-01
8.019999999999127738e+01 4.448453316628225157e-02 2.994753264197325127e-01
8.029999999999127169e+01 5.301976714659507178e-02 2.918885549775847021e-01
8.039999999999125180e+01 6.216519859980259438e-02 2.837515805706537497e-01
8.049999999999124611e+01 7.187825496426740457e-02 2.751015811580739823e-01
8.059999999999124043e+01 8.211402680304762114e-02 2.659779636826072324e-01
8.069999999999122053e+01 9.282546383889368757e-02 2.564221858896550965e-01
8.079999999999121485e+01 1.039635795272259716e-01 2.464775696665326143e-01
8.089999999999119495e+01 1.154776633521024110e-01 2.361891067072946770e-01
8.099999999999118927e+01 1.273154999933762688e-01 2.256032573393005336e-01
8.109999999999118359e+01 1.394235944784430470e-01 2.147677433758292953e-01
8.119999999999116369e+01 1.517474024013848177e-01 2.037313358837907484e-01
8.129999999999115801e+01 1.642315642648100316e-01 1.925436387766283619e-01
8.139999999999113811e+01 1.768201429765633159e-01 1.812548691594849937e-01
8.149999999999113243e+01 1.894568635152450997e-01 1.699156353673607067e-01
8.159999999999112674e+01 2.020853537645203868e-01 1.585767136465808524e-01
8.169999999999110685e+01 2.146493855079267266e-01 1.472888244345136044e-01
8.179999999999110116e+01 2.270931145721383770e-01 1.361024091946386738e-01
8.189999999999109548e+01 2.393613191095894377e-01 1.250674087605375406e-01
8.199999999999107558e+01 2.513996350178451800e-01 1.142330441357179704e-01
8.209999999999106990e+01 2.631547875065600728e-01 1.036476006850083481e-01
8.219999999999106421e+01 2.745748178401732353e-01 9.335821663808058224e-02
8.229999999999104432e+01 2.856093043077302940e-01 8.341067680663800943e-02
8.239999999999103864e+01 2.962095764982308754e-01 7.384921239389556635e-02
8.249999999999101874e+01 3.063289219916311978e-01 6.471630774820862075e-02
8.259999999999101306e+01 3.159227846110374549e-01 5.605251488256884213e-02
8.269999999999100737e+01 3.249489534207439800e-01 4.789627654794198497e-02
8.279999999999098748e+01 3.333677416973180874e-01 4.028375861149297715e-02
8.289999999999098179e+01 3.411421551445549261e-01 3.324869245087824082e-02
8.299999999999096190e+01 3.482380486715306867e-01 2.682222803279010054e-02
8.309999999999095621e+01 3.546242711012069782e-01 2.103279829853520536e-02
8.319999999999095053e+01 3.602727972281357660e-01 1.590599543151701226e-02
8.329999999999093063e+01 3.651588466954013845e-01 1.146445953117490243e-02
8.339999999999092495e+01 3.692609892141591188e-01 7.727780165862036844e-03
8.349999999999091926e+01 3.725612357035305022e-01 4.712411223035523761e-03
8.359999999999089937e+01 3.750451149820703822e-01 2.431599419493166332e-03
8.369999999999089368e+01 3.767017356990682853e-01 8.953267774324950076e-04
8.379999999999088800e+01 3.775238332483710213e-01 1.102673138312977341e-04
8.389999999999086810e+01 3.775078014642442303e-01 7.975813151829062018e-05
8.399999999999086242e+01 3.766537089560157980e-01 8.037850403421207060e-04
8.409999999999084253e+01 3.749652999954055099e-01 2.278982776363278930e-03
8.419999999999083684e+01 3.724499799275231560e-01 4.498649826163707288e-03
8.429999999999083116e+01 3.691187851360709926e-01 7.452777802409902251e-03
8.439999999999081126e+01 3.649863376504055013e-01 1.112809525595262125e-02
8.449999999999080558e+01 3.600707845416506458e-01 1.550812574917942790e-02
8.459999999999078568e+01 3.543937223144262294e-01 2.057325995534128177e-02
8.469999999999078000e+01 3.479801065585590436e-01 2.630084148928133608e-02
8.479999999999077431e+01 3.408581471846032218e-01 3.266526611679548830e-02
8.489999999999075442e+01 3.330591896260916007e-01 3.963809393270424641e-02
8.499999999999074873e+01 3.246175824473383487e-01 4.718817404220411460e-02
8.509999999999074305e+01 3.155705318541469073e-01 5.528178122614219037e-02
8.519999999999072315e+01 3.059579436592324564e-01 6.388276401876621935e-02
8.529999999999071747e+01 2.958222533087174200e-01 7.295270357672398176e-02
8.539999999999071179e+01 2.852082446270293170e-01 8.245108267050225981e-02
8.549999999999069189e+01 2.741628579892324002e-01 9.233546408453419119e-02
8.559999999999068621e+01 2.627349886748789332e-01 1.025616776700457033e-01
8.569999999999066631e+01 2.509752762040790008e-01 1.130840152552789191e-01
8.579999999999066063e+01 2.389358854967466028e-01 1.238554325820100110e-01
8.589999999999065494e+01 2.266702807349829096e-01 1.348277574038375670e-01
8.599999999999063505e+01 2.142329928435056374e-01 1.459519028529131512e-01
8.609999999999062936e+01 2.016793815347424912e-01 1.571780851555641678e-01
8.619999999999060947e+01 1.890653928929841299e-01 1.684560447553770102e-01
8.629999999999060378e+01 1.764473134970777346e-01 1.797352698837484664e-01
8.639999999999059810e+01 1.638815221016294288e-01 1.909652216036342165e-01
8.649999999999057820e+01 1.514242399144496154e-01 2.020955593417704810e-01
8.659999999999057252e+01 1.391312805218729853e-01 2.130763659177894176e-01
8.669999999999056683e+01 1.270578005238005015e-01 2.238583710770225277e-01
8.679999999999054694e+01 1.152580519477942739e-01 2.343931725344067241e-01
8.689999999999054126e+01 1.037851375145365102e-01 2.446334535439502744e-01
8.699999999999053557e+01 9.269076982747026516e-02 2.545331960170550967e-01
8.709999999999051568e+01 8.202503555572331073e-02 2.640478882282283335e-01
8.719999999999050999e+01 7.183616567246464690e-02 2.731347261643468083e-01
8.729999999999049010e+01 6.217031279973644214e-02 2.817528075960271661e-01
8.739999999999048441e+01 5.307133669626636074e-02 2.898633179773524859e-01
8.749999999999047873e+01 4.458059890541540837e-02 2.974297073093669641e-01
8.759999999999045883e+01 3.673676755721543702e-02 3.044178571390962484e-01
8.769999999999045315e+01 2.957563329020720944e-02 3.107962369033722694e-01
8.779999999999043325e+01 2.312993722563821616e-02 3.165360488708300335e-01
8.789999999999042757e+01 1.742921188828006410e-02 3.216113609806467433e-01
8.799999999999042188e+01 1.249963592425283772e-02 3.259992269281239974e-01
8.809999999999040199e+01 8.363903416651212452e-03 3.296797929004929850e-01
8.819999999999039630e+01 5.041108544451909645e-03 3.326363904239992286e-01
8.829999999999039062e+01 2.546646268754889503e-03 3.348556148434044255e-01
8.839999999999037072e+01 8.921296632780251375e-04 3.363273890197343574e-01
8.849999999999036504e+01 8.532443292535318467e-05 3.370450118969842146e-01
8.859999999999035936e+01 1.301010856968889907e-04 3.370051916590797170e-01
8.869999999999033946e+01 1.026405139362908782e-03 3.362080632673513647e-01
8.879999999999033378e+01 2.770245655738558244e-03 3.346571902437746604e-01
8.889999999999031388e+01 5.353702302606678544e-03 3.323595506378404507e-01
8.899999999999030820e+01 8.764951047034551593e-03 3.293255071908998133e-01
8.909999999999030251e+01 1.298830848481012136e-02 3.255687617879612361e-01
8.919999999999028262e+01 1.800429470980512495e-02 3.211062943623712584e-01
8.929999999999027693e+01 2.378971452529339212e-02 3.159582864953998649e-01
8.939999999999025704e+01 3.031775669735237155e-02 3.101480300275240576e-01
8.949999999999025135e+01 3.755811084981128256e-02 3.037018210720492384e-01
8.959999999999024567e+01 4.547710150133355694e-02 2.966488398945629212e-01
8.969999999999022577e+01 5.403783864947449278e-02 2.890210171914409654e-01
8.979999999999022009e+01 6.320038421453437472e-02 2.808528873689596916e-01
8.989999999999021441e+01 7.292193356888254652e-02 2.721814294887990870e-01
8.999999999999019451e+01 8.315701129544109116e-02 2.630458966083237260e-01
9.009999999999018883e+01 9.385768024343738025e-02 2.534876343008341526e-01
9.019999999999018314e+01 1.049737628800624933e-01 2.435498891961619949e-01
9.029999999999016325e+01 1.164530738747336647e-01 2.332776084307525977e-01
9.039999999999015756e+01 1.282416627971324219e-01 2.227172309427377095e-01
9.049999999999013767e+01 1.402840657627238696e-01 2.119164715868030457e-01
9.059999999999013198e+01 1.525235648185948589e-01 2.009240990813085659e-01
9.069999999999012630e+01 1.649024538294419640e-01 1.897897088285973866e-01
9.079999999999010640e+01 1.773623095965204399e-01 1.785634916771966785e-01
9.089999999999010072e+01 1.898442669230492874e-01 1.672959997136868604e-01
9.099999999999008082e+01 2.022892963256603949e-01 1.560379101881197161e-01
9.109999999999007514e+01 2.146384830840058489e-01 1.448397886865067374e-01
9.119999999999006945e+01 2.268333063182652598e-01 1.337518526688658282e-01
9.129999999999004956e+01 2.388159167871864441e-01 1.228237364913978974e-01
9.139999999999004388e+01 2.505294121070939517e-01 1.121042590251276755e-01
9.149999999999003819e+01 2.619181081039507197e-01 1.016411949737232728e-01
9.159999999999001830e+01 2.729278050266309985e-01 9.148105097705351574e-02
9.169999999999001261e+01 2.835060473699154149e-01 8.166884756690429015e-02
9.179999999999000693e+01 2.936023760792890180e-01 7.224790801595243339e-02
9.189999999998998703e+01 3.031685719371258747e-01 6.325965509108526230e-02
9.199999999998998135e+01 3.121588889616468410e-01 5.474341668752831513e-02
9.209999999998996145e+01 3.205302766856074626e-01 4.673624128096467295e-02
9.219999999998995577e+01 3.282425902206478896e-01 3.927272409137578385e-02
9.229999999998995008e+01 3.352587870588555341e-01 3.238484480431663703e-02
9.239999999998993019e+01 3.415451096100246553e-01 2.610181764333847215e-02
9.249999999998992450e+01 3.470712525289955663e-01 2.044995453127067264e-02
9.259999999998990461e+01 3.518105139454540398e-01 1.545254201807928253e-02
9.269999999998989892e+01 3.557399297735692190e-01 1.112973258971524868e-02
9.279999999998989324e+01 3.588403903497950909e-01 7.498450905268955538e-03
9.289999999998987334e+01 3.610967387231510672e-01 4.572315439842832702e-03
9.299999999998986766e+01 3.624978500045820118e-01 2.361575937507901912e-03
9.309999999998986198e+01 3.630366912701944448e-01 8.730670032372513361e-04
9.319999999998984208e+01 3.627103616065930902e-01 1.101780849178652077e-04
9.329999999998983640e+01 3.615201119846129241e-01 7.284001689548559436e-05
9.339999999998983071e+01 3.594713447518764204e-01 7.575282153863807568e-04
9.349999999998981082e+01 3.565735926416662704e-01 2.157282533898019928e-03
9.359999999998980513e+01 3.528404773050816678e-01 4.261743704008389040e-03
9.369999999998978524e+01 3.482896474872697601e-01 7.057206203917246699e-03
9.379999999998977955e+01 3.429426970824019372e-01 1.052668731458545996e-02
9.389999999998977387e+01 3.368250634154397738e-01 1.465001204154650800e-02
9.399999999998975397e+01 3.299659062137945131e-01 1.940391350002102985e-02
9.409999999998974829e+01 3.223979678410484051e-01 2.476214828244660549e-02
9.419999999998972839e+01 3.141574154758545734e-01 3.069562625122973856e-02
9.429999999998972271e+01 3.052836660206214581e-01 3.717255412614885179e-02
9.439999999998971703e+01 2.958191946244870252e-01 4.415859216561209694e-02
9.449999999998969713e+01 2.858093277972835189e-01 5.161702317447529331e-02
9.459999999998969145e+01 2.753020221763247122e-01 5.950893300884677051e-02
9.469999999998968576e+01 2.643476300847938942e-01 6.779340169013362005e-02
9.479999999998966587e+01 2.529986530905261599e-01 7.642770418765590379e-02
9.489999999998966018e+01 2.413094848330477882e-01 8.536751988081357767e-02
9.499999999998965450e+01 2.293361444392300885e-01 9.456714966913029596e-02
9.509999999998963460e+01 2.171360018889420818e-01 1.039797396608151958e-01
9.519999999998962892e+01 2.047674967260491585e-01 1.135575103392060942e-01
9.529999999998960902e+01 1.922898515342118253e-01 1.232519900797858781e-01
9.539999999998960334e+01 1.797627816128077038e-01 1.330142518707293220e-01
9.549999999998959765e+01 1.672462022967382833e-01 1.427951520749745629e-01
9.559999999998957776e+01 1.547999353638408460e-01 1.525455700635082179e-01
9.569999999998957207e+01 1.424834159679408130e-01 1.622166475461892521e-01
9.579999999998955218e+01 1.303554015225697471e-01 1.717600264292926671e-01
9.589999999998954650e+01 1.184736839423468219e-01 1.811280840370314282e-01
9.599999999998954081e+01 1.068948066255699519e-01 1.902741645484570254e-01
9.609999999998952092e+01 9.567378753345047449e-02 1.991528055192359203e-01
9.619999999998951523e+01 8.486384968963264774e-02 2.077199583830383334e-01
9.629999999998950955e+01 7.451616038692518429e-02 2.159332018560039534e-01
9.639999999998948965e+01 6.467958034905360587e-02 2.237519472020067235e-01
9.649999999998948397e+01 5.540042405164318645e-02 2.311376343553063761e-01
9.659999999998947828e+01 4.672223236004267172e-02 2.380539179412900774e-01
9.669999999998945839e+01 3.868555859122609075e-02 2.444668422834493648e-01
9.679999999998945270e+01 3.132776905298470527e-02 2.503450045372830335e-01
9.689999999998943281e+01 2.468285905550958795e-02 2.556597051484550409e-01
9.699999999998942712e+01 1.878128532822437649e-02 2.603850848927694028e-01
9.709999999998942144e+01 1.364981570788285220e-02 2.644982478196514775e-01
9.719999999998940154e+01 9.311396892251945501e-03 2.679793694887507849e-01
9.729999999998939586e+01 5.785040977067061781e-03 2.708117899599068457e-01
9.739999999998937597e+01 3.085731411914785245e-03 2.729820910710275550e-01
9.749999999998937028e+01 1.224348923449244692e-03 2.744801576151744693e-01
9.759999999998936460e+01 2.076178617368311722e-04 2.752992221073342072e-01
9.769999999998934470e+01 3.807332775070026358e-05 2.754358929122858179e-01
9.779999999998933902e+01 7.140493373947173284e-04 2.748901655893067897e-01
9.789999999998933333e+01 2.229688170346919799e-03 2.736654173917343891e-01
9.799999999998931344e+01 4.574970941062031504e-03 2.717683849470980406e-01
9.809999999998930775e+01 7.735769315186049114e-03 2.692091252269967483e-01
9.819999999998930207e+01 1.169391817825650957e-02 2.660009600034555777e-01
9.829999999998928217e+01 1.642730894586900622e-02 2.621604040722243512e-01
9.839999999998927649e+01 2.191000308649113798e-02 2.577070776080633285e-01
9.849999999998925659e+01 2.811236531100457653e-02 2.526636031001317506e-01
9.859999999998925091e+01 3.500121576783363914e-02 2.470554873949625529e-01
9.869999999998924523e+01 4.254000047051383071e-02 2.409109894529895268e-01
9.879999999998922533e+01 5.068897907682692883e-02 2.342609744992679432e-01
9.889999999998921965e+01 5.940542903595012747e-02 2.271387553201372478e-01
9.899999999998919975e+01 6.864386502411659596e-02 2.195799215244863545e-01
9.909999999998919407e+01 7.835627250006835243e-02 2.116221576513899194e-01
9.919999999998918838e+01 8.849235413046573073e-02 2.033050510633389596e-01
9.929999999998916849e+01 9.899978776289192206e-02 1.946698906172472932e-01
9.939999999998916280e+01 1.098244945603697176e-01 1.857594571523985272e-01
9.949999999998915712e+01 1.209109158569943304e-01 1.766178068760959341e-01
9.959999999998913722e+01 1.322022972494775461e-01 1.672900487631636957e-01
9.969999999998913154e+01 1.436409784041283444e-01 1.578221171146804158e-01
9.979999999998912585e+01 1.551686870329217205e-01 1.482605404448185393e-01
9.989999999998910596e+01 1.667268354757427407e-01 1.386522078807170544e-01
