1.000000000000000000e+00 2.000000000000000000e+00 0.000000000000000000e+00
1.099999999999988987e+00 1.997600966382762744e+00 1.999200209264458215e-03
1.199999999999977973e+00 1.990415453386072286e+00 7.987208591707341959e-03
1.299999999999966960e+00 1.978478162843110510e+00 1.793529489283040429e-02
1.399999999999955946e+00 1.961846734525668934e+00 3.179573004046282181e-02
1.499999999999944933e+00 1.940601462129866839e+00 4.950201733259899928e-02
1.599999999999933920e+00 1.914844902666118731e+00 7.096921448966905799e-02
1.699999999999922906e+00 1.884701380768977641e+00 9.609434502871588846e-02
1.799999999999911893e+00 1.850316389785388926e+00 1.247568970109500242e-01
1.899999999999900879e+00 1.811855891876776647e+00 1.568194068138538400e-01
1.999999999999889866e+00 1.769505519737233579e+00 1.921281251850958105e-01
2.099999999999878852e+00 1.723469682930389490e+00 2.305137624501842342e-01
2.199999999999867839e+00 1.673970582244690197e+00 2.717923093690972070e-01
2.299999999999856826e+00 1.621247135889916535e+00 3.157659297721387426e-01
2.399999999999845812e+00 1.565553821785645061e+00 3.622239207516047554e-01
2.499999999999834799e+00 1.507159440634032954e+00 4.109437358479521296e-01
2.599999999999823785e+00 1.446345804918539368e+00 4.616920663455781892e-01
2.699999999999812772e+00 1.383406359419357301e+00 5.142259754889693113e-01
2.799999999999801759e+00 1.318644739289393852e+00 5.682940801455231838e-01
2.899999999999790745e+00 1.252373272177339070e+00 6.236377741784211448e-01
2.999999999999779732e+00 1.184911431314370933e+00 6.799924875541160096e-01
3.099999999999768718e+00 1.116584246894037458e+00 7.370889749981738293e-01
3.199999999999757705e+00 1.047720683459840041e+00 7.946546278276278574e-01
3.299999999999746692e+00 9.786519913677227400e-01 8.524148024364563980e-01
3.399999999999735678e+00 9.097100407055315197e-01 9.100941587871728133e-01
3.499999999999724665e+00 8.412256463221189362e-01 9.674180021742796454e-01
3.599999999999713651e+00 7.735268928349950945e-01 1.024113621473087488e+00
3.699999999999702638e+00 7.069374686553342446e-01 1.079911617069674312e+00
3.799999999999691624e+00 6.417750181732903014e-01 1.134547211687413348e+00
3.899999999999680611e+00 5.783495212951750286e-01 1.187761537384498967e+00
3.999999999999669598e+00 5.169617095086954661e-01 1.239302892091619812e+00
4.099999999999658584e+00 4.579015275738531066e-01 1.288927959194588135e+00
4.199999999999647571e+00 4.014466497949643609e-01 1.336402983835762281e+00
4.299999999999636557e+00 3.478610596260651167e-01 1.381504899819455900e+00
4.399999999999625544e+00 2.973937010917856449e-01 1.424022401254097181e+00
4.499999999999614531e+00 2.502772101803429350e-01 1.463756953338940292e+00
4.599999999999603517e+00 2.067267339727867081e-01 1.500523737029979765e+00
4.699999999999592504e+00 1.669388448267499492e-01 1.534152522657324269e+00
4.799999999999581490e+00 1.310905564244318755e-01 1.564488467960010842e+00
4.899999999999570477e+00 9.933844793039309229e-02 1.591392836401943400e+00
4.999999999999559464e+00 7.181790188457432000e-02 1.614743632084348235e+00
5.099999999999548450e+00 4.864246077863753487e-02 1.634436148024991819e+00
5.199999999999537437e+00 2.990330653405207442e-02 1.650383425065234722e+00
5.299999999999526423e+00 1.566886631762604357e-02 1.662516619176108490e+00
5.399999999999515410e+00 5.984547298192318711e-03 1.670785275453814833e+00
5.499999999999504396e+00 8.726020706686904004e-04 1.675157507641388044e+00
5.599999999999493383e+00 3.321255555360775442e-04 1.675620082556656953e+00
5.699999999999482370e+00 4.339183229600212036e-03 1.672178409367484520e+00
5.799999999999471356e+00 1.284706956616665091e-02 1.664856434210860492e+00
5.899999999999460343e+00 2.578669456936202170e-02 1.653696441213579726e+00
5.999999999999449329e+00 4.306709529019762950e-02 1.638758761519152785e+00
6.099999999999438316e+00 6.457606822443522077e-02 1.620121392467832822e+00
6.199999999999427303e+00 9.018091752923847182e-02 1.597879529599623760e+00
6.299999999999416289e+00 1.197293130725840815e-01 1.572145014653413497e+00
6.399999999999405276e+00 1.530502514629948352e-01 1.543045703211764375e+00
6.499999999999394262e+00 1.899551124130273994e-01 1.510724756090998433e+00
6.599999999999383249e+00 2.302388020847775940e-01 1.475339858984170638e+00
6.699999999999372235e+00 2.736809744620392060e-01 1.437062375244267942e+00
6.799999999999361222e+00 3.200473213057575816e-01 1.396076437024160066e+00
6.899999999999350209e+00 3.690909208858976776e-01 1.352577980280303072e+00
6.999999999999339195e+00 4.205536354503482399e-01 1.306773729384642868e+00
7.099999999999328182e+00 4.741675472942054603e-01 1.258880137291300327e+00
7.199999999999317168e+00 5.296564233289937640e-01 1.209122287339475355e+00
7.299999999999306155e+00 5.867371982182343348e-01 1.157732762879269073e+00
7.399999999999295142e+00 6.451214664341290428e-01 1.104950490953386488e+00
7.499999999999284128e+00 7.045169739873725634e-01 1.051019566273225569e+00
7.599999999999273115e+00 7.646291010773379471e-01 9.961880616880631756e-01
7.699999999999262101e+00 8.251623274800177210e-01 9.407068312721091896e-01
7.799999999999251088e+00 8.858216731225547758e-01 8.848283120354976106e-01
7.899999999999240075e+00 9.463141069616818335e-01 8.288053301211579793e-01
7.999999999999229061e+00 1.006349917970666308e+00 7.728899171761950404e-01
8.099999999999218048e+00 1.065644042724258833e+00 7.173321423854430723e-01
8.199999999999207034e+00 1.123917344738270208e+00 6.623789654381514458e-01
8.299999999999196021e+00 1.180897841346157273e+00 6.082731154654732464e-01
8.399999999999185007e+00 1.236321874479889615e+00 5.552520007389326606e-01
8.499999999999173994e+00 1.289935222237092782e+00 5.035466536644492841e-01
8.599999999999162981e+00 1.341494148579039924e+00 4.533807153468333850e-01
8.699999999999151967e+00 1.390766388883546645e+00 4.049694637312786227e-01
8.799999999999140954e+00 1.437532069405735635e+00 3.585188890621112123e-01
8.899999999999129940e+00 1.481584558954506248e+00 3.142248201268464936e-01
8.999999999999118927e+00 1.522731251298739208e+00 2.722721044849555350e-01
9.099999999999107914e+00 1.560794276983297202e+00 2.328338456071190887e-01
9.199999999999096900e+00 1.595611143359383588e+00 1.960706995794792018e-01
9.299999999999085887e+00 1.627035301751651231e+00 1.621302337526763782e-01
9.399999999999074873e+00 1.654936640784830271e+00 1.311463494402222985e-01
9.499999999999063860e+00 1.679201905010901053e+00 1.032387704921689242e-01
9.599999999999052847e+00 1.699735038101698903e+00 7.851259928906248464e-02
9.699999999999041833e+00 1.716457450031044329e+00 5.705794141688785154e-02
9.799999999999030820e+00 1.729308207857684021e+00 3.894959999592696037e-02
9.899999999999019806e+00 1.738244149947179240e+00 2.424684034576971015e-02
9.999999999999008793e+00 1.743239923724439588e+00 1.299322537565486026e-02
1.009999999999899778e+01 1.744287947351040868e+00 5.216521794318291702e-03
1.019999999999898677e+01 1.741398296041891891e+00 9.286769386204990571e-04
1.029999999999897575e+01 1.734598514075089470e+00 1.258657260402874225e-04
1.039999999999896474e+01 1.723933353915948929e+00 2.788606945126824357e-03
1.049999999999895373e+01 1.709464444221227675e+00 8.881947811545408411e-03
1.059999999999894271e+01 1.691269888851733016e+00 1.835571543762417115e-02
1.069999999999893170e+01 1.669443799339776602e+00 3.114483359208472524e-02
1.079999999999892069e+01 1.644095763566354229e+00 4.716970286569792392e-02
1.089999999999890967e+01 1.615350253660478463e+00 6.633664210953821305e-02
1.099999999999889866e+01 1.583345976364738616e+00 8.853838877654869599e-02
1.109999999999888765e+01 1.548235169272654810e+00 1.136546555752389470e-01
1.119999999999887663e+01 1.510182846492521769e+00 1.415527406374140762e-01
1.129999999999886562e+01 1.469365997363084375e+00 1.720881882095173787e-01
1.139999999999885461e+01 1.425972741911183617e+00 2.051054967005832841e-01
1.149999999999884359e+01 1.380201446747971739e+00 2.404388707570485895e-01
1.159999999999883258e+01 1.332259805106016382e+00 2.779130138871658273e-01
1.169999999999882156e+01 1.282363884696108514e+00 3.173439580228595847e-01
1.179999999999881055e+01 1.230737147049844271e+00 3.585399262856379665e-01
1.189999999999879954e+01 1.177609441999682094e+00 4.013022251138863572e-01
1.199999999999878852e+01 1.123215980951534076e+00 4.454261618107010490e-01
1.209999999999877751e+01 1.067796292638332423e+00 4.907019834866113706e-01
1.219999999999876650e+01 1.011593165088659818e+00 5.369158332951696755e-01
1.229999999999875548e+01 9.548515776384889353e-01 5.838507197971193330e-01
1.239999999999874447e+01 8.978176269144498844e-01 6.312874952385003624e-01
1.249999999999873346e+01 8.407374508607857733e-01 6.790058384889925414e-01
1.259999999999872244e+01 7.838561550251926802e-01 7.267852383645777570e-01
1.269999999999871143e+01 7.274167454802920041e-01 7.744059730512760087e-01
1.279999999999870042e+01 6.716590729058851128e-01 8.216500813557109373e-01
1.289999999999868940e+01 6.168187924919775744e-01 8.683023215380637483e-01
1.299999999999867839e+01 5.631263444243712613e-01 9.141511135335872451e-01
1.309999999999866738e+01 5.108059597727293566e-01 9.589894604387541044e-01
1.319999999999865636e+01 4.600746966018718354e-01 1.002615845233969960e+00
1.329999999999864535e+01 4.111415110667149264e-01 1.044835098834893117e+00
1.339999999999863434e+01 3.642063681134335984e-01 1.085459235704050895e+00
1.349999999999862332e+01 3.194593962034921186e-01 1.124308253424294746e+00
1.359999999999861231e+01 2.770800901896995905e-01 1.161210892821187279e+00
1.369999999999860130e+01 2.372365661229375311e-01 1.196005355433082729e+00
1.379999999999859028e+01 2.000848713507216436e-01 1.228539975356358616e+00
1.389999999999857927e+01 1.657683528048745913e-01 1.258673842736368620e+00
1.399999999999856826e+01 1.344170858751000119e-01 1.286277376435435826e+00
1.409999999999855724e+01 1.061473657469842874e-01 1.311232843670006032e+00
1.419999999999854623e+01 8.106126256500634231e-02 1.333434824690923115e+00
1.429999999999853522e+01 5.924624128137385981e-02 1.352790620848288938e+00
1.439999999999852420e+01 4.077484658845186016e-02 1.369220604659885154e+00
1.449999999999851319e+01 2.570445292115362476e-02 1.382658510773012273e+00
1.459999999999850218e+01 1.407707917026424470e-02 1.393051666969637115e+00
1.469999999999849116e+01 5.919267476597643921e-03 1.400361164621811483e+00
1.479999999999848015e+01 1.242025285131139085e-03 1.404561968245050974e+00
1.489999999999846914e+01 4.082972848641729921e-05 1.405642964029985231e+00
1.499999999999845812e+01 2.295693375748151469e-03 1.403606947456976783e+00
1.509999999999844711e+01 7.971290417360485381e-03 1.398470550303613003e+00
1.519999999999843610e+01 1.701714244632782091e-02 1.390264107559793905e+00
1.529999999999842508e+01 2.936786312368800875e-02 1.379031464959875386e+00
1.539999999999841407e+01 4.494346116280113074e-02 1.364829728028665201e+00
1.549999999999840306e+01 6.364970121133749215e-02 1.347728953727257650e+00
1.559999999999839204e+01 8.537852233050768902e-02 1.327811785971225067e+00
1.569999999999838103e+01 1.100085138469611978e-01 1.305173036483807225e+00
1.579999999999837001e+01 1.374054483654234549e-01 1.279919212645230342e+00
1.589999999999835900e+01 1.674228716633524294e-01 1.252167994196011325e+00
1.599999999999834799e+01 1.999027490311381938e-01 1.222047660869510777e+00
1.609999999999833875e+01 2.346761673654387537e-01 1.189696473239270524e+00
1.619999999999832596e+01 2.715640919690152644e-01 1.155262009299507397e+00
1.629999999999831317e+01 3.103781765588175534e-01 1.118900459523218149e+00
1.639999999999830393e+01 3.509216244498265524e-01 1.080775883383321645e+00
1.649999999999829470e+01 3.929900982744826132e-01 1.041059430554049925e+00
1.659999999999828191e+01 4.363726749403469829e-01 9.999285302481325521e-01
1.669999999999826912e+01 4.808528418432410079e-01 9.575660523673830138e-01
1.679999999999825988e+01 5.262095296640597608e-01 9.141594443642037104e-01
1.689999999999825064e+01 5.722181764126405001e-01 8.698998479046697874e-01
1.699999999999823785e+01 6.186518167686861913e-01 8.249811996047466955e-01
1.709999999999822506e+01 6.652821902298410306e-01 7.795993202592441662e-01
1.719999999999821583e+01 7.118808611344287218e-01 7.339509971056806803e-01
1.729999999999820659e+01 7.582203433002447923e-01 6.882330637510591931e-01
1.739999999999819380e+01 8.040752218198425894e-01 6.426414824425092931e-01
1.749999999999818101e+01 8.492232644896805516e-01 5.973704333734213279e-01
1.759999999999817177e+01 8.934465154208682813e-01 5.526114156937130817e-01
1.769999999999816254e+01 9.365323635831229732e-01 5.085523648269111296e-01
1.779999999999814975e+01 9.782745793597100725e-01 4.653767905961050388e-01
1.789999999999813696e+01 1.018474312619676692e+00 4.232629405228462982e-01
1.799999999999812772e+01 1.056941046333124579e+00 3.823829924951694381e-01
1.809999999999811848e+01 1.093493500335944946e+00 3.429022807989954291e-01
1.819999999999810569e+01 1.127960480473564786e+00 3.049785592866182116e-01
1.829999999999809290e+01 1.160181668990380111e+00 2.687613052062953756e-01
1.839999999999808367e+01 1.190008352663888713e+00 2.343910669572878691e-01
1.849999999999807443e+01 1.217304085784393974e+00 2.019988587569095939e-01
1.859999999999806164e+01 1.241945285639459717e+00 1.717056049213719349e-01
1.869999999999804885e+01 1.263821758661958228e+00 1.436216361702195576e-01
1.879999999999803961e+01 1.282837155832444731e+00 1.178462400704674978e-01
1.889999999999803038e+01 1.298909356290552930e+00 9.446726743930558556e-02
1.899999999999801759e+01 1.311970778407276050e+00 7.356079622949418528e-02
1.909999999999800480e+01 1.321968617804478052e+00 5.519085412744246383e-02
1.919999999999799556e+01 1.328865011999677881e+00 3.940920080092778777e-02
1.929999999999798632e+01 1.332637131507943273e+00 2.625517044320129639e-02
1.939999999999797353e+01 1.333277197372697120e+00 1.575557497018865299e-02
1.949999999999796074e+01 1.330792425235386434e+00 7.924667938760577776e-03
1.959999999999795151e+01 1.325204896222212048e+00 2.764168965131436149e-03
1.969999999999794227e+01 1.316551355113003918e+00 2.633481330944332610e-04
1.979999999999792948e+01 1.304882936512028024e+00 3.991695918912587155e-04
1.989999999999791669e+01 1.290264820041224336e+00 3.136493253166963702e-03
1.999999999999790745e+01 1.272775815948203437e+00 8.428333206385193316e-03
2.009999999999789821e+01 1.252507882953968199e+00 1.621617118356582718e-02
2.019999999999788542e+01 1.229565580662923097e+00 2.643032311912064600e-02
2.029999999999787264e+01 1.204065459400236238e+00 3.899035657122341264e-02
2.039999999999786340e+01 1.176135390919617940e+00 5.380555650070922152e-02
2.049999999999785416e+01 1.145913844025429729e+00 7.077543664489019393e-02
2.059999999999784137e+01 1.113549109742548948e+00 8.979029348097194996e-02
2.069999999999782858e+01 1.079198481234301843e+00 1.107317995502563879e-01
2.079999999999781934e+01 1.043027394181223366e+00 1.334736327140195189e-01
2.089999999999781011e+01 1.005208533781726032e+00 1.578821377378133994e-01
2.099999999999779732e+01 9.659209148781474630e-01 1.838170164566140519e-01
2.109999999999778453e+01 9.253489419575092745e-01 2.111320426608367107e-01
2.119999999999777529e+01 8.836814558910431883e-01 2.396757977636406745e-01
2.129999999999776605e+01 8.411107742692819356e-01 2.692924232662818329e-01
2.139999999999775326e+01 7.978317320459943351e-01 2.998223860281850062e-01
2.149999999999774047e+01 7.540407289381952927e-01 3.311032523716538889e-01
2.159999999999773124e+01 7.099347896472022468e-01 3.629704671082060186e-01
2.169999999999772200e+01 6.657106424788118426e-01 3.952581336581879046e-01
2.179999999999770921e+01 6.215638213739707041e-01 4.277997915461628775e-01
2.189999999999769642e+01 5.776877957351523873e-01 4.604291876910548420e-01
2.199999999999768718e+01 5.342731317680492475e-01 4.929810380588888763e-01
2.209999999999767795e+01 4.915066883884076088e-01 5.252917764154723113e-01
2.219999999999766516e+01 4.495708500838764277e-01 5.572002870903163263e-01
2.229999999999765237e+01 4.086427985032458077e-01 5.885486188439951194e-01
2.239999999999764313e+01 3.688938239831792143e-01 6.191826771146823338e-01
2.249999999999763389e+01 3.304886777396242592e-01 6.489528921000989881e-01
2.259999999999762110e+01 2.935849650517535769e-01 6.777148603053041453e-01
2.269999999999760831e+01 2.583325794651046281e-01 7.053299573598834638e-01
2.279999999999759908e+01 2.248731778332115072e-01 7.316659200651016715e-01
2.289999999999758984e+01 1.933396959029624051e-01 7.565973957905347547e-01
2.299999999999757705e+01 1.638559041210641554e-01 7.800064574794460803e-01
2.309999999999756426e+01 1.365360033809846496e-01 8.017830826671030753e-01
2.319999999999755502e+01 1.114842605296660627e-01 8.218255950432656887e-01
2.329999999999754579e+01 8.879468359123977861e-02 8.400410672251716893e-01
2.339999999999753300e+01 6.855073682132491186e-02 8.563456835322567073e-01
2.349999999999752021e+01 5.082509586193939555e-02 8.706650616850866164e-01
2.359999999999751097e+01 3.567944340400694414e-02 8.829345324811165296e-01
2.369999999999750173e+01 2.316430586642284975e-02 8.930993766390948885e-01
2.379999999999748894e+01 1.331893165378893532e-02 9.011150181473164267e-01
2.389999999999747615e+01 6.171211549803602182e-03 9.069471736003652529e-01
2.399999999999746692e+01 1.737641734285689165e-03 9.105719571686864411e-01
2.409999999999745768e+01 2.332977805258357629e-05 9.119759410145891199e-01
2.419999999999744489e+01 1.022043774383974519e-03 9.111561711377184070e-01
2.429999999999743210e+01 4.716304516330535775e-03 9.081201388164009680e-01
2.439999999999742286e+01 1.107752033646015183e-02 9.028857079922386619e-01
2.449999999999741362e+01 2.006616390378280351e-02 8.954809991321213136e-01
2.459999999999740083e+01 3.163198993740075349e-02 8.859442302834246163e-01
2.469999999999738804e+01 4.571429246477877462e-02 8.743235162196479893e-01
2.479999999999737881e+01 6.224219994129421424e-02 8.606766267476327892e-01
2.489999999999736957e+01 8.113500627277418775e-02 8.450707054093522519e-01
2.499999999999735678e+01 1.023025355578112278e-01 8.275819499669949675e-01
2.509999999999734399e+01 1.256455382028263956e-01 8.082952561981664452e-01
2.519999999999733475e+01 1.510561159679619514e-01 7.873038266524858830e-01
2.529999999999732552e+01 1.784181734791876750e-01 7.647087461304583611e-01
2.539999999999731273e+01 2.076078937913018452e-01 7.406185257408913758e-01
2.549999999999729994e+01 2.384942357039076533e-01 7.151486174681629393e-01
2.559999999999729070e+01 2.709394507082722447e-01 6.884209012480939638e-01
2.569999999999728146e+01 3.047996176672603807e-01 6.605631466015160491e-01
2.579999999999726867e+01 3.399251935876819175e-01 6.317084509147840032e-01
2.589999999999725588e+01 3.761615791188413493e-01 6.019946564927222132e-01
2.599999999999724665e+01 4.133496976847880200e-01 5.715637485323029621e-01
2.609999999999723741e+01 4.513265874159262392e-01 5.405612361924100329e-01
2.619999999999722462e+01 4.899260052668758525e-01 5.091355189576156626e-01
2.629999999999721183e+01 5.289790428830657421e-01 4.774372405173296641e-01
2.639999999999720259e+01 5.683147538917744379e-01 4.456186324111969244e-01
2.649999999999719336e+01 6.077607923375539789e-01 4.138328497225240432e-01
2.659999999999718057e+01 6.471440619498599611e-01 3.822333011401863323e-01
2.669999999999716778e+01 6.862913758232016548e-01 3.509729757527440541e-01
2.679999999999715854e+01 7.250301259059588332e-01 3.202037689865240844e-01
2.689999999999714930e+01 7.631889614435876101e-01 2.900758101520670706e-01
2.699999999999713651e+01 8.005984752090180567e-01 2.607367941193277638e-01
2.709999999999712372e+01 8.370918959947617477e-01 2.323313196967540240e-01
2.719999999999711449e+01 8.725057854501379051e-01 2.050002373435964032e-01
2.729999999999710525e+01 9.066807369367905212e-01 1.788800088940978861e-01
2.739999999999709246e+01 9.394620736668151117e-01 1.541020820140899528e-01
2.749999999999707967e+01 9.707005429924874251e-01 1.307922821419157944e-01
2.759999999999707043e+01 1.000253003354671266e+00 1.090702246843002349e-01
2.769999999999706120e+01 1.027983100075886336e+00 8.904875024071939871e-02
2.779999999999704841e+01 1.053761925923200282e+00 7.083338561530798383e-02
2.789999999999703562e+01 1.077468662166803703e+00 5.452183334076909915e-02
2.799999999999702638e+01 1.098991195732662129e+00 4.020349238379124224e-02
2.809999999999701714e+01 1.118226707995282121e+00 2.795901262453684769e-02
2.819999999999700435e+01 1.135082230773570622e+00 1.785988560363663963e-02
2.829999999999699156e+01 1.149475165186517822e+00 9.968073909125024432e-03
2.839999999999698233e+01 1.161333759176780278e+00 4.335681433419222471e-03
2.849999999999697309e+01 1.170597539727497027e+00 1.004666567446586660e-03
2.859999999999696030e+01 1.177217696056696461e+00 6.600217145269060621e-06
2.869999999999694751e+01 1.181157410383103290e+00 1.362470327960105644e-03
2.879999999999693827e+01 1.182392133185496519e+00 5.082534387594733749e-03
2.889999999999692903e+01 1.180909800240606211e+00 1.116622114788767134e-02
2.899999999999691624e+01 1.176710989095690163e+00 1.960208256519277090e-02
2.909999999999690345e+01 1.169809013009271759e+00 3.036779670686786531e-02
2.919999999999689422e+01 1.160229950783591368e+00 4.343022211121630449e-02
2.929999999999688498e+01 1.148012611292418050e+00 5.874550382126705189e-02
2.939999999999687219e+01 1.133208431892433588e+00 7.625923104040027711e-02
2.949999999999685940e+01 1.115881310291404249e+00 9.590664608219710840e-02
2.959999999999685016e+01 1.096107369826321953e+00 1.176129040085243382e-01
2.969999999999684093e+01 1.073974658495264078e+00 1.412933820710071675e-01
2.979999999999682814e+01 1.049582782472987752e+00 1.668540377924796203e-01
2.989999999999681535e+01 1.023042475247344152e+00 1.941918142488240351e-01
2.999999999999680611e+01 9.944751039163988171e-01 2.231950908377491327e-01
3.009999999999679687e+01 9.640121146147370146e-01 2.537441775543035072e-01
3.019999999999678408e+01 9.317944194654043111e-01 2.857118505302221889e-01
3.029999999999677129e+01 8.979717278979848505e-01 3.189639263431517935e-01
3.039999999999676206e+01 8.627018256211045344e-01 3.533598723587456636e-01
3.049999999999675282e+01 8.261498049844366864e-01 3.887534501409629639e-01
3.059999999999674003e+01 7.884872509052912593e-01 4.249933887514045772e-01
3.069999999999672724e+01 7.498913869601598892e-01 4.619240845629781211e-01
3.079999999999671800e+01 7.105441866414595742e-01 4.993863240374606383e-01
3.089999999999670877e+01 6.706314551402091650e-01 5.372180257606896658e-01
3.099999999999669598e+01 6.303418873378824339e-01 5.752549979020724624e-01
3.109999999999668319e+01 5.898661079475043811e-01 6.133317071589028391e-01
3.119999999999667395e+01 5.493956999457667578e-01 6.512820551702137584e-01
3.129999999999666471e+01 5.091222275637172778e-01 6.889401583386567385e-01
3.139999999999665192e+01 4.692362601530368216e-01 7.261411269780770894e-01
3.149999999999663913e+01 4.299264032181044359e-01 7.627218397185357990e-01
3.159999999999662990e+01 3.913783427973152595e-01 7.985217091379546162e-01
3.169999999999662066e+01 3.537739091944692160e-01 8.333834346622099876e-01
3.179999999999660787e+01 3.172901658078072784e-01 8.671537388677277303e-01
3.189999999999659508e+01 2.820985284902229884e-01 8.996840834454502556e-01
3.199999999999658584e+01 2.483639205038246089e-01 9.308313612289723649e-01
3.209999999999657661e+01 2.162439677236308033e-01 9.604585608558288135e-01
3.219999999999656382e+01 1.858882383040206254e-01 9.884354008156174265e-01
3.229999999999655103e+01 1.574375305655771606e-01 1.014638929840968595e+00
3.239999999999653824e+01 1.310232123980210328e-01 1.038954090808325015e+00
3.249999999999653255e+01 1.067666150200419356e-01 1.061274245542744854e+00
3.259999999999651976e+01 8.477848349764424696e-02 1.081501658151907463e+00
3.269999999999650697e+01 6.515848600816935565e-02 1.099547934755300327e+00
3.279999999999650129e+01 4.799478345223818360e-02 1.115334417712760429e+00
3.289999999999648850e+01 3.336366066376797446e-02 1.128792532707815877e+00
3.299999999999647571e+01 2.132922014983758968e-02 1.139864087284390592e+00
3.309999999999646292e+01 1.194313900515477957e-02 1.148501519681343286e+00
3.319999999999645013e+01 5.244489386805886548e-03 1.154668097060620457e+00
3.329999999999644444e+01 1.259622697088671247e-03 1.158338062466110152e+00
3.339999999999643165e+01 2.117399211421128308e-06 1.159496730101762463e+00
3.349999999999641886e+01 1.472790173688373659e-03 1.158140528757062748e+00
3.359999999999641318e+01 5.659769904642778481e-03 1.154276993458688727e+00
3.369999999999640039e+01 1.253863375688998687e-02 1.147924705666218514e+00
3.379999999999638760e+01 2.207260435996958800e-02 1.139113182577570216e+00
3.389999999999637481e+01 3.421280684895129653e-02 1.127882716350369963e+00
3.399999999999636202e+01 4.889858422072666799e-02 1.114284164286343914e+00
3.409999999999635634e+01 6.605786914758428330e-02 1.098378691265511353e+00
3.419999999999634355e+01 8.560761004878271463e-02 1.080237465950031117e+00
3.429999999999633076e+01 1.074542488599891793e-01 1.059941312508420053e+00
3.439999999999632507e+01 1.314942475655468401e-01 1.037580319831433728e+00
3.449999999999631228e+01 1.576146601795086477e-01 1.013253410424157952e+00
3.459999999999629949e+01 1.856937464873292531e-01 9.870678713603380228e-01
3.469999999999628670e+01 2.156016235033315909e-01 9.591388498705049059e-01
3.479999999999627391e+01 2.472009502726089658e-01 9.295888163075954891e-01
3.489999999999626823e+01 2.803476413599784722e-01 8.985469973833666302e-01
3.499999999999625544e+01 3.148916041369896335e-01 8.661487826998275352e-01
3.509999999999624265e+01 3.506774948108105638e-01 8.325351077083389395e-01
3.519999999999623697e+01 3.875454880416101533e-01 7.978518163095490445e-01
3.529999999999622418e+01 4.253320549798618733e-01 7.622490063654377979e-01
3.539999999999621139e+01 4.638707446177641192e-01 7.258803614269528914e-01
3.549999999999619860e+01 5.029929634983953957e-01 6.889024719824266008e-01
3.559999999999618581e+01 5.425287490508272636e-01 6.514741495143390182e-01
3.569999999999618012e+01 5.823075321225329448e-01 6.137557366032709849e-01
3.579999999999616733e+01 6.221588846460059941e-01 5.759084162532627227e-01
3.589999999999615454e+01 6.619132487970367240e-01 5.380935235205198675e-01
3.599999999999614886e+01 7.014026444676908500e-01 5.004718624232784574e-01
3.609999999999613607e+01 7.404613523624969940e-01 4.632030309872667839e-01
3.619999999999612328e+01 7.789265705321209987e-01 4.264447571474928034e-01
3.629999999999611049e+01 8.166390426525271806e-01 3.903522480851272514e-01
3.639999999999609770e+01 8.534436568374956789e-01 3.550775554282462054e-01
3.649999999999609201e+01 8.891900142134007146e-01 3.207689585975709856e-01
3.659999999999607923e+01 9.237329668857870990e-01 2.875703684246652125e-01
3.669999999999606644e+01 9.569331252631148033e-01 2.556207530259341776e-01
3.679999999999606075e+01 9.886573349795463317e-01 2.250535877722088240e-01
3.689999999999604796e+01 1.018779123860166447e+00 1.959963310591736063e-01
3.699999999999603517e+01 1.047179119502112732e+00 1.685699274568013828e-01
3.709999999999602238e+01 1.073745438100139005e+00 1.428883396982271459e-01
3.719999999999600959e+01 1.098374045130648735e+00 1.190581108581011405e-01
3.729999999999600391e+01 1.120969088428401372e+00 9.717795797046567541e-02
3.739999999999599112e+01 1.141443204055871741e+00 7.733839824193908252e-02
3.749999999999597833e+01 1.159717795182422018e+00 5.962140892930595237e-02
3.759999999999597264e+01 1.175723283972853750e+00 4.410012186781791382e-02
3.769999999999595985e+01 1.189399336248659678e+00 3.083855355674960247e-02
3.779999999999594706e+01 1.200695058433997708e+00 1.989137163001682487e-02
3.789999999999593427e+01 1.209569166059242029e+00 1.130369845903879053e-02
3.799999999999592148e+01 1.215990122862868672e+00 5.110952551610514413e-03
3.809999999999591580e+01 1.219936249340087819e+00 1.338728321383266320e-03
3.819999999999590301e+01 1.221395799421771011e+00 2.714706632585809627e-06
3.829999999999589022e+01 1.220367003859782473e+00 1.108653012368223008e-03
3.839999999999588454e+01 1.216858078834815116e+00 4.652334235735443475e-03
3.849999999999587175e+01 1.210887198307196488e+00 1.061963601011961696e-02
3.859999999999585896e+01 1.202482428689595872e+00 1.898659916820137628e-02
3.869999999999584617e+01 1.191681624553116770e+00 2.971954377843158412e-02
3.879999999999583338e+01 1.178532284254578455e+00 4.277522435360396613e-02
3.889999999999582769e+01 1.163091364619999846e+00 5.810102376529897861e-02
3.899999999999581490e+01 1.145425054109192375e+00 7.563518522519589726e-02
3.909999999999580211e+01 1.125608504216556005e+00 9.530708151544181606e-02
3.919999999999579643e+01 1.103725519240026154e+00 1.170375204669851094e-01
3.929999999999578364e+01 1.079868204938108533e+00 1.407390854997786211e-01
3.939999999999577085e+01 1.054136577009244125e+00 1.663165098535158981e-01
3.949999999999575806e+01 1.026638130742592026e+00 1.936670829551302986e-01
3.959999999999574527e+01 9.974873736023649462e-01 2.226810871922000612e-01
3.969999999999573959e+01 9.668053229041019270e-01 2.532422631909292399e-01
3.979999999999572680e+01 9.347189711179455518e-01 2.852283015372424346e-01
3.989999999999571401e+01 9.013607216790588961e-01 3.185113587312933259e-01
3.999999999999570832e+01 8.668677984902003475e-01 3.529585950301537545e-01
4.009999999999569553e+01 8.313816325678682340e-01 3.884327317145723213e-01
4.019999999999568274e+01 7.950472294971279164e-01 4.247926252127157687e-01
4.029999999999566995e+01 7.580125215276926065e-01 4.618938554295599630e-01
4.039999999999565716e+01 7.204277082570847979e-01 4.995893255632700702e-01
4.049999999999565148e+01 6.824445899050592956e-01 5.377298706445532428e-01
4.059999999999563869e+01 6.442158971974538684e-01 5.761648720060115192e-01
4.069999999999562590e+01 6.058946218330971689e-01 6.147428748811111232e-01
4.079999999999562021e+01 5.676333514236379107e-01 6.533122063419091186e-01
4.089999999999560742e+01 5.295836126665388610e-01 6.917215908145653014e-01
4.099999999999559464e+01 4.918952263441118133e-01 7.298207604560668083e-01
4.109999999999558185e+01 4.547156775432841802e-01 7.674610577384387566e-01
4.119999999999556906e+01 4.181895042619040992e-01 8.044960276641184294e-01
4.129999999999556337e+01 3.824577073211152256e-01 8.407819971273076121e-01
4.139999999999555058e+01 3.476571842369104992e-01 8.761786390359737053e-01
4.149999999999553779e+01 3.139201894294976203e-01 9.105495189284544821e-01
4.159999999999553211e+01 2.813738228685800369e-01 9.437626219350934154e-01
4.169999999999551932e+01 2.501395489714492992e-01 9.756908580718194335e-01
4.179999999999550653e+01 2.203327472939683174e-01 1.006212543984281949e+00
4.189999999999549374e+01 1.920622962849128368e-01 1.035211859406442558e+00
4.199999999999548095e+01 1.654301911164740846e-01 1.062579276741245193e+00
4.209999999999547526e+01 1.405311963591159008e-01 1.088211962317752413e+00
4.219999999999546247e+01 1.174525340403517748e-01 1.112014148029133453e+00
4.229999999999544968e+01 9.627360741660780097e-02 1.133897472203864165e+00
4.239999999999544400e+01 7.706576059347511332e-02 1.153781288710922670e+00
4.249999999999543121e+01 5.989207395583723975e-02 1.171592943446316815e+00
4.259999999999541842e+01 4.480719521346458734e-02 1.187268017492150607e+00
4.269999999999540563e+01 3.185720572907283638e-02 1.200750536383899059e+00
4.279999999999539284e+01 2.107952167528939075e-02 1.211993145056719623e+00
4.289999999999538716e+01 1.250282946122619442e-02 1.220957248181548271e+00
4.299999999999537437e+01 6.147054778860809067e-03 1.227613115729117910e+00
4.309999999999536158e+01 2.023364541451577302e-03 1.231939953732772430e+00
4.319999999999535589e+01 1.342009200895374736e-04 1.233925940342485594e+00
4.329999999999534310e+01 4.733466282540456068e-04 1.233568227381956373e+00
4.339999999999533031e+01 3.026020556722542991e-03 1.230872907741165756e+00
4.349999999999531752e+01 7.769002820980200168e-03 1.225854949043759357e+00
4.359999999999530473e+01 1.467078824925414395e-02 1.218538094140088068e+00
4.369999999999529905e+01 2.369176731039613487e-02 1.208954729079780188e+00
4.379999999999528626e+01 3.478443345626659050e-02 1.197145719317137313e+00
4.389999999999527347e+01 4.789361583212027595e-02 1.183160214999103177e+00
4.399999999999526779e+01 6.295673629042133901e-02 1.167055426277817887e+00
4.409999999999525500e+01 7.990408962768154322e-02 1.148896369675605822e+00
4.419999999999524221e+01 9.865914595005011167e-02 1.128755586615129980e+00
4.429999999999522942e+01 1.191388740610690167e-01 1.106712835309116461e+00
4.439999999999521663e+01 1.412540847535413424e-01 1.082854757275030222e+00
4.449999999999521094e+01 1.649097928765995424e-01 1.057274519815520675e+00
4.459999999999519815e+01 1.900055970381358816e-01 1.030071435872440100e+00
4.469999999999518536e+01 2.164360757910271937e-01 1.001350562725030979e+00
4.479999999999517968e+01 2.440911991384283053e-01 9.712222810628946545e-01
4.489999999999516689e+01 2.728567541778401662e-01 9.398018560218563966e-01
4.499999999999515410e+01 3.026147836854963802e-01 9.072089818217220492e-01
4.509999999999514131e+01 3.332440364187845283e-01 8.735673116936969462e-01
4.519999999999512852e+01 3.646204278884334071e-01 8.390039748299473743e-01
4.529999999999512283e+01 3.966175103170158645e-01 8.036490821298685194e-01
4.539999999999511004e+01 4.291069504618911790e-01 7.676352225521448913e-01
4.549999999999509726e+01 4.619590139328780265e-01 7.310969519178843745e-01
4.559999999999509157e+01 4.950430545824633377e-01 6.941702760366429414e-01
4.569999999999507878e+01 5.282280074842001794e-01 6.569921300530667807e-01
4.579999999999506599e+01 5.613828839489088951e-01 6.196998559313845467e-01
4.589999999999505320e+01 5.943772669556268706e-01 5.824306800111770377e-01
4.599999999999504041e+01 6.270818052967875866e-01 5.453211925756401568e-01
4.609999999999503473e+01 6.593687046596001800e-01 5.085068313792171502e-01
4.619999999999502194e+01 6.911122137851181124e-01 4.721213710789382567e-01
4.629999999999500915e+01 7.221891037718259909e-01 4.362964205035728127e-01
4.639999999999500346e+01 7.524791385194961046e-01 4.011609296785531575e-01
4.649999999999499067e+01 7.818655342472982106e-01 3.668407085003698165e-01
4.659999999999497788e+01 8.102354059719790724e-01 3.334579589195805216e-01
4.669999999999496509e+01 8.374801987989037855e-01 3.011308224503181363e-01
4.679999999999495230e+01 8.634961018647083764e-01 2.699729447707590047e-01
4.689999999999494662e+01 8.881844427794572949e-01 2.400930591181797968e-01
4.699999999999493383e+01 9.114520604524029013e-01 2.115945901085758696e-01
4.709999999999492104e+01 9.332116542452086883e-01 1.845752795292120441e-01
4.719999999999491536e+01 9.533821074910933113e-01 1.591268355583253802e-01
4.729999999999490257e+01 9.718887835408931419e-01 1.353346067639507599e-01
4.739999999999488978e+01 9.886637926491287365e-01 1.132772821200723201e-01
4.749999999999487699e+01 1.003646228201441781e+00 9.302661815686359692e-02
4.759999999999486420e+01 1.016782370993544182e+00 7.464719423092230910e-02
4.769999999999485851e+01 1.028025860515895618e+00 5.819619676415449527e-02
4.779999999999484572e+01 1.037337832457381648e+00 4.372323315554746403e-02
4.789999999999483293e+01 1.044687021927981574e+00 3.127017592207293611e-02
4.799999999999482725e+01 1.050049832190370847e+00 2.087103747233416684e-02
4.809999999999481446e+01 1.053410369001949176e+00 1.255187576356395392e-02
4.819999999999480167e+01 1.054760440968766977e+00 6.330730938436968450e-03
4.829999999999478888e+01 1.054099526624223016e+00 2.217592886638046403e-03
4.839999999999477609e+01 1.051434709230620435e+00 2.143995275792898983e-04
4.849999999999477041e+01 1.046780580583799525e+00 3.150654675501152213e-04
4.859999999999475762e+01 1.040159115353431529e+00 2.505540548275660227e-03
4.869999999999474483e+01 1.031599517715078296e+00 6.763897675890803880e-03
4.879999999999473914e+01 1.021138042224220888e+00 1.306044920109549791e-02
4.889999999999472635e+01 1.008817791032925681e+00 2.135789101386196057e-02
4.899999999999471356e+01 9.946884896657560704e-01 3.161147342046436576e-02
4.909999999999470077e+01 9.788062436340021488e-01 4.376919778747932754e-02
4.919999999999468798e+01 9.612332781968391249e-01 5.777203786703923732e-02
4.929999999999468230e+01 9.420376635473868276e-01 7.355418466042416836e-02
4.939999999999466951e+01 9.212930276426082310e-01 9.104331363235630692e-02
4.949999999999465672e+01 8.990782587793517688e-01 1.101608730562653182e-01
4.959999999999465103e+01 8.754771998753682061e-01 1.308223922500992009e-01
4.969999999999463824e+01 8.505783362288772409e-01 1.529378084520500447e-01
4.979999999999462545e+01 8.244744783178725722e-01 1.764118110850308452e-01
4.989999999999461266e+01 7.972624409647476318e-01 2.011442021656686396e-01
4.999999999999459988e+01 7.690427199398246483e-01 2.270302716271974108e-01
5.009999999999459419e+01 7.399191668139328826e-01 2.539611863436425643e-01
5.019999999999458140e+01 7.099986626067871232e-01 2.818243916639600610e-01
5.029999999999456861e+01 6.793907905193741215e-01 3.105040242863584821e-01
5.039999999999456293e+01 6.482075077896609638e-01 3.398813353245839219e-01
5.049999999999455014e+01 6.165628164892338337e-01 3.698351224374749613e-01
5.059999999999453735e+01 5.845724328729127173e-01 4.002421699067399419e-01
5.069999999999452456e+01 5.523534547309491005e-01 4.309776955600532755e-01
5.079999999999451177e+01 5.200240260599703346e-01 4.619158034368022192e-01
5.089999999999450608e+01 4.877029982834671928e-01 4.929299410930769176e-01
5.099999999999449329e+01 4.555095872084059527e-01 5.238933604280249234e-01
5.109999999999448050e+01 4.235630249097821487e-01 5.546795808947166950e-01
5.119999999999447482e+01 3.919822057879463473e-01 5.851628539295115061e-01
5.129999999999446203e+01 3.608853261428050518e-01 6.152186273980065900e-01
5.139999999999444924e+01 3.303895167575495173e-01 6.447240088098875610e-01
5.149999999999443645e+01 3.006104681730826234e-01 6.735582260074025607e-01
5.159999999999442366e+01 2.716620485642834426e-01 7.016030839731164370e-01
5.169999999999441798e+01 2.436559143935718430e-01 7.287434163458250680e-01
5.179999999999440519e+01 2.167011143082939739e-01 7.548675301706651020e-01
5.189999999999439240e+01 1.909036870628860183e-01 7.798676423478965170e-01
5.199999999999438671e+01 1.663662545733998188e-01 8.036403061853925056e-01
5.209999999999437392e+01 1.431876115442449471e-01 8.260868264034809672e-01
5.219999999999436113e+01 1.214623134382023795e-01 8.471136608920916133e-01
5.229999999999434834e+01 1.012802648776360837e-01 8.666328074786956437e-01
5.239999999999433555e+01 8.272631086412483847e-02 8.845621739331022138e-01
5.249999999999432987e+01 6.587983347358826458e-02 9.008259294200829936e-01
5.259999999999431708e+01 5.081435691809675637e-02 9.153548356025044130e-01
5.269999999999430429e+01 3.759716405667650613e-02 9.280865556120759807e-01
5.279999999999429861e+01 2.628892757975798480e-02 9.389659391329371330e-01
5.289999999999428582e+01 1.694335917991262111e-02 9.479452818856590746e-01
5.299999999999427303e+01 9.606880051768922416e-03 9.549845578708198168e-01
5.309999999999426024e+01 4.318316034352056784e-03 9.600516228080977488e-01
5.319999999999424745e+01 1.108620618033700654e-03 9.631223873137249036e-01
5.329999999999424176e+01 6.288870100947783497e-07 9.641809584763785246e-01
5.339999999999422897e+01 1.008845258604161924e-03 9.632197486316727009e-01
5.349999999999421618e+01 4.139267616462483784e-03 9.602395502875089583e-01
5.359999999999421050e+01 9.389250121055896237e-03 9.552495763203586732e-01
5.369999999999419771e+01 1.674740662426121851e-02 9.482674647443243288e-01
5.379999999999418492e+01 2.619355622284869067e-02 9.393192475449829715e-01
5.389999999999417213e+01 3.769871206718661272e-02 9.284392832687436981e-01
5.399999999999415934e+01 5.122511410574390883e-02 9.156701532632037788e-01
5.409999999999415365e+01 6.672630600306474202e-02 9.010625216717241814e-01
5.419999999999414086e+01 8.414725602918293745e-02 8.846749594906579972e-01
5.429999999999412807e+01 1.034245212914653572e-01 8.665737332064342713e-01
5.439999999999412239e+01 1.244864542766962734e-01 8.468325587251084308e-01
5.449999999999410960e+01 1.472534502989904792e-01 8.255323215040010210e-01
5.459999999999409681e+01 1.716382341185147820e-01 8.027607639742201373e-01
5.469999999999408402e+01 1.975461837110825680e-01 7.786121415177279514e-01
5.479999999999407123e+01 2.248756889377867552e-01 7.531868484204028436e-01
5.489999999999406555e+01 2.535185426880371407e-01 7.265910153655608106e-01
5.499999999999405276e+01 2.833603619527488293e-01 6.989360801665002176e-01
5.509999999999403997e+01 3.142810362250799683e-01 6.703383335457148151e-01
5.519999999999403428e+01 3.461552006240604107e-01 6.409184418735284217e-01
5.529999999999402149e+01 3.788527311852475932e-01 6.108009488586325642e-01
5.539999999999400870e+01 4.122392598583007883e-01 5.801137582557842620e-01
5.549999999999399591e+01 4.461767068868375263e-01 5.489875997136374197e-01
5.559999999999398312e+01 4.805238284092551160e-01 5.175554799287480634e-01
5.569999999999397744e+01 5.151367773037280884e-01 4.859521213104485149e-01
5.579999999999396465e+01 5.498696754941644338e-01 4.543133903856368394e-01
5.589999999999395186e+01 5.845751961236840266e-01 4.227757181946844578e-01
5.599999999999394618e+01 6.191051541795639102e-01 3.914755149447492477e-01
5.609999999999393339e+01 6.533111043052205469e-01 3.605485811980310706e-01
5.619999999999392060e+01 6.870449446532626014e-01 3.301295178850995882e-01
5.629999999999390781e+01 7.201595257065495082e-01 3.003511374411427237e-01
5.639999999999389502e+01 7.525092630219840650e-01 2.713438783747951222e-01
5.649999999999388933e+01 7.839507528172496853e-01 2.432352255900057381e-01
5.659999999999387654e+01 8.143433892373647121e-01 2.161491387932980845e-01
5.669999999999386375e+01 8.435499819915457387e-01 1.902054913321617469e-01
5.679999999999385807e+01 8.714373728533255647e-01 1.655195218228834309e-01
5.689999999999384528e+01 8.978770492696979133e-01 1.422013009377040005e-01
5.699999999999383249e+01 9.227457530364944205e-01 1.203552157301146924e-01
5.709999999999381970e+01 9.459260816817481876e-01 1.000794738808750417e-01
5.719999999999380691e+01 9.673070798596008490e-01 8.146563024485206639e-02
5.729999999999380123e+01 9.867848177215569061e-01 6.459813806604894348e-02
5.739999999999378844e+01 1.004262952899159789e+00 4.955392720472578255e-02
5.749999999999377565e+01 1.019653272433660662e+00 3.640201168219488193e-02
5.759999999999376996e+01 1.032876210726000332e+00 2.520312879430111619e-02
5.769999999999375717e+01 1.043861339376270791e+00 1.600941197147416270e-02
5.779999999999374438e+01 1.052547824649038732e+00 8.864099469910534379e-03
5.789999999999373159e+01 1.058884848241949506e+00 3.801280863354221645e-03
5.799999999999371880e+01 1.062831987074616125e+00 8.456831677468569465e-04
5.809999999999371312e+01 1.064359547933862116e+00 1.249827115553868576e-05
5.819999999999370033e+01 1.063448853040381170e+00 1.307253159445887240e-03
5.829999999999368754e+01 1.060092472910619366e+00 4.725724225167010628e-03
5.839999999999368185e+01 1.054294403295127136e+00 1.025389672467371185e-02
5.849999999999366906e+01 1.046070183449057334e+00 1.786797020889013821e-02
5.859999999999365627e+01 1.035446953545497095e+00 2.753441049904513729e-02
5.869999999999364348e+01 1.022463449632330601e+00 3.921004851334004837e-02
5.879999999999363069e+01 1.007169935173397146e+00 5.284222597735691723e-02
5.889999999999362501e+01 9.896280688594643049e-01 6.836898777367893254e-02
5.899999999999361222e+01 9.699107090227602201e-01 8.571932040860032187e-02
5.909999999999359943e+01 9.481016556157680908e-01 1.048134357993220217e-01
5.919999999999359375e+01 9.242953312991507575e-01 1.255630993175259058e-01
5.929999999999358096e+01 8.985964037196828569e-01 1.478720007675068115e-01
5.939999999999356817e+01 8.711193515253539132e-01 1.716361667322996443e-01
5.949999999999355538e+01 8.419879770551226272e-01 1.967444124909402958e-01
5.959999999999354259e+01 8.113348689496430177e-01 2.230788314968335240e-01
5.969999999999353690e+01 7.793008181583783722e-01 2.505153202116714994e-01
5.979999999999352411e+01 7.460341909579832897e-01 2.789241359112459295e-01
5.989999999999351132e+01 7.116902626717741542e-01 3.081704849205753050e-01
5.999999999999350564e+01 6.764305157805486912e-01 3.381151385935851073e-01
6.009999999999349285e+01 6.404219060681698439e-01 3.686150742263732405e-01
6.019999999999348006e+01 6.038361003591647957e-01 3.995241379837186080e-01
6.029999999999346727e+01 5.668486892943733757e-01 4.306937268192991275e-01
6.039999999999345448e+01 5.296383784796210303e-01 4.619734862868517533e-01
6.049999999999344880e+01 4.923861612385480591e-01 4.932120210629929447e-01
6.059999999999343601e+01 4.552744761226730774e-01 5.242576149361624083e-01
6.069999999999342322e+01 4.184863522948203962e-01 5.549589569584398863e-01
6.079999999999341753e+01 3.822045459092775488e-01 5.851658704045958892e-01
6.089999999999340474e+01 3.466106706756508227e-01 6.147300411396964259e-01
6.099999999999339195e+01 3.118843259089019160e-01 6.435057419578196214e-01
6.109999999999337916e+01 2.782022255390751986e-01 6.713505494278130259e-01
6.119999999999336637e+01 2.457373317666513290e-01 6.981260497616569305e-01
6.129999999999336069e+01 2.146579972995143748e-01 7.236985302145049204e-01
6.139999999999334790e+01 1.851271203728979964e-01 7.479396525313892763e-01
6.149999999999333511e+01 1.573013170244777215e-01 7.707271049810070496e-01
6.159999999999332942e+01 1.313301153467180404e-01 7.919452295561306698e-01
6.169999999999331664e+01 1.073551766527615775e-01 8.114856209874689030e-01
6.179999999999330385e+01 8.550954864647640485e-02 8.292476943047434323e-01
6.189999999999329106e+01 6.591695576549636004e-02 8.451392177930754368e-01
6.199999999999327827e+01 4.869113185072811850e-02 8.590768083358855112e-01
6.209999999999327258e+01 3.393520017418473478e-02 8.709863863061807487e-01
6.219999999999325979e+01 2.174110562122215373e-02 8.808035873664927795e-01
6.229999999999324700e+01 1.218910346916224179e-02 8.884741287661745979e-01
6.239999999999324132e+01 5.347308734670394234e-03 8.939541279766988202e-01
6.249999999999322853e+01 1.271309484065542839e-03 8.972103717824214675e-01
6.259999999999321574e+01 3.846827748439331029e-06 8.982205342424307570e-01
6.269999999999320295e+01 1.574563569612408417e-03 8.969733422480368201e-01
6.279999999999319016e+01 5.999822677459183511e-03 8.934686877287140172e-01
6.289999999999318447e+01 1.328259590658809226e-02 8.877176858837156903e-01
6.299999999999317168e+01 2.341242207383952001e-02 8.797426791522378053e-01
6.309999999999315889e+01 3.636543367227424578e-02 8.695771869529249631e-01
6.319999999999315321e+01 5.210444976568179287e-02 8.572658015447800484e-01
6.329999999999314042e+01 7.057913243388308500e-02 8.428640306546951733e-01
6.339999999999312763e+01 9.172620347766434479e-02 8.264380877986344798e-01
6.349999999999311484e+01 1.154697176555915389e-01 8.080646314785860929e-01
6.359999999999310205e+01 1.417213884273922087e-01 7.878304546641057282e-01
6.369999999999309637e+01 1.703809620291672489e-01 7.658321261730584029e-01
6.379999999999308358e+01 2.013366357046492694e-01 7.421755857326549632e-01
6.389999999999307079e+01 2.344655160610112088e-01 7.169756946515696283e-01
6.399999999999306510e+01 2.696341137946890454e-01 6.903557441469934108e-01
6.409999999999305942e+01 3.066988714267590010e-01 6.624469234691884312e-01
6.419999999999303952e+01 3.455067211759730861e-01 6.333877500322461218e-01
6.429999999999301963e+01 3.858956706543554271e-01 6.033234638227742419e-01
6.439999999999301394e+01 4.276954146671131385e-01 5.724053883964231870e-01
6.449999999999300826e+01 4.707279720034879822e-01 5.407902608132257871e-01
6.459999999999300258e+01 5.148083466900326144e-01 5.086395328930128912e-01
6.469999999999298268e+01 5.597452137065085376e-01 4.761186462126054675e-01
6.479999999999297700e+01 6.053416296193406820e-01 4.433962833062740083e-01
6.489999999999295710e+01 6.513957689326347333e-01 4.106435975877280042e-01
6.499999999999295142e+01 6.977016871830986622e-01 3.780334245755948563e-01
6.509999999999294573e+01 7.440501118906136524e-01 3.457394770905533599e-01
6.519999999999292584e+01 7.902292624175855096e-01 3.139355271879274989e-01
6.529999999999292015e+01 8.360256995799228985e-01 2.827945777066841471e-01
6.539999999999290026e+01 8.812252055010859619e-01 2.524880264470631408e-01
6.549999999999289457e+01 9.256136937091978822e-01 2.231848261314492154e-01
6.559999999999288889e+01 9.689781488677431387e-01 1.950506434597366612e-01
6.569999999999286899e+01 1.011107594819353084e+00 1.682470207298376319e-01
6.579999999999286331e+01 1.051794088831693896e+00 1.429305436578657551e-01
6.589999999999285762e+01 1.090833739091388699e+00 1.192520191913988975e-01
6.599999999999283773e+01 1.128027741627157798e+00 9.735566726157508788e-02
6.609999999999283204e+01 1.163183431976608118e+00 7.737833055612311495e-02
6.619999999999282636e+01 1.196115346079752451e+00 5.944870651424674635e-02
6.629999999999280647e+01 1.226646284099850437e+00 4.368660583746129811e-02
6.639999999999280078e+01 1.254608370177567878e+00 3.020224187530000035e-02
6.649999999999278089e+01 1.279844100516581928e+00 1.909555527601250816e-02
6.659999999999277520e+01 1.302207371714764861e+00 1.045557828695443080e-02
6.669999999999276952e+01 1.321564480886417092e+00 4.359843044747952270e-03
6.679999999999274962e+01 1.337795088891053696e+00 8.738381093200714867e-04
6.689999999999274394e+01 1.350793137885489825e+00 5.051736761613167935e-05
6.699999999999272404e+01 1.360467714448646559e+00 1.929865262070428952e-03
6.709999999999271836e+01 1.366743849690921886e+00 6.538522086010907335e-03
6.719999999999271267e+01 1.369563248045184034e+00 1.388947283449920925e-02
6.729999999999269278e+01 1.368884936826363585e+00 2.398180280632739719e-02
6.739999999999268709e+01 1.364685829142787910e+00 3.680052282345926129e-02
6.749999999999268141e+01 1.356961193318065195e+00 5.231646657069854295e-02
6.759999999999266151e+01 1.345725022642339397e+00 7.048626216415602996e-02
6.769999999999265583e+01 1.331010299986667089e+00 9.125237963522972451e-02
6.779999999999265015e+01 1.312869152587756494e+00 1.145432555710698824e-01
6.789999999999263025e+01 1.291372893124246524e+00 1.402734956862443372e-01
6.799999999999262457e+01 1.266611944053388950e+00 1.683441556180022836e-01
6.809999999999260467e+01 1.238695643061573870e+00 1.986430997414884436e-01
6.819999999999259899e+01 1.207751928372087891e+00 2.310454372970875137e-01
6.829999999999259330e+01 1.173926903580783776e+00 2.654140346124117533e-01
6.839999999999257341e+01 1.137384282616461739e+00 3.016001016901473375e-01
6.849999999999256772e+01 1.098304716361047983e+00 3.394438509246832103e-01
6.859999999999254783e+01 1.056885003413439161e+00 3.787752252091032834e-01
6.869999999999254214e+01 1.013337188415600831e+00 4.194146922018320289e-01
6.879999999999253646e+01 9.678875523009085047e-01 4.611741010468554669e-01
6.889999999999251656e+01 9.207754997362959104e-01 5.038575973827444932e-01
6.899999999999251088e+01 8.722523499261101154e-01 5.472625920410795208e-01
6.909999999999250520e+01 8.225800378011182135e-01 5.911807784265702415e-01
6.919999999999248530e+01 7.720297334262805622e-01 6.353991931942072346e-01
6.929999999999247962e+01 7.208803882090254467e-01 6.797013144960281084e-01
6.939999999999247393e+01 6.694172171686847417e-01 7.238681917650137132e-01
6.949999999999245404e+01 6.179301271179107324e-01 7.676796007421495815e-01
6.959999999999244835e+01 5.667121011037873357e-01 8.109152172312443785e-01
6.969999999999242846e+01 5.160575498431776431e-01 8.533558028972968446e-01
6.979999999999242277e+01 4.662606411628906766e-01 8.947843962943723417e-01
6.989999999999241709e+01 4.176136186080161017e-01 9.349875022403458802e-01
6.999999999999239719e+01 3.704051204145776266e-01 9.737562726245382327e-01
7.009999999999239151e+01 3.249185099533330456e-01 1.010887671761328654e+00
7.019999999999237161e+01 2.814302285461609543e-01 1.046185619474130801e+00
7.029999999999236593e+01 2.402081812417312390e-01 1.079462105212726897e+00
7.039999999999236024e+01 2.015101657245841060e-01 1.110538266669987673e+00
7.049999999999234035e+01 1.655823540344132649e-01 1.139245426571790620e+00
7.059999999999233466e+01 1.326578362056807514e-01 1.165426081553082360e+00
7.069999999999232898e+01 1.029552343174207213e-01 1.188934837319419069e+00
7.079999999999230909e+01 7.667739478814411536e-02 1.209639284596474962e+00
7.089999999999230340e+01 5.401016607562678790e-02 1.227420810716474797e+00
7.099999999999229772e+01 3.512126826302517518e-02 1.242175342050358511e+00
7.109999999999227782e+01 2.015926034420269242e-02 1.253814012878590178e+00
7.119999999999227214e+01 9.252610373408748021e-03 1.262263756700547468e+00
7.129999999999225224e+01 2.508873025929729290e-03 1.267467816395734692e+00
7.139999999999224656e+01 1.397853135443486174e-05 1.269386170083598664e+00
7.149999999999224087e+01 1.831636391311740157e-03 1.267995869968634448e+00
7.159999999999222098e+01 8.002856776974468303e-03 1.263291291908019254e+00
7.169999999999221529e+01 1.854559201334698981e-02 1.255284293896816949e+00
7.179999999999219540e+01 3.345450009004340836e-02 1.244004282128241323e+00
7.189999999999218971e+01 5.270083168258650475e-02 1.229498183759615948e+00
7.199999999999218403e+01 7.623244171408805059e-02 1.211830325985951973e+00
7.209999999999216413e+01 1.039739260232638435e-01 1.191082221503589889e+00
7.219999999999215845e+01 1.358268832219082789e-01 1.167352260928931740e+00
7.229999999999215277e+01 1.716703013127618138e-01 1.140755313221394340e+00
7.239999999999213287e+01 2.113610680922732021e-01 1.111422235645943113e+00
7.249999999999212719e+01 2.547346037749679826e-01 1.079499295295588635e+00
7.259999999999212150e+01 3.016056136490285478e-01 1.045147504678463068e+00
7.269999999999210161e+01 3.517689579038070780e-01 1.008541874352703038e+00
7.279999999999209592e+01 4.050006350686392032e-01 9.698705860605516538e-01
7.289999999999207603e+01 4.610588747725874459e-01 9.293340902789005709e-01
7.299999999999207034e+01 5.196853347902852249e-01 8.871441325445740267e-01
7.309999999999206466e+01 5.806063965903635049e-01 8.435227133455085458e-01
7.319999999999204476e+01 6.435345528662042014e-01 7.987009867747444369e-01
7.329999999999203908e+01 7.081698798178716059e-01 7.529181035270579025e-01
7.339999999999201918e+01 7.742015862825152306e-01 7.064200041722911161e-01
7.349999999999201350e+01 8.413096312001326904e-01 6.594581689588941975e-01
7.359999999999200782e+01 9.091664003499444480e-01 6.122883306889583821e-01
7.369999999999198792e+01 9.774384328311007675e-01 5.651691574521262584e-01
7.379999999999198224e+01 1.045788187374910194e+00 5.183609122112539103e-01
7.389999999999197655e+01 1.113875838294626774e+00 4.721240963990579464e-01
7.399999999999195666e+01 1.181361090676837255e+00 4.267180848016991490e-01
7.409999999999195097e+01 1.247905004323758282e+00 3.823997590834546934e-01
7.419999999999194529e+01 1.313171815942496545e+00 3.394221473349443574e-01
7.429999999999192539e+01 1.376830749148772348e+00 2.980330770145651065e-01
7.439999999999191971e+01 1.438557802003286090e+00 2.584738485942000841e-01
7.449999999999189981e+01 1.498037502014434974e+00 2.209779371201588127e-01
7.459999999999189413e+01 1.554964618814210331e+00 1.857697287582464052e-01
7.469999999999188844e+01 1.609045825036908628e+00 1.530632992105635803e-01
7.479999999999186855e+01 1.660001296290918971e+00 1.230612406725224567e-01
7.489999999999186286e+01 1.707566241509908878e+00 9.595354374258778518e-02
7.499999999999184297e+01 1.751492355389920874e+00 7.191654040887457411e-02
7.509999999999183729e+01 1.791549185064793548e+00 5.111191391398594436e-02
7.519999999999183160e+01 1.827525403636997670e+00 3.368578094797809036e-02
7.529999999999181171e+01 1.859229983672461506e+00 1.976785123810043121e-02
7.539999999999180602e+01 1.886493264279125004e+00 9.470669196343171892e-03
7.549999999999180034e+01 1.909167905928771836e+00 2.888941852896323784e-03
7.559999999999178044e+01 1.927129727758635225e+00 9.895684743779729615e-05
7.569999999999177476e+01 1.940278422691235738e+00 1.158093772780736334e-03
7.579999999999176907e+01 1.948538146363721690e+00 6.104431668771003426e-03
7.589999999999174918e+01 1.951857976548517781e+00 1.495645495098628201e-02
7.599999999999174349e+01 1.950212240475570180e+00 2.771285953125415813e-02
7.609999999999172360e+01 1.943600708250413200e+00 4.435246034829698480e-02
7.619999999999171791e+01 1.932048651370375403e+00 6.483420098016758060e-02
7.629999999999171223e+01 1.915606766188445498e+00 8.909726545893932592e-02
7.639999999999169233e+01 1.894350963043508917e+00 1.170612918566320826e-01
7.649999999999168665e+01 1.868382022655481922e+00 1.486266866630175654e-01
7.659999999999166675e+01 1.837825122256639299e+00 1.836750384353401933e-01
7.669999999999166107e+01 1.802829234793536850e+00 2.220696286715850010e-01
7.679999999999165539e+01 1.763566405350062816e+00 2.636560373459901907e-01
7.689999999999163549e+01 1.720230909722879176e+00 3.082628400534225266e-01
7.699999999999162981e+01 1.673038300779259302e+00 3.557023932399878130e-01
7.709999999999162412e+01 1.622224348857775889e+00 4.057717035567800501e-01
7.719999999999160423e+01 1.568043883004613281e+00 4.582533769612122110e-01
7.729999999999159854e+01 1.510769540272607125e+00 5.129166428114151355e-01
7.739999999999159286e+01 1.450690430639488770e+00 5.695184478552165475e-01
7.749999999999157296e+01 1.388110725324201322e+00 6.278046147026350443e-01
7.759999999999156728e+01 1.323348176403779775e+00 6.875110590971794666e-01
7.769999999999154738e+01 1.256732575651731354e+00 7.483650600609063064e-01
7.779999999999154170e+01 1.188604160468302418e+00 8.100865767796555650e-01
7.789999999999153601e+01 1.119311974636112428e+00 8.723896059220969113e-01
7.799999999999151612e+01 1.049212191453979814e+00 9.349835729423697783e-01
7.809999999999151044e+01 9.786664065822682224e-01 9.975747507975675221e-01
7.819999999999149054e+01 9.080399076970453454e-01 1.059867699425513399e+00
7.829999999999148486e+01 8.376999278161285645e-01 1.121566719258995093e+00
7.839999999999147917e+01 7.680138889448264727e-01 1.182377312008280557e+00
7.849999999999145928e+01 6.993476425125769724e-01 1.242007641922564964e+00
7.859999999999145359e+01 6.320637129340558324e-01 1.300169990729194369e+00
7.869999999999144791e+01 5.665195505557677480e-01 1.356582199465264926e+00
7.879999999999142801e+01 5.030658002294059461e-01 1.410969090442002027e+00
7.889999999999142233e+01 4.420445917980063699e-01 1.463063862629919720e+00
7.899999999999141664e+01 3.837878588797963841e-01 1.512609453812400417e+00
7.909999999999139675e+01 3.286156924829123360e-01 1.559359862945264963e+00
7.919999999999139106e+01 2.768347361677900298e-01 1.603081426254449715e+00
7.929999999999137117e+01 2.287366296773016838e-01 1.643554040741379341e+00
7.939999999999136548e+01 1.845965081639631133e-01 1.680572328909851532e+00
7.949999999999135980e+01 1.446715643351169089e-01 1.713946738714988260e+00
7.959999999999133991e+01 1.091996809947260727e-01 1.743504572940660191e+00
7.969999999999133422e+01 7.839814156531589584e-02 1.769090942459613736e+00
7.979999999999131433e+01 5.246242620721286443e-02 1.790569638105475869e+00
7.989999999999130864e+01 3.156510110067724251e-02 1.807823916197675462e+00
7.999999999999130296e+01 1.585480830765757104e-02 1.820757193113076600e+00
8.009999999999128306e+01 5.455363375349348357e-03 1.829293644681463382e+00
8.019999999999127738e+01 4.649674793891955989e-04 1.833378706600421904e+00
8.029999999999127169e+01 9.555404298180499153e-04 1.832979472525949394e+00
8.039999999999125180e+01 6.972180282101533670e-03 1.828084986977636106e+00
8.049999999999124611e+01 1.853275461569594065e-02 1.818706430716217737e+00
8.059999999999124043e+01 3.562762777499093453e-02 1.804877196790606986e+00
8.069999999999122053e+01 5.821952752546866866e-02 1.786652856019935953e+00
8.079999999999121485e+01 8.624355367708642917e-02 1.764111011251337402e+00
8.089999999999119495e+01 1.196073302843325276e-01 1.737351040331746255e+00
8.099999999999118927e+01 1.581913020650485280e-01 1.706493728332700854e+00
8.109999999999118359e+01 2.018491747053303975e-01 1.671680790169029818e+00
8.119999999999116369e+01 2.504084977510473431e-01 1.633074285353808275e+00
8.129999999999115801e+01 3.036713878427766411e-01 1.590855927229214428e+00
8.139999999999113811e+01 3.614153891420507914e-01 1.545226289592511515e+00
8.149999999999113243e+01 4.233944669319102405e-01 1.496403914205178598e+00
8.159999999999112674e+01 4.893401295641232607e-01 1.444624323219133366e+00
8.169999999999110685e+01 5.589626731680296112e-01 1.390138941082570634e+00
8.179999999999110116e+01 6.319525428428399705e-01 1.333213930984120887e+00
8.189999999999109548e+01 7.079818034167694174e-01 1.274128951363909135e+00
8.199999999999107558e+01 7.867057122803705616e-01 1.213175838465881062e+00
8.209999999999106990e+01 8.677643862785628937e-01 1.150657221306287559e+00
8.219999999999106421e+01 9.507845541761523744e-01 1.086885075815359203e+00
8.229999999999104432e+01 1.035381385793428866e+00 1.022179225240972489e+00
8.239999999999103864e+01 1.121160388528095853e+00 9.568657942115172954e-01
8.249999999999101874e+01 1.207719361651621304e+00 8.912756241159189852e-01
8.259999999999101306e+01 1.294650398472946051e+00 8.257426576890458669e-01
8.269999999999100737e+01 1.381541926206865112e+00 7.606023008756741532e-01
8.279999999999098748e+01 1.467980773174401232e+00 6.961897701955311879e-01
8.289999999999098179e+01 1.553554252780000589e+00 6.328384339392411073e-01
8.299999999999096190e+01 1.637852253585613482e+00 5.708781555889125281e-01
8.309999999999095621e+01 1.720469324706185299e+00 5.106336478829686110e-01
8.319999999999095053e+01 1.801006745711189572e+00 4.524228459251777301e-01
8.329999999999093063e+01 1.879074570231156205e+00 3.965553076773181140e-01
8.339999999999092495e+01 1.954293632520627488e+00 3.433306500706710951e-01
8.349999999999091926e+01 2.026297506358714973e+00 2.930370288245615629e-01
8.359999999999089937e+01 2.094734405833430291e+00 2.459496698723652730e-01
8.369999999999089368e+01 2.159269017801582535e+00 2.023294600629248763e-01
8.379999999999088800e+01 2.219584256097465236e+00 1.624216045345141524e-01
8.389999999999086810e+01 2.275382927921133280e+00 1.264543578458926232e-01
8.399999999999086242e+01 2.326389303237458517e+00 9.463783559889638042e-02
8.409999999999084253e+01 2.372350578473156002e+00 6.716291289867011571e-02
8.419999999999083684e+01 2.413038226303861222e+00 4.420021557550404823e-02
8.429999999999083116e+01 2.448249223869741087e+00 2.589920963555588165e-02
8.439999999999081126e+01 2.477807152349071451e+00 1.238739392047272236e-02
8.449999999999080558e+01 2.501563161440804706e+00 3.769600440055143921e-03
8.459999999999078568e+01 2.519396792968114251e+00 1.274062994090454282e-04
8.469999999999078000e+01 2.531216658504475081e+00 1.518660575669304345e-03
8.479999999999077431e+01 2.536960966637722859e+00 7.977128911712169299e-03
8.489999999999075442e+01 2.536597896242637873e+00 1.951225798784165383e-02
8.499999999999074873e+01 2.530125812895734683e+00 3.610906141015970960e-02
8.509999999999074305e+01 2.517573326384022980e+00 5.772812791893686124e-02
8.519999999999072315e+01 2.498999188073790734e+00 8.430575217474974015e-02
8.529999999999071747e+01 2.474492027785941239e+00 1.157541877276138387e-01
8.539999999999071179e+01 2.444169930701480364e+00 1.519620211178835112e-01
8.549999999999069189e+01 2.408179855749969622e+00 1.927946654011520600e-01
8.559999999999068621e+01 2.366696897877849981e+00 2.380949707357989109e-01
8.569999999999066631e+01 2.319923397567164258e+00 2.876839490260497678e-01
8.579999999999066063e+01 2.268087901961803432e+00 3.413616089785874719e-01
8.589999999999065494e+01 2.211443982961927013e+00 3.989078973119996596e-01
8.599999999999063505e+01 2.150268918636644599e+00 4.600837412596005538e-01
8.609999999999062936e+01 2.084862245307092632e+00 5.246321869337634558e-01
8.619999999999060947e+01 2.015544188595775665e+00 5.922796275744177663e-01
8.629999999999060378e+01 1.942653982671270096e+00 6.627371151980515629e-01
8.639999999999059810e+01 1.866548087769925868e+00 7.357017486913138837e-01
8.649999999999057820e+01 1.787598316865611769e+00 8.108581309695179762e-01
8.659999999999057252e+01 1.706189883050705181e+00 8.878798874406524932e-01
8.669999999999056683e+01 1.622719379780504179e+00 9.664312376899031332e-01
8.679999999999054694e+01 1.537592706596217385e+00 1.046168612027077671e+00
8.689999999999054126e+01 1.451222953277012673e+00 1.126742304323985255e+00
8.699999999999053557e+01 1.364028255563771497e+00 1.207798152411343251e+00
8.709999999999051568e+01 1.276429635646187499e+00 1.288979237210696516e+00
8.719999999999050999e+01 1.188848840508244242e+00 1.369927591732874816e+00
8.729999999999049010e+01 1.101706190989087952e+00 1.450285911101086400e+00
8.739999999999048441e+01 1.015418454046683516e+00 1.529699254829665955e+00
8.749999999999047873e+01 9.303967502191980987e-01 1.607816732722744391e+00
8.759999999999045883e+01 8.470445076814467900e-01 1.684293165937127634e+00
8.769999999999045315e+01 7.657554736083385105e-01 1.758790714987299664e+00
8.779999999999043325e+01 6.869117928045647137e-01 1.830980466736434220e+00
8.789999999999042757e+01 6.108821627615220740e-01 1.900543972734027420e+00
8.799999999999042188e+01 5.380200734759956749e-01 1.967174731601591509e+00
8.809999999999040199e+01 4.686621395434616422e-01 2.030579608540086678e+00
8.819999999999039630e+01 4.031265312211204099e-01 2.090480185433709170e+00
8.829999999999039062e+01 3.417115103818476607e-01 2.146614035439592172e+00
8.839999999999037072e+01 2.846940765438489285e-01 2.198735916386217681e+00
8.849999999999036504e+01 2.323287274846150829e-01 2.246618877753544741e+00
8.859999999999035936e+01 1.848463383302065555e-01 2.290055276460132738e+00
8.869999999999033946e+01 1.424531624589296663e-01 2.328857697149941064e+00
8.879999999999033378e+01 1.053299570627644899e-01 2.362859773144997177e+00
8.889999999999031388e+01 7.363123577224793548e-02 2.391916904700338353e+00
8.899999999999030820e+01 4.748465035255510641e-02 2.415906871683565438e+00
8.909999999999030251e+01 2.699050311547243272e-02 2.434730338289227358e+00
8.919999999999028262e+01 1.222139134414844223e-02 2.448311247880763819e+00
8.929999999999027693e+01 3.221984682948475336e-03 2.456597106557632859e+00
8.939999999999025704e+01 8.936087511464428158e-06 2.459559154539671777e+00
8.949999999999025135e+01 2.570926545826191390e-03 2.457192424968584810e+00
8.959999999999024567e+01 1.086884335840812045e-02 2.449515690237682453e+00
8.969999999999022577e+01 2.483609129427019266e-02 2.436571296477283877e+00
8.979999999999022009e+01 4.437903541336112034e-02 2.418424887339804652e+00
8.989999999999021441e+01 6.937757376259082176e-02 2.395165018752778874e+00
8.999999999999019451e+01 9.968583751282254768e-02 2.366902666828516466e+00
9.009999999999018883e+01 1.351330154132081296e-01 2.333770631632686499e+00
9.019999999999018314e+01 1.755242987060225690e-01 2.295922840036579426e+00
9.029999999999016325e+01 2.206419418811814692e-01 2.253533551368489984e+00
9.039999999999015756e+01 2.702464338711597081e-01 2.206796470079031902e+00
9.049999999999013767e+01 3.240777735087763123e-01 2.155923770099435810e+00
9.059999999999013198e+01 3.818568423129955480e-01 2.101145036024419710e+00
9.069999999999012630e+01 4.432868669475478196e-01 2.042706126669523670e+00
9.079999999999010640e+01 5.080549630344149969e-01 1.980867966947675196e+00
9.089999999999010072e+01 5.758337514122036094e-01 1.915905274358409516e+00
9.099999999999008082e+01 6.462830374275689849e-01 1.848105226707442261e+00
9.109999999999007514e+01 7.190515434421552721e-01 1.777766077938504274e+00
9.119999999999006945e+01 7.937786844428916799e-01 1.705195729199656673e+00
9.129999999999004956e+01 8.700963764591020944e-01 1.630710262437759850e+00
9.139999999999004388e+01 9.476308674209762417e-01 1.554632443962973065e+00
9.149999999999003819e+01 1.026004580136673505e+00 1.477290205502511888e+00
9.159999999999001830e+01 1.104837957216031841e+00 1.399015110308595267e+00
9.169999999999001261e+01 1.183751298013280273e+00 1.320140811881938880e+00
9.179999999999000693e+01 1.262366577997784844e+00 1.241001512815846253e+00
9.189999999998998703e+01 1.340309241364002535e+00 1.161930431181189549e+00
9.199999999998998135e+01 1.417209958163339723e+00 1.083258281732148776e+00
9.209999999998996145e+01 1.492706337745078438e+00 1.005311779051072163e+00
9.219999999998995577e+01 1.566444590835114781e+00 9.284121695430117560e-01
9.229999999998995008e+01 1.638081133136444212e+00 8.528737989592549695e-01
9.239999999998993019e+01 1.707284123892323313e+00 7.790027218684497656e-01
9.249999999998992450e+01 1.773734933401662328e+00 7.070953592103673691e-01
9.259999999998990461e+01 1.837129534013402843e+00 6.374372097583838048e-01
9.269999999998989892e+01 1.897179809630792136e+00 5.703016209971267791e-01
9.279999999998989324e+01 1.953614779249621014e+00 5.059486245773096025e-01
9.289999999998987334e+01 2.006181730502174521e+00 4.446238411572085436e-01
9.299999999998986766e+01 2.054647259610647314e+00 3.865574590741088223e-01
9.309999999998986198e+01 2.098798214559251196e+00 3.319632909109400676e-01
9.319999999998984208e+01 2.138442538670456194e+00 2.810379116377025310e-01
9.329999999998983640e+01 2.173410012141086423e+00 2.339598816129213332e-01
9.339999999998983071e+01 2.203552889447915053e+00 1.908890573279185265e-01
9.349999999998981082e+01 2.228746430882891705e+00 1.519659923698479242e-01
9.359999999998980513e+01 2.248889326824611512e+00 1.173114306653001426e-01
9.369999999998978524e+01 2.263904013721574238e+00 8.702589364798138383e-02
9.379999999998977955e+01 2.273736881115903330e+00 6.118936257235211423e-02
9.389999999998977387e+01 2.278358369431749963e+00 3.986105677018183385e-02
9.399999999998975397e+01 2.277762958636146973e+00 2.307930822001779195e-02
9.409999999998974829e+01 2.271969048307255878e+00 1.086153237294950648e-02
9.419999999998972839e+01 2.261018730062458904e+00 3.204294751446521219e-03
9.429999999998972271e+01 2.244977453746632712e+00 8.347241441206997080e-05
9.439999999998971703e+01 2.223933589238203723e+00 1.454508961914801257e-03
9.449999999998969713e+01 2.197997886183938654e+00 7.252761339294652200e-03
9.459999999998969145e+01 2.167302834446655613e+00 1.739393629445591671e-02
9.469999999998968576e+01 2.132001928506178867e+00 3.177461394607099254e-02
9.479999999998966587e+01 2.092268839513986123e+00 5.027285553612444169e-02
9.489999999998966018e+01 2.048296499141903038e+00 7.274889206973968181e-02
9.499999999998965450e+01 2.000296099797742144e+00 9.904589019056030119e-02
9.509999999998963460e+01 1.948496016183226986e+00 1.289907913029200714e-01
9.519999999998962892e+01 1.893140653552191077e+00 1.623952196343373955e-01
9.529999999998960902e+01 1.834489228379762915e+00 1.990564546358087050e-01
9.539999999998960334e+01 1.772814487475088407e+00 2.387584628432901090e-01
9.549999999998959765e+01 1.708401371858705886e+00 2.812729840745658016e-01
9.559999999998957776e+01 1.641545631974528074e+00 3.263606666114356458e-01
9.569999999998957207e+01 1.572552401025866908e+00 3.737722458195077979e-01
9.579999999998955218e+01 1.501734733402857902e+00 4.232497604874366770e-01
9.589999999998954650e+01 1.429412115303412945e+00 4.745278010257982237e-01
9.599999999998954081e+01 1.355908954757971907e+00 5.273347835522318450e-01
9.609999999998952092e+01 1.281553058328569694e+00 5.813942438047966510e-01
9.619999999998951523e+01 1.206674101776568753e+00 6.364261447718616571e-01
9.629999999998950955e+01 1.131602101982651432e+00 6.921481919012634210e-01
9.639999999998948965e+01 1.056665897353966654e+00 7.482771497552546114e-01
9.649999999998948397e+01 9.821916438613792488e-01 8.045301540125828765e-01
9.659999999998947828e+01 9.085013337323604166e-01 8.606260127823911477e-01
9.669999999998945839e+01 8.359113436619721726e-01 9.162864912832950903e-01
9.679999999998945270e+01 7.647310192125557071e-01 9.712375740648815370e-01
9.689999999998943281e+01 6.952613018458990712e-01 1.025210699090021826e+00
9.699999999998942712e+01 6.277934047707131038e-01 1.077943958174905514e+00
9.709999999998942144e+01 5.626075434994839419e-01 1.129183258476627483e+00
9.719999999998940154e+01 4.999717266877951038e-01 1.178683439943752465e+00
9.729999999998939586e+01 4.401406124823988852e-01 1.226209343888088332e+00
9.739999999998937597e+01 3.833544352322870719e-01 1.271536828103726258e+00
9.749999999998937028e+01 3.298380070202693304e-01 1.314453724242979460e+00
9.759999999998936460e+01 2.797997980569589260e-01 1.354760733466855438e+00
9.769999999998934470e+01 2.334310995442034076e-01 1.392272256703135369e+00
9.779999999998933902e+01 1.909052721637171657e-01 1.426817156185624214e+00
9.789999999998933333e+01 1.523770828841134461e-01 1.458239445292872416e+00
9.799999999998931344e+01 1.179821323051493398e-01 1.486398904066741133e+00
9.809999999998930775e+01 8.783637427637165651e-02 1.511171618153971830e+00
9.819999999998930207e+01 6.203572904158172890e-02 1.532450439297439182e+00
9.829999999998928217e+01 4.065579067257489576e-02 1.550145365875331027e+00
9.839999999998927649e+01 2.375162906879618382e-02 1.564183842374860189e+00
9.849999999998925659e+01 1.135768631758076255e-02 1.574510977068288131e+00
9.859999999998925091e+01 3.487766735552135042e-03 1.581089677544243566e+00
9.869999999998924523e+01 1.351194486751908100e-04 1.583900704122126246e+00
9.879999999998922533e+01 1.272611921091619525e-03 1.582942641556539076e+00
9.889999999998921965e+01 6.852992414307858444e-03 1.578231789801643359e+00
9.899999999998919975e+01 1.680923895312313662e-02 1.569801974964297520e+00
9.909999999998919407e+01 3.105499199688065842e-02 1.557704281918077749e+00
9.919999999998918838e+01 4.948506766833964121e-02 1.542006710390953605e+00
9.929999999998916849e+01 7.197604808176932822e-02 1.522793756647944585e+00
9.939999999998916280e+01 9.838694504016821940e-02 1.500165923201522089e+00
9.949999999998915712e+01 1.285599331422431768e-01 1.474239159261709675e+00
9.959999999998913722e+01 1.623211481551568858e-01 1.445144234910590741e+00
9.969999999998913154e+01 1.994815463702336034e-01 1.413026052229304108e+00
9.979999999998912585e+01 2.398378205673043773e-01 1.378042896834393849e+00
9.989999999998910596e+01 2.831733681662192414e-01 1.340365633492984099e+00
