1.000000000000000000e+00 2.000000000000000000e+00 0.000000000000000000e+00
1.099999999999988987e+00 1.997600965914303250e+00 1.999200209186739133e-03
1.199999999999977973e+00 1.990415438112906221e+00 7.987208581557323980e-03
1.299999999999966960e+00 1.978478045923131257e+00 1.793529471763071620e-02
1.399999999999955946e+00 1.961846239879458054e+00 3.179572871918764226e-02
1.499999999999944933e+00 1.940599950947135666e+00 4.950201100307088931e-02
1.599999999999933920e+00 1.914841147462844617e+00 7.096919173902857536e-02
1.699999999999922906e+00 1.884693293760063115e+00 9.609427797594387310e-02
1.799999999999911893e+00 1.850300714690087389e+00 1.247567261489735124e-01
1.899999999999900879e+00 1.811827870446095723e+00 1.568190173076264016e-01
1.999999999999889866e+00 1.769458546240459507e+00 1.921273120730000172e-01
2.099999999999878852e+00 1.723394961476938825e+00 2.305121820196520954e-01
2.199999999999867839e+00 1.673856803127705017e+00 2.717894138854801689e-01
2.299999999999856826e+00 1.621080188050198378e+00 3.157608827391418793e-01
2.399999999999845812e+00 1.565316558990953677e+00 3.622154899802498829e-01
2.499999999999834799e+00 1.506831519016947674e+00 4.109301618105904441e-01
2.599999999999823785e+00 1.445903609108079468e+00 4.616709035955281482e-01
2.699999999999812772e+00 1.382823033628485465e+00 5.141939053315438546e-01
2.799999999999801759e+00 1.317890338398536532e+00 5.682466932494858458e-01
2.899999999999790745e+00 1.251415046095313066e+00 6.235693224118090683e-01
2.999999999999779732e+00 1.183714253742894185e+00 6.798956050060371847e-01
3.099999999999768718e+00 1.115111197098973328e+00 7.369543688952898686e-01
3.199999999999757705e+00 1.045933786826027001e+00 7.944707408612440291e-01
3.299999999999746692e+00 9.765131214296910445e-01 8.521674488631427735e-01
3.399999999999735678e+00 9.071819820749431607e-01 9.097661375412960938e-01
3.499999999999724665e+00 8.382733145379585027e-01 9.669886911160576748e-01
3.599999999999713651e+00 7.701187037184934470e-01 1.023558557767323185e+00
3.699999999999702638e+00 7.030468463221779540e-01 1.079202069541235876e+00
3.799999999999691624e+00 6.373820275146617753e-01 1.133649751801556249e+00
3.899999999999680611e+00 5.734426075460538064e-01 1.186637616241868587e+00
3.999999999999669598e+00 5.115395245346893160e-01 1.237908431492539707e+00
4.099999999999658584e+00 4.519748197810508072e-01 1.287212965398824238e+00
4.199999999999647571e+00 3.950401921398759009e-01 1.334311193111572758e+00
4.299999999999636557e+00 3.410155881089952934e-01 1.378973465225184603e+00
4.399999999999625544e+00 2.901678343857735376e-01 1.420981630321523692e+00
4.499999999999614531e+00 2.427493196931252428e-01 1.460130106418058515e+00
4.599999999999603517e+00 1.989967326729357722e-01 1.496226896006224383e+00
4.699999999999592504e+00 1.591298625899627839e-01 1.529094539566257183e+00
4.799999999999581490e+00 1.233504694730019474e-01 1.558571002678969197e+00
4.899999999999570477e+00 9.184123014324348244e-02 1.584510492129896031e+00
4.999999999999559464e+00 6.476476634145469924e-02 1.606784196681360966e+00
5.099999999999548450e+00 4.226276086847118030e-02 1.625280948521776070e+00
5.199999999999537437e+00 2.445516729751772561e-02 1.639907801739698190e+00
5.299999999999526423e+00 1.143951841029617646e-02 1.650590524545445748e+00
5.399999999999515410e+00 3.290338054132710757e-03 1.657274002358916087e+00
5.499999999999504396e+00 5.866062326774282694e-05 1.659922549289509330e+00
5.599999999999493383e+00 1.771661840067828998e-03 1.658520125975400772e+00
5.699999999999482370e+00 8.432403959076779573e-03 1.653070462187885781e+00
5.799999999999471356e+00 2.001969794581090131e-02 1.643597083071771880e+00
5.899999999999460343e+00 3.648808459962529782e-02 1.630143238358505275e+00
5.999999999999449329e+00 5.776793600175622601e-02 1.612771734369862431e+00
6.099999999999438316e+00 8.376567808048161756e-02 1.591564669108812335e+00
6.199999999999427303e+00 1.143641344984567126e-01 1.566623071218246066e+00
6.299999999999416289e+00 1.494229914847554352e-01 1.538066444076291228e+00
6.399999999999405276e+00 1.887793826559192312e-01 1.506032216774208177e+00
6.499999999999394262e+00 2.322485922957698845e-01 1.470675104208217787e+00
6.599999999999383249e+00 2.796248749906347086e-01 1.432166378981381882e+00
6.699999999999372235e+00 3.306823889406879657e-01 1.390693058283999584e+00
6.799999999999361222e+00 3.851762396883491868e-01 1.346457009374297797e+00
6.899999999999350209e+00 4.428436304130861090e-01 1.299673977722252127e+00
6.999999999999339195e+00 5.034051143402631379e-01 1.250572542317204938e+00
7.099999999999328182e+00 5.665659441932294760e-01 1.199393003052592332e+00
7.199999999999317168e+00 6.320175129822066529e-01 1.146386205500263156e+00
7.299999999999306155e+00 6.994388797756290188e-01 1.091812308770394591e+00
7.399999999999295142e+00 7.684983734341279682e-01 1.035939502506608489e+00
7.499999999999284128e+00 8.388552666191932961e-01 9.790426794043016745e-01
7.599999999999273115e+00 9.101615117131279797e-01 9.214020699419059879e-01
7.699999999999262101e+00 9.820635296315896046e-01 8.633018462925973191e-01
7.799999999999251088e+00 1.054204041863432195e+00 8.050287026235187771e-01
7.899999999999240075e+00 1.126223935474301774e+00 7.468704191942876491e-01
7.999999999999229061e+00 1.197764150254773785e+00 6.891144178282677668e-01
8.099999999999218048e+00 1.268467576710008204e+00 6.320463164490784935e-01
8.199999999999207034e+00 1.337980953187842381e+00 5.759484904471342537e-01
8.299999999999196021e+00 1.405956750140727296e+00 5.210986486622507519e-01
8.399999999999185007e+00 1.472055029333559251e+00 4.677684317389123048e-01
8.499999999999173994e+00 1.535945265748972277e+00 4.162220405260071976e-01
8.599999999999162981e+00 1.597308120024990563e+00 3.667149020571948137e-01
8.699999999999151967e+00 1.655837149481583781e+00 3.194923804520328203e-01
8.799999999999140954e+00 1.711240446165455786e+00 2.747885398329552031e-01
8.899999999999129940e+00 1.763242190863014702e+00 2.328249660514114250e-01
8.999999999999118927e+00 1.811584112685870940e+00 1.938096536659255076e-01
9.099999999999107914e+00 1.856026844630930928e+00 1.579359642155242771e-01
9.199999999999096900e+00 1.896351166426125445e+00 1.253816613889514320e-01
9.299999999999085887e+00 1.932359126983421493e+00 9.630802820723861901e-02
9.399999999999074873e+00 1.963875039883452800e+00 7.085907082010210745e-02
9.499999999999063860e+00 1.990746346471794048e+00 4.916081297024253033e-02
9.599999999999052847e+00 2.012844342345489590e+00 3.132068461015925787e-02
9.699999999999041833e+00 2.030064764222539786e+00 1.742700756963716860e-02
9.799999999999030820e+00 2.042328235394653024e+00 7.548580574434134854e-03
9.899999999999019806e+00 2.049580569138033770e+00 1.734365314422717111e-03
9.999999999999008793e+00 2.051792930589637631e+00 1.327465784392513172e-05
1.009999999999899778e+01 2.048961858648605361e+00 2.394063513154230573e-03
1.019999999999898677e+01 2.041109150453034093e+00 8.865322256184610117e-03
1.029999999999897575e+01 2.028281611857055911e+00 1.939557207237113667e-02
1.039999999999896474e+01 2.010550678127111635e+00 3.393346101562033645e-02
1.049999999999895373e+01 1.988011909756621343e+00 5.240805906020187116e-02
1.059999999999894271e+01 1.960784368871525851e+00 7.472924992256159415e-02
1.069999999999893170e+01 1.929009882179645530e+00 1.007882169579360637e-01
1.079999999999892069e+01 1.892852196788533892e+00 1.304580199941030028e-01
1.089999999999890967e+01 1.852496035512578354e+00 1.635942595515444131e-01
1.099999999999889866e+01 1.808146058493441677e+00 2.000358245169316374e-01
1.109999999999888765e+01 1.760025738099902703e+00 2.396057189849891689e-01
1.119999999999887663e+01 1.708376154160305971e+00 2.821119636616180593e-01
1.129999999999886562e+01 1.653454716608366182e+00 3.273485669293362821e-01
1.139999999999885461e+01 1.595533822627179132e+00 3.750965604120588548e-01
1.149999999999884359e+01 1.534899455349987951e+00 4.251250936420364335e-01
1.159999999999883258e+01 1.471849731124622807e+00 4.771925822231780079e-01
1.169999999999882156e+01 1.406693402298172080e+00 5.310479037035786831e-01
1.179999999999881055e+01 1.339748322408922165e+00 5.864316352162225465e-01
1.189999999999879954e+01 1.271339880613450601e+00 6.430773268145865140e-01
1.199999999999878852e+01 1.201799412109731291e+00 7.007128043258167294e-01
1.209999999999877751e+01 1.131462591256138683e+00 7.590614954628898126e-01
1.219999999999876650e+01 1.060667814026463596e+00 8.178437728780058036e-01
1.229999999999875548e+01 9.897545763862330981e-01 8.767783078087666437e-01
1.239999999999874447e+01 9.190618551178918461e-01 9.355834279535784059e-01
1.249999999999873346e+01 8.489264975678907366e-01 9.939784732293486247e-01
1.259999999999872244e+01 7.796816267315970217e-01 1.051685143097248254e+00
1.269999999999871143e+01 7.116550680332877077e-01 1.108428829200132304e+00
1.279999999999870042e+01 6.451678040962322003e-01 1.163939927137572106e+00
1.289999999999868940e+01 5.805324637287191392e-01 1.217955121305174471e+00
1.299999999999867839e+01 5.180518512820703192e-01 1.270218636851163208e+00
1.309999999999866738e+01 4.580175224562870739e-01 1.320483452950721892e+00
1.319999999999865636e+01 4.007084125423655552e-01 1.368512471765789940e+00
1.329999999999864535e+01 3.463895229976182710e-01 1.414079637651409982e+00
1.339999999999863434e+01 2.953106721431698056e-01 1.456971001381720754e+00
1.349999999999862332e+01 2.477053156554924751e-01 1.496985724401488804e+00
1.359999999999861231e+01 2.037894423904050845e-01 1.533937018367404370e+00
1.369999999999860130e+01 1.637605509226133793e-01 1.567653015521144777e+00
1.379999999999859028e+01 1.277967120062216966e-01 1.597977565733827987e+00
1.389999999999857927e+01 9.605572195210426711e-02 1.624770956384083753e+00
1.399999999999856826e+01 6.867435167342254843e-02 1.647910551574209403e+00
1.409999999999855724e+01 4.576769586439553839e-02 1.667291347551809411e+00
1.419999999999854623e+01 2.742862644217463480e-02 1.682826441589464483e+00
1.429999999999853522e+01 1.372735399436138953e-02 1.694447411978664997e+00
1.439999999999852420e+01 4.711100528890447246e-03 1.702104607217300947e+00
1.449999999999851319e+01 4.038863166524231971e-04 1.705767342913560025e+00
1.459999999999850218e+01 8.064330483066453137e-04 1.705424005381353414e+00
1.469999999999849116e+01 5.896184896488724896e-03 1.701082061379538768e+00
1.479999999999848015e+01 1.562744838568680059e-02 1.692767973924783398e+00
1.489999999999846914e+01 2.993165123033256561e-02 1.680527024604572262e+00
1.499999999999845812e+01 4.871771951511050941e-02 1.664423043304938510e+00
1.509999999999844711e+01 7.187257177097543248e-02 1.644538046775418483e+00
1.519999999999843610e+01 9.926172765841376200e-02 1.620971787941044795e+00
1.529999999999842508e+01 1.307300281212053772e-01 1.593841218362278767e+00
1.539999999999841407e+01 1.661024630350837472e-01 1.563279866720121536e+00
1.549999999999840306e+01 2.051851015629749531e-01 1.529437136665372954e+00
1.559999999999839204e+01 2.477661196594429238e-01 1.492477527809471960e+00
1.569999999999838103e+01 2.936169184561429057e-01 1.452579784050032519e+00
1.579999999999837001e+01 3.424933266253425979e-01 1.409935973815314103e+00
1.589999999999835900e+01 3.941368792676735455e-01 1.364750507162516779e+00
1.599999999999834799e+01 4.482761654200237422e-01 1.317239094986549119e+00
1.609999999999833875e+01 5.046282359286764496e-01 1.267627655882250348e+00
1.619999999999832596e+01 5.629000631934319987e-01 1.216151176442637816e+00
1.629999999999831317e+01 6.227900441519981234e-01 1.163052530983193611e+00
1.639999999999830393e+01 6.839895378421479988e-01 1.108581266844471003e+00
1.649999999999829470e+01 7.461844289430115129e-01 1.052992361551776002e+00
1.659999999999828191e+01 8.090567088415845376e-01 9.965449581923196964e-01
1.669999999999826912e+01 8.722860659923367121e-01 9.395010854221106378e-01
1.679999999999825988e+01 9.355514776075737338e-01 8.821243685233116638e-01
1.689999999999825064e+01 9.985327950334580427e-01 8.246787379158045939e-01
1.699999999999823785e+01 1.060912315500034175e+00 7.674271414734752383e-01
1.709999999999822506e+01 1.122376333279145877e+00 7.106302669146735695e-01
1.719999999999821583e+01 1.182616663614257657e+00 6.545452804368955269e-01
1.729999999999820659e+01 1.241332133106415991e+00 5.994245876313509802e-01
1.739999999999819380e+01 1.298230030517963485e+00 5.455146225682732108e-01
1.749999999999818101e+01 1.353027512206635752e+00 4.930546707745760426e-01
1.759999999999817177e+01 1.405452956605559800e+00 4.422757316387741500e-01
1.769999999999816254e+01 1.455247262332831415e+00 3.933994255742414015e-01
1.779999999999814975e+01 1.502165084648925619e+00 3.466369510546469246e-01
1.789999999999813696e+01 1.545976005078500082e+00 3.021880963954093891e-01
1.799999999999812772e+01 1.586465629108593900e+00 2.602403109058959441e-01
1.809999999999811848e+01 1.623436606953299943e+00 2.209678397644599668e-01
1.819999999999810569e+01 1.656709572472216507e+00 1.845309266816043126e-01
1.829999999999809290e+01 1.686123995447721624e+00 1.510750881099006404e-01
1.839999999999808367e+01 1.711538942583024081e+00 1.207304624337788568e-01
1.849999999999807443e+01 1.732833742800614862e+00 9.361123722707184736e-02
1.859999999999806164e+01 1.749908552687329477e+00 6.981515730075232851e-02
1.869999999999804885e+01 1.762684818290747746e+00 4.942311587930698497e-02
1.879999999999803961e+01 1.771105629893077404e+00 3.249883084038285991e-02
1.889999999999803038e+01 1.775135966902430473e+00 1.908860753146560466e-02
1.899999999999801759e+01 1.774762830587423679e+00 9.221189240575924928e-03
1.909999999999800480e+01 1.769995263042222433e+00 2.907695947894413640e-03
1.919999999999799556e+01 1.760864251498353461e+00 1.416515245172482278e-04
1.929999999999798632e+01 1.747422517874484438e+00 8.990990768129486803e-04
1.939999999999797353e+01 1.729744194269635438e+00 5.138803663732110019e-03
1.949999999999796074e+01 1.707924385942085399e+00 1.280254114396654416e-02
1.959999999999795151e+01 1.682078624150591395e+00 2.381547144431737234e-02
1.969999999999794227e+01 1.652342212051309600e+00 3.808659408427177151e-02
1.979999999999792948e+01 1.618869467631151027e+00 5.550928334874385278e-02
1.989999999999791669e+01 1.581832868388598490e+00 7.596190007535612299e-02
1.999999999999790745e+01 1.541422103143428313e+00 9.930847661780718705e-02
2.009999999999789821e+01 1.497843036942762662e+00 1.253994711666266415e-01
2.019999999999788542e+01 1.451316595541458865e+00 1.540725872551286235e-01
2.029999999999787264e+01 1.402077576350027943e+00 1.851536539541442927e-01
2.039999999999786340e+01 1.350373393061993221e+00 2.184575619659164525e-01
2.049999999999785416e+01 1.296462761419347576e+00 2.537892505661140663e-01
2.059999999999784137e+01 1.240614333716313800e+00 2.909447401140042855e-01
2.069999999999782858e+01 1.183105289726749110e+00 3.297122046543545237e-01
2.079999999999781934e+01 1.124219891749784539e+00 3.698730789707269095e-01
2.089999999999781011e+01 1.064248011428526874e+00 4.112031943163783065e-01
2.099999999999779732e+01 1.003483635914156569e+00 4.534739369468141490e-01
2.109999999999778453e+01 9.422233608402558191e-01 4.964534235051751287e-01
2.119999999999777529e+01 8.807648774432094152e-01 5.399076872653015835e-01
2.129999999999776605e+01 8.194054610359980950e-01 5.836018692207916025e-01
2.139999999999775326e+01 7.584404679080818390e-01 6.273014080141068316e-01
2.149999999999774047e+01 6.981618476070945434e-01 6.707732227345553078e-01
2.159999999999773124e+01 6.388566774433183104e-01 7.137868826684488077e-01
2.169999999999772200e+01 5.808057259648450321e-01 7.561157581689679219e-01
2.179999999999770921e+01 5.242820520615164570e-01 7.975381469145158553e-01
2.189999999999769642e+01 4.695496462774446100e-01 8.378383699557587772e-01
2.199999999999768718e+01 4.168621208293353808e-01 8.768078321033755396e-01
2.209999999999767795e+01 3.664614547409444922e-01 9.142460413845077127e-01
2.219999999999766516e+01 3.185768003976383045e-01 9.499615825001950231e-01
2.229999999999765237e+01 2.734233576902203589e-01 9.837730394411154933e-01
2.239999999999764313e+01 2.312013217495442197e-01 1.015509862673297681e+00
2.249999999999763389e+01 1.920949100561865075e-01 1.045013176581645720e+00
2.259999999999762110e+01 1.562714744408131018e-01 1.072136523166421052e+00
2.269999999999760831e+01 1.238807031624315630e-01 1.096746538312488584e+00
2.279999999999759908e+01 9.505391785936172233e-02 1.118723557307018446e+00
2.289999999999758984e+01 6.990346971033133128e-02 1.137962146655312479e+00
2.299999999999757705e+01 4.852223862066371018e-02 1.154371559643056155e+00
2.309999999999756426e+01 3.098323866486873274e-02 1.167876113507942071e+00
2.319999999999755502e+01 1.733933237593974358e-02 1.178415486517100597e+00
2.329999999999754579e+01 7.623055782186966348e-03 1.185944933693908077e+00
2.339999999999753300e+01 1.846555361946604574e-03 1.190435420393764154e+00
2.349999999999752021e+01 1.637326144997457051e-06 1.191873673395126731e+00
2.359999999999751097e+01 2.059928859146610558e-03 1.190262149638174227e+00
2.369999999999750173e+01 7.973150161085499135e-03 1.185618923211544828e+00
2.379999999999748894e+01 1.767349535158741630e-02 1.177977491655414433e+00
2.389999999999747615e+01 3.107411952635748958e-02 1.167386503100681594e+00
2.399999999999746692e+01 4.806972851502026162e-02 1.153909406212404676e+00
2.409999999999745768e+01 6.853726717998581686e-02 1.137624025338027201e+00
2.419999999999744489e+01 9.233670143026330435e-02 1.118622063668851974e+00
2.429999999999743210e+01 1.193118885077007196e-01 1.097008537620381530e+00
2.439999999999742286e+01 1.492915295416461785e-01 1.072901146001366213e+00
2.449999999999741362e+01 1.820901978652097741e-01 1.046429577886519136e+00
2.459999999999740083e+01 2.175094361460292169e-01 1.017734763418314259e+00
2.469999999999738804e+01 2.553389150068596236e-01 9.869680720512896688e-01
2.479999999999737881e+01 2.953576454996595380e-01 9.542904630002750910e-01
2.489999999999736957e+01 3.373352375485590970e-01 9.198715928757231763e-01
2.499999999999735678e+01 3.810331962946265638e-01 8.838888856756227375e-01
2.509999999999734399e+01 4.262062481562837180e-01 8.465265704535350766e-01
2.519999999999733475e+01 4.726036883626799634e-01 8.079746920985282355e-01
2.529999999999732552e+01 5.199707417235934770e-01 7.684281007479810688e-01
2.539999999999731273e+01 5.680499284651475689e-01 7.280854253963463529e-01
2.549999999999729994e+01 6.165824270874462609e-01 6.871480372817628801e-01
2.559999999999729070e+01 6.653094263819535614e-01 6.458190086044190981e-01
2.569999999999728146e+01 7.139734589879969118e-01 6.043020720833286452e-01
2.579999999999726867e+01 7.623197091586583207e-01 5.628005867667774664e-01
2.589999999999725588e+01 8.100972877516566806e-01 5.215165153975669377e-01
2.599999999999724665e+01 8.570604678518507491e-01 4.806494184877070364e-01
2.609999999999723741e+01 9.029698748675097919e-01 4.403954700824149748e-01
2.619999999999722462e+01 9.475936254147986348e-01 4.009464999956279252e-01
2.629999999999721183e+01 9.907084098124822047e-01 3.624890670763204481e-01
2.639999999999720259e+01 1.032100513541571729e+00 3.252035678193880841e-01
2.649999999999719336e+01 1.071566773574920806e+00 2.892633843760719636e-01
2.659999999999718057e+01 1.108915466046388687e+00 2.548340757361976516e-01
2.669999999999716778e+01 1.143967122294691441e+00 2.220726155666161994e-01
2.679999999999715854e+01 1.176555270877705395e+00 1.911266798847461590e-01
2.689999999999714930e+01 1.206527103701321657e+00 1.621339874372857703e-01
2.699999999999713651e+01 1.233744064930760720e+00 1.352216953372875341e-01
2.709999999999712372e+01 1.258082361853520625e+00 1.105058521940595062e-01
2.719999999999711449e+01 1.279433397322454757e+00 8.809091065069886428e-02
2.729999999999710525e+01 1.297704123832894352e+00 6.806930092543889144e-02
2.739999999999709246e+01 1.312817319666889970e+00 5.052106663858442481e-02
2.749999999999707967e+01 1.324711787870462842e+00 3.551356389618700454e-02
2.759999999999707043e+01 1.333342479123084567e+00 2.310122429786630460e-02
2.769999999999706120e+01 1.338680539794922408e+00 1.332538223951829602e-02
2.779999999999704841e+01 1.340713286695628836e+00 6.214166592531325355e-03
2.789999999999703562e+01 1.339444110180008973e+00 1.782456560865454094e-03
2.799999999999702638e+01 1.334892307404088596e+00 3.190124532266147545e-05
2.809999999999701714e+01 1.327092847636770045e+00 9.510021810643674378e-04
2.819999999999700435e+01 1.316096071610585838e+00 4.515257859653756985e-03
2.829999999999699156e+01 1.301967326976718020e+00 1.068736900034372890e-02
2.839999999999698233e+01 1.284786541991216335e+00 1.941750309676801983e-02
2.849999999999697309e+01 1.264647739639713331e+00 3.064361653432805255e-02
2.859999999999696030e+01 1.241658494481300501e+00 4.429183235014443748e-02
2.869999999999694751e+01 1.215939334591559229e+00 6.027687149139892425e-02
2.879999999999693827e+01 1.187623091096621675e+00 7.850253521909450471e-02
2.889999999999692903e+01 1.156854197924565009e+00 9.886223610313875365e-02
2.899999999999691624e+01 1.123787944555088236e+00 1.212395748612258434e-01
2.909999999999690345e+01 1.088589684728328510e+00 1.455089601092243723e-01
2.919999999999689422e+01 1.051434004271879497e+00 1.715362679149030900e-01
2.929999999999688498e+01 1.012503851417205336e+00 1.991795378816194895e-01
2.939999999999687219e+01 9.719896332062516464e-01 2.282897023341497189e-01
2.949999999999685940e+01 9.300882818222557802e-01 2.587113450369882273e-01
2.959999999999685016e+01 8.870022949102007725e-01 2.902834857482852193e-01
2.969999999999684093e+01 8.429387541816130147e-01 3.228403867991947451e-01
2.979999999999682814e+01 7.981083268080205739e-01 3.562123777930993884e-01
2.989999999999681535e+01 7.527242543014712739e-01 3.902266944409426563e-01
2.999999999999680611e+01 7.070013337386129582e-01 4.247083274909972950e-01
3.009999999999679687e+01 6.611548963181254068e-01 4.594808776719153109e-01
3.019999999999678408e+01 6.153997883241070221e-01 4.943674125522664053e-01
3.029999999999677129e+01 5.699493596137180651e-01 5.291913212244474529e-01
3.039999999999676206e+01 5.250144647435750489e-01 5.637771627473072700e-01
3.049999999999675282e+01 4.808024817917972427e-01 5.979515043336508517e-01
3.059999999999674003e+01 4.375163538316039213e-01 6.315437453405782220e-01
3.069999999999672724e+01 3.953536578547693914e-01 6.643869232139695269e-01
3.079999999999671800e+01 3.545057057419785385e-01 6.963184976574914309e-01
3.089999999999670877e+01 3.151566816308483676e-01 7.271811094287683463e-01
3.099999999999669598e+01 2.774828197433304999e-01 7.568233103254291549e-01
3.109999999999668319e+01 2.416516264127769320e-01 7.851002610925190695e-01
3.119999999999667395e+01 2.078211496996723306e-01 8.118743941750516946e-01
3.129999999999666471e+01 1.761392996092478458e-01 8.370160384415603616e-01
3.139999999999665192e+01 1.467432215355498892e-01 8.604040032191306864e-01
3.149999999999663913e+01 1.197587251574282335e-01 8.819261192088981849e-01
3.159999999999662990e+01 9.529977061158123597e-02 9.014797340814664217e-01
3.169999999999662066e+01 7.346801337353982275e-02 9.189721607931358172e-01
3.179999999999660787e+01 5.435240889408640697e-02 9.343210769090412038e-01
3.189999999999659508e+01 3.802887767395315283e-02 9.474548734624892443e-01
3.199999999999658584e+01 2.456003111708328010e-02 9.583129521285803643e-01
3.209999999999657661e+01 1.399495818810418159e-02 9.668459697336412306e-01
3.219999999999656382e+01 6.369072615646325514e-03 9.730160293661329618e-01
3.229999999999655103e+01 1.704020131998434853e-03 9.767968175903450900e-01
3.239999999999653824e+01 7.645023249215709244e-06 9.781736875003630427e-01
3.249999999999653255e+01 1.274015082097203037e-03 9.771436875764337726e-01
3.259999999999651976e+01 5.483503907310448809e-03 9.737155365290022235e-01
3.269999999999650697e+01 1.260292937729096119e-02 9.679095445281308274e-01
3.279999999999650129e+01 2.258574703730470770e-02 9.597574814247307184e-01
3.289999999999648850e+01 3.537229707676212143e-02 9.493023927680163121e-01
3.299999999999647571e+01 5.089010352973769719e-02 9.365983646207595159e-01
3.309999999999646292e+01 6.905422430331889516e-02 9.217102383566511126e-01
3.319999999999645013e+01 8.976765061865464579e-02 9.047132768096290967e-01
3.329999999999644444e+01 1.129217544325039346e-01 8.856927833176199139e-01
3.339999999999643165e+01 1.383967823868436087e-01 8.647436753762584027e-01
3.349999999999641886e+01 1.660623948046736353e-01 8.419700147830434522e-01
3.359999999999641318e+01 1.957782482063376295e-01 8.174844963162396505e-01
3.369999999999640039e+01 2.273946197569284844e-01 7.914078971505243976e-01
3.379999999999638760e+01 2.607530719701949273e-01 7.638684893657377017e-01
3.389999999999637481e+01 2.956871558806966616e-01 7.350014180596967650e-01
3.399999999999636202e+01 3.320231507577682817e-01 7.049480477191949479e-01
3.409999999999635634e+01 3.695808382665043967e-01 6.738552796509839071e-01
3.419999999999634355e+01 4.081743087877209297e-01 6.418748434095958855e-01
3.429999999999633076e+01 4.476127973900712598e-01 6.091625652932132207e-01
3.439999999999632507e+01 4.877015467089711453e-01 5.758776171048994863e-01
3.449999999999631228e+01 5.282426937336158757e-01 5.421817484930226971e-01
3.459999999999629949e+01 5.690361772373375704e-01 5.082385062928774788e-01
3.469999999999628670e+01 6.098806623214503286e-01 4.742124443906414188e-01
3.479999999999627391e+01 6.505744782782737490e-01 4.402683277124778694e-01
3.489999999999626823e+01 6.909165657280167405e-01 4.065703340148786316e-01
3.499999999999625544e+01 7.307074287498879217e-01 3.732812572053485489e-01
3.509999999999624265e+01 7.697500875224220218e-01 3.405617159608379518e-01
3.519999999999623697e+01 8.078510268102919722e-01 3.085693714315310143e-01
3.529999999999622418e+01 8.448211354978396592e-01 2.774581578155450035e-01
3.539999999999621139e+01 8.804766322726269578e-01 2.473775295717336453e-01
3.549999999999619860e+01 9.146399725091082233e-01 2.184717289938496176e-01
3.559999999999618581e+01 9.471407313980736431e-01 1.908790778078318096e-01
3.569999999999618012e+01 9.778164584076387555e-01 1.647312963676914599e-01
3.579999999999616733e+01 1.006513498246286442e+00 1.401528539201939705e-01
3.589999999999615454e+01 1.033087773630728678e+00 1.172603532798139753e-01
3.599999999999614886e+01 1.057405525329168317e+00 9.616195310860727041e-02
3.609999999999613607e+01 1.079344005157685915e+00 7.695683082692944543e-02
3.619999999999612328e+01 1.098792117846228988e+00 5.973468899543631777e-02
3.629999999999611049e+01 1.115651007954931551e+00 4.457530780492036104e-02
3.639999999999609770e+01 1.129834588309353904e+00 3.154814609063661540e-02
3.649999999999609201e+01 1.141270006731572195e+00 2.071199305359531367e-02
3.659999999999607923e+01 1.149898048159525787e+00 1.211467262324909984e-02
3.669999999999606644e+01 1.155673469583561319e+00 5.792802136257021832e-03
3.679999999999606075e+01 1.158565265565515201e+00 1.771606735806147137e-03
3.689999999999604796e+01 1.158556862454269920e+00 6.479061649454212403e-05
3.699999999999603517e+01 1.155646239765711458e+00 6.744659526098960908e-04
3.709999999999602238e+01 1.149845977555871146e+00 3.591140054078011210e-03
3.719999999999600959e+01 1.141183228983991160e+00 8.793760995669292965e-03
3.729999999999600391e+01 1.129699617640231191e+00 1.624982166265932088e-02
3.739999999999599112e+01 1.115451059598887129e+00 2.591552185135978861e-02
3.749999999999597833e+01 1.098507510557274136e+00 3.773598775723032567e-02
3.759999999999597264e+01 1.078952638829877575e+00 5.164554787808123965e-02
3.769999999999595985e+01 1.056883425391648146e+00 6.756806405679459393e-02
3.779999999999594706e+01 1.032409692593140749e+00 8.541731608874252035e-02
3.789999999999593427e+01 1.005653563619673285e+00 1.050974380253234253e-01
3.799999999999592148e+01 9.767488552088633424e-01 1.265034040188781073e-01
3.809999999999591580e+01 9.458404065954215678e-01 1.495215612774854763e-01
3.819999999999590301e+01 9.130833480978035599e-01 1.740302074328324844e-01
3.829999999999589022e+01 8.786423131975781287e-01 1.999002093729844443e-01
3.839999999999588454e+01 8.426905983835702996e-01 2.269956603562410524e-01
3.849999999999587175e+01 8.054092754241547469e-01 2.551745720036719400e-01
3.859999999999585896e+01 7.669862610953289694e-01 2.842895975708980560e-01
3.869999999999584617e+01 7.276153497114004054e-01 3.141887827223495133e-01
3.879999999999583338e+01 6.874952140780721255e-01 3.447163398787200794e-01
3.889999999999582769e+01 6.468283807082524373e-01 3.757134420790196327e-01
3.899999999999581490e+01 6.058201853005096282e-01 4.070190321968139568e-01
3.909999999999580211e+01 5.646777145818102639e-01 4.384706432728954217e-01
3.919999999999579643e+01 5.236087406514543519e-01 4.699052256769331026e-01
3.929999999999578364e+01 4.828206539409432008e-01 5.011599767888321733e-01
3.939999999999577085e+01 4.425194008183604977e-01 5.320731688922487601e-01
3.949999999999575806e+01 4.029084317294047146e-01 5.624849710028129168e-01
3.959999999999574527e+01 3.641876655779019423e-01 5.922382604082161439e-01
3.969999999999573959e+01 3.265524758218504298e-01 6.211794197720925670e-01
3.979999999999572680e+01 2.901927034964812413e-01 6.491591157558246339e-01
3.989999999999571401e+01 2.552917020908483936e-01 6.760330552290266803e-01
3.999999999999570832e+01 2.220254189004980117e-01 7.016627152794885358e-01
4.009999999999569553e+01 1.905615171686311782e-01 7.259160433875418983e-01
4.019999999999568274e+01 1.610585430162813914e-01 7.486681243003013853e-01
4.029999999999566995e+01 1.336651408575974531e-01 7.698018103244679278e-01
4.039999999999565716e+01 1.085193206994556486e-01 7.892083119551855930e-01
4.049999999999565148e+01 8.574778044276429312e-02 8.067877459614132274e-01
4.059999999999563869e+01 6.546528603259589574e-02 8.224496382724850729e-01
4.069999999999562590e+01 4.777411204770580511e-02 8.361133792300269318e-01
4.079999999999562021e+01 3.276354507226254126e-02 8.477086290113651224e-01
4.089999999999560742e+01 2.050945195095718251e-02 8.571756712708510362e-01
4.099999999999559464e+01 1.107391478694432635e-02 8.644657132969666424e-01
4.109999999999558185e+01 4.504934294997652543e-03 8.695411312439947915e-01
4.119999999999556906e+01 8.362028637083368130e-04 8.723756592607865290e-01
4.129999999999556337e+01 8.694840503545922799e-05 8.729545216108859362e-01
4.139999999999555058e+01 2.261849772345031050e-03 8.712745071596259550e-01
4.149999999999553779e+01 7.351024205978760363e-03 8.673439858817338921e-01
4.159999999999553211e+01 1.533008691678420556e-02 8.611828673347620144e-01
4.169999999999551932e+01 2.616028254332437158e-02 8.528225013301835578e-01
4.179999999999550653e+01 3.978868782015868716e-02 8.423055213263962449e-01
4.189999999999549374e+01 5.614848437739101972e-02 8.296856313572670283e-01
4.199999999999548095e+01 7.515930016230440436e-02 8.150273375976527790e-01
4.209999999999547526e+01 9.672761754047370930e-02 7.984056259499510144e-01
4.219999999999546247e+01 1.207472457067273602e-01 7.799055873103949432e-01
4.229999999999544968e+01 1.470998546250412431e-01 7.596219924392397793e-01
4.239999999999544400e+01 1.756555673333660972e-01 7.376588186136782133e-01
4.249999999999543121e+01 2.062736071029541429e-01 7.141287304791436030e-01
4.259999999999541842e+01 2.388029956431312884e-01 6.891525177404109748e-01
4.269999999999540563e+01 2.730832982985021418e-01 6.628584925360325730e-01
4.279999999999539284e+01 3.089454120014260008e-01 6.353818495265961541e-01
4.289999999999538716e+01 3.462123916225717246e-01 6.068639918922442700e-01
4.299999999999537437e+01 3.847003103061056306e-01 5.774518265787597082e-01
4.309999999999536158e+01 4.242191493789049250e-01 5.472970322550733124e-01
4.319999999999535589e+01 4.645737134842367055e-01 5.165553035481026400e-01
4.329999999999534310e+01 5.055645666943732186e-01 4.853855752038885862e-01
4.339999999999533031e+01 5.469889854994939293e-01 4.539492298887281008e-01
4.349999999999531752e+01 5.886419247347073336e-01 4.224092933916653858e-01
4.359999999999530473e+01 6.303169926818373847e-01 3.909296210225648438e-01
4.369999999999529905e+01 6.718074317523279326e-01 3.596740790171659152e-01
4.379999999999528626e+01 7.129071013113756905e-01 3.288057247686132500e-01
4.389999999999527347e+01 7.534114593215819333e-01 2.984859896994681017e-01
4.399999999999526779e+01 7.931185395700135476e-01 2.688738685752689039e-01
4.409999999999525500e+01 8.318299212688183841e-01 2.401251190387931889e-01
4.419999999999524221e+01 8.693516878036572360e-01 2.123914751144864443e-01
4.429999999999522942e+01 9.054953713230265988e-01 1.858198783942971166e-01
4.439999999999521663e+01 9.400788797384423967e-01 1.605517305709440457e-01
4.449999999999521094e+01 9.729274025294715189e-01 1.367221709289554166e-01
4.459999999999519815e+01 1.003874291541669628e+00 1.144593823388185133e-01
4.469999999999518536e+01 1.032761912733850762e+00 9.388392922145573360e-02
4.479999999999517968e+01 1.059442464598350675e+00 7.510813085896000940e-02
4.489999999999516689e+01 1.083778758747895532e+00 5.823547331956999834e-02
4.499999999999515410e+01 1.105644957972835130e+00 4.336006313916151989e-02
4.509999999999514131e+01 1.124927266923839708e+00 3.056612575533289647e-02
4.519999999999512852e+01 1.141524570489024670e+00 1.992755152231022453e-02
4.529999999999512283e+01 1.155349014940226349e+00 1.150749194392477852e-02
4.539999999999511004e+01 1.166326527007476521e+00 5.358008546600438564e-03
4.549999999999509726e+01 1.174397266237964477e+00 1.519776575076412731e-03
4.559999999999509157e+01 1.179516006291134067e+00 2.184543020418376800e-05
4.569999999999507878e+01 1.181652441228410622e+00 8.814574821916097615e-04
4.579999999999506599e+01 1.180791413359531195e+00 4.103926585752216624e-03
4.589999999999505320e+01 1.176933059808073390e+00 9.682577298253640039e-03
4.599999999999504041e+01 1.170092875632274598e+00 1.759874546133703352e-02
4.609999999999503473e+01 1.160301692077774671e+00 2.782184045417513546e-02
4.619999999999502194e+01 1.147605569315569563e+00 4.030946906666013629e-02
4.629999999999500915e+01 1.132065603822446365e+00 5.500762057757330181e-02
4.639999999999500346e+01 1.113757651356038325e+00 7.185091226076882609e-02
4.649999999999499067e+01 1.092771967247655240e+00 9.076289418570959722e-02
4.659999999999497788e+01 1.069212766469547438e+00 1.116564118320294563e-01
4.669999999999496509e+01 1.043197706588854912e+00 1.344340247038648128e-01
4.679999999999495230e+01 1.014857297309435635e+00 1.589884788138531124e-01
4.689999999999494662e+01 9.843342407939902339e-01 1.852032306088663982e-01
4.699999999999493383e+01 9.517827073539399940e-01 2.129530196351649696e-01
4.709999999999492104e+01 9.173675513899780531e-01 2.421044869877939376e-01
4.719999999999491536e+01 8.812634726649006822e-01 2.725168363618096223e-01
4.729999999999490257e+01 8.436541280961614708e-01 3.040425343181065720e-01
4.739999999999488978e+01 8.047311992834123018e-01 3.365280461966814185e-01
4.749999999999487699e+01 7.646934209498764679e-01 3.698146039521345019e-01
4.759999999999486420e+01 7.237455753856930629e-01 4.037390020496258169e-01
4.769999999999485851e+01 6.820974578651979314e-01 4.381344174421216708e-01
4.779999999999484572e+01 6.399628178759637631e-01 4.728312495514411240e-01
4.789999999999483293e+01 5.975582808709376526e-01 5.076579760919549544e-01
4.799999999999482725e+01 5.551022551455898624e-01 5.424420205077512547e-01
4.809999999999481446e+01 5.128138283670092834e-01 5.770106267403553035e-01
4.819999999999480167e+01 4.709116582501851056e-01 6.111917370007889927e-01
4.829999999999478888e+01 4.296128618922250286e-01 6.448148681910769175e-01
4.839999999999477609e+01 3.891319083418258162e-01 6.777119826039554873e-01
4.849999999999477041e+01 3.496795190949061882e-01 7.097183485231977063e-01
4.859999999999475762e+01 3.114615813620959517e-01 7.406733863608178092e-01
4.869999999999474483e+01 2.746780791383139353e-01 7.704214959906007243e-01
4.879999999999473914e+01 2.395220473041617115e-01 7.988128609833894389e-01
4.889999999999472635e+01 2.061785541904975483e-01 8.257042255125374153e-01
4.899999999999471356e+01 1.748237182188734917e-01 8.509596397841070470e-01
4.909999999999470077e+01 1.456237643778503787e-01 8.744511699556333229e-01
4.919999999999468798e+01 1.187341263866098506e-01 8.960595686457526465e-01
4.929999999999468230e+01 9.429860042049505175e-02 9.156749022963096563e-01
4.939999999999466951e+01 7.244855621127109513e-02 9.331971318465538401e-01
4.949999999999465672e+01 5.330221117886323190e-02 9.485366433960217281e-01
4.959999999999465103e+01 3.696397299411167264e-02 9.616147257867546649e-01
4.969999999999463824e+01 2.352385561111549131e-02 9.723639923129496765e-01
4.979999999999462545e+01 1.305697334472185472e-02 9.807287440748554408e-01
4.989999999999461266e+01 5.623117010064196397e-03 9.866652728204169387e-01
4.999999999999459988e+01 1.266415497213181120e-03 9.901421014748598148e-01
5.009999999999459419e+01 1.508543877275681129e-05 9.911401609246661693e-01
5.019999999999458140e+01 1.881270858631638870e-03 9.896529020095822249e-01
5.029999999999456861e+01 6.860973885247777238e-03 9.856863420691397426e-01
5.039999999999456293e+01 1.493407679303669633e-02 9.792590457871415133e-01
5.049999999999455014e+01 2.606445482135876651e-02 9.704020404799668098e-01
5.059999999999453735e+01 4.020017843222915138e-02 9.591586663669223745e-01
5.069999999999452456e+01 5.727380292369243370e-02 9.455843627476315794e-01
5.079999999999451177e+01 7.720274263195393838e-02 9.297463913835607441e-01
5.089999999999450608e+01 9.988972634489137747e-02 9.117234987408947555e-01
5.099999999999449329e+01 1.252233300225828461e-01 8.916055190845578737e-01
5.109999999999448050e+01 1.530785824821759011e-01 8.694929207331927312e-01
5.119999999999447482e+01 1.833176393581520680e-01 8.454962980745232004e-01
5.129999999999446203e+01 2.157905203917606096e-01 8.197358122069527964e-01
5.139999999999444924e+01 2.503359049314870521e-01 7.923405833178583935e-01
5.149999999999443645e+01 2.867819804307579212e-01 7.634480381223176515e-01
5.159999999999442366e+01 3.249473387005448743e-01 7.332032158781163211e-01
5.169999999999441798e+01 3.646419146989829385e-01 7.017580366616595899e-01
5.179999999999440519e+01 4.056679627073054850e-01 6.692705357325662296e-01
5.189999999999439240e+01 4.478210648341326983e-01 6.359040679374783345e-01
5.199999999999438671e+01 4.908911669001613243e-01 6.018264862079670818e-01
5.209999999999437392e+01 5.346636368653207017e-01 5.672092982913464754e-01
5.219999999999436113e+01 5.789203410646140968e-01 5.322268059205953472e-01
5.229999999999434834e+01 6.234407336068942262e-01 4.970552306806637621e-01
5.239999999999433555e+01 6.680029543556426086e-01 4.618718308656551974e-01
5.249999999999432987e+01 7.123849309534632246e-01 4.268540136427869669e-01
5.259999999999431708e+01 7.563654803636236101e-01 3.921784468471664065e-01
5.269999999999430429e+01 7.997254053946222241e-01 3.580201747249697752e-01
5.279999999999429861e+01 8.422485816406722892e-01 3.245517419233102663e-01
5.289999999999428582e+01 8.837230302242878865e-01 2.919423299894419177e-01
5.299999999999427303e+01 9.239419716727779175e-01 2.603569105923059235e-01
5.309999999999426024e+01 9.627048562029384415e-01 2.299554196136917028e-01
5.319999999999424745e+01 9.998183656405558173e-01 2.008919561724845093e-01
5.329999999999424176e+01 1.035097382167305957e+00 1.733140105458235714e-01
5.339999999999422897e+01 1.068365919081768478e+00 1.473617248309849193e-01
5.349999999999421618e+01 1.099458008781033502e+00 1.231671900542324755e-01
5.359999999999421050e+01 1.128218543231913618e+00 1.008537832744291624e-01
5.369999999999419771e+01 1.154504062302254663e+00 8.053554805141503736e-02
5.379999999999418492e+01 1.178183485474162628e+00 6.231662145161202121e-02
5.389999999999417213e+01 1.199138782654113555e+00 4.629071054543876934e-02
5.399999999999415934e+01 1.217265580042709461e+00 3.254062111490295395e-02
5.409999999999415365e+01 1.232473697319196315e+00 2.113784103462976183e-02
5.419999999999414086e+01 1.244687612733895277e+00 1.214218051777671281e-02
5.429999999999412807e+01 1.253846853080138102e+00 5.601471130281965131e-03
5.439999999999412239e+01 1.259906305939231919e+00 1.551325175153104577e-03
5.449999999999410960e+01 1.262836452042363611e+00 1.495673407212599384e-05
5.459999999999409681e+01 1.262623516071045726e+00 1.003065329020724978e-03
5.469999999999408402e+01 1.259269534726598083e+00 4.513782833763521803e-03
5.479999999999407123e+01 1.252792341413624611e+00 1.053268392626342462e-02
5.489999999999406555e+01 1.243225467421653407e+00 1.903286003069886920e-02
5.499999999999405276e+01 1.230617960021697765e+00 2.997505635419549577e-02
5.509999999999403997e+01 1.215034118441667532e+00 4.330787128095542338e-02
5.519999999999403428e+01 1.196553149216502909e+00 5.896801704780772063e-02
5.529999999999402149e+01 1.175268742938865962e+00 7.688064029256524989e-02
5.539999999999400870e+01 1.151288574950779964e+00 9.695970074229733060e-02
5.549999999999399591e+01 1.124733733011313186e+00 1.191084059953844143e-01
5.559999999999398312e+01 1.095738075444243620e+00 1.432197000508326212e-01
5.569999999999397744e+01 1.064447523718160982e+00 1.691768029530791306e-01
5.579999999999396465e+01 1.031019293814058990e+00 1.968537986529544925e-01
5.589999999999395186e+01 9.956210711111460610e-01 2.261162679362335448e-01
5.599999999999394618e+01 9.584301338469941589e-01 2.568219630441417878e-01
5.609999999999393339e+01 9.196324304889456069e-01 2.888215204036763128e-01
5.619999999999392060e+01 8.794216165847086319e-01 3.219592077048590850e-01
5.629999999999390781e+01 8.379980568331604207e-01 3.560737014043640625e-01
5.639999999999389502e+01 7.955677982371948120e-01 3.909988906032388356e-01
5.649999999999388933e+01 7.523415202591027251e-01 4.265647031421552215e-01
5.659999999999387654e+01 7.085334679047761153e-01 4.625979496754606402e-01
5.669999999999386375e+01 6.643603736049463748e-01 4.989231814353338179e-01
5.679999999999385807e+01 6.200403736570672120e-01 5.353635573650712409e-01
5.689999999999384528e+01 5.757919248309697480e-01 5.717417163006532910e-01
5.699999999999383249e+01 5.318327265367784884e-01 6.078806498965786398e-01
5.709999999999381970e+01 4.883786537153742002e-01 6.436045720357169708e-01
5.719999999999380691e+01 4.456427053354545254e-01 6.787397805242142423e-01
5.729999999999380123e+01 4.038339730914001224e-01 7.131155069541690317e-01
5.739999999999378844e+01 3.631566345876599544e-01 7.465647507142298966e-01
5.749999999999377565e+01 3.238089749888022340e-01 7.789250932415309192e-01
5.759999999999376996e+01 2.859824408107390359e-01 8.100394887337784011e-01
5.769999999999375717e+01 2.498607292436652860e-01 8.397570276767856168e-01
5.779999999999374438e+01 2.156189161333941784e-01 8.679336696907847815e-01
5.789999999999373159e+01 1.834226255145794127e-01 8.944329423522845435e-01
5.799999999999371880e+01 1.534272433913198841e-01 9.191266028083193707e-01
5.809999999999371312e+01 1.257771782997941512e-01 9.418952591709089939e-01
5.819999999999370033e+01 1.006051710656090670e-01 9.626289488484665036e-01
5.829999999999368754e+01 7.803165608414487642e-02 9.812276711508697291e-01
5.839999999999368185e+01 5.816417640140379014e-02 9.976018716879573311e-01
5.849999999999366906e+01 4.109685485009145767e-02 1.011672876269766208e+00
5.859999999999365627e+01 2.690992349417331564e-02 1.023373272210354346e+00
5.869999999999364348e+01 1.566931364454884207e-02 1.032647235142432729e+00
5.879999999999363069e+01 7.426308719484452439e-03 1.039450799657793079e+00
5.889999999999362501e+01 2.217262224444105454e-03 1.043752072307737144e+00
5.899999999999361222e+01 6.338310546734641712e-05 1.045531385730065654e+00
5.909999999999359943e+01 9.705906772552005046e-04 1.044781392907225603e+00
5.919999999999359375e+01 4.929441231015132922e-03 1.041507100814855091e+00
5.929999999999358096e+01 1.191512827871196896e-02 1.035725842984438261e+00
5.939999999999356817e+01 2.188755818207244880e-02 1.027467190781718331e+00
5.949999999999355538e+01 3.479150264109984875e-02 1.016772803493997124e+00
5.959999999999354259e+01 5.055682917479844413e-02 1.003696217618915476e+00
5.969999999999353690e+01 6.909881031590389688e-02 9.883025760612555999e-01
5.979999999999352411e+01 9.031851176384630975e-02 9.706682982670910009e-01
5.989999999999351132e+01 1.141032592007588248e-01 9.508806926481438992e-01
5.999999999999350564e+01 1.403271828818546674e-01 9.290375129863186476e-01
6.009999999999349285e+01 1.688518384732013711e-01 9.052464608384972466e-01
6.019999999999348006e+01 1.995269019390804865e-01 8.796246362944520891e-01
6.029999999999346727e+01 2.321909355913484296e-01 8.522979397666994306e-01
6.039999999999345448e+01 2.666722217176476506e-01 8.234004278072035721e-01
6.049999999999344880e+01 3.027896595211914121e-01 7.930736262484958665e-01
6.059999999999343601e+01 3.403537204452855569e-01 7.614658042561531781e-01
6.069999999999342322e+01 3.791674563360705186e-01 7.287312131429479756e-01
6.079999999999341753e+01 4.190275543320398643e-01 6.950292940386902929e-01
6.089999999999340474e+01 4.597254318680110696e-01 6.605238587252011406e-01
6.099999999999339195e+01 5.010483647583657829e-01 6.253822481314544879e-01
6.109999999999337916e+01 5.427806409836826163e-01 5.897744731362476456e-01
6.119999999999336637e+01 5.847047325564074249e-01 5.538723424491270864e-01
6.129999999999336069e+01 6.266024776832491705e-01 5.178485824196972231e-01
6.139999999999334790e+01 6.682562653817706311e-01 4.818759536797993515e-01
6.149999999999333511e+01 7.094502147356894772e-01 4.461263695318458122e-01
6.159999999999332942e+01 7.499713410941362124e-01 4.107700209766564359e-01
6.169999999999331664e+01 7.896107017177085297e-01 3.759745132140307478e-01
6.179999999999330385e+01 8.281645136517584715e-01 3.419040183604233896e-01
6.189999999999329106e+01 8.654352369465104777e-01 3.087184490030926431e-01
6.199999999999327827e+01 9.012326167384717701e-01 2.765726570576463872e-01
6.209999999999327258e+01 9.353746781521399267e-01 2.456156622151766111e-01
6.219999999999325979e+01 9.676886684551798679e-01 2.159899140583512733e-01
6.229999999999324700e+01 9.980119413988514099e-01 1.878305916975437639e-01
6.239999999999324132e+01 1.026192779194575744e+00 1.612649445283978189e-01
6.249999999999322853e+01 1.052091148095268602e+00 1.364116774460449322e-01
6.259999999999321574e+01 1.075579384068986899e+00 1.133803835691600398e-01
6.269999999999320295e+01 1.096542805566233625e+00 9.227102723328876877e-02
6.279999999999319016e+01 1.114880250875094347e+00 7.317347970818215142e-02
6.289999999999318447e+01 1.130504538043300311e+00 5.616710978155077527e-02
6.299999999999317168e+01 1.143342845807185704e+00 4.132043103314575472e-02
6.309999999999315889e+01 1.153337014407500583e+00 2.869080730035784496e-02
6.319999999999315321e+01 1.160443765597983123e+00 1.832421751097773610e-02
6.329999999999314042e+01 1.164634841555354683e+00 1.025508073251389304e-02
6.339999999999312763e+01 1.165897062788065153e+00 4.506141961044163487e-03
6.349999999999311484e+01 1.164232305516667676e+00 1.088418847957847886e-03
6.359999999999310205e+01 1.159657399362468810e+00 1.209240855323839620e-06
6.369999999999309637e+01 1.152203946536828560e+00 1.232159096613681063e-03
6.379999999999308358e+01 1.141918064075483796e+00 4.757390011271570712e-03
6.389999999999307079e+01 1.128860051008951704e+00 1.054168530399563972e-02
6.399999999999306510e+01 1.113103982707378981e+00 1.853873329212723381e-02
6.409999999999305942e+01 1.094737234981638219e+00 2.869142610233955948e-02
6.419999999999303952e+01 1.073859940870079077e+00 4.093221208043821419e-02
6.429999999999301963e+01 1.050584383381794940e+00 5.518349959075667666e-02
6.439999999999301394e+01 1.025034327807589518e+00 7.135810973647961630e-02
6.449999999999300826e+01 9.973442975437585289e-01 8.935977528644531431e-02
6.459999999999300258e+01 9.676587976982296002e-01 1.090836828629712790e-01
6.469999999999298268e+01 9.361314910602199779e-01 1.304170552309981967e-01
6.479999999999297700e+01 9.029243313050955289e-01 1.532397703322574412e-01
6.489999999999295710e+01 8.682066585774805834e-01 1.774250135313333587e-01
6.499999999999295142e+01 8.321542628338521874e-01 2.028399593843905890e-01
6.509999999999294573e+01 7.949484205357261191e-01 2.293464791067046926e-01
6.519999999999292584e+01 7.567749104489552847e-01 2.568018698051422466e-01
6.529999999999292015e+01 7.178230144323365369e-01 2.850596014538977485e-01
6.539999999999290026e+01 6.782845091750008271e-01 3.139700775310820813e-01
6.549999999999289457e+01 6.383526548710691806e-01 3.433814051963958169e-01
6.559999999999288889e+01 5.982211867945668171e-01 3.731401708807052797e-01
6.569999999999286899e+01 5.580833156607936107e-01 4.030922171728872350e-01
6.579999999999286331e+01 5.181307425282475343e-01 4.330834169298656278e-01
6.589999999999285762e+01 4.785526938147450782e-01 4.629604406031831987e-01
6.599999999999283773e+01 4.395349817660563208e-01 4.925715128632809914e-01
6.609999999999283204e+01 4.012590954391966891e-01 5.217671547175040114e-01
6.619999999999282636e+01 3.639013269405760864e-01 5.504009074522149270e-01
6.629999999999280647e+01 3.276319373020095127e-01 5.783300348843233296e-01
6.639999999999280078e+01 2.926143659911164541e-01 6.054162005812794289e-01
6.649999999999278089e+01 2.590044876395722340e-01 6.315261168992188923e-01
6.659999999999277520e+01 2.269499191436227248e-01 6.565321628920804953e-01
6.669999999999276952e+01 1.965893798522423408e-01 6.803129683645900982e-01
6.679999999999274962e+01 1.680521071147212664e-01 7.027539615646123394e-01
6.689999999999274394e+01 1.414573290192555899e-01 7.237478782516767462e-01
6.699999999999272404e+01 1.169137957237451758e-01 7.431952301139981287e-01
6.709999999999271836e+01 9.451937036371955980e-02 7.610047307566076835e-01
6.719999999999271267e+01 7.436068012564595042e-02 7.770936777265015083e-01
6.729999999999269278e+01 5.651282770136513423e-02 7.913882892924111179e-01
6.739999999999268709e+01 4.103916299320429367e-02 8.038239949387385730e-01
6.749999999999268141e+01 2.799111462207582238e-02 8.143456787802288988e-01
6.759999999999266151e+01 1.740808050377803257e-02 8.229078753413403557e-01
6.769999999999265583e+01 9.317376502632849014e-03 8.294749173778543927e-01
6.779999999999265015e+01 3.734241945132095973e-03 8.340210356478201525e-01
6.789999999999263025e+01 6.619005794235156663e-04 8.365304107583171334e-01
6.799999999999262457e+01 9.167539669363753926e-05 8.369971774279175714e-01
6.809999999999260467e+01 2.003155586089399188e-03 8.354253817115014913e-01
6.819999999999259899e+01 6.364413772918184505e-03 8.318288919306123796e-01
6.829999999999259330e+01 1.313227158781749872e-02 8.262312642395964746e-01
6.839999999999257341e+01 2.225261152938386514e-02 8.186655639421570596e-01
6.849999999999256772e+01 3.366073301155386027e-02 8.091741438393460495e-01
6.859999999999254783e+01 4.728175042680604623e-02 7.978083810585874236e-01
6.869999999999254214e+01 6.303103100468598896e-02 7.846283739626831455e-01
6.879999999999253646e+01 8.081467019917509820e-02 7.697026008877437819e-01
6.889999999999251656e+01 1.005300022967219181e-01 7.531075425952682423e-01
6.899999999999251088e+01 1.220661438962151596e-01 7.349272704514111521e-01
6.909999999999250520e+01 1.453045678726585244e-01 7.152530024702629108e-01
6.919999999999248530e+01 1.701197053948257654e-01 6.941826294682696963e-01
6.929999999999247962e+01 1.963795735243377416e-01 6.718202136820079495e-01
6.939999999999247393e+01 2.239464258771013683e-01 6.482754622980023695e-01
6.949999999999245404e+01 2.526774237783591115e-01 6.236631784283910296e-01
6.959999999999244835e+01 2.824253252893362820e-01 5.981026921480706582e-01
6.969999999999242846e+01 3.130391894253529705e-01 5.717172742758130921e-01
6.979999999999242277e+01 3.443650928241769327e-01 5.446335356442368880e-01
6.989999999999241709e+01 3.762468560586265665e-01 5.169808146547661964e-01
6.999999999999239719e+01 4.085267767191003707e-01 4.888905559545641544e-01
7.009999999999239151e+01 4.410463663222157771e-01 4.604956831056955524e-01
7.019999999999237161e+01 4.736470880304510245e-01 4.319299681375479150e-01
7.029999999999236593e+01 5.061710920979293205e-01 4.033274008843288905e-01
7.039999999999236024e+01 5.384619458893713517e-01 3.748215610091585326e-01
7.049999999999234035e+01 5.703653552556331441e-01 3.465449956051914748e-01
7.059999999999233466e+01 6.017298739936857155e-01 3.186286052384749712e-01
7.069999999999232898e+01 6.324075980733140367e-01 2.912010412624112532e-01
7.079999999999230909e+01 6.622548412790362216e-01 2.643881171824177811e-01
7.089999999999230340e+01 6.911327889013004766e-01 2.383122367875816772e-01
7.099999999999229772e+01 7.189081261155925162e-01 2.130918416880298594e-01
7.109999999999227782e+01 7.454536377173974770e-01 1.888408808056692978e-01
7.119999999999227214e+01 7.706487759380107327e-01 1.656683042606343359e-01
7.129999999999225224e+01 7.943801931555143359e-01 1.436775839753184347e-01
7.139999999999224656e+01 8.165422364384197218e-01 1.229662631826802244e-01
7.149999999999224087e+01 8.370374010198841086e-01 1.036255368772738272e-01
7.159999999999222098e+01 8.557767399989298918e-01 8.573986508412408114e-02
7.169999999999221529e+01 8.726802278060330487e-01 6.938662064457364054e-02
7.179999999999219540e+01 8.876770752462573855e-01 5.463577302971545091e-02
7.189999999999218971e+01 9.007059942535005082e-01 4.154960949250698782e-02
7.199999999999218403e+01 9.117154108384939448e-01 3.018249465971231671e-02
7.209999999999216413e+01 9.206636251008808447e-01 2.058066944684890098e-02
7.219999999999215845e+01 9.275189175884573922e-01 1.278208995471151986e-02
7.229999999999215277e+01 9.322596017178017558e-01 6.816306776602969707e-03
7.239999999999213287e+01 9.348740224228773155e-01 2.704384913661209405e-03
7.249999999999212719e+01 9.353605016488709678e-01 4.588642635871857320e-04
7.259999999999212150e+01 9.337272317668751098e-01 8.376041814484024310e-05
7.269999999999210161e+01 9.299921184228455706e-01 1.574605279277902642e-03
7.279999999999209592e+01 9.241825747628141796e-01 4.918526785025060903e-03
7.289999999999207603e+01 9.163352693699388096e-01 1.009436682678700389e-02
7.299999999999207034e+01 9.064958306100694418e-01 1.707283624106555389e-02
7.309999999999206466e+01 8.947185104009457435e-01 2.581670557352706841e-02
7.319999999999204476e+01 8.810658106887747643e-01 3.628103014274978999e-02
7.329999999999203908e+01 8.656080761306313986e-01 4.841340777686201774e-02
7.339999999999201918e+01 8.484230566393790030e-01 6.215426745943863213e-02
7.349999999999201350e+01 8.295954435468948507e-01 7.743718700242314956e-02
7.359999999999200782e+01 8.092163831800157636e-01 9.418923776365822897e-02
7.369999999999198792e+01 7.873829716273282875e-01 1.123313543454860092e-01
7.379999999999198224e+01 7.641977344003437755e-01 1.317787271475831246e-01
7.389999999999197655e+01 7.397680945702556077e-01 1.524412156023790543e-01
7.399999999999195666e+01 7.142058327935965067e-01 1.742237798930718062e-01
7.409999999999195097e+01 6.876265424339224053e-01 1.970269289419651904e-01
7.419999999999194529e+01 6.601490827493448066e-01 2.207471824586836884e-01
7.429999999999192539e+01 6.318950328579840958e-01 2.452775448535282621e-01
7.439999999999191971e+01 6.029881489182561394e-01 2.705079888467053495e-01
7.449999999999189981e+01 5.735538266810688013e-01 2.963259466407323628e-01
7.459999999999189413e+01 5.437185712921703828e-01 3.226168065668936769e-01
7.469999999999188844e+01 5.136094759508712526e-01 3.492644131671358565e-01
7.479999999999186855e+01 4.833537107774583119e-01 3.761515687266732133e-01
7.489999999999186286e+01 4.530780230024086808e-01 4.031605343320447954e-01
7.499999999999184297e+01 4.229082493818622224e-01 4.301735285874963011e-01
7.509999999999183729e+01 3.929688415561197190e-01 4.570732221859529210e-01
7.519999999999183160e+01 3.633824049160494507e-01 4.837432265881272953e-01
7.529999999999181171e+01 3.342692514154423367e-01 5.100685751275845226e-01
7.539999999999180602e+01 3.057469666738368841e-01 5.359361949140307724e-01
7.549999999999180034e+01 2.779299916494853417e-01 5.612353679682710039e-01
7.559999999999178044e+01 2.509292191239184677e-01 5.858581800746375245e-01
7.569999999999177476e+01 2.248516052262663767e-01 6.096999558926011753e-01
7.579999999999176907e+01 1.997997962353688650e-01 6.326596789212379779e-01
7.589999999999174918e+01 1.758717709242755833e-01 6.546403949610102302e-01
7.599999999999174349e+01 1.531604987554986697e-01 6.755495977687814291e-01
7.609999999999172360e+01 1.317536142898912688e-01 6.952995956510210629e-01
7.619999999999171791e+01 1.117331082355745298e-01 7.138078577925808244e-01
7.629999999999171223e+01 9.317503563326377802e-02 7.309973391670613330e-01
7.639999999999169233e+01 7.614924174604675855e-02 7.467967829288690851e-01
7.649999999999168665e+01 6.071910629560825501e-02 7.611409992412033754e-01
7.659999999999166675e+01 4.694130675781688772e-02 7.739711195490479589e-01
7.669999999999166107e+01 3.486560149983636281e-02 7.852348253670198286e-01
7.679999999999165539e+01 2.453463360451181227e-02 7.948865507126052776e-01
7.689999999999163549e+01 1.598375628604016552e-02 8.028876573821438489e-01
7.699999999999162981e+01 9.240880851881426439e-03 8.092065823345706566e-01
7.709999999999162412e+01 4.326348208818778934e-03 8.138189565243577617e-01
7.719999999999160423e+01 1.252824944588218012e-03 8.167076946008950955e-01
7.729999999999159854e+01 2.522503971741405667e-05 8.178630549750186551e-01
7.739999999999159286e+01 6.406582755060641473e-04 8.172826698423707459e-01
7.749999999999157296e+01 3.088406402223901458e-03 8.149715448469690982e-01
7.759999999999156728e+01 7.349928114855692161e-03 8.109420281639215800e-01
7.769999999999154738e+01 1.339889385042451926e-02 8.052137488882638028e-01
7.779999999999154170e+01 2.120125136927031653e-02 7.978135247259947604e-01
7.789999999999153601e+01 3.071532301088933381e-02 7.887752390956850324e-01
7.799999999999151612e+01 4.189193542128582387e-02 7.781396878754598401e-01
7.809999999999151044e+01 5.467458243195358336e-02 7.659543961513012311e-01
7.819999999999149054e+01 6.899962162921995101e-02 7.522734054575205276e-01
7.829999999999148486e+01 8.479650498619949184e-02 7.371570321347461485e-01
7.839999999999147917e+01 1.019880437376613769e-01 7.206715975708531952e-01
7.849999999999145928e+01 1.204907074617066753e-01 7.028891312331821961e-01
7.859999999999145359e+01 1.402149570914676957e-01 6.838870475464783327e-01
7.869999999999144791e+01 1.610656113181742899e-01 6.637477978174505244e-01
7.879999999999142801e+01 1.829422455661941782e-01 6.425584985536109128e-01
7.889999999999142233e+01 2.057396224239490257e-01 6.204105376696318341e-01
7.899999999999141664e+01 2.293481521076048135e-01 5.973991602182542326e-01
7.909999999999139675e+01 2.536543812205632187e-01 5.736230354193804226e-01
7.919999999999139106e+01 2.785415077579087018e-01 5.491838068965290143e-01
7.929999999999137117e+01 3.038899199953073449e-01 5.241856281524217565e-01
7.939999999999136548e+01 3.295777566047490281e-01 4.987346854328854051e-01
7.949999999999135980e+01 3.554814850578805197e-01 4.729387102329591364e-01
7.959999999999133991e+01 3.814764951217437527e-01 4.469064837913675481e-01
7.969999999999133422e+01 4.074377040223013391e-01 4.207473359981303562e-01
7.979999999999131433e+01 4.332401696577509731e-01 3.945706412047230160e-01
7.989999999999130864e+01 4.587597080868449639e-01 3.684853134715260214e-01
7.999999999999130296e+01 4.838735114053868691e-01 3.425993038184405592e-01
8.009999999999128306e+01 5.084607620531244043e-01 3.170191020561410333e-01
8.019999999999127738e+01 5.324032395718861777e-01 2.918492457691958530e-01
8.029999999999127169e+01 5.555859158596365699e-01 2.671918389968362950e-01
8.039999999999125180e+01 5.778975350357015150e-01 2.431460831137920720e-01
8.049999999999124611e+01 5.992311741470278674e-01 2.198078223530633979e-01
8.059999999999124043e+01 6.194847811031957141e-01 1.972691063316460991e-01
8.069999999999122053e+01 6.385616864236176582e-01 1.756177718460165127e-01
8.079999999999121485e+01 6.563710856114716163e-01 1.549370460918041703e-01
8.089999999999119495e+01 6.728284892265750106e-01 1.353051733367854059e-01
8.099999999999118927e+01 6.878561380168105588e-01 1.167950669366956823e-01
8.109999999999118359e+01 7.013833807681683075e-01 9.947398843371312027e-02
8.119999999999116369e+01 7.133470128505735586e-01 8.340325531608311360e-02
8.129999999999115801e+01 7.236915737603213383e-01 6.863797884907878177e-02
8.139999999999113811e+01 7.323696022850247900e-01 5.522683321147457691e-02
8.149999999999113243e+01 7.393418482401847847e-01 4.321185699109702377e-02
8.159999999999112674e+01 7.445774400409849170e-01 3.262828790883967600e-02
8.169999999999110685e+01 7.480540076798589677e-01 2.350443145390052405e-02
8.179999999999110116e+01 7.497577609649243024e-01 1.586156392645672250e-02
8.189999999999109548e+01 7.496835231527295695e-01 9.713870197415980581e-03
8.199999999999107558e+01 7.478347203582419445e-01 5.068416310702315505e-03
8.209999999999106990e+01 7.442233273604716981e-01 1.925156872011317020e-03
8.219999999999106421e+01 7.388697706365361384e-01 2.769769903548600898e-04
8.229999999999104432e+01 7.318027896497451001e-01 1.097683657230388453e-04
8.239999999999103864e+01 7.230592575913263875e-01 1.402538948500938864e-03
8.249999999999101874e+01 7.126839629342521798e-01 4.127555434415386242e-03
8.259999999999101306e+01 7.007293532974431249e-01 8.250517703234098305e-03
8.269999999999100737e+01 6.872552432450370619e-01 1.373076416053184423e-02
8.279999999999098748e+01 6.723284877620983035e-01 2.052150679991143409e-02
8.289999999999098179e+01 6.560226232524962731e-01 2.857009466830914834e-02
8.299999999999096190e+01 6.384174780039481023e-01 3.781830428967320606e-02
8.309999999999095621e+01 6.195987541571115198e-01 4.820265548265469796e-02
8.319999999999095053e+01 5.996575833048622961e-01 5.965475089587377738e-02
8.329999999999093063e+01 5.786900579355254148e-01 7.210163748061391986e-02
8.339999999999092495e+01 5.567967410174622378e-01 8.546618802492376987e-02
8.349999999999091926e+01 5.340821561083030078e-01 9.966750078612608699e-02
8.359999999999089937e+01 5.106542604536753460e-01 1.146213151802524532e-01
8.369999999999089368e+01 4.866239036227915649e-01 1.302404414177731062e-01
8.379999999999088800e+01 4.621042743070943315e-01 1.464352019153765116e-01
8.389999999999086810e+01 4.372103379811199120e-01 1.631138822637729358e-01
8.399999999999086242e+01 4.120582681944128245e-01 1.801831894922708566e-01
8.409999999999084253e+01 3.867648743212411255e-01 1.975487153420774078e-01
8.419999999999083684e+01 3.614470286435086388e-01 2.151154022432844592e-01
8.429999999999083116e+01 3.362210956755619651e-01 2.327880096847179947e-01
8.439999999999081126e+01 3.112023666578802028e-01 2.504715786717616743e-01
8.449999999999080558e+01 2.865045021428958005e-01 2.680718919865534011e-01
8.459999999999078568e+01 2.622389855735477449e-01 2.854959279947836825e-01
8.469999999999078000e+01 2.385145907068540738e-01 3.026523057879252354e-01
8.479999999999077431e+01 2.154368656623678602e-01 3.194517195047695823e-01
8.489999999999075442e+01 1.931076362764688470e-01 3.358073597444131697e-01
8.499999999999074873e+01 1.716245313181329335e-01 3.516353200631187059e-01
8.509999999999074305e+01 1.510805319718478978e-01 3.668549866388604586e-01
8.519999999999072315e+01 1.315635478177571704e-01 3.813894092886883636e-01
8.529999999999071747e+01 1.131560213423413314e-01 3.951656521375069286e-01
8.539999999999071179e+01 9.593456279642927076e-02 4.081151223565780417e-01
8.549999999999069189e+01 7.996961698506810379e-02 4.201738755199645459e-01
8.559999999999068621e+01 6.532516332957265248e-02 4.312828962615706252e-01
8.569999999999066631e+01 5.205845029088605747e-02 4.413883530579541525e-01
8.579999999999066063e+01 4.021976498932629263e-02 4.504418261059360273e-01
8.589999999999065494e+01 2.985223860419872893e-02 4.584005074128884027e-01
8.599999999999063505e+01 2.099168789212725247e-02 4.652273723663661875e-01
8.609999999999062936e+01 1.366649292984767512e-02 4.708913221997076404e-01
8.619999999999060947e+01 7.897510969862084687e-03 4.753672969192346276e-01
8.629999999999060378e+01 3.698026098706523948e-03 4.786363584041534724e-01
8.639999999999059810e+01 1.073734210991925987e-03 4.806857435348714791e-01
8.649999999999057820e+01 2.276265911387032804e-05 4.815088873447181395e-01
8.659999999999057252e+01 5.357238098537843961e-04 4.811054163248841831e-01
8.669999999999056683e+01 2.595801634827591981e-03 4.794811121425933131e-01
8.679999999999054694e+01 6.178870380905822877e-03 4.766478461586804993e-01
8.689999999999054126e+01 1.125364430745508237e-02 4.726234852478276571e-01
8.699999999999053557e+01 1.778185743680398348e-02 4.674317695413656160e-01
8.709999999999051568e+01 2.571847223938351912e-02 4.611021628193958666e-01
8.719999999999050999e+01 3.501191616150860220e-02 4.536696763839178081e-01
8.729999999999049010e+01 4.560434489768309951e-02 4.451746673434209267e-01
8.739999999999048441e+01 5.743193130608587743e-02 4.356626123339922829e-01
8.749999999999047873e+01 7.042517886124793902e-02 4.251838577924955120e-01
8.759999999999045883e+01 8.450925852789309412e-02 4.137933479862343500e-01
8.769999999999045315e+01 9.960436792081660273e-02 4.015503320844119872e-01
8.779999999999043325e+01 1.156261115845105547e-01 3.885180516410012275e-01
8.789999999999042757e+01 1.324859011810811671e-01 3.747634099334755109e-01
8.799999999999042188e+01 1.500913743138928280e-01 3.603566246784216109e-01
8.809999999999040199e+01 1.683468306382564228e-01 3.453708657170007079e-01
8.819999999999039630e+01 1.871536838177121631e-01 3.298818793296124374e-01
8.829999999999039062e+01 2.064109277794048680e-01 3.139676009065304196e-01
8.839999999999037072e+01 2.260156156040667996e-01 2.977077577589873347e-01
8.849999999999036504e+01 2.458633492610222404e-01 2.811834639120433521e-01
8.859999999999035936e+01 2.658487782678802258e-01 2.644768087692003777e-01
8.869999999999033946e+01 2.858661052240789591e-01 2.476704415823096916e-01
8.879999999999033378e+01 3.058095960402322788e-01 2.308471536955992998e-01
8.889999999999031388e+01 3.255740925667029995e-01 2.140894605603421152e-01
8.899999999999030820e+01 3.450555252187887390e-01 1.974791855353290881e-01
8.909999999999030251e+01 3.641514231065645646e-01 1.810970474969580413e-01
8.919999999999028262e+01 3.827614191070310423e-01 1.650222542815699966e-01
8.929999999999027693e+01 4.007877472714355682e-01 1.493321039705707010e-01
8.939999999999025704e+01 4.181357299365510705e-01 1.341015960046943734e-01
8.949999999999025135e+01 4.347142519150334894e-01 1.194030540799164847e-01
8.959999999999024567e+01 4.504362191701131723e-01 1.053057627303747579e-01
8.969999999999022577e+01 4.652189994365212855e-01 9.187561944609368147e-02
8.979999999999022009e+01 4.789848423339118089e-01 7.917480410441100902e-02
8.989999999999021441e+01 4.916612766215651686e-01 6.726146741391672568e-02
8.999999999999019451e+01 5.031814823723778085e-01 5.618943998024089614e-02
9.009999999999018883e+01 5.134846359861500176e-01 4.600796350260422107e-02
9.019999999999018314e+01 5.225162261232735306e-01 3.676144550231141839e-02
9.029999999999016325e+01 5.302283388091206806e-01 2.848923886703193589e-02
9.039999999999015756e+01 5.365799101402911608e-01 2.122544737139435422e-02
9.049999999999013767e+01 5.415369452084634050e-01 1.499875820388037184e-02
9.059999999999013198e+01 5.450727020444467996e-01 9.832302394454062525e-03
9.069999999999012630e+01 5.471678395750552149e-01 5.743543897093442326e-03
9.079999999999010640e+01 5.478105287714672977e-01 2.744197937286244147e-03
9.089999999999010072e+01 5.469965263515935705e-01 8.401790876517247798e-04
9.099999999999008082e+01 5.447292105813249519e-01 3.157938561794985450e-05
9.109999999999007514e+01 5.410195788955887153e-01 3.126766564928167729e-04
9.119999999999006945e+01 5.358862072330562443e-01 1.671973053809949327e-03
9.129999999999004956e+01 5.293551711491336631e-01 4.092263677245311544e-03
9.139999999999004388e+01 5.214599289376133928e-01 7.550734977223907615e-03
9.149999999999003819e+01 5.122411671579990555e-01 1.201909250517471835e-02
9.159999999999001830e+01 5.017466091279263463e-01 1.746371741977713332e-02
9.169999999999001261e+01 4.900307871045347929e-01 2.384585101303375934e-02
9.179999999999000693e+01 4.771547790435052838e-01 3.112180637619704412e-02
9.189999999998998703e+01 4.631859109879331027e-01 3.924320618493366830e-02
9.199999999998998135e+01 4.481974263073884024e-01 4.815724544631906634e-02
9.209999999998996145e+01 4.322681231722979578e-01 5.780697791796109847e-02
9.219999999998995577e+01 4.154819618188467234e-01 6.813162478209729145e-02
9.229999999998995008e+01 3.979276433253746137e-01 7.906690403607606610e-02
9.239999999998993019e+01 3.796981617874432002e-01 9.054537894528122410e-02
9.249999999998992450e+01 3.608903319429829781e-01 1.024968237964360429e-01
9.259999999998990461e+01 3.416042944573991491e-01 1.148486050888874593e-01
9.269999999998989892e+01 3.219430012314528633e-01 1.275260762093543554e-01
9.279999999998989324e+01 3.020116832410928431e-01 1.404529835530708981e-01
9.289999999998987334e+01 2.819173035540674110e-01 1.535518819807021873e-01
9.299999999998986766e+01 2.617679982921594650e-01 1.667445574382747930e-01
9.309999999998986198e+01 2.416725084212385244e-01 1.799524545150471833e-01
9.319999999998984208e+01 2.217396053468459194e-01 1.930971066743870646e-01
9.329999999998983640e+01 2.020775133761275599e-01 2.061005668639418476e-01
9.339999999998983071e+01 1.827933321696977864e-01 2.188858361956679821e-01
9.349999999998981082e+01 1.639924623544709859e-01 2.313772883823667914e-01
9.359999999998980513e+01 1.457780374941740897e-01 2.435010876275315594e-01
9.369999999998978524e+01 1.282503656225679467e-01 2.551855976865528564e-01
9.379999999998977955e+01 1.115063835297643580e-01 2.663617798541395021e-01
9.389999999998977387e+01 9.563912695863839575e-02 2.769635776805794425e-01
9.399999999998975397e+01 8.073721981126166791e-02 2.869282862816758817e-01
9.409999999998974829e+01 6.688438538838284431e-02 2.961969041813315995e-01
9.419999999998972839e+01 5.415898258423725020e-02 3.047144657131999335e-01
9.429999999998972271e+01 4.263356983736682482e-02 3.124303521071097878e-01
9.439999999998971703e+01 3.237449949353269490e-02 3.192985794975963243e-01
9.449999999998969713e+01 2.344154507036936078e-02 3.252780622131865584e-01
9.459999999998969145e+01 1.588756372569848085e-02 3.303328498400630031e-01
9.469999999998968576e+01 9.758196022363361394e-03 3.344323366949651932e-01
9.479999999998966587e+01 5.091604853895176364e-03 3.375514424952736903e-01
9.489999999998966018e+01 1.918255148177625121e-03 3.396707631740908950e-01
9.499999999998965450e+01 2.607357025928075584e-04 3.407766909555555723e-01
9.509999999998963460e+01 1.336242261980209191e-04 3.408615029782925965e-01
9.519999999998962892e+01 1.543396374979347967e-03 3.399234179327028094e-01
9.529999999998960902e+01 4.488379268418365466e-03 3.379666203601700003e-01
9.539999999998960334e+01 8.958749673040611317e-03 3.350012524435621031e-01
9.549999999998959765e+01 1.493657673521955366e-02 3.310433733035230697e-01
9.559999999998957776e+01 2.239590884546219587e-02 3.261148859985125159e-01
9.569999999998957207e+01 3.130290392394236704e-02 3.202434326055562108e-01
9.579999999998955218e+01 4.161600213645393065e-02 3.134622579386523999e-01
9.589999999998954650e+01 5.328613978538521145e-02 3.058100426318234311e-01
9.599999999998954081e+01 6.625700287528889232e-02 2.973307064816021472e-01
9.609999999998952092e+01 8.046531863083396241e-02 2.880731831029701429e-01
9.619999999998951523e+01 9.584118304864162885e-02 2.780911671026264353e-01
9.629999999998950955e+01 1.123084223958134009e-01 2.674428351167512097e-01
9.639999999998948965e+01 1.297849864278415588e-01 2.561905421915061654e-01
9.649999999998948397e+01 1.481833709875480798e-01 2.444004951076306498e-01
9.659999999998947828e+01 1.674110675631197975e-01 2.321424043606183929e-01
9.669999999998945839e+01 1.873710373263324236e-01 2.194891166100199076e-01
9.679999999998945270e+01 2.079622071387919047e-01 2.065162295003196702e-01
9.689999999998943281e+01 2.290799850005543203e-01 1.933016908360641051e-01
9.699999999998942712e+01 2.506167924191686769e-01 1.799253841624758321e-01
9.709999999998942144e+01 2.724626111922922589e-01 1.664687028617788112e-01
9.719999999998940154e+01 2.945055421193205625e-01 1.530141149253687050e-01
9.729999999998939586e+01 3.166323731833627364e-01 1.396447206016132869e-01
9.739999999998937597e+01 3.387291547688509596e-01 1.264438051507342786e-01
9.749999999998937028e+01 3.606817794976408531e-01 1.134943889609086598e-01
9.759999999998936460e+01 3.823765642779092810e-01 1.008787772948110811e-01
9.769999999998934470e+01 4.037008321573692382e-01 8.867811194218687409e-02
9.779999999998933902e+01 4.245434915604860970e-01 7.697192705316539818e-02
9.789999999998933333e+01 4.447956104630496066e-01 6.583771141790398240e-02
9.799999999998931344e+01 4.643509830205731492e-01 5.535047944081517707e-02
9.809999999998930775e+01 4.831066861211182895e-01 4.558235303219207446e-02
9.819999999998930207e+01 5.009636232806312650e-01 3.660215660553554906e-02
9.829999999998928217e+01 5.178270532446673791e-01 2.847502732505843154e-02
9.839999999998927649e+01 5.336071006103353387e-01 2.126204269453569815e-02
9.849999999998925659e+01 5.482192457395754781e-01 1.501986751435484962e-02
9.859999999998925091e+01 5.615847912073702597e-01 9.800422158987761798e-03
9.869999999998924523e+01 5.736313020211960545e-01 5.650574040499314193e-03
9.879999999998922533e+01 5.842930168675267710e-01 2.611854025694472416e-03
9.889999999998921965e+01 5.935112276886035376e-01 7.201994641230462365e-04
9.899999999998919975e+01 6.012346249794774389e-01 5.725361849819409774e-06
9.909999999998919407e+01 6.074196063152615954e-01 4.925251015011053229e-04
9.919999999998918838e+01 6.120305457816397343e-01 2.198501963131110730e-03
9.929999999998916849e+01 6.150400221820451208e-01 5.135232543485777207e-03
9.939999999998916280e+01 6.164290041362299188e-01 9.307863004152903269e-03
9.949999999998915712e+01 6.161869904592502944e-01 1.471503890298468328e-02
9.959999999998913722e+01 6.143121045193051799e-01 2.134886917939306586e-02
9.969999999998913154e+01 6.108111416047631304e-01 2.919492467415806675e-02
9.979999999998912585e+01 6.056995686851526228e-01 3.823227136997794234e-02
9.989999999998910596e+01 5.990014763174915657e-01 4.843353834191057444e-02
