1.000000000000000000e+00 2.000000000000000000e+00 0.000000000000000000e+00
1.099999999999988987e+00 1.997600966518779941e+00 1.999200209287085080e-03
1.199999999999977973e+00 1.990415457556106604e+00 7.987208594527148847e-03
1.299999999999966960e+00 1.978478192828855509e+00 1.793529493899882407e-02
1.399999999999955946e+00 1.961846853429144222e+00 3.179573037016886206e-02
1.499999999999944933e+00 1.940601801778335522e+00 4.950201882581644480e-02
1.599999999999933920e+00 1.914845689646021754e+00 7.096921955459632725e-02
1.699999999999922906e+00 1.884702956135290597e+00 9.609435908751566557e-02
1.799999999999911893e+00 1.850319218080191952e+00 1.247569306741767026e-01
1.899999999999900879e+00 1.811860555850639987e+00 1.568194787449976590e-01
1.999999999999889866e+00 1.769512698085152769e+00 1.921282655398343919e-01
2.099999999999878852e+00 1.723480109384693204e+00 2.305140166367860288e-01
2.199999999999867839e+00 1.673984985490278854e+00 2.717927417249577093e-01
2.299999999999856826e+00 1.621266160932894662e+00 3.157666265919582549e-01
2.399999999999845812e+00 1.565577934594306830e+00 3.622249919453424116e-01
2.499999999999834799e+00 1.507188819025915727e+00 4.109453143564673616e-01
2.599999999999823785e+00 1.446380219763795827e+00 4.616943043082388232e-01
2.699999999999812772e+00 1.383445051233705758e+00 5.142290360463447341e-01
2.799999999999801759e+00 1.318686296160075599e+00 5.682981236782161938e-01
2.899999999999790745e+00 1.252415515681458036e+00 6.236429377358898574e-01
2.999999999999779732e+00 1.184951317626817380e+00 6.799988562208741927e-01
3.099999999999768718e+00 1.116617790617096873e+00 7.370965439793548679e-01
3.199999999999757705e+00 1.047742911831838208e+00 7.946632541192645283e-01
3.299999999999746692e+00 9.786569364146212591e-01 8.524241450724757696e-01
3.399999999999735678e+00 9.096907765833721626e-01 9.101036068336857410e-01
3.499999999999724665e+00 8.411743785602422419e-01 9.674265898625359350e-01
3.599999999999713651e+00 7.734351054503367795e-01 1.024119930128061240e+00
3.699999999999702638e+00 7.067961341612574167e-01 1.079913663797613443e+00
3.799999999999691624e+00 6.415748743832105916e-01 1.134542325129100027e+00
3.899999999999680611e+00 5.780814175357095186e-01 1.187746221210098652e+00
3.999999999999669598e+00 5.166170234263947059e-01 1.239272677313690840e+00
4.099999999999658584e+00 4.574726521766229737e-01 1.288877246784984720e+00
4.199999999999647571e+00 4.009275487287897732e-01 1.336324879560496948e+00
4.299999999999636557e+00 3.472478869817823277e-01 1.381391043628221293e+00
4.399999999999625544e+00 2.966854802887481379e-01 1.423862793978941665e+00
4.499999999999614531e+00 2.494765647120864016e-01 1.463539783866053989e+00
4.599999999999603517e+00 2.058406610509444790e-01 1.500235213480565433e+00
4.699999999999592504e+00 1.659795212531059438e-01 1.533776711467030429e+00
4.799999999999581490e+00 1.300761643865925299e-01 1.564007145046492742e+00
4.899999999999570477e+00 9.829400688548893539e-02 1.590785354866177448e+00
4.999999999999559464e+00 7.077609129976028535e-02 1.613986811086328910e+00
5.099999999999548450e+00 4.764441727208099803e-02 1.633504187594666535e+00
5.199999999999537437e+00 2.899937794035973779e-02 1.649247851667063891e+00
5.299999999999526423e+00 1.491930442320845741e-02 1.661146266802914662e+00
5.399999999999515410e+00 5.460120492191139138e-03 1.669146306907344890e+00
5.499999999999504396e+00 6.551089704360937372e-04 1.673213480431167799e+00
5.599999999999493383e+00 5.147908258893426963e-04 1.673332063530801328e+00
5.699999999999482370e+00 5.026917352047623362e-03 1.669505141761759903e+00
5.799999999999471356e+00 1.415657525224832576e-02 1.661754560277038273e+00
5.899999999999460343e+00 2.784640386874889448e-02 1.650120782954667131e+00
5.999999999999449329e+00 4.601692322783883932e-02 1.634662661327543454e+00
6.099999999999438316e+00 6.856697101022760088e-02 1.615457114638599867e+00
6.199999999999427303e+00 9.537424600478108805e-02 1.592598722780954823e+00
6.299999999999416289e+00 1.262959550664730923e-01 1.566199234307526611e+00
6.399999999999405276e+00 1.611695600788795590e-01 1.536386992119882500e+00
6.499999999999394262e+00 1.998136209207483083e-01 1.503306279836928994e+00
6.599999999999383249e+00 2.420287299570541839e-01 1.467116592239100070e+00
6.699999999999372235e+00 2.875985331215736296e-01 1.427991833549186351e+00
6.799999999999361222e+00 3.362908322304765107e-01 1.386119447656362524e+00
6.899999999999350209e+00 3.878587627700655349e-01 1.341699484720123126e+00
6.999999999999339195e+00 4.420420410345719531e-01 1.294943608892018982e+00
7.099999999999328182e+00 4.985682741587482703e-01 1.246074052173337110e+00
7.199999999999317168e+00 5.571543262917670880e-01 1.195322519676632389e+00
7.299999999999306155e+00 6.175077338975640817e-01 1.142929051785779526e+00
7.399999999999295142e+00 6.793281629443123082e-01 1.089140848908586312e+00
7.499999999999284128e+00 7.423089005603905610e-01 1.034211064677795111e+00
7.599999999999273115e+00 8.061383735891435309e-01 9.783975735994830947e-01
7.699999999999262101e+00 8.705016863680103967e-01 9.219617192523609228e-01
7.799999999999251088e+00 9.350821699961811007e-01 8.651670492188325845e-01
7.899999999999240075e+00 9.995629353245143456e-01 8.082780429722477011e-01
7.999999999999229061e+00 1.063628421921432921e+00 7.515588389612245512e-01
8.099999999999218048e+00 1.126965935320022538e+00 6.952719671116804889e-01
8.199999999999207034e+00 1.189267164947229505e+00 6.396770929216007984e-01
8.299999999999196021e+00 1.250229675266876006e+00 5.850297792426275567e-01
8.399999999999185007e+00 1.309558362836894307e+00 5.315802717350152085e-01
8.499999999999173994e+00 1.366966872187277415e+00 4.795723138441997935e-01
8.599999999999162981e+00 1.422178963665719387e+00 4.292419969806306468e-01
8.699999999999151967e+00 1.474929826665954513e+00 3.808166513900080874e-01
8.799999999999140954e+00 1.524967331964465878e+00 3.345137829820441500e-01
8.899999999999129940e+00 1.572053217219846699e+00 2.905400611385852705e-01
8.999999999999118927e+00 1.615964200051645872e+00 2.490903622548238661e-01
9.099999999999107914e+00 1.656493013504948042e+00 2.103468734737257151e-01
9.199999999999096900e+00 1.693449359111669716e+00 1.744782607632240357e-01
9.299999999999085887e+00 1.726660773199932830e+00 1.416389051531927457e-01
9.399999999999074873e+00 1.755973402542960748e+00 1.119682106015913031e-01
9.499999999999063860e+00 1.781252685915184930e+00 8.558998659387331842e-02
9.599999999999052847e+00 1.802383938600952140e+00 6.261190820287025616e-02
9.699999999999041833e+00 1.819272837392519770e+00 4.312505594614864102e-02
9.799999999999030820e+00 1.831845804121173149e+00 2.720353737873159802e-02
9.899999999999019806e+00 1.840050286268309465e+00 1.490419195205306899e-02
9.999999999999008793e+00 1.843854933725514123e+00 6.266380257143094358e-03
1.009999999999899778e+01 1.843249671274946211e+00 1.311858353713757450e-03
1.019999999999898677e+01 1.838245666890459207e+00 4.473746880576497586e-05
1.029999999999897575e+01 1.828875196455211460e+00 2.451528931116499135e-03
1.039999999999896474e+01 1.815191406011761766e+00 8.501273792151309988e-03
1.049999999999895373e+01 1.797267973143286124e+00 1.814575617481962652e-02
1.059999999999894271e+01 1.775198669582012334e+00 3.131979898613193591e-02
1.069999999999893170e+01 1.749096827607816484e+00 4.794164023507999084e-02
1.079999999999892069e+01 1.719094713260792551e+00 6.791338781161457283e-02
1.089999999999890967e+01 1.685342809832854005e+00 9.112155020951509532e-02
1.099999999999889866e+01 1.648009015525075949e+00 1.174376403168305161e-01
1.109999999999888765e+01 1.607277759559928132e+00 1.467188490540048684e-01
1.119999999999887663e+01 1.563349041413503393e+00 1.788087853134396887e-01
1.129999999999886562e+01 1.516437398190981112e+00 2.135382783465729628e-01
1.139999999999885461e+01 1.466770805490341667e+00 2.507262384568316738e-01
1.149999999999884359e+01 1.414589517408323616e+00 2.901805715909668848e-01
1.159999999999883258e+01 1.360144851604646155e+00 3.316991431773524956e-01
1.169999999999882156e+01 1.303697925591642548e+00 3.750707863401865905e-01
1.179999999999881055e+01 1.245518350620989700e+00 4.200763494230839723e-01
1.189999999999879954e+01 1.185882889723377298e+00 4.664897775859494500e-01
1.199999999999878852e+01 1.125074086599082479e+00 5.140792230953749042e-01
1.209999999999877751e+01 1.063378872179010948e+00 5.626081788119878802e-01
1.219999999999876650e+01 1.001087155746824608e+00 6.118366292887409408e-01
1.229999999999875548e+01 9.384904075695470471e-01 6.615222138320903111e-01
1.239999999999874447e+01 8.758802399896064017e-01 7.114213958440597230e-01
1.249999999999873346e+01 8.135469939165924647e-01 7.612906327556175912e-01
1.259999999999872244e+01 7.517783375979503191e-01 8.108875408859738121e-01
1.269999999999871143e+01 6.908578844651643847e-01 8.599720496074938492e-01
1.279999999999870042e+01 6.310638367278885719e-01 9.083075392749755395e-01
1.289999999999868940e+01 5.726676612394092647e-01 9.556619574798600469e-01
1.299999999999867839e+01 5.159328039703500179e-01 1.001808908319201441e+00
1.309999999999866738e+01 4.611134492151099384e-01 1.046528709522179135e+00
1.319999999999865636e+01 4.084533294124031988e-01 1.089609412458094617e+00
1.329999999999864535e+01 3.581845911871819332e-01 1.130847780250568757e+00
1.339999999999863434e+01 3.105267229254781713e-01 1.170050219449000339e+00
1.349999999999862332e+01 2.656855488684953248e-01 1.207033660952713028e+00
1.359999999999861231e+01 2.238522943650250729e-01 1.241626386152019368e+00
1.369999999999860130e+01 1.852027265522213084e-01 1.273668794533477699e+00
1.379999999999859028e+01 1.498963743457956133e-01 1.303014109299937662e+00
1.389999999999857927e+01 1.180758312130490845e-01 1.329529017873364971e+00
1.399999999999856826e+01 8.986614377952489852e-02 1.353094244479961406e+00
1.409999999999855724e+01 6.537428888307776631e-02 1.373605052361689394e+00
1.419999999999854623e+01 4.468874124128673075e-02 1.390971673512809037e+00
1.429999999999853522e+01 2.787913344075036021e-02 1.405119664201686103e+00
1.439999999999852420e+01 1.499600949297827390e-02 1.415990184912964356e+00
1.449999999999851319e+01 6.070672733250251363e-03 1.423540203713959729e+00
1.459999999999850218e+01 1.115128368910597986e-03 1.427742622432886632e+00
1.469999999999849116e+01 1.221205137455498211e-04 1.428586325412686486e+00
1.479999999999848015e+01 3.065263078654519892e-03 1.426076150987691138e+00
1.489999999999846914e+01 9.899263427455491302e-03 1.420232786198987851e+00
1.499999999999845812e+01 2.056023725308839603e-02 1.411092585646175346e+00
1.509999999999844711e+01 3.496611268586082705e-02 1.398707315731484213e+00
1.519999999999843610e+01 5.301712121387260057e-02 1.383143825914298519e+00
1.529999999999842508e+01 7.459637257870456450e-02 1.364483648938999982e+00
1.539999999999841407e+01 9.957051040853882873e-02 1.342822532342333508e+00
1.549999999999840306e+01 1.277904449684872934e-01 1.318269903860225467e+00
1.559999999999839204e+01 1.590921590454666412e-01 1.290948273674038749e+00
1.569999999999838103e+01 1.932975826442075440e-01 1.260992576722365088e+00
1.579999999999837001e+01 2.302155318540547446e-01 1.228549458582657072e+00
1.589999999999835900e+01 2.696427069533883225e-01 1.193776508685784554e+00
1.599999999999834799e+01 3.113647445523754498e-01 1.156841444860672530e+00
1.609999999999833875e+01 3.551573183356123709e-01 1.117921253428438400e+00
1.619999999999832596e+01 4.007872827551107742e-01 1.077201289253797656e+00
1.629999999999831317e+01 4.480138538423519279e-01 1.034874340339681620e+00
1.639999999999830393e+01 4.965898211562688180e-01 9.911396616955283623e-01
1.649999999999829470e+01 5.462627847615221244e-01 9.462019833383364942e-01
1.659999999999828191e+01 5.967764110410538336e-01 9.002704973828971058e-01
1.669999999999826912e+01 6.478717010865971959e-01 8.535578292555812130e-01
1.679999999999825988e+01 6.992882653808663029e-01 8.062789981161592179e-01
1.689999999999825064e+01 7.507655984886572043e-01 7.586503715962835681e-01
1.699999999999823785e+01 8.020443475037949410e-01 7.108886199658358551e-01
1.709999999999822506e+01 8.528675680656654379e-01 6.632096748126022900e-01
1.719999999999821583e+01 9.029819618482883836e-01 6.158276972698789598e-01
1.729999999999820659e+01 9.521390895490902118e-01 5.689540607562213470e-01
1.739999999999819380e+01 1.000096553555570367e+00 5.227963530898982469e-01
1.749999999999818101e+01 1.046619144645168920e+00 4.775574027224447904e-01
1.759999999999817177e+01 1.091479947279333285e+00 4.334343336909128874e-01
1.769999999999816254e+01 1.134461398285557587e+00 3.906176537228454038e-01
1.779999999999814975e+01 1.175356293972819266e+00 3.492903797418858147e-01
1.789999999999813696e+01 1.213968741007033225e+00 3.096272048165855106e-01
1.799999999999812772e+01 1.250115046671910646e+00 2.717937103685678091e-01
1.809999999999811848e+01 1.283624544461381856e+00 2.359456272152521128e-01
1.819999999999810569e+01 1.314340351285827380e+00 2.022281487628448116e-01
1.829999999999809290e+01 1.342120052934652197e+00 1.707752993919440243e-01
1.839999999999808367e+01 1.366836314802318375e+00 1.417093607910829001e-01
1.849999999999807443e+01 1.388377415272779691e+00 1.151403586943365587e-01
1.859999999999806164e+01 1.406647699549790520e+00 9.116561216933406764e-02
1.869999999999804885e+01 1.421567952125667000e+00 6.986934728383804860e-02
1.879999999999803961e+01 1.433075686493230805e+00 5.132237665289102885e-02
1.889999999999803038e+01 1.441125351118797582e+00 3.558184603706240207e-02
1.899999999999801759e+01 1.445688451119041540e+00 2.269104882699025591e-02
1.909999999999800480e+01 1.446753585500150319e+00 1.267930891132439293e-02
1.919999999999799556e+01 1.444326400242169406e+00 5.561932086959374931e-03
1.929999999999798632e+01 1.438429457922658194e+00 1.340225832828336686e-03
1.939999999999797353e+01 1.429102024990210884e+00 1.586934017183594864e-06
1.949999999999796074e+01 1.416399778198857318e+00 1.519656112530455962e-03
1.959999999999795151e+01 1.400394432109317133e+00 5.854538496786557480e-03
1.969999999999794227e+01 1.381173289946245442e+00 1.295308844518243754e-02
1.979999999999792948e+01 1.358838720471823303e+00 2.274925693145450969e-02
1.989999999999791669e+01 1.333507563886514147e+00 3.516449940260253648e-02
1.999999999999790745e+01 1.305310470109825705e+00 5.010824173517410690e-02
2.009999999999789821e+01 1.274391173110899667e+00 6.747840164416615827e-02
2.019999999999788542e+01 1.240905705254898628e+00 8.716196264195004428e-02
2.029999999999787264e+01 1.205021555913267539e+00 1.090355974037025000e-01
2.039999999999786340e+01 1.166916778836356139e+00 1.329663371716960640e-01
2.049999999999785416e+01 1.126779053016892185e+00 1.588122836252136572e-01
2.059999999999784137e+01 1.084804701980410790e+00 1.864233594553914575e-01
2.069999999999782858e+01 1.041197676613183409e+00 2.156420937176442842e-01
2.079999999999781934e+01 9.961685067939225480e-01 2.463044378871501738e-01
2.089999999999781011e+01 9.499332272166716162e-01 2.782406084177269645e-01
2.099999999999779732e+01 9.027122828912900188e-01 3.112759515000868560e-01
2.109999999999778453e+01 8.547294198725118308e-01 3.452318256338127167e-01
2.119999999999777529e+01 8.062105668128108915e-01 3.799264975673470879e-01
2.129999999999776605e+01 7.573827129403857272e-01 4.151760471238269412e-01
2.139999999999775326e+01 7.084727880508117082e-01 4.507952764141616719e-01
2.149999999999774047e+01 6.597065500539113225e-01 4.865986189488529789e-01
2.159999999999773124e+01 6.113074855440832067e-01 5.224010441873135902e-01
2.169999999999772200e+01 5.634957287641113588e-01 5.580189531170536288e-01
2.179999999999770921e+01 5.164870042068891998e-01 5.932710605276755311e-01
2.189999999999769642e+01 4.704915979453864749e-01 6.279792597390688735e-01
2.199999999999768718e+01 4.257133626090077172e-01 6.619694656583342551e-01
2.209999999999767795e+01 3.823487607216092266e-01 6.950724321732162370e-01
2.219999999999766516e+01 3.405859508974344307e-01 7.271245400452902574e-01
2.229999999999765237e+01 3.006039211457695037e-01 7.579685516361071018e-01
2.239999999999764313e+01 2.625716732752234606e-01 7.874543289871621665e-01
2.249999999999763389e+01 2.266474621055850625e-01 8.154395119824584537e-01
2.259999999999762110e+01 1.929780928988967525e-01 8.417901535374879840e-01
2.269999999999760831e+01 1.616982801082675059e-01 8.663813089947858259e-01
2.279999999999759908e+01 1.329300702172246940e-01 8.890975771496928415e-01
2.289999999999758984e+01 1.067823311041976586e-01 9.098335905883278008e-01
2.299999999999757705e+01 8.335031001920639726e-02 9.284944532844582321e-01
2.309999999999756426e+01 6.271526190421142233e-02 9.449961236776542872e-01
2.319999999999755502e+01 4.494414942586270889e-02 9.592657417370118456e-01
2.329999999999754579e+01 3.008941572352963334e-02 9.712418988010945720e-01
2.339999999999753300e+01 1.818883050584933769e-02 9.808748492768758487e-01
2.349999999999752021e+01 9.265409759695902164e-03 9.881266635734298198e-01
2.359999999999751097e+01 3.327408966725186896e-03 9.929713219426142823e-01
2.369999999999750173e+01 3.683893572845524204e-04 9.953947491908250456e-01
2.379999999999748894e+01 3.673563708411690227e-04 9.953947905205104973e-01
2.389999999999747615e+01 3.288969138107775310e-03 9.929811290499321874e-01
2.399999999999746692e+01 9.083819454443460215e-03 9.881751458419760770e-01
2.409999999999745768e+01 1.768877837851284135e-02 9.810097235522434733e-01
2.419999999999744489e+01 2.902740826620753625e-02 9.715289950799944618e-01
2.429999999999743210e+01 4.301043773901368911e-02 9.597880388625632531e-01
2.439999999999742286e+01 5.953629678973985928e-02 9.458525227126095558e-01
2.449999999999741362e+01 7.849170894820599320e-02 9.297982983320671746e-01
2.459999999999740083e+01 9.975233716641533632e-02 9.117109488707306753e-01
2.469999999999738804e+01 1.231834798379050772e-01 8.916852921106398489e-01
2.479999999999737881e+01 1.486408131408035183e-01 8.698248420561860428e-01
2.489999999999736957e+01 1.759711756891013668e-01 8.462412319020670148e-01
2.499999999999735678e+01 2.050133912931220992e-01 8.210536015135366794e-01
2.509999999999734399e+01 2.355991254686870262e-01 7.943879527113042460e-01
2.519999999999733475e+01 2.675537711953673292e-01 7.663764757886096790e-01
2.529999999999732552e+01 3.006973593092278074e-01 7.371568508028757405e-01
2.539999999999731273e+01 3.348454888226525261e-01 7.068715272861748611e-01
2.549999999999729994e+01 3.698102723970223549e-01 6.756669860985227150e-01
2.559999999999729070e+01 4.054012921499194344e-01 6.436929872080127124e-01
2.569999999999728146e+01 4.414265609590212192e-01 6.111018072249370103e-01
2.579999999999726867e+01 4.776934844311304662e-01 5.780474705388759515e-01
2.589999999999725588e+01 5.140098187332758917e-01 5.446849779119243840e-01
2.599999999999724665e+01 5.501846195365932557e-01 5.111695363634669587e-01
2.609999999999723741e+01 5.860291774013149935e-01 4.776557941483979830e-01
2.619999999999722462e+01 6.213579350316947858e-01 4.442970845759628973e-01
2.629999999999721183e+01 6.559893819519412306e-01 4.112446823445174982e-01
2.639999999999720259e+01 6.897469223011359896e-01 3.786470759769962058e-01
2.649999999999719336e+01 7.224597116092529303e-01 3.466492598350979781e-01
2.659999999999718057e+01 7.539634586050850684e-01 3.153920490659539722e-01
2.669999999999716778e+01 7.841011883106178137e-01 2.850114206942916950e-01
2.679999999999715854e+01 8.127239629018425671e-01 2.556378839202195219e-01
2.689999999999714930e+01 8.396915570547072161e-01 2.273958825110187487e-01
2.699999999999713651e+01 8.648730847514235487e-01 2.004032319950511398e-01
2.709999999999712372e+01 8.881475747929944431e-01 1.747705941702365207e-01
2.719999999999711449e+01 9.094044925430541104e-01 1.506009912343047596e-01
2.729999999999710525e+01 9.285442057235354651e-01 1.279893616286302549e-01
2.739999999999709246e+01 9.454783923820673230e-01 1.070221594623599476e-01
2.749999999999707967e+01 9.601303894610668799e-01 8.777699915284892240e-02
2.759999999999707043e+01 9.724354807128001710e-01 7.032234667894958491e-02
2.769999999999706120e+01 9.823411230208383138e-01 5.471725860145723597e-02
2.779999999999704841e+01 9.898071105105122891e-01 4.101116975742975790e-02
2.789999999999703562e+01 9.948056761492839462e-01 2.924373028609104225e-02
2.799999999999702638e+01 9.973215308553239344e-01 1.944469239317213674e-02
2.809999999999701714e+01 9.973518404493270095e-01 1.163384701038364631e-02
2.819999999999700435e+01 9.949061410921340443e-01 5.821010257500701911e-03
2.829999999999699156e+01 9.900061941540705401e-01 2.006059368324728497e-03
2.839999999999698233e+01 9.826857817556750030e-01 1.790174992815600898e-04
2.849999999999697309e+01 9.729904445063817242e-01 3.201866019821097498e-04
2.859999999999696030e+01 9.609771632367480887e-01 2.400327309896849778e-03
2.869999999999694751e+01 9.467139867866132263e-01 6.380884565367247671e-03
2.879999999999693827e+01 9.302796081545071649e-01 1.221425749761077470e-02
2.889999999999692903e+01 9.117628915489327524e-01 1.984411185610213471e-02
2.899999999999691624e+01 8.912623531009048472e-01 2.920573310774289208e-02
2.909999999999690345e+01 8.688855981961370878e-01 4.022641812126055705e-02
2.919999999999689422e+01 8.447487185722046821e-01 5.282590318935477536e-02
2.929999999999688498e+01 8.189756524914730829e-01 6.691682597860849901e-02
2.939999999999687219e+01 7.916975114514415157e-01 8.240521885019055914e-02
2.949999999999685940e+01 7.630518770229777203e-01 9.919103086096317523e-02
2.959999999999685016e+01 7.331820715220881413e-01 1.171686756358457648e-01
2.969999999999684093e+01 7.022364063089492348e-01 1.362276021980618756e-01
2.979999999999682814e+01 6.703674115897398922e-01 1.562528857549330130e-01
2.989999999999681535e+01 6.377310516439398391e-01 1.771258353634129756e-01
2.999999999999680611e+01 6.044859294425688478e-01 1.987246153416329930e-01
3.009999999999679687e+01 5.707924846363654492e-01 2.209248772505226499e-01
3.019999999999678408e+01 5.368121888923990115e-01 2.436003992433382892e-01
3.029999999999677129e+01 5.027067425380423726e-01 2.666237295706331278e-01
3.039999999999676206e+01 4.686372764315168138e-01 2.898668310332288556e-01
3.049999999999675282e+01 4.347635629230597876e-01 3.132017231967080262e-01
3.059999999999674003e+01 4.012432396948516500e-01 3.365011192175956234e-01
3.069999999999672724e+01 3.682310501780794443e-01 3.596390541818049735e-01
3.079999999999671800e+01 3.358781041354465535e-01 3.824915019232548175e-01
3.089999999999670877e+01 3.043311618747265856e-01 4.049369773697659713e-01
3.099999999999669598e+01 2.737319454165573762e-01 4.268571215584148759e-01
3.109999999999668319e+01 2.442164797866610559e-01 4.481372665690333545e-01
3.119999999999667395e+01 2.159144674314027179e-01 4.686669777461242581e-01
3.129999999999666471e+01 1.889486985738244029e-01 4.883405707093736448e-01
3.139999999999665192e+01 1.634345001308519230e-01 5.070576007988345513e-01
3.149999999999663913e+01 1.394792256060151947e-01 5.247233227528560473e-01
3.159999999999662990e+01 1.171817881530292094e-01 5.412491185809176208e-01
3.169999999999662066e+01 9.663223877891688463e-02 5.565528917661810571e-01
3.179999999999660787e+01 7.791139141881849028e-02 5.705594261135886747e-01
3.189999999999659508e+01 6.109049637109306014e-02 5.832007077438783327e-01
3.199999999999658584e+01 4.623096333218210813e-02 5.944162089311570973e-01
3.209999999999657661e+01 3.338413501608812617e-02 6.041531326766894638e-01
3.219999999999656382e+01 2.259111208538652424e-02 6.123666171154165117e-01
3.229999999999655103e+01 1.388262986094466328e-02 6.190198990570784376e-01
3.239999999999653824e+01 7.278987016402614293e-03 6.240844361698431042e-01
3.249999999999653255e+01 2.790026203331180590e-03 6.275399875244331849e-01
3.259999999999651976e+01 4.151662946557600395e-04 6.293746524217830318e-01
3.269999999999650697e+01 1.434856788889591814e-04 6.295848676368031027e-01
3.279999999999650129e+01 1.953855787385870915e-03 6.281753634136751918e-01
3.289999999999648850e+01 5.815123792455929169e-03 6.251590787489919032e-01
3.299999999999647571e+01 1.168634317704075713e-02 6.205570366964662243e-01
3.309999999999646292e+01 1.951705064801970840e-02 6.143981806192174711e-01
3.319999999999645013e+01 2.924758764619606738e-02 6.067191724998006741e-01
3.329999999999644444e+01 4.080946449775553486e-02 5.975641545973400248e-01
3.339999999999643165e+01 5.412576505553064188e-02 5.869844759120248501e-01
3.349999999999641886e+01 6.911158949452503308e-02 5.750383850790322660e-01
3.359999999999641318e+01 8.567453275611361385e-02 5.617906914651498163e-01
3.369999999999640039e+01 1.037151959792990685e-01 5.473123963871306952e-01
3.379999999999638760e+01 1.231277281166900661e-01 5.316802964985970492e-01
3.389999999999637481e+01 1.438003948075960992e-01 5.149765615157301246e-01
3.399999999999636202e+01 1.656161714712993949e-01 4.972882885595267255e-01
3.409999999999635634e+01 1.884533574912550247e-01 4.787070354893013246e-01
3.419999999999634355e+01 2.121862082844495068e-01 4.593283356850798027e-01
3.429999999999633076e+01 2.366855819916924841e-01 4.392511968093487096e-01
3.439999999999632507e+01 2.618195974819174654e-01 4.185775861352508675e-01
3.449999999999631228e+01 2.874543003394233187e-01 3.974119050725450353e-01
3.459999999999629949e+01 3.134543334939193793e-01 3.758604555562280458e-01
3.469999999999628670e+01 3.396836091625698995e-01 3.540309009777112825e-01
3.479999999999627391e+01 3.660059787983094282e-01 3.320317243452928224e-01
3.489999999999626823e+01 3.922858977790359969e-01 3.099716863510282860e-01
3.499999999999625544e+01 4.183890816306092275e-01 2.879592859992499698e-01
3.509999999999624265e+01 4.441831506476383584e-01 2.661022264180699648e-01
3.519999999999623697e+01 4.695382598626244297e-01 2.445068884275064247e-01
3.529999999999622418e+01 4.943277114158705077e-01 2.232778143789428404e-01
3.539999999999621139e+01 5.184285464913679364e-01 2.025172047095339101e-01
3.549999999999619860e+01 5.417221141115763361e-01 1.823244295727622366e-01
3.559999999999618581e+01 5.640946142213871806e-01 1.627955578133119807e-01
3.569999999999618012e+01 5.854376126422630167e-01 1.440229054510552831e-01
3.579999999999616733e+01 6.056485256363736136e-01 1.260946057258760244e-01
3.589999999999615454e+01 6.246310719891462471e-01 1.090942026330941617e-01
3.599999999999614886e+01 6.422956906971525326e-01 9.310026974916597864e-02
3.609999999999613607e+01 6.585599225313847338e-01 7.818605600888643703e-02
3.619999999999612328e+01 6.733487539386082688e-01 6.441915995120278682e-02
3.629999999999611049e+01 6.865949219377539547e-01 5.186123379952770757e-02
3.639999999999609770e+01 6.982391788735086147e-01 4.056771858602809672e-02
3.649999999999609201e+01 7.082305160881957606e-01 3.058761136923587171e-02
3.659999999999607923e+01 7.165263457868564778e-01 2.196326542933501463e-02
3.669999999999606644e+01 7.230926405726950668e-01 1.473022415851948062e-02
3.679999999999606075e+01 7.279040303454337169e-01 8.917089194366269178e-03
3.689999999999604796e+01 7.309438564598009780e-01 4.545423173640209674e-03
3.699999999999603517e+01 7.322041832504108116e-01 1.629687312995703246e-03
3.709999999999602238e+01 7.316857672369844190e-01 1.772138525971142054e-04
3.719999999999600959e+01 7.293979845214877411e-01 1.882132294261364635e-04
3.729999999999600391e+01 7.253587170910632542e-01 1.655815679936783026e-03
3.739999999999599112e+01 7.195941989314049714e-01 4.566146807421883787e-03
3.749999999999597833e+01 7.121388230422721621e-01 8.898436488820811105e-03
3.759999999999597264e+01 7.030349106282229865e-01 1.462516033943150190e-02
3.769999999999595985e+01 6.923324439085956072e-01 2.171221280283216690e-02
3.779999999999594706e+01 6.800887641569028919e-01 3.011911078796490615e-02
3.789999999999593427e+01 6.663682367325782785e-01 3.979922663641369263e-02
3.799999999999592148e+01 6.512418850155224925e-01 5.070004907105012809e-02
3.809999999999591580e+01 6.347869952869431565e-01 6.276347065313357676e-02
3.819999999999590301e+01 6.170866947231853361e-01 7.592610015887923947e-02
3.829999999999589022e+01 5.982295047834367274e-01 9.011959817925853378e-02
3.839999999999588454e+01 5.783088723680137599e-01 1.052710341488082429e-01
3.849999999999587175e+01 5.574226812146408916e-01 1.213032629203733559e-01
3.859999999999585896e+01 5.356727460718946343e-01 1.381353189244291235e-01
3.869999999999584617e+01 5.131642922498630410e-01 1.556828258828164835e-01
3.879999999999583338e+01 4.900054231966151086e-01 1.738584199888455750e-01
3.889999999999582769e+01 4.663065787812342156e-01 1.925721844185240839e-01
3.899999999999581490e+01 4.421799869855053133e-01 2.117320930007487445e-01
3.909999999999580211e+01 4.177391117113698482e-01 2.312444608485688946e-01
3.919999999999579643e+01 3.930980994054768529e-01 2.510143997393447513e-01
3.929999999999578364e+01 3.683712271811124817e-01 2.709462760265406445e-01
3.939999999999577085e+01 3.436723550837822994e-01 2.909441688735692755e-01
3.949999999999575806e+01 3.191143851014406896e-01 3.109123266168214994e-01
3.959999999999574527e+01 2.948087294607522058e-01 3.307556190933039209e-01
3.969999999999573959e+01 2.708647906814213857e-01 3.503799838055015048e-01
3.979999999999572680e+01 2.473894557772380598e-01 3.696928638446806969e-01
3.989999999999571401e+01 2.244866069014372634e-01 3.886036355511100493e-01
3.999999999999570832e+01 2.022566506298490441e-01 4.070240239550532158e-01
4.009999999999569553e+01 1.807960679639510071e-01 4.248685041204747770e-01
4.019999999999568274e+01 1.601969870139328400e-01 4.420546865933378533e-01
4.029999999999566995e+01 1.405467801934618399e-01 4.585036852513227901e-01
4.039999999999565716e+01 1.219276876204509752e-01 4.741404659481697759e-01
4.049999999999565148e+01 1.044164682755538143e-01 4.888941744527527389e-01
4.059999999999563869e+01 8.808408032080303207e-02 5.026984422934223096e-01
4.069999999999562590e+01 7.299539182673908666e-02 5.154916692369150288e-01
4.079999999999562021e+01 5.920892299835463918e-02 5.272172812516776608e-01
4.089999999999560742e+01 4.677662082811501199e-02 5.378239629335450633e-01
4.099999999999559464e+01 3.574366694033912634e-02 5.472658635003594396e-01
4.109999999999558185e+01 2.614831922472438813e-02 5.555027755966210901e-01
4.119999999999556906e+01 1.802178768961739189e-02 5.625002862839252327e-01
4.129999999999556337e+01 1.138814479808683382e-02 5.682298997307901889e-01
4.139999999999555058e+01 6.264270382773396914e-03 5.726691312529340605e-01
4.149999999999553779e+01 2.659831069661431659e-03 5.758015724948269964e-01
4.159999999999553211e+01 5.772939771971438315e-04 5.776169276804550279e-01
4.169999999999551932e+01 1.197429612266527236e-05 5.781110209986963788e-01
4.179999999999550653e+01 9.521161979426193567e-04 5.772857753261174674e-01
4.189999999999549374e+01 3.379006366659951036e-03 5.751491626199407570e-01
4.199999999999548095e+01 7.267119300085031312e-03 5.717151264489065410e-01
4.209999999999547526e+01 1.258429338428261948e-02 5.670034772526884037e-01
4.219999999999546247e+01 1.929193660825431755e-02 5.610397610471233865e-01
4.229999999999544968e+01 2.734526065631097055e-02 5.538551024080088370e-01
4.239999999999544400e+01 3.669354199348519308e-02 5.454860226828024405e-01
4.249999999999543121e+01 4.728040844509072416e-02 5.359742344843138051e-01
4.259999999999541842e+01 5.904414966599027398e-02 5.253664136241750215e-01
4.269999999999540563e+01 7.191804979823830657e-02 5.137139497394397347e-01
4.279999999999539284e+01 8.583074052868630566e-02 5.010726769520704726e-01
4.289999999999538716e+01 1.007065726800551453e-01 4.875025859849080323e-01
4.299999999999537437e+01 1.164660044017282736e-01 4.730675192293724018e-01
4.309999999999536158e+01 1.330260039686106122e-01 4.578348503269098480e-01
4.319999999999535589e+01 1.503004651496745447e-01 4.418751498846044679e-01
4.329999999999534310e+01 1.682006330706429797e-01 4.252618389936078103e-01
4.339999999999533031e+01 1.866355384696011532e-01 4.080708322618363804e-01
4.349999999999531752e+01 2.055124382281856288e-01 3.903801721041577633e-01
4.359999999999530473e+01 2.247372600560823830e-01 3.722696560583988457e-01
4.369999999999529905e+01 2.442150492110670701e-01 3.538204589107518672e-01
4.379999999999528626e+01 2.638504151521620100e-01 3.351147514215337964e-01
4.389999999999527347e+01 2.835479760480070777e-01 3.162353174414272439e-01
4.399999999999526779e+01 3.032127990971637543e-01 2.972651711990394463e-01
4.409999999999525500e+01 3.227508346598430000e-01 2.782871765216849980e-01
4.419999999999524221e+01 3.420693422540004303e-01 2.593836697275359593e-01
4.429999999999522942e+01 3.610773065277849692e-01 2.406360878924733437e-01
4.439999999999521663e+01 3.796858413907098218e-01 2.221246041543742944e-01
4.449999999999521094e+01 3.978085805605593994e-01 2.039277716698814913e-01
4.459999999999519815e+01 4.153620528670439183e-01 1.861221777825352031e-01
4.469999999999518536e+01 4.322660407424057660e-01 1.687821099007429104e-01
4.479999999999517968e+01 4.484439204254562217e-01 1.519792345145362100e-01
4.489999999999516689e+01 4.638229825058324263e-01 1.357822907078743147e-01
4.499999999999515410e+01 4.783347315418123302e-01 1.202567994426191750e-01
4.509999999999514131e+01 4.919151635953978308e-01 1.054647898069388939e-01
4.519999999999512852e+01 5.045050206427725836e-01 9.146454333153181127e-02
4.529999999999512283e+01 5.160500209355366463e-01 7.831035738456587625e-02
4.539999999999511004e+01 5.265010645080286933e-01 6.605232855921133739e-02
4.549999999999509726e+01 5.358144131494949614e-01 5.473615686824479659e-02
4.559999999999509157e+01 5.439518442822187660e-01 4.440297145760039449e-02
4.569999999999507878e+01 5.508807783129739954e-01 3.508917844632829242e-02
4.579999999999506599e+01 5.565743791492796522e-01 2.682633139405515149e-02
4.589999999999505320e+01 5.610116276977860084e-01 1.964102478966379961e-02
4.599999999999504041e+01 5.641773682856737748e-01 1.355481084690454176e-02
4.609999999999503473e+01 5.660623280695556980e-01 8.584139784264701103e-03
4.619999999999502194e+01 5.666631096175762661e-01 4.740323658602115832e-03
4.629999999999500915e+01 5.659821569678673558e-01 2.029523714823789227e-03
4.639999999999500346e+01 5.640276955846070805e-01 4.527611080706055624e-04
4.649999999999499067e+01 5.608136467428718186e-01 5.950750724431246739e-06
4.659999999999497788e+01 5.563595169845239052e-01 6.799579345990725259e-04
4.669999999999496509e+01 5.506902633894682486e-01 2.460677279349779509e-03
4.679999999999495230e+01 5.438361355080878479e-01 5.329133461824953066e-03
4.689999999999494662e+01 5.358324948942075894e-01 9.261603088205302634e-03
4.699999999999493383e+01 5.267196132672108400e-01 1.422975698167305153e-02
4.709999999999492104e+01 5.165424504156556074e-01 2.020082207344351538e-02
4.719999999999491536e+01 5.053504130322830079e-01 2.713776200449449089e-02
4.729999999999490257e+01 4.931970957406049960e-01 3.499947546966098583e-02
4.739999999999488978e+01 4.801400056397697180e-01 4.374101126514060717e-02
4.749999999999487699e+01 4.662402717508422056e-01 5.331379893512531998e-02
4.759999999999486420e+01 4.515623408002587547e-01 6.366589385352235120e-02
4.769999999999485851e+01 4.361736608211425614e-01 7.474223552259214032e-02
4.779999999999484572e+01 4.201443540895080098e-01 8.648491782235873115e-02
4.789999999999483293e+01 4.035468809455308170e-01 9.883346990236153984e-02
4.799999999999482725e+01 3.864556960718586454e-01 1.117251463716119331e-01
4.809999999999481446e+01 3.689468988198687516e-01 1.250952254126604379e-01
4.819999999999480167e+01 3.510978791831575463e-01 1.388773134227843098e-01
4.829999999999478888e+01 3.329869610229529986e-01 1.530036547678567671e-01
4.839999999999477609e+01 3.146930441444075743e-01 1.674054452242339786e-01
4.849999999999477041e+01 2.962952468144424700e-01 1.820131476795797121e-01
4.859999999999475762e+01 2.778725502938642067e-01 1.967568086654985782e-01
4.869999999999474483e+01 2.595034469342064609e-01 2.115663743036888811e-01
4.879999999999473914e+01 2.412655933588798152e-01 2.263720042609523031e-01
4.889999999999472635e+01 2.232354702142520797e-01 2.411043823298078814e-01
4.899999999999471356e+01 2.054880499327973453e-01 2.556950222772254033e-01
4.909999999999470077e+01 1.880964739043681222e-01 2.700765676366155277e-01
4.919999999999468798e+01 1.711317403976543861e-01 2.841830841553340536e-01
4.929999999999468230e+01 1.546624045160495953e-01 2.979503436537242478e-01
4.939999999999466951e+01 1.387542914086671020e-01 3.113160980992784599e-01
4.949999999999465672e+01 1.234702238887968179e-01 3.242203427528163595e-01
4.959999999999465103e+01 1.088697655399286368e-01 3.366055673007007920e-01
4.969999999999463824e+01 9.500898031259957799e-02 3.484169939501606250e-01
4.979999999999462545e+01 8.194020953501282567e-02 3.596028015285810953e-01
4.989999999999461266e+01 6.971186717652246012e-02 3.701143346998000405e-01
4.999999999999459988e+01 5.836825411683187886e-02 3.799062974807081994e-01
5.009999999999459419e+01 4.794939208414526755e-02 3.889369303190304827e-01
5.019999999999458140e+01 3.849087783455815148e-02 3.971681700715201102e-01
5.029999999999456861e+01 3.002375805215242235e-02 4.045657923010144708e-01
5.039999999999456293e+01 2.257442535485367288e-02 4.110995353955801401e-01
5.049999999999455014e+01 1.616453569662940765e-02 4.167432060955830742e-01
5.059999999999453735e+01 1.081094736115860259e-02 4.214747661000950996e-01
5.069999999999452456e+01 6.525681647117307846e-03 4.252763995106944583e-01
5.079999999999451177e+01 3.315905250631743725e-03 4.281345609560944787e-01
5.089999999999450608e+01 1.183934256795074556e-03 4.300400043283695295e-01
5.099999999999449329e+01 1.272595597773643907e-04 4.309877921468797668e-01
5.109999999999448050e+01 1.385934404112779822e-04 4.309772856513742756e-01
5.119999999999447482e+01 1.205936941466166645e-03 4.300121158106472996e-01
5.129999999999446203e+01 3.312667594544305323e-03 4.281001355142209919e-01
5.139999999999444924e+01 6.437646968897686034e-03 4.252533532975134034e-01
5.149999999999443645e+01 1.055534743177917456e-02 4.214878490277904066e-01
5.159999999999442366e+01 1.563599743248217724e-02 4.168236720558758379e-01
5.169999999999441798e+01 2.164574454820757804e-02 4.112847224117782141e-01
5.179999999999440519e+01 2.854683545959343580e-02 4.048986156928985336e-01
5.189999999999439240e+01 3.629781195731110466e-02 3.976965323608947500e-01
5.199999999999438671e+01 4.485372201884175319e-02 3.897130522272232445e-01
5.209999999999437392e+01 5.416634493650179794e-02 3.809859749670813089e-01
5.219999999999436113e+01 6.418442942420678199e-02 3.715561275572538680e-01
5.229999999999434834e+01 7.485394358152780425e-02 3.614671595857978370e-01
5.239999999999433555e+01 8.611833554929521073e-02 3.507653274280091438e-01
5.249999999999432987e+01 9.791880365193596225e-02 3.394992683262199606e-01
5.259999999999431708e+01 1.101945747870393677e-01 3.277197654485564660e-01
5.269999999999430429e+01 1.228831897940331624e-01 3.154795050356067332e-01
5.279999999999429861e+01 1.359207945094841885e-01 3.028328267712291355e-01
5.289999999999428582e+01 1.492424351983294706e-01 2.898354685365698291e-01
5.299999999999427303e+01 1.627823570369738848e-01 2.765443067254431675e-01
5.309999999999426024e+01 1.764743043167422698e-01 2.630170933101673714e-01
5.319999999999424745e+01 1.902518210339244620e-01 2.493121908549258692e-01
5.329999999999424176e+01 2.040485505359619089e-01 2.354883066763765465e-01
5.339999999999422897e+01 2.177985329028582495e-01 2.216042273466752588e-01
5.349999999999421618e+01 2.314364987563528597e-01 2.077185547265151255e-01
5.359999999999421050e+01 2.448981582109611144e-01 1.938894447020928502e-01
5.369999999999419771e+01 2.581204837048290401e-01 1.801743497800925020e-01
5.379999999999418492e+01 2.710419854804932971e-01 1.666297666727121485e-01
5.389999999999417213e+01 2.836029785211882093e-01 1.533109899738734905e-01
5.399999999999415934e+01 2.957458397894470736e-01 1.402718729963578770e-01
5.409999999999415365e+01 3.074152546615406822e-01 1.275645967998240149e-01
5.419999999999414086e+01 3.185584515014243112e-01 1.152394483981687007e-01
5.429999999999412807e+01 3.291254233746393476e-01 1.033446090872853218e-01
5.439999999999412239e+01 3.390691359610418232e-01 9.192595378393572658e-02
5.449999999999410960e+01 3.483457207913711606e-01 8.102686221152791135e-02
5.459999999999409681e+01 3.569146529981432336e-01 7.068804271051462584e-02
5.469999999999408402e+01 3.647389128454154861e-01 6.094736938992420527e-02
5.479999999999407123e+01 3.717851303752840453e-01 5.183973327186299634e-02
5.489999999999406555e+01 3.780237125866701131e-01 4.339690801397549924e-02
5.499999999999405276e+01 3.834289526444085716e-01 3.564743072516274314e-02
5.509999999999403997e+01 3.879791206969665507e-01 2.861649831846386702e-02
5.519999999999403428e+01 3.916565359677156022e-01 2.232587977159443057e-02
5.529999999999402149e+01 3.944476198709869763e-01 1.679384459090445952e-02
5.539999999999400870e+01 3.963429299910781745e-01 1.203510769879320014e-02
5.549999999999399591e+01 3.973371748519702873e-01 8.060790888048762967e-03
5.559999999999398312e+01 3.974292094939906317e-01 4.878400909666668131e-03
5.569999999999397744e+01 3.966220119627964502e-01 2.491824183862804878e-03
5.579999999999396465e+01 3.949226409062866483e-01 9.013380473543727107e-04
5.589999999999395186e+01 3.923421745602125310e-01 1.036383741691290159e-04
5.599999999999394618e+01 3.888956314940513193e-01 9.188333239310156949e-05
5.609999999999393339e+01 3.846018735704255787e-01 8.557529658648739632e-04
5.619999999999392060e+01 3.794834916571139805e-01 2.381524218155987079e-03
5.629999999999390781e+01 3.735666747106470842e-01 4.652160946596596049e-03
5.639999999999389502e+01 3.668810629276008095e-01 7.647418406946510788e-03
5.649999999999388933e+01 3.594595857364242253e-01 1.134396162488196004e-02
5.659999999999387654e+01 3.513382854709946601e-01 1.571549700910000735e-02
5.669999999999386375e+01 3.425561276356742790e-01 2.073291650277286902e-02
5.679999999999385807e+01 3.331547987329577243e-01 2.636445351568275294e-02
5.689999999999384528e+01 3.231784926825509996e-01 3.257584982878970747e-02
5.699999999999383249e+01 3.126736869119134399e-01 3.933053261654970156e-02
5.709999999999381970e+01 3.016889092465361855e-01 4.658980069013937686e-02
5.719999999999380691e+01 2.902744967668302589e-01 5.431301902724756242e-02
5.729999999999380123e+01 2.784823478345636594e-01 6.245782062111000094e-02
5.739999999999378844e+01 2.663656685198140806e-01 7.098031465343977719e-02
5.749999999999377565e+01 2.539787146807089835e-01 7.983529997287955315e-02
5.759999999999376996e+01 2.413765309644280432e-01 8.897648284255210704e-02
5.769999999999375717e+01 2.286146880054505115e-01 9.835669790734881401e-02
5.779999999999374438e+01 2.157490191001978641e-01 1.079281313240939705e-01
5.789999999999373159e+01 2.028353576311028583e-01 1.176425449948752117e-01
5.799999999999371880e+01 1.899292765029402252e-01 1.274515008467445865e-01
5.809999999999371312e+01 1.770858308351127286e-01 1.373065841087295347e-01
5.819999999999370033e+01 1.643593051301186214e-01 1.471596245497731603e-01
5.829999999999368754e+01 1.518029661070085246e-01 1.569629146590094115e-01
5.839999999999368185e+01 1.394688223525133164e-01 1.666694237727026351e-01
5.849999999999366906e+01 1.274073918995999866e-01 1.762330071788929531e-01
5.859999999999365627e+01 1.156674787954802552e-01 1.856086092632804607e-01
5.869999999999364348e+01 1.042959596681214823e-01 1.947524597952832726e-01
5.879999999999363069e+01 9.333758124188311356e-02 2.036222624940932924e-01
5.889999999999362501e+01 8.283476969104187904e-02 2.121773750578775097e-01
5.899999999999361222e+01 7.282745265313576855e-02 2.203789798879102479e-01
5.909999999999359943e+01 6.335289465402807463e-02 2.281902447892788233e-01
5.919999999999359375e+01 5.444554662338440404e-02 2.355764729849919581e-01
5.929999999999358096e+01 4.613691010294860423e-02 2.425052418362362572e-01
5.939999999999356817e+01 3.845541667154853127e-02 2.489465297211383155e-01
5.949999999999355538e+01 3.142632303052411702e-02 2.548728305860457621e-01
5.959999999999354259e+01 2.507162211135340740e-02 2.602592557457220623e-01
5.969999999999353690e+01 1.940997048444811912e-02 2.650836225742408958e-01
5.979999999999352411e+01 1.445663226490916629e-02 2.693265297934886449e-01
5.989999999999351132e+01 1.022343962751407105e-02 2.729714191332363038e-01
5.999999999999350564e+01 6.718769960338480916e-03 2.760046232029605418e-01
6.009999999999349285e+01 3.947539604096625930e-03 2.784153994834140389e-01
6.019999999999348006e+01 1.911214043418337340e-03 2.801959504123406330e-01
6.029999999999346727e+01 6.078343369020502247e-04 2.813414296048242780e-01
6.039999999999345448e+01 3.205949551666173908e-05 2.818499343147883862e-01
6.049999999999344880e+01 1.752244440594985650e-04 2.817224843074737084e-01
6.059999999999343601e+01 1.025413128270263744e-03 2.809629873761753660e-01
6.069999999999342322e+01 2.567546261215531821e-03 2.795781917970897035e-01
6.079999999999341753e+01 4.783483136987452464e-03 2.775776260748772373e-01
6.089999999999340474e+01 7.652136877903307696e-03 2.749735263884074965e-01
6.099999999999339195e+01 1.114960242350429044e-02 2.717807521995269648e-01
6.109999999999337916e+01 1.524929651597226217e-02 2.680166905395366395e-01
6.119999999999336637e+01 1.992210888733522006e-02 2.637011495356094692e-01
6.129999999999336069e+01 2.513656380913573823e-02 2.588562417843261465e-01
6.139999999999334790e+01 3.085899112538471184e-02 2.535062582215136806e-01
6.149999999999333511e+01 3.705370585447527454e-02 2.476775331745590392e-01
6.159999999999332942e+01 4.368319541575611809e-02 2.413983013187935012e-01
6.169999999999331664e+01 5.070831351135039744e-02 2.346985472886862489e-01
6.179999999999330385e+01 5.808847967376639526e-02 2.276098487221211442e-01
6.189999999999329106e+01 6.578188347506581934e-02 2.201652135382213271e-01
6.199999999999327827e+01 7.374569238333819610e-02 2.123989122672505225e-01
6.209999999999327258e+01 8.193626224749495091e-02 2.043463062663472274e-01
6.219999999999325979e+01 9.030934939144728835e-02 1.960436726641877903e-01
6.229999999999324700e+01 9.882032330374757034e-02 1.875280268849867371e-01
6.239999999999324132e+01 1.074243789183581821e-01 1.788369436032272719e-01
6.249999999999322853e+01 1.160767474969263274e-01 1.700083769795821542e-01
6.259999999999321574e+01 1.247329051411530804e-01 1.610804810221859174e-01
6.269999999999320295e+01 1.333487779876932067e-01 1.520914309076042970e-01
6.279999999999319016e+01 1.418809431647783947e-01 1.430792460827723933e-01
6.289999999999318447e+01 1.502868246211618575e-01 1.340816159514758299e-01
6.299999999999317168e+01 1.585248829730960540e-01 1.251357289286203489e-01
6.309999999999315889e+01 1.665547985531756481e-01 1.162781056209236663e-01
6.319999999999315321e+01 1.743376468870110052e-01 1.075444368658294292e-01
6.329999999999314042e+01 1.818360658683065290e-01 9.896942732938766862e-02
6.339999999999312763e+01 1.890144139504212895e-01 9.058664533074586855e-02
6.349999999999311484e+01 1.958389187231509565e-01 8.242837952491482989e-02
6.359999999999310205e+01 2.022778152949067931e-01 7.452550303636924778e-02
6.369999999999309637e+01 2.083014739563424922e-01 6.690734559566405282e-02
6.379999999999308358e+01 2.138825166559323032e-01 5.960157418792517287e-02
6.389999999999307079e+01 2.189959218771427019e-01 5.263408267731235074e-02
6.399999999999306510e+01 2.236191175645130258e-01 4.602889082500963291e-02
6.409999999999305942e+01 2.277320618061233759e-01 3.980805307060488601e-02
6.419999999999303952e+01 2.313173110398989152e-01 3.399157739748770446e-02
6.429999999999301963e+01 2.343600756117772133e-01 2.859735455309765639e-02
6.439999999999301394e+01 2.368482625738969338e-01 2.364109784425647703e-02
6.449999999999300826e+01 2.387725056715908623e-01 1.913629367683475357e-02
6.459999999999300258e+01 2.401261825270170902e-01 1.509416295769229477e-02
6.469999999999298268e+01 2.409054190860993594e-01 1.152363342592642968e-02
6.479999999999297700e+01 2.411090814530231219e-01 8.431322929421813592e-03
6.489999999999295710e+01 2.407387552923511975e-01 5.821533612560055894e-03
6.499999999999295142e+01 2.397987130333781025e-01 3.696256931304536288e-03
6.509999999999294573e+01 2.382958691634814441e-01 2.055189363369797594e-03
6.519999999999292584e+01 2.362397239480086841e-01 8.957586337658963961e-04
6.529999999999292015e+01 2.336422959615551409e-01 2.131602300194902430e-04
6.539999999999290026e+01 2.305180438610118787e-01 4.039369487692563662e-07
6.549999999999289457e+01 2.268837778731876142e-01 2.483700781992981472e-04
6.559999999999288889e+01 2.227585615100798055e-01 9.458751110072240219e-04
6.569999999999286899e+01 2.181636040599959914e-01 2.079746181995805951e-03
6.579999999999286331e+01 2.131221444378323948e-01 3.634904215378056535e-03
6.589999999999285762e+01 2.076593270068510244e-01 5.594455070860886517e-03
6.599999999999283773e+01 2.018020700111144705e-01 7.939788276939481471e-03
6.609999999999283204e+01 1.955789272823959257e-01 1.065068281625242662e-02
6.619999999999282636e+01 1.890199439038116325e-01 1.370541941328164669e-02
6.629999999999280647e+01 1.821565065303457909e-01 1.708089875108732489e-02
6.639999999999280078e+01 1.750211890796996017e-01 2.075276502290488573e-02
6.649999999999278089e+01 1.676475945163812820e-01 2.469553420647988343e-02
6.659999999999277520e+01 1.600701934593946330e-01 2.888272643391114058e-02
6.669999999999276952e+01 1.523241603474766448e-01 3.328700181750406800e-02
6.679999999999274962e+01 1.444452078960891672e-01 3.788029908298440329e-02
6.689999999999274394e+01 1.364694205787139458e-01 4.263397635480740966e-02
6.699999999999272404e+01 1.284330878590714264e-01 4.751895343502766239e-02
6.709999999999271836e+01 1.203725378935022183e-01 5.250585491627735718e-02
6.719999999999271267e+01 1.123239724120654454e-01 5.756515347183126241e-02
6.729999999999269278e+01 1.043233034736844728e-01 6.266731267038740116e-02
6.739999999999268709e+01 9.640599277572081682e-02 6.778292867110949360e-02
6.749999999999268141e+01 8.860689418009021212e-02 7.288287016453666445e-02
6.759999999999266151e+01 8.096010009898269022e-02 7.793841593803793599e-02
6.769999999999265583e+01 7.349879236076568845e-02 8.292138945969838859e-02
6.779999999999265015e+01 6.625509815341938669e-02 8.780428989240536553e-02
6.789999999999263025e+01 5.925995161697004271e-02 9.256041897006803132e-02
6.799999999999262457e+01 5.254296162932735326e-02 9.716400318993720364e-02
6.809999999999260467e+01 4.613228630083197196e-02 1.015903107998283039e-01
6.819999999999259899e+01 4.005451466249702885e-02 1.058157630851681991e-01
6.829999999999259330e+01 3.433455600078478415e-02 1.098180394892344508e-01
6.839999999999257341e+01 2.899553725854351824e-02 1.135761761300333461e-01
6.849999999999256772e+01 2.405870888698862647e-02 1.170706573089235480e-01
6.859999999999254783e+01 1.954335949765169042e-02 1.202834996395271833e-01
6.869999999999254214e+01 1.546673962628676742e-02 1.231983284596121497e-01
6.879999999999253646e+01 1.184399488248545455e-02 1.258004462249958100e-01
6.889999999999251656e+01 8.688108719785880146e-03 1.280768926211012237e-01
6.899999999999251088e+01 6.009855021153135378e-03 1.300164961656039286e-01
6.909999999999250520e+01 3.817760654074572619e-03 1.316099171143616520e-01
6.919999999999248530e+01 2.118078108401186266e-03 1.328496815221101579e-01
6.929999999999247962e+01 9.147682883943479473e-04 1.337302063487864900e-01
6.939999999999247393e+01 2.094934885858961825e-04 1.342478155427000719e-01
6.949999999999245404e+01 1.620541041094988917e-06 1.344007470716565289e-01
6.959999999999244835e+01 2.882340796777047064e-04 1.341891509133392169e-01
6.969999999999242846e+01 1.064159825594220227e-03 1.336150780559773876e-01
6.979999999999242277e+01 2.321997756092783124e-03 1.326824606001868190e-01
6.989999999999241709e+01 4.052164979428939454e-03 1.313970830914911736e-01
6.999999999999239719e+01 6.242948097483395388e-03 1.297665452514765172e-01
7.009999999999239151e+01 8.880564799696658365e-03 1.278002163130633750e-01
7.019999999999237161e+01 1.194923439395007003e-02 1.255091812016701780e-01
7.029999999999236593e+01 1.543125694374153541e-02 1.229061788394570504e-01
7.039999999999236024e+01 1.930710064621609864e-02 1.200055328835311075e-01
7.049999999999234035e+01 2.355549705248298140e-02 1.168230752420020419e-01
7.059999999999233466e+01 2.815354370027562184e-02 1.133760627421605688e-01
7.069999999999232898e+01 3.307681369965107671e-02 1.096830873546829344e-01
7.079999999999230909e+01 3.829947178499931715e-02 1.057639804051633409e-01
7.089999999999230340e+01 4.379439632137507865e-02 1.016397112296075073e-01
7.099999999999229772e+01 4.953330673005856138e-02 9.733228075408172086e-02
7.109999999999227782e+01 5.548689577737911383e-02 9.286461050038700982e-02
7.119999999999227214e+01 6.162496615224959812e-02 8.826042753821643216e-02
7.129999999999225224e+01 6.791657074151644102e-02 8.354414592188616484e-02
7.139999999999224656e+01 7.433015599820187724e-02 7.874074516393321510e-02
7.149999999999224087e+01 8.083370778599387185e-02 7.387564631013469885e-02
7.159999999999222098e+01 8.739489907387161527e-02 6.897458619075214070e-02
7.169999999999221529e+01 9.398123884747025536e-02 6.406349042966558160e-02
7.179999999999219540e+01 1.005602215989807174e-01 5.916834579852549292e-02
7.189999999999218971e+01 1.070994767544850568e-01 5.431507250517875890e-02
7.199999999999218403e+01 1.135669173971578794e-01 4.952939700581300564e-02
7.209999999999216413e+01 1.199308876462951146e-01 4.483672592760973991e-02
7.219999999999215845e+01 1.261603080560801393e-01 4.026202168384048624e-02
7.229999999999215277e+01 1.322248184038349039e-01 3.582968035574527615e-02
7.239999999999213287e+01 1.380949172456317209e-01 3.156341240573262708e-02
7.249999999999212719e+01 1.437420976274497164e-01 2.748612677404177820e-02
7.259999999999212150e+01 1.491389783524811052e-01 2.361981889625092146e-02
7.269999999999210161e+01 1.542594302199677136e-01 1.998546316212701165e-02
7.279999999999209592e+01 1.590786966676395187e-01 1.660291031668275144e-02
7.289999999999207603e+01 1.635735082689962760e-01 1.349079028300858782e-02
7.299999999999207034e+01 1.677221905581483818e-01 1.066642086245733756e-02
7.309999999999206466e+01 1.715047646785032576e-01 8.145722742057506793e-03
7.319999999999204476e+01 1.749030403775610754e-01 5.943141211108933161e-03
7.329999999999203908e+01 1.779007008982327609e-01 4.071574959144862171e-03
7.339999999999201918e+01 1.804833793478778092e-01 2.542312295870079869e-03
7.349999999999201350e+01 1.826387261591021494e-01 1.364975100368465751e-03
7.359999999999200782e+01 1.843564672912076374e-01 5.474707719971578113e-04
7.369999999999198792e+01 1.856284528587774096e-01 9.595241904619641632e-05
7.379999999999198224e+01 1.864486959134250277e-01 1.478748358410322964e-05
7.389999999999197655e+01 1.868134011460833022e-01 3.065349620882025245e-04
7.399999999999195666e+01 1.867209833207540137e-01 9.719313416264650611e-04
7.409999999999195097e+01 1.861720752958848091e-01 2.009885330684555577e-03
7.419999999999194529e+01 1.851695255368212834e-01 3.417481422393211545e-03
7.429999999999192539e+01 1.837183850705792487e-01 5.189992286087516567e-03
7.439999999999191971e+01 1.818258838846259495e-01 7.320899941025128116e-03
7.449999999999189981e+01 1.795013968210978916e-01 9.801925623880464178e-03
7.459999999999189413e+01 1.767563990707516908e-01 1.262306821953908600e-02
7.469999999999188844e+01 1.736044114210943956e-01 1.577265108294282139e-02
7.479999999999186855e+01 1.700609354675703955e-01 1.923737703850512959e-02
7.489999999999186286e+01 1.661433790466557425e-01 2.300239130307902766e-02
7.499999999999184297e+01 1.618709722033564724e-01 2.705135203896135224e-02
7.509999999999183729e+01 1.572646740553264866e-01 3.136650820501039189e-02
7.519999999999183160e+01 1.523470709666452649e-01 3.592878433696527346e-02
7.529999999999181171e+01 1.471422664926093637e-01 4.071787185272406767e-02
7.539999999999180602e+01 1.416757636038546431e-01 4.571232644459077843e-02
7.549999999999180034e+01 1.359743397431041612e-01 5.088967108909885073e-02
7.559999999999178044e+01 1.300659153103024823e-01 5.622650417540280693e-02
7.569999999999177476e+01 1.239794162115872428e-01 6.169861222628997971e-02
7.579999999999176907e+01 1.177446311444524246e-01 6.728108666131568660e-02
7.589999999999174918e+01 1.113920643250092962e-01 7.294844402971972785e-02
7.599999999999174349e+01 1.049527843929068949e-01 7.867474912178291924e-02
7.609999999999172360e+01 9.845827025555010936e-02 8.443374035132214517e-02
7.619999999999171791e+01 9.194025465554679644e-02 9.019895678892503321e-02
7.629999999999171223e+01 8.543056626225364880e-02 9.594386621606065813e-02
7.639999999999169233e+01 7.896097110221166060e-02 1.016419935632541238e-01
7.649999999999168665e+01 7.256301415106629349e-02 1.072670490928545745e-01
7.659999999999166675e+01 6.626786191378659929e-02 1.127930556866085926e-01
7.669999999999166107e+01 6.010614681850807300e-02 1.181944746021993398e-01
7.679999999999165539e+01 5.410781424350485230e-02 1.234463290696456578e-01
7.689999999999163549e+01 4.830197298561341585e-02 1.285243251088618033e-01
7.699999999999162981e+01 4.271674996262574825e-02 1.334049689632663127e-01
7.709999999999162412e+01 3.737914992122669949e-02 1.380656805612096583e-01
7.719999999999160423e+01 3.231492089671895995e-02 1.424849024373272821e-01
7.729999999999159854e+01 2.754842614032136650e-02 1.466422035685998049e-01
7.739999999999159286e+01 2.310252319536425236e-02 1.505183776065978363e-01
7.749999999999157296e+01 1.899845076461550292e-02 1.540955350157934833e-01
7.759999999999156728e+01 1.525572396815678099e-02 1.573571886598347513e-01
7.769999999999154738e+01 1.189203854443481555e-02 1.602883324115431940e-01
7.779999999999154170e+01 8.923184497060787299e-03 1.628755123986103115e-01
7.789999999999153601e+01 6.362969636638740427e-03 1.651068905358066552e-01
7.799999999999151612e+01 4.223153411001955883e-03 1.669723000344268127e-01
7.809999999999151044e+01 2.513391358879736061e-03 1.684632926216531601e-01
7.819999999999149054e+01 1.241190461765414622e-03 1.695731772460754294e-01
7.829999999999148486e+01 4.118756069518819522e-04 1.702970500894591399e-01
7.839999999999147917e+01 2.856731180627005941e-05 1.706318157509514322e-01
7.849999999999145928e+01 9.217079578066608779e-05 1.705761995148291632e-01
7.859999999999145359e+01 6.013764228613981697e-04 1.701307506598769559e-01
7.869999999999144791e+01 1.552671473572874751e-03 1.692978368143371048e-01
7.879999999999142801e+01 2.940363142703883090e-03 1.680816294067984384e-01
7.889999999999142233e+01 4.756612597039566563e-03 1.664880803085108940e-01
7.899999999999141664e+01 6.991479866965044990e-03 1.645248898082070643e-01
7.909999999999139675e+01 9.632979287257134593e-03 1.622014661039100358e-01
7.919999999999139106e+01 1.266714514603601779e-02 1.595288765392411101e-01
7.929999999999137117e+01 1.607810714712565314e-02 1.565197908530390203e-01
7.939999999999136548e+01 1.984817524017574997e-02 1.531884167507275574e-01
7.949999999999135980e+01 2.395793332525080616e-02 1.495504281436398353e-01
7.959999999999133991e+01 2.838634129433771636e-02 1.456228864381822474e-01
7.969999999999133422e+01 3.311084483165525894e-02 1.414241552906261856e-01
7.979999999999131433e+01 3.810749235794238382e-02 1.369738092736256796e-01
7.989999999999130864e+01 4.335105847121237255e-02 1.322925369299766118e-01
7.999999999999130296e+01 4.881517320787031461e-02 1.274020387144728650e-01
8.009999999999128306e+01 5.447245642385573766e-02 1.223249203478309483e-01
8.019999999999127738e+01 6.029465657531810768e-02 1.170845821271782050e-01
8.029999999999127169e+01 6.625279316264653939e-02 1.117051047544557751e-01
8.039999999999125180e+01 7.231730209035870660e-02 1.062111322586076489e-01
8.049999999999124611e+01 7.845818318794146873e-02 1.006277525986277593e-01
8.059999999999124043e+01 8.464514913401942342e-02 9.498037654236865523e-02
8.069999999999122053e+01 9.084777502710078556e-02 8.929461542144392916e-02
8.079999999999121485e+01 9.703564785150600724e-02 8.359615836430807356e-02
8.089999999999119495e+01 1.031785150958286629e-01 7.791064960864003963e-02
8.099999999999118927e+01 1.092464317939629559e-01 7.226356649021088707e-02
8.109999999999118359e+01 1.152099052750585606e-01 6.668009869821660274e-02
8.119999999999116369e+01 1.210400369278992611e-01 6.118502937771515271e-02
8.129999999999115801e+01 1.267086603081874208e-01 5.580261864668131094e-02
8.139999999999113811e+01 1.321884749424158123e-01 5.055649008056962296e-02
8.149999999999113243e+01 1.374531752104541926e-01 4.546952069896847276e-02
8.159999999999112674e+01 1.424775737196624925e-01 4.056373496909309456e-02
8.169999999999110685e+01 1.472377186160739038e-01 3.586020331819515794e-02
8.179999999999110116e+01 1.517110043136702668e-01 3.137894562226504341e-02
8.189999999999109548e+01 1.558762751591111217e-01 2.713884011173040012e-02
8.199999999999107558e+01 1.597139215880215846e-01 2.315753810635316073e-02
8.209999999999106990e+01 1.632059683687963614e-01 1.945138496107532908e-02
8.219999999999106421e+01 1.663361545704833411e-01 1.603534757283202328e-02
8.229999999999104432e+01 1.690900049337642208e-01 1.292294876505213110e-02
8.239999999999103864e+01 1.714548923665263902e-01 1.012620883214076888e-02
8.249999999999101874e+01 1.734200913287074208e-01 7.655594490670380135e-03
8.259999999999101306e+01 1.749768219150942827e-01 5.519975447636434746e-03
8.269999999999100737e+01 1.761182844884991161e-01 3.726588759004509279e-03
8.279999999999098748e+01 1.768396847598246724e-01 2.281011114129072835e-03
8.289999999999098179e+01 1.771382492549989085e-01 1.187139143586999745e-03
8.299999999999096190e+01 1.770132311532950919e-01 4.471778097614711924e-04
8.309999999999095621e+01 1.764659065232760393e-01 6.163690125066417661e-05
8.319999999999095053e+01 1.754995610269239337e-01 2.933561406597781109e-05
8.329999999999093063e+01 1.741194672028963386e-01 3.474151647710949412e-04
8.339999999999092495e+01 1.723328524820386953e-01 1.011359343361976958e-03
8.349999999999091926e+01 1.701488581278498002e-01 2.015022876960072262e-03
8.359999999999089937e+01 1.675784893341145387e-01 3.350667439434742382e-03
8.369999999999089368e+01 1.646345567491347417e-01 5.009005107040088133e-03
8.379999999999088800e+01 1.613316097337322563e-01 6.979249026194595841e-03
8.389999999999086810e+01 1.576858616940481628e-01 9.249171026772719933e-03
8.399999999999086242e+01 1.537151078650066671e-01 1.180516588289133237e-02
8.409999999999084253e+01 1.494386359515301743e-01 1.463232189322687463e-02
8.419999999999083684e+01 1.448771300655961047e-01 1.771449742457762572e-02
8.429999999999083116e+01 1.400525684250271408e-01 2.103440303579692805e-02
8.439999999999081126e+01 1.349881153071977036e-01 2.457368877440313862e-02
8.449999999999080558e+01 1.297080077747292393e-01 2.831303621537098122e-02
8.459999999999078568e+01 1.242374377131337387e-01 3.223225479073744265e-02
8.469999999999078000e+01 1.186024297402041988e-01 3.631038194004566899e-02
8.479999999999077431e+01 1.128297155650202915e-01 4.052578659504125352e-02
8.489999999999075442e+01 1.069466053896534624e-01 4.485627549793155117e-02
8.499999999999074873e+01 1.009808569599495998e-01 4.927920184053397740e-02
8.509999999999074305e+01 9.496054288152272482e-02 5.377157570225963440e-02
8.519999999999072315e+01 8.891391682542695851e-02 5.831017575769698730e-02
8.529999999999071747e+01 8.286927925236918513e-02 6.287166172009221732e-02
8.539999999999071179e+01 7.685484328660147080e-02 6.743268698489539303e-02
8.549999999999069189e+01 7.089860137011581853e-02 7.197001093800019234e-02
8.559999999999068621e+01 6.502819332363651839e-02 7.646061039613039068e-02
8.569999999999066631e+01 5.927077643470332613e-02 8.088178965251552333e-02
8.579999999999066063e+01 5.365289818333021654e-02 8.521128860863523558e-02
8.589999999999065494e+01 4.820037220327973160e-02 8.942738848345138658e-02
8.599999999999063505e+01 4.293815806143627678e-02 9.350901460413131583e-02
8.609999999999062936e+01 3.789024541943350477e-02 9.743583579753996304e-02
8.619999999999060947e+01 3.307954312022196031e-02 1.011883599191772537e-01
8.629999999999060378e+01 2.852777371841777945e-02 1.047480250757061859e-01
8.639999999999059810e+01 2.425537394630349411e-02 1.080972861191188406e-01
8.649999999999057820e+01 2.028140157799160695e-02 1.112196960142183139e-01
8.659999999999057252e+01 1.662344912255039886e-02 1.140999817066013361e-01
8.669999999999056683e+01 1.329756474263993349e-02 1.167241141458617848e-01
8.679999999999054694e+01 1.031818075908196193e-02 1.190793721475513489e-01
8.689999999999054126e+01 7.698050063584795100e-03 1.211543998078032786e-01
8.699999999999053557e+01 5.448190722085104708e-03 1.229392572166149306e-01
8.709999999999051568e+01 3.577839009833826654e-03 1.244254642481523176e-01
8.719999999999050999e+01 2.094411076908024669e-03 1.256060372408016046e-01
8.729999999999049010e+01 1.003473399384411779e-03 1.264755184141733990e-01
8.739999999999048441e+01 3.087221272908261438e-04 1.270299979054467232e-01
8.749999999999047873e+01 1.197139594552150661e-05 1.272671283434772260e-01
8.759999999999045883e+01 1.131506226382565178e-04 1.271861319149835690e-01
8.769999999999045315e+01 6.103107661019437948e-04 1.267877999130805344e-01
8.779999999999043325e+01 1.499639482130370226e-03 1.260744847946912162e-01
8.789999999999042757e+01 2.775485065280086303e-03 1.250500848088855477e-01
8.799999999999042188e+01 4.430389024099315280e-03 1.237200212934227300e-01
8.809999999999040199e+01 6.455127096005705729e-03 1.220912087716539002e-01
8.819999999999039630e+01 8.838758467988139939e-03 1.201720180151504697e-01
8.829999999999039062e+01 1.156868293096711443e-02 1.179722322709734067e-01
8.839999999999037072e+01 1.463070565907367837e-02 1.155029968836007725e-01
8.849999999999036504e+01 1.800910927051033519e-02 1.127767625722308487e-01
8.859999999999035936e+01 2.168673279406567456e-02 1.098072226532960105e-01
8.869999999999033946e+01 2.564505713512795632e-02 1.066092445250873821e-01
8.879999999999033378e+01 2.986429660696410596e-02 1.031987957577765458e-01
8.889999999999031388e+01 3.432349606748087006e-02 9.959286515573355369e-02
8.899999999999030820e+01 3.900063317854944589e-02 9.580937918146839594e-02
8.909999999999030251e+01 4.387272528437356767e-02 9.186711415067985720e-02
8.919999999999028262e+01 4.891594038729264737e-02 8.778560462624969418e-02
8.929999999999027693e+01 5.410571168397469710e-02 8.358504845500829006e-02
8.939999999999025704e+01 5.941685511196446307e-02 7.928620890509328889e-02
8.949999999999025135e+01 6.482368934625834522e-02 7.491031437365332224e-02
8.959999999999024567e+01 7.030015767777388069e-02 7.047895614410651377e-02
8.969999999999022577e+01 7.581995120031594093e-02 6.601398467933010383e-02
8.979999999999022009e+01 8.135663272989115957e-02 6.153740494244180209e-02
8.989999999999021441e+01 8.688376088003477160e-02 5.707127123934089413e-02
8.999999999999019451e+01 9.237501371901907232e-02 5.263758207774751202e-02
9.009999999999018883e+01 9.780431143926958393e-02 4.825817553555503819e-02
9.019999999999018314e+01 1.031459374768246146e-01 4.395462562739309298e-02
9.029999999999016325e+01 1.083746575273139695e-01 3.974814015173079584e-02
9.039999999999015756e+01 1.134658359175040460e-01 3.565946049269414636e-02
9.049999999999013767e+01 1.183955488047363086e-01 3.170876383980243685e-02
9.059999999999013198e+01 1.231406936932061269e-01 2.791556827639819077e-02
9.069999999999012630e+01 1.276790947742035276e-01 2.429864117251458872e-02
9.079999999999010640e+01 1.319896036182559018e-01 2.087591130150427340e-02
9.089999999999010072e+01 1.360521947692633071e-01 1.766438508091069948e-02
9.099999999999008082e+01 1.398480558156610098e-01 1.468006731787914639e-02
9.109999999999007514e+01 1.433596715399402532e-01 1.193788681725018938e-02
9.119999999999006945e+01 1.465709017761417376e-01 9.451627186821326410e-03
9.129999999999004956e+01 1.494670526348459427e-01 7.233863149174707408e-03
9.139999999999004388e+01 1.520349407869010794e-01 5.295902642909574437e-03
9.149999999999003819e+01 1.542629505298644677e-01 3.647734968428942640e-03
9.159999999999001830e+01 1.561410833956347055e-01 2.297985204555647379e-03
9.169999999999001261e+01 1.576610000930558086e-01 1.253875092440570388e-03
9.179999999999000693e+01 1.588160546155575892e-01 5.211905525889004619e-04
9.189999999998998703e+01 1.596013203813795023e-01 1.042559694913802260e-04
9.199999999998998135e+01 1.600136083111311225e-01 5.915346489243531616e-06
9.209999999998996145e+01 1.600514767863498167e-01 2.275204012556208424e-04
9.219999999998995577e+01 1.597152334702090781e-01 7.689256398062542562e-04
9.229999999998995008e+01 1.590069290105201594e-01 1.628490414411134330e-03
9.239999999998993019e+01 1.579303426828613521e-01 2.803087938321411135e-03
9.249999999998992450e+01 1.564909600695194025e-01 4.288121198008291828e-03
9.259999999998990461e+01 1.546959429068545666e-01 6.077545671789840072e-03
9.269999999998989892e+01 1.525540912698485629e-01 8.163898732430119320e-03
9.279999999998989324e+01 1.500757982977965754e-01 1.053833558071565375e-02
9.289999999998987334e+01 1.472729976990566902e-01 1.319067152724447134e-02
9.299999999998986766e+01 1.441591043050026444e-01 1.610943041086860053e-02
9.309999999998986198e+01 1.407489479749819139e-01 1.928189891454236415e-02
9.319999999998984208e+01 1.370587011825832036e-01 2.269418651287736718e-02
9.329999999998983640e+01 1.331058006416241946e-01 2.633129076050986020e-02
9.339999999998983071e+01 1.289088633555670882e-01 3.017716760682283977e-02
9.349999999998981082e+01 1.244875974977000255e-01 3.421480640028674858e-02
9.359999999998980513e+01 1.198627085508074674e-01 3.842630922534338161e-02
9.369999999998978524e+01 1.150558011544212111e-01 4.279297419586208795e-02
9.379999999998977955e+01 1.100892771245853136e-01 4.729538231235533297e-02
9.389999999998977387e+01 1.049862301261215991e-01 5.191348747492283144e-02
9.399999999998975397e+01 9.977033748968050508e-02 5.662670923083748531e-02
9.409999999998974829e+01 9.446574967603883766e-02 6.141402782429854906e-02
9.419999999998972839e+01 8.909697789818182834e-02 6.625408110696130726e-02
9.429999999998972271e+01 8.368878041719042538e-02 7.112526286025196154e-02
9.439999999998971703e+01 7.826604803116962716e-02 7.600582207581599303e-02
9.449999999998969713e+01 7.285368927789576121e-02 8.087396273695361681e-02
9.459999999998969145e+01 6.747651587022569786e-02 8.570794364322198433e-02
9.469999999998968576e+01 6.215912888060583924e-02 9.048617782119301733e-02
9.479999999998966587e+01 5.692580618496546896e-02 9.518733106764708241e-02
9.489999999998966018e+01 5.180039166933445016e-02 9.979041917626017832e-02
9.499999999998965450e+01 4.680618669252091524e-02 1.042749034064894414e-01
9.509999999998963460e+01 4.196584428701014696e-02 1.086207837616012528e-01
9.519999999998962892e+01 3.730126656664368295e-02 1.128086896545694440e-01
9.529999999998960902e+01 3.283350579435322103e-02 1.168199675526563897e-01
9.539999999998960334e+01 2.858266954630467663e-02 1.206367652064072593e-01
9.549999999998959765e+01 2.456783038986284917e-02 1.242421120850509958e-01
9.559999999998957776e+01 2.080694047247533610e-02 1.276199956579944506e-01
9.569999999998957207e+01 1.731675139653260018e-02 1.307554331819637261e-01
9.579999999998955218e+01 1.411273973175298201e-02 1.336345386739029861e-01
9.589999999998954650e+01 1.120903849176691641e-02 1.362445847724940151e-01
9.599999999998954081e+01 8.618374875268513743e-03 1.385740592144376893e-01
9.609999999998952092e+01 6.352014544635415337e-03 1.406127156769633457e-01
9.619999999998951523e+01 4.419712686228785721e-03 1.423516187633881713e-01
9.629999999998950955e+01 2.829672066835510306e-03 1.437831829360942948e-01
9.639999999998948965e+01 1.588508270007687843e-03 1.449012052285279240e-01
9.649999999998948397e+01 7.012222644413556834e-04 1.457008915967893115e-01
9.659999999998947828e+01 1.711804241707600099e-04 1.461788768002013905e-01
9.669999999998945839e+01 1.020873119951732619e-07 1.463332377301340970e-01
9.679999999998945270e+01 1.880547065061098535e-04 1.461635001363686959e-01
9.689999999998943281e+01 7.334566101870265090e-04 1.456706387302644790e-01
9.699999999998942712e+01 1.633087359472011049e-03 1.448570706747719927e-01
9.709999999998942144e+01 2.882105650965997943e-03 1.437266425014825100e-01
9.719999999998940154e+01 4.474074681221833910e-03 1.422846105250170079e-01
9.729999999998939586e+01 6.400994854150261933e-03 1.405376148550758486e-01
9.739999999998937597e+01 8.653343678471344183e-03 1.384936471358121923e-01
9.749999999998937028e+01 1.122012266851156112e-02 1.361620121712901477e-01
9.759999999998936460e+01 1.408891102839067259e-02 1.335532836236210108e-01
9.769999999998934470e+01 1.724592586717496254e-02 1.306792539979241274e-01
9.779999999998933902e+01 2.067608866092754058e-02 1.275528791546207408e-01
9.789999999998933333e+01 2.436309764706785785e-02 1.241882176148334793e-01
9.799999999998931344e+01 2.828950580716727697e-02 1.206003649483959328e-01
9.809999999998930775e+01 3.243680406647833636e-02 1.168053835571897098e-01
9.819999999998930207e+01 3.678550931216277575e-02 1.128202281871611978e-01
9.829999999998928217e+01 4.131525680783460636e-02 1.086626675224806882e-01
9.839999999998927649e+01 4.600489655948414303e-02 1.043512022328908218e-01
9.849999999998925659e+01 5.083259316743923839e-02 9.990497986171216482e-02
9.859999999998925091e+01 5.577592868100259005e-02 9.534370695612109925e-02
9.869999999998924523e+01 6.081200795678884385e-02 9.068755885374626957e-02
9.879999999998922533e+01 6.591756600858207638e-02 8.595708754997848089e-02
9.889999999998921965e+01 7.106907682637660095e-02 8.117312807848089951e-02
9.899999999998919975e+01 7.624286313452394159e-02 7.635670384390542964e-02
9.909999999998919407e+01 8.141520655436060294e-02 7.152893134932809815e-02
9.919999999998918838e+01 8.656245763494600787e-02 6.671092476307265151e-02
9.929999999998916849e+01 9.166114521673930648e-02 6.192370076904080839e-02
9.939999999998916280e+01 9.668808459749675399e-02 5.718808414206930785e-02
9.949999999998915712e+01 1.016204839766615409e-01 5.252461448517560527e-02
9.959999999998913722e+01 1.064360486651527576e-01 4.795345455848042809e-02
9.969999999998913154e+01 1.111130825600474548e-01 4.349430062073595532e-02
9.979999999998912585e+01 1.156305864001362232e-01 3.916629519315052710e-02
9.989999999998910596e+01 1.199683523364510340e-01 3.498794264228743955e-02
