1.000000000000000000e+00 2.000000000000000000e+00 0.000000000000000000e+00
1.099999999999988987e+00 1.997600966366032127e+00 1.999200209261860033e-03
1.199999999999977973e+00 1.990415452573504718e+00 7.987208591217433498e-03
1.299999999999966960e+00 1.978478154606278405e+00 1.793529488177568812e-02
1.399999999999955946e+00 1.961846691306162294e+00 3.179572993774711087e-02
1.499999999999944933e+00 1.940601304935041016e+00 4.950201674931498097e-02
1.599999999999933920e+00 1.914844450474467941e+00 7.096921206977158114e-02
1.699999999999922906e+00 1.884700276166438426e+00 9.609433695578623036e-02
1.799999999999911893e+00 1.850313998392186576e+00 1.247568740709538992e-01
1.899999999999900879e+00 1.811851174580217938e+00 1.568193491784816151e-01
1.999999999999889866e+00 1.769496878419908326e+00 1.921279938373046114e-01
2.099999999999878852e+00 1.723454782219050019e+00 2.305134859236135370e-01
2.199999999999867839e+00 1.673946151776811941e+00 2.717917642289308100e-01
2.299999999999856826e+00 1.621208759621794115e+00 3.157649130394846182e-01
2.399999999999845812e+00 1.565495722881703244e+00 3.622221122816347560e-01
2.499999999999834799e+00 1.507074272396395687e+00 4.109406485278043197e-01
2.599999999999823785e+00 1.446224459939432272e+00 4.616869818967193617e-01
2.699999999999812772e+00 1.383237810587721661e+00 5.142178636524709079e-01
2.799999999999801759e+00 1.318415927347240668e+00 5.682814991109637059e-01
2.899999999999790745e+00 1.252069055132780884e+00 6.236187502947631023e-01
2.999999999999779732e+00 1.184514611105318860e+00 6.799643726447437420e-01
3.099999999999768718e+00 1.116075688199859917e+00 7.370482799885715863e-01
3.199999999999757705e+00 1.047079538461733517e+00 7.945968318883697146e-01
3.299999999999746692e+00 9.778560425493221242e-01 8.523341374364000744e-01
3.399999999999735678e+00 9.087361714901341925e-01 9.099833695341150719e-01
3.499999999999724665e+00 8.400504465114552177e-01 9.672680836788426495e-01
3.599999999999713651e+00 7.721274025236150029e-01 1.023913535286699483e+00
3.699999999999702638e+00 7.052920606377552915e-01 1.079647989601619562e+00
3.799999999999691624e+00 6.398644149612060517e-01 1.134204018272326309e+00
3.899999999999680611e+00 5.761579388408830660e-01 1.187319776726904141e+00
3.999999999999669598e+00 5.144781157332489752e-01 1.238740256531439821e+00
4.099999999999658584e+00 4.551209999528751382e-01 1.288218506993409118e+00
4.199999999999647571e+00 3.983718127000487885e-01 1.335516820349903488e+00
4.299999999999636557e+00 3.445035789652877711e-01 1.380407874989139749e+00
4.399999999999625544e+00 2.937758111470745170e-01 1.422675831263540580e+00
4.499999999999614531e+00 2.464332454728619948e-01 1.462117374600999220e+00
4.599999999999603517e+00 2.027046375568628822e-01 1.498542700777883097e+00
4.699999999999592504e+00 1.628016236381310544e-01 1.531776438414352404e+00
4.799999999999581490e+00 1.269176541886403720e-01 1.561658503968947231e+00
4.899999999999570477e+00 9.522700664232566781e-02 1.588044884770599907e+00
4.999999999999559464e+00 6.788388394570300799e-02 1.610808345907020378e+00
5.099999999999548450e+00 4.502160545586223611e-02 1.629839057125963331e+00
5.199999999999537437e+00 2.675189639686158943e-02 1.645045136256640728e+00
5.299999999999526423e+00 1.316428162727943836e-02 1.656353106065941549e+00
5.399999999999515410e+00 4.325588871214463421e-03 1.663708261887792528e+00
5.499999999999504396e+00 2.795658308862860003e-04 1.667074947836203247e+00
5.599999999999493383e+00 1.046614747099820124e-03 1.666436739887530605e+00
5.699999999999482370e+00 6.623647025820402975e-03 1.661796534643057210e+00
5.799999999999471356e+00 1.698405953150994296e-02 1.653176543095013828e+00
5.899999999999460343e+00 3.207783309102185676e-02 1.640618189262119442e+00
5.999999999999449329e+00 5.183175268777226452e-02 1.624181914095521595e+00
6.099999999999438316e+00 7.614974778703229030e-02 1.603946885588326543e+00
6.199999999999427303e+00 1.049133502500012999e-01 1.580010616545585611e+00
6.299999999999416289e+00 1.379822663945404759e-01 1.552488491978267326e+00
6.399999999999405276e+00 1.751950589663248681e-01 1.521513208565801190e+00
6.499999999999394262e+00 2.163699341131730125e-01 1.487234129091583812e+00
6.599999999999383249e+00 2.613056279159287065e-01 1.449816555186323130e+00
6.699999999999372235e+00 3.097823866265033144e-01 1.409440922102159099e+00
6.799999999999361222e+00 3.615630344902771021e-01 1.366301919612850968e+00
6.899999999999350209e+00 4.163941228770225988e-01 1.320607543455362798e+00
6.999999999999339195e+00 4.740071543938269572e-01 1.272578082032250757e+00
7.099999999999328182e+00 5.341198756832408190e-01 1.222445043352771155e+00
7.199999999999317168e+00 5.964376326940667994e-01 1.170450027431961582e+00
7.299999999999306155e+00 6.606547823282618026e-01 1.116843549572886118e+00
7.399999999999295142e+00 7.264561544810202998e-01 1.061883820146212853e+00
7.499999999999284128e+00 7.935185585884029225e-01 1.005835486643716026e+00
7.599999999999273115e+00 8.615123288445831751e-01 9.489683439301669354e-01
7.699999999999262101e+00 9.301029022456396289e-01 8.915560187449607099e-01
7.799999999999251088e+00 9.989524235352171821e-01 8.338746346189512826e-01
7.899999999999240075e+00 1.067721370975996287e+00 7.762014634704399452e-01
7.999999999999229061e+00 1.136070196648720776e+00 7.188135702228758417e-01
8.099999999999218048e+00 1.203660974690260455e+00 6.619864568542617178e-01
8.199999999999207034e+00 1.270159050554868774e+00 6.059927123324239107e-01
8.299999999999196021e+00 1.335234684019269702e+00 5.511006749146375450e-01
8.399999999999185007e+00 1.398564678290663776e+00 4.975731132906459631e-01
8.499999999999173994e+00 1.459833987237263431e+00 4.456659330208984082e-01
8.599999999999162981e+00 1.518737292467576383e+00 3.956269146635881251e-01
8.699999999999151967e+00 1.574980541768459252e+00 3.476944898941468631e-01
8.799999999999140954e+00 1.628282440282875720e+00 3.020965617927331981e-01
8.899999999999129940e+00 1.678375885807415591e+00 2.590493753124182286e-01
8.999999999999118927e+00 1.725009339688281962e+00 2.187564437358137659e-01
9.099999999999107914e+00 1.767948125049742414e+00 1.814075366869883632e-01
9.199999999999096900e+00 1.806975644453728380e+00 1.471777349826756398e-01
9.299999999999085887e+00 1.841894509581438077e+00 1.162265572910055333e-01
9.399999999999074873e+00 1.872527576129290994e+00 8.869716321144181792e-02
9.499999999999063860e+00 1.898718877795020354e+00 6.471563700725592450e-02
9.599999999999052847e+00 1.920334453985559131e+00 4.439035580945366322e-02
9.699999999999041833e+00 1.937263066663639677e+00 2.781144567679700100e-02
9.799999999999030820e+00 1.949416802558199713e+00 1.505032844253717528e-02
9.899999999999019806e+00 1.956731557750871486e+00 6.159361810208340005e-03
9.999999999999008793e+00 1.959167402409034420e+00 1.171574682552753779e-03
1.009999999999899778e+01 1.956708824136815128e+00 1.004992227258970529e-04
1.019999999999898677e+01 1.949364849046502313e+00 2.940100659314366736e-03
1.029999999999897575e+01 1.937169040220091620e+00 9.664805358838185131e-03
1.039999999999896474e+01 1.920179373707488812e+00 2.022962720346779472e-02
1.049999999999895373e+01 1.898477992632641165e+00 3.457039182905503882e-02
1.059999999999894271e+01 1.872170840335431130e+00 5.260405780010990462e-02
1.069999999999893170e+01 1.841387173802692567e+00 7.422913332413010046e-02
1.079999999999892069e+01 1.806278958948924318e+00 9.932618663802525449e-02
1.089999999999890967e+01 1.767020149617068547e+00 1.277584477334922086e-01
1.099999999999889866e+01 1.723805852522249715e+00 1.593724986263434784e-01
1.109999999999888765e+01 1.676851380755665977e+00 1.939990489170367594e-01
1.119999999999887663e+01 1.626391198939810101e+00 2.314537929358529422e-01
1.129999999999886562e+01 1.572677763691782582e+00 2.715383443186367152e-01
1.139999999999885461e+01 1.515980263705053011e+00 3.140412434187263568e-01
1.149999999999884359e+01 1.456583264513806819e+00 3.587390325306016869e-01
1.159999999999883258e+01 1.394785263843486112e+00 4.053973934859132489e-01
1.169999999999882156e+01 1.330897164368369134e+00 4.537723417842338680e-01
1.179999999999881055e+01 1.265240671644723980e+00 5.036114710505706915e-01
1.189999999999879954e+01 1.198146625972640988e+00 5.546552412655981756e-01
1.199999999999878852e+01 1.129953277886963647e+00 6.066383039121762133e-01
1.209999999999877751e+01 1.061004517870197672e+00 6.592908569140836228e-01
1.219999999999876650e+01 9.916480716753578450e-01 7.123400220314638487e-01
1.229999999999875548e+01 9.222336732929916625e-01 7.655112372147442334e-01
1.239999999999874447e+01 8.531112280718361474e-01 8.185296563183181995e-01
1.249999999999873346e+01 7.846289787684770367e-01 8.711215485365607636e-01
1.259999999999872244e+01 7.171316873370227052e-01 9.230156899511702262e-01
1.269999999999871143e+01 6.509588450662135983e-01 9.739447396693371450e-01
1.279999999999870042e+01 5.864429232225822908e-01 1.023646593188447751e+00
1.289999999999868940e+01 5.239076756757610198e-01 1.071865705840573169e+00
1.299999999999867839e+01 4.636665040880749711e-01 1.118354379443471602e+00
1.309999999999866738e+01 4.060208951716504644e-01 1.162874005607261729e+00
1.319999999999865636e+01 3.512589382987358899e-01 1.205196259518901636e+00
1.329999999999864535e+01 2.996539304344550958e-01 1.245104238422791498e+00
1.339999999999863434e+01 2.514630740058577119e-01 1.282393539449488529e+00
1.349999999999862332e+01 2.069262719720077470e-01 1.316873271887778696e+00
1.359999999999861231e+01 1.662650230778299765e-01 1.348366999448416648e+00
1.369999999999860130e+01 1.296814191024017182e-01 1.376713608518885801e+00
1.379999999999859028e+01 9.735724489743959043e-02 1.401768098854518696e+00
1.389999999999857927e+01 6.945318118611379377e-02 1.423402293576118582e+00
1.399999999999856826e+01 4.610810947953304650e-02 1.441505465755685611e+00
1.409999999999855724e+01 2.743851808119887256e-02 1.455984879260111553e+00
1.419999999999854623e+01 1.353800798593153727e-02 1.466766241880933075e+00
1.429999999999853522e+01 4.476897526621774481e-03 1.473794069125581307e+00
1.439999999999852420e+01 3.019248537170582196e-04 1.477031957361733427e+00
1.449999999999851319e+01 1.036047712312636185e-03 1.476462765313169889e+00
1.459999999999850218e+01 6.678340465620570369e-03 1.472088703199882609e+00
1.469999999999849116e+01 1.720398885003776232e-02 1.463931329102574175e+00
1.479999999999848015e+01 3.256438348176095288e-02 1.452031452429435765e+00
1.489999999999846914e+01 5.268731361283860576e-02 1.436448944656637305e+00
1.499999999999845812e+01 7.747726300357088425e-02 1.417262457833658784e+00
1.509999999999844711e+01 1.068158099912745740e-01 1.394569051682109651e+00
1.519999999999843610e+01 1.405621338545923749e-01 1.368483730474955085e+00
1.529999999999842508e+01 1.785536293692319143e-01 1.339138891270556631e+00
1.539999999999841407e+01 2.206066310097893335e-01 1.306683685495984237e+00
1.549999999999840306e+01 2.665172475710738675e-01 1.271283296309804411e+00
1.559999999999839204e+01 3.160623070708671878e-01 1.233118134647601671e+00
1.569999999999838103e+01 3.690004106803159711e-01 1.192382957331572291e+00
1.579999999999837001e+01 4.250730931429344550e-01 1.149285911126257220e+00
1.589999999999835900e+01 4.840060857359514968e-01 1.104047507116607596e+00
1.599999999999834799e+01 5.455106763532315828e-01 1.056899530282579880e+00
1.609999999999833875e+01 6.092851598033839355e-01 1.008083889616463669e+00
1.619999999999832596e+01 6.750163699882123503e-01 9.578514145819224668e-01
1.629999999999831317e+01 7.423812843055667132e-01 9.064606041272594839e-01
1.639999999999830393e+01 8.110486894704573846e-01 8.541763348300858150e-01
1.649999999999829470e+01 8.806808970114775592e-01 8.012685350682212659e-01
1.659999999999828191e+01 9.509354960161640058e-01 7.480108323602517872e-01
1.669999999999826912e+01 1.021467130291069392e+00 6.946791812085315598e-01
1.679999999999825988e+01 1.091929286987578296e+00 6.415504788943174885e-01
1.689999999999825064e+01 1.161976083910006174e+00 5.889011767244525242e-01
1.699999999999823785e+01 1.231264043169213007e+00 5.370058942088922205e-01
1.709999999999822506e+01 1.299453839522354937e+00 4.861360435655459056e-01
1.719999999999821583e+01 1.366212012628800210e+00 4.365584718045673052e-01
1.729999999999820659e+01 1.431212633491321773e+00 3.885341274477769336e-01
1.739999999999819380e+01 1.494138916487829372e+00 3.423167586967105769e-01
1.749999999999818101e+01 1.554684769582207471e+00 2.981516495821833201e-01
1.759999999999817177e+01 1.612556276465488381e+00 2.562744003212530930e-01
1.769999999999816254e+01 1.667473105475004713e+00 2.169097577763647589e-01
1.779999999999814975e+01 1.719169841115110176e+00 1.802705015700614422e-01
1.789999999999813696e+01 1.767397234825715202e+00 1.465563910592819763e-01
1.799999999999812772e+01 1.811923372287317369e+00 1.159531780232949394e-01
1.809999999999811848e+01 1.852534754982109844e+00 8.863168957076653087e-02
1.819999999999810569e+01 1.889037293977791299e+00 6.474698542919787858e-02
1.829999999999809290e+01 1.921257213943110553e+00 4.443759344115986998e-02
1.839999999999808367e+01 1.949041865278553942e+00 2.782482675743668324e-02
1.849999999999807443e+01 1.972260441998607394e+00 1.501218588478066968e-02
1.859999999999806164e+01 1.990804602639308030e+00 6.084848410456082657e-03
1.869999999999804885e+01 2.004588991075866300e+00 1.109248884053395771e-03
1.879999999999803961e+01 2.013551653749269033e+00 1.327509836873683245e-04
1.889999999999803038e+01 2.017654349459012675e+00 3.183413723654429303e-03
1.899999999999801759e+01 2.016882747674027865e+00 1.026985306963368837e-02
1.909999999999800480e+01 2.011246511231624456e+00 2.138119991160933320e-02
1.919999999999799556e+01 2.000779259428806522e+00 3.648715490126722832e-02
1.929999999999798632e+01 1.985538407841892505e+00 5.553814018835738497e-02
1.939999999999797353e+01 1.965604881786950253e+00 7.846554758972047738e-02
1.949999999999796074e+01 1.941082701138520550e+00 1.051820821975812115e-01
1.959999999999795151e+01 1.912098435254853568e+00 1.355821998836109765e-01
1.969999999999794227e+01 1.878800527993819580e+00 1.695426365884422082e-01
1.979999999999792948e+01 1.841358494203610974e+00 2.069230267088211506e-01
1.989999999999791669e+01 1.799961990604949769e+00 2.475666073158150349e-01
1.999999999999790745e+01 1.754819765579335389e+00 2.913010043648689429e-01
2.009999999999789821e+01 1.706158494007355753e+00 3.379390965050020901e-01
2.019999999999788542e+01 1.654221504878593985e+00 3.872799515654845592e-01
2.029999999999787264e+01 1.599267410895670594e+00 4.391098303092622057e-01
2.039999999999786340e+01 1.541568650621584213e+00 4.932032515962468389e-01
2.049999999999785416e+01 1.481409954882215274e+00 5.493241127107704180e-01
2.059999999999784137e+01 1.419086750037454436e+00 6.072268582772709644e-01
2.069999999999782858e+01 1.354903511386507997e+00 6.666576909260446548e-01
2.079999999999781934e+01 1.289172080344542115e+00 7.273558166759687138e-01
2.089999999999781011e+01 1.222209959108558452e+00 7.890547178806047723e-01
2.099999999999779732e+01 1.154338596332013855e+00 8.514834465306088118e-01
2.109999999999778453e+01 1.085881676872026302e+00 9.143679307227817743e-01
2.119999999999777529e+01 1.017163427973128531e+00 9.774322871867305862e-01
2.129999999999776605e+01 9.485069533609151726e-01 1.040400132899464536e+00
2.139999999999775326e+01 8.802326056656853970e-01 1.102995889010333741e+00
2.149999999999774047e+01 8.126564064304602208e-01 1.164946070535435751e+00
2.159999999999773124e+01 7.460885217362334121e-01 1.225980555553593865e+00
2.169999999999772200e+01 6.808318002308635375e-01 1.285833827935220830e+00
2.179999999999770921e+01 6.171803791387606708e-01 1.344246187961888106e+00
2.189999999999769642e+01 5.554183626839613863e-01 1.400964925521852145e+00
2.199999999999768718e+01 4.958185763210506414e-01 1.455745450911307914e+00
2.209999999999767795e+01 4.386413992596186473e-01 1.508352378610523958e+00
2.219999999999766516e+01 3.841336770066989814e-01 1.558560559735607365e+00
2.229999999999765237e+01 3.325277150502467527e-01 1.606156059198043717e+00
2.239999999999764313e+01 2.840403543642329720e-01 1.650937073917131181e+00
2.249999999999763389e+01 2.388721291237062005e-01 1.692714788735516729e+00
2.259999999999762110e+01 1.972065068686142675e-01 1.731314166989696535e+00
2.269999999999760831e+01 1.592092113199316261e-01 1.766574672958885595e+00
2.279999999999759908e+01 1.250276281130644207e-01 1.798350923707906279e+00
2.289999999999758984e+01 9.479029384070457309e-02 1.826513268104138277e+00
2.299999999999757705e+01 6.860646896072560008e-02 1.850948291060381834e+00
2.309999999999756426e+01 4.656579529790779576e-02 1.871559241335464030e+00
2.319999999999755502e+01 2.873803902031147120e-02 1.888266381496552349e+00
2.329999999999754579e+01 1.517292007940084127e-02 1.901007258939802824e+00
2.339999999999753300e+01 5.900029144978416636e-03 1.909736897159365343e+00
2.349999999999752021e+01 9.288330256631958546e-04 1.914427906769885501e+00
2.359999999999751097e+01 2.487694308000998333e-04 1.915070516106506249e+00
2.369999999999750173e+01 3.829431694672728956e-03 1.911672521570829231e+00
2.379999999999748894e+01 1.162084374737737576e-02 1.904259158233703175e+00
2.389999999999747615e+01 2.355382518303587858e-02 1.892872891577912275e+00
2.399999999999746692e+01 3.954044575390963656e-02 1.877573131627365610e+00
2.409999999999745768e+01 5.947456802113039454e-02 1.858435871094199276e+00
2.419999999999744489e+01 8.323247623507314119e-02 1.835553249551913124e+00
2.429999999999743210e+01 1.106735888189909200e-01 1.809033046026448766e+00
2.439999999999742286e+01 1.416412511083578463e-01 1.778998102771336409e+00
2.449999999999741362e+01 1.759636042750083729e-01 1.745585683351320805e+00
2.459999999999740083e+01 2.134545256599728602e-01 1.708946768519688630e+00
2.469999999999738804e+01 2.539146350712048195e-01 1.669245293693713661e+00
2.479999999999737881e+01 2.971323609875835547e-01 1.626657332146688395e+00
2.489999999999736957e+01 3.428850600665783177e-01 1.581370228311121284e+00
2.499999999999735678e+01 3.909401828889563779e-01 1.533581685839665365e+00
2.509999999999734399e+01 4.410564785034759572e-01 1.483498815282343397e+00
2.519999999999733475e+01 4.929852300597246106e-01 1.431337146418635520e+00
2.529999999999732552e+01 5.464715136474962431e-01 1.377319610431642971e+00
2.539999999999731273e+01 6.012554723934662171e-01 1.321675497203187222e+00
2.549999999999729994e+01 6.570735978987343184e-01 1.264639393086779195e+00
2.559999999999729070e+01 7.136600112366944249e-01 1.206450104531988199e+00
2.569999999999728146e+01 7.707477359517244109e-01 1.147349572929086570e+00
2.579999999999726867e+01 8.280699558124642312e-01 1.087581785991426964e+00
2.589999999999725588e+01 8.853612504549348561e-01 1.027391690913229683e+00
2.599999999999724665e+01 9.423588025011150338e-01 9.670241144270441680e-01
2.609999999999723741e+01 9.988035702422164430e-01 9.067226947387824199e-01
2.619999999999722462e+01 1.054441420516469163e+00 8.467288301524033001e-01
2.629999999999721183e+01 1.109024216986487676e+00 7.872806489994634838e-01
2.639999999999720259e+01 1.162310859606028535e+00 7.286120052765298061e-01
2.649999999999719336e+01 1.214068271660500464e+00 6.709515041631960441e-01
2.659999999999718057e+01 1.264072331344787026e+00 6.145215613490283557e-01
2.669999999999716778e+01 1.312108745408267163e+00 5.595374998439683889e-01
2.679999999999715854e+01 1.357973862924501507e+00 5.062066876845762176e-01
2.689999999999714930e+01 1.401475427739253155e+00 4.547277196849383585e-01
2.699999999999713651e+01 1.442433268589514039e+00 4.052896461113348336e-01
2.709999999999712372e+01 1.480679926276381231e+00 3.580712508959063567e-01
2.719999999999711449e+01 1.516061217605541245e+00 3.132403817393275558e-01
2.729999999999710525e+01 1.548436736073174336e+00 2.709533341945507545e-01
2.739999999999709246e+01 1.577680289478947229e+00 2.313542915680831813e-01
2.749999999999707967e+01 1.603680274796708272e+00 1.945748222297000174e-01
2.759999999999707043e+01 1.626339990709772421e+00 1.607334356784049234e-01
2.769999999999706120e+01 1.645577888264480704e+00 1.299351984782613212e-01
2.779999999999704841e+01 1.661327760075099302e+00 1.022714109490225759e-01
2.789999999999703562e+01 1.673538868484711672e+00 7.781934527130097978e-02
2.799999999999702638e+01 1.682176013008647386e+00 5.664204544692098831e-02
2.809999999999701714e+01 1.687219537326661856e+00 3.878818933714962836e-02
2.819999999999700435e+01 1.688665276011308336e+00 2.429201278540961406e-02
2.829999999999699156e+01 1.686524441123337770e+00 1.317329561520369854e-02
2.839999999999698233e+01 1.680823448784964480e+00 5.437409076350134367e-03
2.849999999999697309e+01 1.671603685845983511e+00 1.075424092994085694e-03
2.859999999999696030e+01 1.658921216821931388e+00 6.427944370530361761e-05
2.869999999999694751e+01 1.642846431404539009e+00 2.367008777241589104e-03
2.879999999999693827e+01 1.623463633015035823e+00 7.933025136955785053e-03
2.889999999999692903e+01 1.600870569126520149e+00 1.669846143275802858e-02
2.899999999999691624e+01 1.575177904380878458e+00 2.858656506289626240e-02
2.909999999999690345e+01 1.546508637899601801e+00 4.350814464994729597e-02
2.919999999999689422e+01 1.514997466605461973e+00 6.136206661804288753e-02
2.929999999999688498e+01 1.480790096842025783e+00 8.203579910402523934e-02
2.939999999999687219e+01 1.444042507074409620e+00 1.054060004661607902e-01
2.949999999999685940e+01 1.404920164969982066e+00 1.313391494337391996e-01
2.959999999999685016e+01 1.363597202674447617e+00 1.596922137319828350e-01
2.969999999999684093e+01 1.320255554608249282e+00 1.903133538228841681e-01
2.979999999999682814e+01 1.275084062572052979e+00 2.230426582269858238e-01
2.989999999999681535e+01 1.228277553380236364e+00 2.577129067366261683e-01
2.999999999999680611e+01 1.180035894602173618e+00 2.941503577007618664e-01
3.009999999999679687e+01 1.130563034274016720e+00 3.321755554586701686e-01
3.019999999999678408e+01 1.080066030642969688e+00 3.716041539239557379e-01
3.029999999999677129e+01 1.028754078110379444e+00 4.122477522761024971e-01
3.039999999999676206e+01 9.768375355383915881e-01 4.539147387032186343e-01
3.049999999999675282e+01 9.245269629884355078e-01 4.964111381568923065e-01
3.059999999999674003e+01 8.720321727580725435e-01 5.395414601281804945e-01
3.069999999999672724e+01 8.195613002915250744e-01 5.831095425316185077e-01
3.079999999999671800e+01 7.673199001552061249e-01 6.269193878901958561e-01
3.089999999999670877e+01 7.155100718214261191e-01 6.707759881448974726e-01
3.099999999999669598e+01 6.643296194831862511e-01 7.144861345659455631e-01
3.109999999999668319e+01 6.139712495699019001e-01 7.578592094159709580e-01
3.119999999999667395e+01 5.646218090419791169e-01 8.007079562050989363e-01
3.129999999999666471e+01 5.164615669496910311e-01 8.428492255770835273e-01
3.139999999999665192e+01 4.696635411496574153e-01 8.841046940756316364e-01
3.149999999999663913e+01 4.243928715071731417e-01 9.243015532543239487e-01
3.159999999999662990e+01 3.808062403863894385e-01 9.632731668067928688e-01
3.169999999999662066e+01 3.390513407553115699e-01 1.000859693606501066e+00
3.179999999999660787e+01 2.992663918238735454e-01 1.036908674754299930e+00
3.189999999999659508e+01 2.615797017930477919e-01 1.071275582928728820e+00
3.199999999999658584e+01 2.261092770348285264e-01 1.103824332527429064e+00
3.209999999999657661e+01 1.929624768413875924e-01 1.134427749265480623e+00
3.219999999999656382e+01 1.622357127822773581e-01 1.162967998066969155e+00
3.229999999999655103e+01 1.340141916845353776e-01 1.189336968240704007e+00
3.239999999999653824e+01 1.083717012970168009e-01 1.213436615079898973e+00
3.249999999999653255e+01 8.537043780808907523e-02 1.235179257159110477e+00
3.259999999999651976e+01 6.506087454422089522e-02 1.254487828731871479e+00
3.269999999999650697e+01 4.748167137326599063e-02 1.271296086750195231e+00
3.279999999999650129e+01 3.265962455701335032e-02 1.285548772146624552e+00
3.289999999999648850e+01 2.060965702719604400e-02 1.297201725132246963e+00
3.299999999999647571e+01 1.133484928407219733e-02 1.306221954376410865e+00
3.309999999999646292e+01 4.826511321088095691e-03 1.312587660054640226e+00
3.319999999999645013e+01 1.064296149950327711e-03 1.316288210867549546e+00
3.329999999999644444e+01 1.635562470622252084e-05 1.317324075267604533e+00
3.339999999999643165e+01 1.639539330357102972e-03 1.315706707262162656e+00
3.349999999999641886e+01 5.879637302328434047e-03 1.311458387310406426e+00
3.359999999999641318e+01 1.267166727134499959e-02 1.304612018989738109e+00
3.369999999999640039e+01 2.194020698025614738e-02 1.295210882273778674e+00
3.379999999999638760e+01 3.359977189425398386e-02 1.283308344444171301e+00
3.389999999999637481e+01 4.755523832581014937e-02 1.268967529847486508e+00
3.399999999999636202e+01 6.370231162561365568e-02 1.252260949906937926e+00
3.409999999999635634e+01 8.192803865855850798e-02 1.233270094999497912e+00
3.419999999999634355e+01 1.021113632999756798e-01 1.212084990022654019e+00
3.429999999999633076e+01 1.241237231646956513e-01 1.188803715680468720e+00
3.439999999999632507e+01 1.478296852342476930e-01 1.163531897727225539e+00
3.449999999999631228e+01 1.730876174930856826e-01 1.136382166611798139e+00
3.459999999999629949e+01 1.997503931377648811e-01 1.107473590154001153e+00
3.469999999999628670e+01 2.276661234035498305e-01 1.076931082070168744e+00
3.479999999999627391e+01 2.566789145759026947e-01 1.044884789323088592e+00
3.489999999999626823e+01 2.866296443354570678e-01 1.011469461420038574e+00
3.499999999999625544e+01 3.173567522412357733e-01 9.768238049000619316e-01
3.509999999999624265e+01 3.486970388960691780e-01 9.410898263486257020e-01
3.519999999999623697e+01 3.804864681744680177e-01 9.044121673423298757e-01
3.529999999999622418e+01 4.125609668273843567e-01 8.669374347666646274e-01
3.539999999999621139e+01 4.447572158202064974e-01 8.288135299551991908e-01
3.549999999999619860e+01 4.769134279020103007e-01 7.901889800743413517e-01
3.559999999999618581e+01 5.088701061461279318e-01 7.512122751250602803e-01
3.569999999999618012e+01 5.404707785362405925e-01 7.120312138515081379e-01
3.579999999999616733e+01 5.715627040850216334e-01 6.727922617318008447e-01
3.589999999999615454e+01 6.019975464543488863e-01 6.336399240979780911e-01
3.599999999999614886e+01 6.316320115754670006e-01 5.947161372691065484e-01
3.609999999999613607e+01 6.603284463360534762e-01 5.561596804113658754e-01
3.619999999999612328e+01 6.879553959786302020e-01 5.181056106460651955e-01
3.629999999999611049e+01 7.143881184358794600e-01 4.806847237256116068e-01
3.639999999999609770e+01 7.395090543838637176e-01 4.440230423891715072e-01
3.649999999999609201e+01 7.632082523145384823e-01 4.082413342973653658e-01
3.659999999999607923e+01 7.853837484008762138e-01 3.734546612309936897e-01
3.669999999999606644e+01 8.059419013318344094e-01 3.397719610302442628e-01
3.679999999999606075e+01 8.247976826307841236e-01 3.072956635443213624e-01
3.689999999999604796e+01 8.418749232321263154e-01 2.761213416647065322e-01
3.699999999999603517e+01 8.571065172691295642e-01 2.463373983267760081e-01
3.709999999999602238e+01 8.704345841329643729e-01 2.180247901852548909e-01
3.719999999999600959e+01 8.818105898985337809e-01 1.912567885011677848e-01
3.729999999999600391e+01 8.911954291822282714e-01 1.660987776205614941e-01
3.739999999999599112e+01 8.985594684233347840e-01 1.426080912753135144e-01
3.749999999999597833e+01 9.038825514587383037e-01 1.208338867983799331e-01
3.759999999999597264e+01 9.071539681249833897e-01 1.008170572113428476e-01
3.769999999999595985e+01 9.083723864705888218e-01 8.259018101612465579e-02
3.779999999999594706e+01 9.075457490187734955e-01 6.617750939858509096e-02
3.789999999999593427e+01 9.046911334005610650e-01 5.159499043051614386e-02
3.799999999999592148e+01 8.998345775851398498e-01 3.885032973600863887e-02
3.809999999999591580e+01 8.930108698905750986e-01 2.794308696601017702e-02
3.819999999999590301e+01 8.842633039598807310e-01 1.886480730164424857e-02
3.829999999999589022e+01 8.736433989483358697e-01 1.159918708050888640e-02
3.839999999999588454e+01 8.612105852842131259e-01 6.122272511054562168e-03
3.849999999999587175e+01 8.470318565396720567e-01 2.402690308414020745e-03
3.859999999999585896e+01 8.311813881698491002e-01 4.019089511310122492e-04
3.869999999999584617e+01 8.137401241512969285e-01 7.452912326340933077e-05
3.879999999999583338e+01 7.947953328534821393e-01 1.368601771705278344e-03
3.889999999999582769e+01 7.744401338047266492e-01 4.225972075920792805e-03
3.899999999999581490e+01 7.527729973559834642e-01 8.582647498587572810e-03
3.909999999999580211e+01 7.298972195851544109e-01 1.436918796292477665e-02
3.919999999999579643e+01 7.059203751103361180e-01 2.151111608785113635e-02
3.929999999999578364e+01 6.809537507822368552e-01 2.992934530761374307e-02
3.939999999999577085e+01 6.551117634912909660e-01 3.954062361007972676e-02
3.949999999999575806e+01 6.285113655476570749e-01 5.025799054918332620e-02
3.959999999999574527e+01 6.012714412618341830e-01 6.199124512345568355e-02
3.969999999999573959e+01 5.735121984716101684e-01 7.464742206537779146e-02
3.979999999999572680e+01 5.453545588203247974e-01 8.813127405591959784e-02
3.989999999999571401e+01 5.169195505967746351e-01 1.023457573659528747e-01
3.999999999999570832e+01 4.883277078966062890e-01 1.171925184306896323e-01
4.009999999999569553e+01 4.596984797714513959e-01 1.325723788851806417e-01
4.019999999999568274e+01 4.311496528888723034e-01 1.483858166271666001e-01
4.029999999999566995e+01 4.027967910544774655e-01 1.645334405276774326e-01
4.039999999999565716e+01 3.747526947421501164e-01 1.809164564785956386e-01
4.049999999999565148e+01 3.471268835551532539e-01 1.974371225488775750e-01
4.059999999999563869e+01 3.200251043017114938e-01 2.139991911160452898e-01
4.069999999999562590e+01 2.935488671218970946e-01 2.305083359453749259e-01
4.079999999999562021e+01 2.677950118524080603e-01 2.468725623056139684e-01
4.089999999999560742e+01 2.428553065644667164e-01 2.630025983349916774e-01
4.099999999999559464e+01 2.188160799622631825e-01 2.788122660034150768e-01
4.109999999999558185e+01 1.957578890841088770e-01 2.942188301575549558e-01
4.119999999999556906e+01 1.737552235047834237e-01 3.091433242799342951e-01
4.129999999999556337e+01 1.528762469977827387e-01 3.235108517442241149e-01
4.139999999999555058e+01 1.331825773747837560e-01 3.372508615045717861e-01
4.149999999999553779e+01 1.147291049774447902e-01 3.502973973140516284e-01
4.159999999999553211e+01 9.756385005133749733e-02 3.625893197295498860e-01
4.169999999999551932e+01 8.172785898210573052e-02 3.740705003234875425e-01
4.179999999999550653e+01 6.725513912013311724e-02 3.846899876856488820e-01
4.189999999999549374e+01 5.417263166326308915e-02 3.944021449635766174e-01
4.199999999999548095e+01 4.250022180860929533e-02 4.031667588513076494e-01
4.209999999999547526e+01 3.225078512892778221e-02 4.109491200967107516e-01
4.219999999999546247e+01 2.343026887992911630e-02 4.177200757525035280e-01
4.229999999999544968e+01 1.603780670822154558e-02 4.234560535476029064e-01
4.239999999999544400e+01 1.006586501121353380e-02 4.281390588980897860e-01
4.249999999999543121e+01 5.500419006828443508e-03 4.317566452123453025e-01
4.259999999999541842e+01 2.321156408230032678e-03 4.343018582708495501e-01
4.269999999999540563e+01 5.017064727938319547e-04 4.357731555758108111e-01
4.279999999999539284e+01 9.892109676118934932e-06 4.361743016691870256e-01
4.289999999999538716e+01 8.080026897070318771e-04 4.355142405082766954e-01
4.299999999999537437e+01 2.853085206301368779e-03 4.338069460660478605e-01
4.309999999999536158e+01 6.097251485995278455e-03 4.310712523884818737e-01
4.319999999999535589e+01 1.048799923930580739e-02 4.273306643945899985e-01
4.329999999999534310e+01 1.596854487200957337e-02 4.226131507441267532e-01
4.339999999999533031e+01 2.247816613688526088e-02 4.169509201288976175e-01
4.349999999999531752e+01 2.995255288790584988e-02 4.103801823632471923e-01
4.359999999999530473e+01 3.832416439312741341e-02 4.029408956604341729e-01
4.369999999999529905e+01 4.752259185857742041e-02 3.946765014879095035e-01
4.379999999999528626e+01 5.747492500238015473e-02 3.856336483935051129e-01
4.389999999999527347e+01 6.810612168603427663e-02 3.758619061912062409e-01
4.399999999999526779e+01 7.933937974840241103e-02 3.654134718921112079e-01
4.409999999999525500e+01 9.109651028998602684e-02 3.543428687572779401e-01
4.419999999999524221e+01 1.032983117143035368e-01 3.427066398484507337e-01
4.429999999999522942e+01 1.158649438461698822e-01 3.305630374461452914e-01
4.439999999999521663e+01 1.287163014125712601e-01 3.179717097049961638e-01
4.449999999999521094e+01 1.417723860928035706e-01 3.049933859165638306e-01
4.459999999999519815e+01 1.549536762245745103e-01 2.916895617509739913e-01
4.469999999999518536e+01 1.681814930997836688e-01 2.781221858518840295e-01
4.479999999999517968e+01 1.813783626071071298e-01 2.643533491619420306e-01
4.489999999999516689e+01 1.944683707878302192e-01 2.504449783549943520e-01
4.499999999999515410e+01 2.073775116820113784e-01 2.364585347492423328e-01
4.509999999999514131e+01 2.200340256625255564e-01 2.224547200666940616e-01
4.519999999999512852e+01 2.323687263007698789e-01 2.084931903894587102e-01
4.529999999999512283e+01 2.443153136890722499e-01 1.946322796397907673e-01
4.539999999999511004e+01 2.558106720713250737e-01 1.809287338772244402e-01
4.549999999999509726e+01 2.667951496129012390e-01 1.674374576625191624e-01
4.559999999999509157e+01 2.772128181782939071e-01 1.542112736814309215e-01
4.569999999999507878e+01 2.870117110811212235e-01 1.413006967534493341e-01
4.579999999999506599e+01 2.961440369265347372e-01 1.287537232707952617e-01
4.589999999999505320e+01 3.045663678756985182e-01 1.166156370210891940e-01
4.599999999999504041e+01 3.122398009176939326e-01 1.049288322448078264e-01
4.609999999999503473e+01 3.191300910302666272e-01 9.373265466751140584e-02
4.619999999999502194e+01 3.252077554310522367e-01 8.306326112742844214e-02
4.629999999999500915e+01 3.304481484587973861e-01 7.295349829425194776e-02
4.639999999999500346e+01 3.348315069612231021e-01 6.343280084620363246e-02
4.649999999999499067e+01 3.383429663963044010e-01 5.452710934252969627e-02
4.659999999999497788e+01 3.409725481589371276e-01 4.625880789821550099e-02
4.669999999999496509e+01 3.427151189230580042e-01 3.864668164058453897e-02
4.679999999999495230e+01 3.435703230246980877e-01 3.170589380352736852e-02
4.689999999999494662e+01 3.435424891082096699e-01 2.544798219729915018e-02
4.699999999999493383e+01 3.426405124052112616e-01 1.988087467997935731e-02
4.709999999999492104e+01 3.408777141226050356e-01 1.500892315271329033e-02
4.719999999999491536e+01 3.382716794778771185e-01 1.083295550421933991e-02
4.729999999999490257e+01 3.348440759511179254e-01 7.350344841618608981e-03
4.739999999999488978e+01 3.306204533234625154e-01 4.555095263698520809e-03
4.749999999999487699e+01 3.256300270542188402e-01 2.437943359279156046e-03
4.759999999999486420e+01 3.199054465249080437e-01 9.864745466228988426e-04
4.769999999999485851e+01 3.134825496505301845e-01 1.852533093590754082e-04
4.779999999999484572e+01 3.064001053432979793e-01 1.596632951215516737e-05
4.789999999999483293e+01 2.986995453125044220e-01 4.575774684845979306e-04
4.799999999999482725e+01 2.904246867044882885e-01 1.486493501861916580e-03
4.809999999999481446e+01 2.816214471298595368e-01 3.076739473563290788e-03
4.819999999999480167e+01 2.723375536932491903e-01 5.200142499241629419e-03
4.829999999999478888e+01 2.626222477274929301e-01 7.826522818307158832e-03
4.839999999999477609e+01 2.525259870383731453e-01 1.092389086908608122e-02
4.849999999999477041e+01 2.421001475766403066e-01 1.445864914327821098e-02
4.859999999999475762e+01 2.313967265633893600e-01 1.839579756498417942e-02
4.869999999999474483e+01 2.204680491928037722e-01 2.269914113721633458e-02
4.879999999999473914e+01 2.093664811096678235e-01 2.733149860607365228e-02
4.889999999999472635e+01 1.981441488998714473e-01 3.225491091067464455e-02
4.899999999999471356e+01 1.868526708290240979e-01 3.743084821626065789e-02
4.909999999999470077e+01 1.755429000088060687e-01 4.282041436931982581e-02
4.919999999999468798e+01 1.642646820599271140e-01 4.838454766723905565e-02
4.929999999999468230e+01 1.530666291684114333e-01 5.408421690085795513e-02
4.939999999999466951e+01 1.419959122014632091e-01 5.988061170572520076e-02
4.949999999999465672e+01 1.310980722630628870e-01 6.573532634581620571e-02
4.959999999999465103e+01 1.204168527343606188e-01 7.161053615041622356e-02
4.969999999999463824e+01 1.099940524702546635e-01 7.746916592934871559e-02
4.979999999999462545e+01 9.986940042375638815e-02 8.327504980056234241e-02
4.989999999999461266e+01 9.008045155666495607e-02 8.899308197604223480e-02
4.999999999999459988e+01 8.066250348578976603e-02 9.458935816309084477e-02
5.009999999999459419e+01 7.164853292291355202e-02 1.000313073466823632e-01
5.019999999999458140e+01 6.306915060904144665e-02 1.052878138211155445e-01
5.029999999999456861e+01 5.495257313418470263e-02 1.103293294338166391e-01
5.039999999999456293e+01 4.732460978377067001e-02 1.151279760882388536e-01
5.049999999999455014e+01 4.020866237221822764e-02 1.196576386247076990e-01
5.059999999999453735e+01 3.362573591892189379e-02 1.238940482562564671e-01
5.069999999999452456e+01 2.759445799567442764e-02 1.278148567804809899e-01
5.079999999999451177e+01 2.213110462650962063e-02 1.313997018175776521e-01
5.089999999999450608e+01 1.724963074759451598e-02 1.346302633395273507e-01
5.099999999999449329e+01 1.296170342898065111e-02 1.374903117570845379e-01
5.109999999999448050e+01 9.276736311939339646e-03 1.399657478204930638e-01
5.119999999999447482e+01 6.201924012944784285e-03 1.420446345692827905e-01
5.129999999999446203e+01 3.742275574026769896e-03 1.437172215382868656e-01
5.139999999999444924e+01 1.900646384208076788e-03 1.449759613928446322e-01
5.149999999999443645e+01 6.777683422791854970e-04 1.458155191295008868e-01
5.159999999999442366e+01 7.227836229532365298e-05 1.462327739425122730e-01
5.169999999999441798e+01 8.074562553247336750e-05 1.462268138210457979e-01
5.179999999999440519e+01 6.976982438695473457e-04 1.457989229133951070e-01
5.189999999999439240e+01 1.915650209367570234e-03 1.449525616706441034e-01
5.199999999999438671e+01 3.725129655684806997e-03 1.436933397682248481e-01
5.209999999999437392e+01 6.114709544347123223e-03 1.420289817975190771e-01
5.219999999999436113e+01 9.071041911411460365e-03 1.399692857242688104e-01
5.229999999999434834e+01 1.257889676950446969e-02 1.375260741249131335e-01
5.239999999999433555e+01 1.662120666139802611e-02 1.347131382346969664e-01
5.249999999999432987e+01 2.117911771162328885e-02 1.315461748742234038e-01
5.259999999999431708e+01 2.623204783199470369e-02 1.280427163595910522e-01
5.269999999999430429e+01 3.175775251660666043e-02 1.242220535460770298e-01
5.279999999999429861e+01 3.773239842445295228e-02 1.201051522037018537e-01
5.289999999999428582e+01 4.413064470615436080e-02 1.157145629727556052e-01
5.299999999999427303e+01 5.092573179781827858e-02 1.110743251971436224e-01
5.309999999999426024e+01 5.808957719151933846e-02 1.062098649809740947e-01
5.319999999999424745e+01 6.559287750780228021e-02 1.011478878573867785e-01
5.329999999999424176e+01 7.340521604959607260e-02 9.591626649713971831e-02
5.339999999999422897e+01 8.149517491342268827e-02 9.054392391655767536e-02
5.349999999999421618e+01 8.983045067664950645e-02 8.506071266933236397e-02
5.359999999999421050e+01 9.837797266802482399e-02 7.949729052438433974e-02
5.369999999999419771e+01 1.071040228609431016e-01 7.388499314230492776e-02
5.379999999999418492e+01 1.159743564995782822e-01 6.825570426614425978e-02
5.389999999999417213e+01 1.249543226707843513e-01 6.264172393933395422e-02
5.399999999999415934e+01 1.340089841613636701e-01 5.707563525557362433e-02
5.409999999999415365e+01 1.431032360810244597e-01 5.159017013306743671e-02
5.419999999999414086e+01 1.522019228781299194e-01 4.621807459042751032e-02
5.429999999999412807e+01 1.612699535169034581e-01 4.099197398480306648e-02
5.439999999999412239e+01 1.702724147155407486e-01 3.594423865559763509e-02
5.449999999999410960e+01 1.791746822540721540e-01 3.110685040066130808e-02
5.459999999999409681e+01 1.879425304467637059e-01 2.651127019698415813e-02
5.469999999999408402e+01 1.965422399302529655e-01 2.218830756506451340e-02
5.479999999999407123e+01 2.049407039451089096e-01 1.816799196618295795e-02
5.489999999999406555e+01 2.131055332849449424e-01 1.447944661449506072e-02
5.499999999999405276e+01 2.210051600571990571e-01 1.115076508118036450e-02
5.509999999999403997e+01 2.286089403439315604e-01 8.208891065783116212e-03
5.519999999999403428e+01 2.358872557800441028e-01 5.679501709371599649e-03
5.529999999999402149e+01 2.428116139803933593e-01 3.586894825033124477e-03
5.539999999999400870e+01 2.493547476575480037e-01 1.953880422467110627e-03
5.549999999999399591e+01 2.554907121828265959e-01 8.016769044614119885e-04
5.559999999999398312e+01 2.611949812609717925e-01 1.498123130139713860e-04
5.569999999999397744e+01 2.664445403193097528e-01 1.603100121494677603e-05
5.579999999999396465e+01 2.712179771588216215e-01 4.162061031850527526e-04
5.589999999999395186e+01 2.754955693800846261e-01 1.364258168033206410e-03
5.599999999999394618e+01 2.792593680827704650e-01 2.872080314751331281e-03
5.609999999999393339e+01 2.824932773417029308e-01 4.949470253203947477e-03
5.619999999999392060e+01 2.851831289846051831e-01 7.604069502026445347e-03
5.629999999999390781e+01 2.873167522318432754e-01 1.084131011762570242e-02
5.639999999999389502e+01 2.888840378035076317e-01 1.466436922992703749e-02
5.649999999999388933e+01 2.898769961471664436e-01 1.907413166054030065e-02
5.659999999999387654e+01 2.902898094873769264e-01 2.406916087793585859e-02
5.669999999999386375e+01 2.901188774385525249e-01 2.964567852264270512e-02
5.679999999999385807e+01 2.893628559520596832e-01 3.579755271349498863e-02
5.689999999999384528e+01 2.880226893834846313e-01 4.251629532387738580e-02
5.699999999999383249e+01 2.861016354630347980e-01 4.979106839479949254e-02
5.709999999999381970e+01 2.836052829325045876e-01 5.760869982924549104e-02
5.719999999999380691e+01 2.805415615738518498e-01 6.595370848916970452e-02
5.729999999999380123e+01 2.769207443035385796e-01 7.480833879268798670e-02
5.739999999999378844e+01 2.727554409435259952e-01 8.415260488317924392e-02
5.749999999999377565e+01 2.680605832135027899e-01 9.396434441388473724e-02
5.759999999999376996e+01 2.628534004220366982e-01 1.042192819604964710e-01
5.769999999999375717e+01 2.571533852773295603e-01 1.148911020386854109e-01
5.779999999999374438e+01 2.509822491966694491e-01 1.259515316640235916e-01
5.789999999999373159e+01 2.443638664735890142e-01 1.373704323464207677e-01
5.799999999999371880e+01 2.373242066728258604e-01 1.491159013609152373e-01
5.809999999999371312e+01 2.298912546636992238e-01 1.611543820802847082e-01
5.819999999999370033e+01 2.220949177851715695e-01 1.734507830938687989e-01
5.829999999999368754e+01 2.139669197507629850e-01 1.859686057700320194e-01
5.839999999999368185e+01 2.055406810586526967e-01 1.986700798499895781e-01
5.849999999999366906e+01 1.968511858600097697e-01 2.115163065865776348e-01
5.859999999999365627e+01 1.879348354579389313e-01 2.244674088676666679e-01
5.869999999999364348e+01 1.788292888488005050e-01 2.374826876885108018e-01
5.879999999999363069e+01 1.695732909729530113e-01 2.505207842651793748e-01
5.889999999999362501e+01 1.602064895990299997e-01 2.635398470118491820e-01
5.899999999999361222e+01 1.507692420177591808e-01 2.764977025424293355e-01
5.909999999999359943e+01 1.413024129570303877e-01 2.893520298005140545e-01
5.919999999999359375e+01 1.318471653371675878e-01 3.020605363758395723e-01
5.929999999999358096e+01 1.224447456599144640e-01 3.145811360291117520e-01
5.939999999999356817e+01 1.131362659544078580e-01 3.268721264233029333e-01
5.949999999999355538e+01 1.039624842873947824e-01 3.388923660465916754e-01
5.959999999999354259e+01 9.496358587706131560e-02 3.506014493130224507e-01
5.969999999999353690e+01 8.617896683173192907e-02 3.619598788403396994e-01
5.979999999999352411e+01 7.764702246701424282e-02 3.729292339274629664e-01
5.989999999999351132e+01 6.940494204283707835e-02 3.834723342918336941e-01
5.999999999999350564e+01 6.148851161056504561e-02 3.935533981701853090e-01
6.009999999999349285e+01 5.393192647932122663e-02 4.031381939406402659e-01
6.019999999999348006e+01 4.676761460729037673e-02 4.121941844838599156e-01
6.029999999999346727e+01 4.002607200935771881e-02 4.206906635653461235e-01
6.039999999999345448e+01 3.373571105557136851e-02 4.285988835879396830e-01
6.049999999999344880e+01 2.792272232577824170e-02 4.358921741330443189e-01
6.059999999999343601e+01 2.261095049189469283e-02 4.425460507762909446e-01
6.069999999999342322e+01 1.782178452793406476e-02 4.485383137308920909e-01
6.079999999999341753e+01 1.357406240375096801e-02 4.538491359343531650e-01
6.089999999999340474e+01 9.883990304396420012e-03 4.584611402560820892e-01
6.099999999999339195e+01 6.765076334011236280e-03 4.623594655590749225e-01
6.109999999999337916e+01 4.228078609574081013e-03 4.655318214022124423e-01
6.119999999999336637e+01 2.280967622730792344e-03 4.679685312188794910e-01
6.129999999999336069e+01 9.289027421785359725e-04 4.696625638547103909e-01
6.139999999999334790e+01 1.742227387287589369e-04 4.706095533902042716e-01
6.149999999999333511e+01 1.645023321947895306e-05 4.708078072193613850e-01
6.159999999999332942e+01 4.523099867179496657e-04 4.702583023960486552e-01
6.169999999999331664e+01 1.475760965904946960e-03 4.689646703045631804e-01
6.179999999999330385e+01 3.078042117820520285e-03 4.669331697557485561e-01
6.189999999999329106e+01 5.247731772005472840e-03 4.641726486565010412e-01
6.199999999999327827e+01 7.970820550651019562e-03 4.606944944512392226e-01
6.209999999999327258e+01 1.123079760650109137e-02 4.565125735857754052e-01
6.219999999999325979e+01 1.500874992358783126e-02 4.516431602996872630e-01
6.229999999999324700e+01 1.928347430880947636e-02 4.461048551113694360e-01
6.239999999999324132e+01 2.403160157612651074e-02 4.399184934189619978e-01
6.249999999999322853e+01 2.922773228423967279e-02 4.331070447007924762e-01
6.259999999999321574e+01 3.484458323908685984e-02 4.256955028594350821e-01
6.269999999999320295e+01 4.085314382065954181e-02 4.177107683112863956e-01
6.279999999999319016e+01 4.722284104684623673e-02 4.091815224790098515e-01
6.289999999999318447e+01 5.392171215187640393e-02 4.001380953965276155e-01
6.299999999999317168e+01 6.091658334026085753e-02 3.906123271801716368e-01
6.309999999999315889e+01 6.817325328407543295e-02 3.806374241600835040e-01
6.319999999999315321e+01 7.565667986678628609e-02 3.702478104957241944e-01
6.329999999999314042e+01 8.333116864306830407e-02 3.594789761228597835e-01
6.339999999999312763e+01 9.116056148311336982e-02 3.483673218919703385e-01
6.349999999999311484e+01 9.910842390053785367e-02 3.369500027637201689e-01
6.359999999999310205e+01 1.071382296245885074e-01 3.252647699199844311e-01
6.369999999999309637e+01 1.152135410652219555e-01 3.133498126380026561e-01
6.379999999999308358e+01 1.232981844307466934e-01 3.012436007502797275e-01
6.389999999999307079e+01 1.313564183860007617e-01 2.889847284860733168e-01
6.399999999999306510e+01 1.393530952785060895e-01 2.766117604526269758e-01
6.409999999999305942e+01 1.472538141065185546e-01 2.641630804740404126e-01
6.419999999999303952e+01 1.550250645484389234e-01 2.516767439597175637e-01
6.429999999999301963e+01 1.626343615148657107e-01 2.391903344260955522e-01
6.439999999999301394e+01 1.700503698172468603e-01 2.267408247438851832e-01
6.449999999999300826e+01 1.772430186676948183e-01 2.143644436324088631e-01
6.459999999999300258e+01 1.841836058324022585e-01 2.020965478692423323e-01
6.469999999999298268e+01 1.908448913530954305e-01 1.899715006323518252e-01
6.479999999999297700e+01 1.972011808304038327e-01 1.780225563414845891e-01
6.489999999999295710e+01 2.032283983292164919e-01 1.662817523148133747e-01
6.499999999999295142e+01 2.089041490224754771e-01 1.547798075105602522e-01
6.509999999999294573e+01 2.142077717380204138e-01 1.435460285753891729e-01
6.519999999999292584e+01 2.191203816187751452e-01 1.326082233777537145e-01
6.529999999999292015e+01 2.236249031479926874e-01 1.219926221604375888e-01
6.539999999999290026e+01 2.277060938374076693e-01 1.117238064055280228e-01
6.549999999999289457e+01 2.313505589226095560e-01 1.018246454640917426e-01
6.559999999999288889e+01 2.345467574633758601e-01 9.231624096472673680e-02
6.569999999999286899e+01 2.372850003038169953e-01 8.321787897735759276e-02
6.579999999999286331e+01 2.395574404092208343e-01 7.454698987331405402e-02
6.589999999999285762e+01 2.413580561611345932e-01 6.631911578897467519e-02
6.599999999999283773e+01 2.426826282568792792e-01 5.854788556848687653e-02
6.609999999999283204e+01 2.435287109207878165e-01 5.124499703271113288e-02
6.619999999999282636e+01 2.438955981890653379e-01 4.442020639528721643e-02
6.629999999999280647e+01 2.437842860727084393e-01 3.808132462487941183e-02
6.639999999999280078e+01 2.431974314303035622e-01 3.223422053434024659e-02
6.649999999999278089e+01 2.421393083904016530e-01 2.688283036391678552e-02
6.659999999999277520e+01 2.406157631490188908e-01 2.202917361657849918e-02
6.669999999999276952e+01 2.386341679275671424e-01 1.767337489961814598e-02
6.679999999999274962e+01 2.362033748120692667e-01 1.381369152752403087e-02
6.689999999999274394e+01 2.333336701017320602e-01 1.044654664682660369e-02
6.699999999999272404e+01 2.300367296801263672e-01 7.566567653769716052e-03
6.709999999999271836e+01 2.263255757824861325e-01 5.166629689554761221e-03
6.719999999999271267e+01 2.222145353783876454e-01 3.237904014986749471e-03
6.729999999999269278e+01 2.177192002187116893e-01 1.769911085523429798e-03
6.739999999999268709e+01 2.128563884216552460e-01 7.505781680592465413e-04
6.749999999999268141e+01 2.076441072970860446e-01 1.663013609958406615e-04
6.759999999999266151e+01 2.021015169405048773e-01 2.011898158875145175e-06
6.769999999999265583e+01 1.962488939750980932e-01 2.412466336384844559e-04
6.779999999999265015e+01 1.901075946877470169e-01 8.662226175804549171e-04
6.789999999999263025e+01 1.837000167008114027e-01 1.857915681296359303e-03
6.799999999999262457e+01 1.770495582484806485e-01 3.196142952956992304e-03
6.809999999999260467e+01 1.701805740916561283e-01 4.859649221950445609e-03
6.819999999999259899e+01 1.631183271073837482e-01 6.826197060338073073e-03
6.829999999999259330e+01 1.558889346316995050e-01 9.072660593613024807e-03
6.839999999999257341e+01 1.485193087154408065e-01 1.157512279030115283e-02
6.849999999999256772e+01 1.410370895699204763e-01 1.430897611134445725e-02
6.859999999999254783e+01 1.334705716272200360e-01 1.724902632624957660e-02
6.869999999999254214e+01 1.258486218159190762e-01 2.036959926475914381e-02
6.879999999999253646e+01 1.182005898467714117e-01 2.364465023128853663e-02
6.889999999999251656e+01 1.105562105101039055e-01 2.704787576591584017e-02
6.899999999999251088e+01 1.029454981974213257e-01 3.055282739162943489e-02
6.909999999999250520e+01 9.539863406749116148e-02 3.413302694423123868e-02
6.919999999999248530e+01 8.794584647210115791e-02 3.776208304007842159e-02
6.929999999999247962e+01 8.061728543523592749e-02 4.141380819901487736e-02
6.939999999999247393e+01 7.344289213141687311e-02 4.506233610650801219e-02
6.949999999999245404e+01 6.645226443341130385e-02 4.868223847102044755e-02
6.959999999999244835e+01 5.967451969052200295e-02 5.224864091108809283e-02
6.969999999999242846e+01 5.313815595614901355e-02 5.573733729113687640e-02
6.979999999999242277e+01 4.687091290600567395e-02 5.912490191729980610e-02
6.989999999999241709e+01 4.089963367880500994e-02 6.238879900274715146e-02
6.999999999999239719e+01 3.525012883131320440e-02 6.550748881789791866e-02
7.009999999999239151e+01 2.994704353414896769e-02 6.846052995211893144e-02
7.019999999999237161e+01 2.501372904800393607e-02 7.122867713133022860e-02
7.029999999999236593e+01 2.047211941825764075e-02 7.379397405796286891e-02
7.039999999999236024e+01 1.634261421434719461e-02 7.613984076647517529e-02
7.049999999999234035e+01 1.264396802530499096e-02 7.825115501766150006e-02
7.059999999999233466e+01 9.393187309398363591e-03 8.011432728729593611e-02
7.069999999999232898e+01 6.605435088984008309e-03 8.171736893929945622e-02
7.079999999999230909e+01 4.293943885259755844e-03 8.304995320890613819e-02
7.089999999999230340e+01 2.469937204554237004e-03 8.410346865739634636e-02
7.099999999999229772e+01 1.142559819962143128e-03 8.487106479605471820e-02
7.109999999999227782e+01 3.188170401725860087e-04 8.534768961298222489e-02
7.119999999999227214e+01 3.523120919859212815e-06 8.553011877194016677e-02
7.129999999999225224e+01 1.992589522545850625e-04 8.541697628717717650e-02
7.139999999999224656e+01 9.063391446657698526e-04 8.500874651338274912e-02
7.149999999999224087e+01 2.122788636245071404e-03 8.430777732376507072e-02
7.159999999999222098e+01 3.844328948442812290e-03 8.331827438396775809e-02
7.169999999999221529e+01 6.064374226245043513e-03 8.204628646413655857e-02
7.179999999999219540e+01 8.774037206541228720e-03 8.049968176635489969e-02
7.189999999999218971e+01 1.196214526309808193e-02 7.868811528044501735e-02
7.199999999999218403e+01 1.561526667530519462e-02 7.662298721820881564e-02
7.209999999999216413e+01 1.971774725864366279e-02 7.431739261334255331e-02
7.219999999999215845e+01 2.425175747626440517e-02 7.178606221383593278e-02
7.229999999999215277e+01 2.919735012235305863e-02 6.904529483332129403e-02
7.239999999999213287e+01 3.453252862875866996e-02 6.611288136916960989e-02
7.249999999999212719e+01 4.023332599742969473e-02 6.300802073720257468e-02
7.259999999999212150e+01 4.627389430302739776e-02 5.975122801558462732e-02
7.269999999999210161e+01 5.262660464420680639e-02 5.636423513359730547e-02
7.279999999999209592e+01 5.926215734994393081e-02 5.286988448412797970e-02
7.289999999999207603e+01 6.614970217044624512e-02 4.929201588150172036e-02
7.299999999999207034e+01 7.325696810281938365e-02 4.565534732817762981e-02
7.309999999999206466e+01 8.055040242035760301e-02 4.198535009490005770e-02
7.319999999999204476e+01 8.799531839407237488e-02 3.830811865775304859e-02
7.329999999999203908e+01 9.555605111557753661e-02 3.465023607305265513e-02
7.339999999999201918e+01 1.031961207538625719e-01 3.103863540557089823e-02
7.349999999999201350e+01 1.108784025054787292e-01 2.750045785777097476e-02
7.359999999999200782e+01 1.185653024282699447e-01 2.406290827647021222e-02
7.369999999999198792e+01 1.262189382847178354e-01 2.075310873884990068e-02
7.379999999999198224e+01 1.338013244619730424e-01 1.759795094148582095e-02
7.389999999999197655e+01 1.412745599822655684e-01 1.462394813372164606e-02
7.399999999999195666e+01 1.486010185711114095e-01 1.185708735020185069e-02
7.409999999999195097e+01 1.557435397108452579e-01 9.322682706386581711e-03
7.419999999999194529e+01 1.626656195765052715e-01 7.045230525186140652e-03
7.429999999999192539e+01 1.693316007281282232e-01 5.048267062388580792e-03
7.439999999999191971e+01 1.757068594225625058e-01 3.354229593085789052e-03
7.449999999999189981e+01 1.817579894070446012e-01 1.984321610867998808e-03
7.459999999999189413e+01 1.874529810689894715e-01 9.583828760355580329e-04
7.469999999999188844e+01 1.927613948422660650e-01 2.947650285682968719e-04
7.479999999999186855e+01 1.976545278095160896e-01 1.021345618630836045e-05
7.489999999999186286e+01 2.021055724945305943e-01 1.197560777459532401e-04
7.499999999999184297e+01 2.060897669067461302e-01 6.365996677137161948e-04
7.509999999999183729e+01 2.095845349814906278e-01 1.572034308919190507e-03
7.519999999999183160e+01 2.125696166532371756e-01 2.935346518667844486e-03
7.529999999999181171e+01 2.150271869027695903e-01 4.733741548112861165e-03
7.539999999999180602e+01 2.169419632298866529e-01 6.972275307154064336e-03
7.549999999999180034e+01 2.183013011184002927e-01 9.653796317670338897e-03
7.559999999999178044e+01 2.190952771757076201e-01 1.277889804727275896e-02
7.569999999999177476e+01 2.193167597418487491e-01 1.634588192466151363e-02
7.579999999999176907e+01 2.189614668684948251e-01 2.035073128668154693e-02
7.589999999999174918e+01 2.180280116624100650e-01 2.478709645689737562e-02
7.599999999999174349e+01 2.165179350700582595e-01 2.964629110644533341e-02
7.609999999999172360e+01 2.144357262426443700e-01 3.491730000042982812e-02
7.619999999999171791e+01 2.117888306677278287e-01 4.058679818743482492e-02
7.629999999999171223e+01 2.085876462788262831e-01 4.663918164612741030e-02
7.639999999999169233e+01 2.048455077615049802e-01 5.305660936096503327e-02
7.649999999999168665e+01 2.005786592624614617e-01 5.981905675927694233e-02
7.659999999999166675e+01 1.958062156801477771e-01 6.690438040310540957e-02
7.669999999999166107e+01 1.905501126757942754e-01 7.428839379196004733e-02
7.679999999999165539e+01 1.848350454925316300e-01 8.194495409551197374e-02
7.689999999999163549e+01 1.786883966180867200e-01 8.984605959832103750e-02
7.699999999999162981e+01 1.721401522729013867e-01 9.796195760122682061e-02
7.709999999999162412e+01 1.652228076582141769e-01 1.062612624854480242e-01
7.719999999999160423e+01 1.579712608633338788e-01 1.147110836052185334e-01
7.729999999999159854e+01 1.504226953092596963e-01 1.232771626328613701e-01
7.739999999999159286e+01 1.426164506045211888e-01 1.319240199360977861e-01
7.749999999999157296e+01 1.345938817073559501e-01 1.406151095209174084e-01
7.759999999999156728e+01 1.263982063306163528e-01 1.493129820250780060e-01
7.769999999999154738e+01 1.180743405902211218e-01 1.579794551972784344e-01
7.779999999999154170e+01 1.096687229835991845e-01 1.665757912452968947e-01
7.789999999999153601e+01 1.012291268900483571e-01 1.750628803847010251e-01
7.799999999999151612e+01 9.280446190438530751e-02 1.834014298675180343e-01
7.809999999999151044e+01 8.444456444633594017e-02 1.915521577195548886e-01
7.819999999999149054e+01 7.619997822419342925e-02 1.994759903654425570e-01
7.829999999999148486e+01 6.812172526672477524e-02 2.071342632751931034e-01
7.839999999999147917e+01 6.026106836804957789e-02 2.144889237222279976e-01
7.849999999999145928e+01 5.266926590915961548e-02 2.215027347057360319e-01
7.859999999999145359e+01 4.539732012453293747e-02 2.281394790571235898e-01
7.869999999999144791e+01 3.849571996825808945e-02 2.343641627222310675e-01
7.879999999999142801e+01 3.201417980024134219e-02 2.401432161910380114e-01
7.889999999999142233e+01 2.600137515824303344e-02 2.454446930298679330e-01
7.899999999999141664e+01 2.050467690746198696e-02 2.502384644631837074e-01
7.909999999999139675e+01 1.556988506774118798e-02 2.544964089476714486e-01
7.919999999999139106e+01 1.124096361375412530e-02 2.581925956841352177e-01
7.929999999999137117e+01 7.559777529979001820e-03 2.613034610190412277e-01
7.939999999999136548e+01 4.565833385527344468e-03 2.638079766995816144e-01
7.949999999999135980e+01 2.296024679515939419e-03 2.656878089607849769e-01
7.959999999999133991e+01 7.843832012475661798e-04 2.669274674426538874e-01
7.969999999999133422e+01 6.183765567900842701e-05 2.675144429565188831e-01
7.979999999999131433e+01 1.559808272590899869e-04 2.674393331450793387e-01
7.989999999999130864e+01 1.090846596417928199e-03 2.666959551077838220e-01
7.999999999999130296e+01 2.886698183163688685e-03 2.652814440943641050e-01
8.009999999999128306e+01 5.559829069808198791e-03 2.631963374038372439e-01
8.019999999999127738e+01 9.122378146129872523e-03 2.604446426643544088e-01
8.029999999999127169e+01 1.358216071959689707e-02 2.570338897143455981e-01
8.039999999999125180e+01 1.894251713314802979e-02 2.529751653541978396e-01
8.049999999999124611e+01 2.520218082451996036e-02 2.482831302962068276e-01
8.059999999999124043e+01 3.235516773421073106e-02 2.429760177060441562e-01
8.069999999999122053e+01 4.039068901371493936e-02 2.370756128040026611e-01
8.079999999999121485e+01 4.929308899103924946e-02 2.306072130807022280e-01
8.089999999999119495e+01 5.904181030813247105e-02 2.235995687785276298e-01
8.099999999999118927e+01 6.961138804593867968e-02 2.160848033978587102e-01
8.109999999999118359e+01 8.097147449291197674e-02 2.080983141074309595e-01
8.119999999999116369e+01 9.308689598759502248e-02 1.996786520679591781e-01
8.129999999999115801e+01 1.059177429767981377e-01 1.908673828184564991e-01
8.139999999999113811e+01 1.194194940798953969e-01 1.817089270238189946e-01
8.149999999999113243e+01 1.335431745446853669e-01 1.722503820362858706e-01
8.159999999999112674e+01 1.482355490299847034e-01 1.625413248840284208e-01
8.169999999999110685e+01 1.634393481678139970e-01 1.526335974598347078e-01
8.179999999999110116e+01 1.790935278590223001e-01 1.425810748431417807e-01
8.189999999999109548e+01 1.951335597552327772e-01 1.324394178432541092e-01
8.199999999999107558e+01 2.114917508982188943e-01 1.222658109992059844e-01
8.209999999999106990e+01 2.280975900371962906e-01 1.121186874092308244e-01
8.219999999999106421e+01 2.448781177480841564e-01 1.020574418859964000e-01
8.229999999999104432e+01 2.617583171436306810e-01 9.214213404280093000e-02
8.239999999999103864e+01 2.786615217090337437e-01 8.243318300592013259e-02
8.249999999999101874e+01 2.955098366258072651e-01 7.299105552086543325e-02
8.259999999999101306e+01 3.122245698672234671e-01 6.387594927150248847e-02
8.269999999999100737e+01 3.287266693587206356e-01 5.514747326370250669e-02
8.279999999999098748e+01 3.449371625957837195e-01 4.686432713717081366e-02
8.289999999999098179e+01 3.607775952885642345e-01 3.908398126301538406e-02
8.299999999999096190e+01 3.761704658496989873e-01 3.186235946160413668e-02
8.309999999999095621e+01 3.910396528437128372e-01 2.525352613651667480e-02
8.319999999999095053e+01 4.053108328543274519e-01 1.930937956944184589e-02
8.329999999999093063e+01 4.189118865883524889e-01 1.407935305908104666e-02
8.339999999999092495e+01 4.317732913958468588e-01 9.610125517657981328e-03
8.349999999999091926e+01 4.438284987367999701e-01 5.945343063787806269e-03
8.359999999999089937e+01 4.550142954406256601e-01 3.125353072528314069e-03
8.369999999999089368e+01 4.652711478810370727e-01 1.186952064478623628e-03
8.379999999999088800e+01 4.745435284078415861e-01 1.631487373952434760e-04
8.389999999999086810e+01 4.827802235379293760e-01 8.294336715390081022e-05
8.399999999999086242e+01 4.899346235018418039e-01 9.711247307204334562e-04
8.409999999999084253e+01 4.959649927766120459e-01 2.848085632249032408e-03
8.419999999999083684e+01 5.008347212084175437e-01 5.729658044282818184e-03
8.429999999999083116e+01 5.045125552535594249e-01 9.626968808564834515e-03
8.439999999999081126e+01 5.069728087493463597e-01 1.454631677413441466e-02
8.449999999999080558e+01 5.081955524849253170e-01 2.048907218290628787e-02
8.459999999999078568e+01 5.081667816854374964e-01 2.745159904328145148e-02
8.469999999999078000e+01 5.068785603693138908e-01 3.542520115912348860e-02
8.479999999999077431e+01 5.043291413992618821e-01 4.439609240310481153e-02
8.489999999999075442e+01 5.005230609379863749e-01 5.434539173878887713e-02
8.499999999999074873e+01 4.954712059471612084e-01 6.524914340381549049e-02
8.509999999999074305e+01 4.891908533444015439e-01 7.707836256668874897e-02
8.519999999999072315e+01 4.817056794598915115e-01 8.979910666116305840e-02
8.529999999999071747e+01 4.730457385165525164e-01 1.033725724860218020e-01
8.539999999999071179e+01 4.632474089921738147e-01 1.177552190335908744e-01
8.549999999999069189e+01 4.523533069056195899e-01 1.328989158796448911e-01
8.559999999999068621e+01 4.404121652945566234e-01 1.487511168305092057e-01
8.569999999999066631e+01 4.274786794114717736e-01 1.652550583825663777e-01
8.579999999999066063e+01 4.136133174464696749e-01 1.823499824060812458e-01
8.589999999999065494e+01 3.988820968802199718e-01 1.999713823211246577e-01
8.599999999999063505e+01 3.833563268650847511e-01 2.180512718902728464e-01
8.609999999999062936e+01 3.671123173221856328e-01 2.365184756116214260e-01
8.619999999999060947e+01 3.502310557105395294e-01 2.552989395596039768e-01
8.629999999999060378e+01 3.327978526740755227e-01 2.743160613885390897e-01
8.639999999999059810e+01 3.149019579917264333e-01 2.934910380890140558e-01
8.649999999999057820e+01 2.966361484475429355e-01 3.127432299680698025e-01
8.659999999999057252e+01 2.780962894024805454e-01 3.319905392125117038e-01
8.669999999999056683e+01 2.593808719876741220e-01 3.511498012913994993e-01
8.679999999999054694e+01 2.405905279612265690e-01 3.701371873555606151e-01
8.689999999999054126e+01 2.218275243773716321e-01 3.888686157041606473e-01
8.699999999999053557e+01 2.031952403203123314e-01 4.072601703054250510e-01
8.709999999999051568e+01 1.847976280609355537e-01 4.252285242828297562e-01
8.719999999999050999e+01 1.667386611090787840e-01 4.426913662117654691e-01
8.729999999999049010e+01 1.491217717636083850e-01 4.595678270085568062e-01
8.739999999999048441e+01 1.320492809101312670e-01 4.757789051428432114e-01
8.749999999999047873e+01 1.156218229821987797e-01 4.912478878577592467e-01
8.759999999999045883e+01 9.993776918563099243e-02 5.059007660488529234e-01
8.769999999999045315e+01 8.509265228095573563e-02 5.196666404262942907e-01
8.779999999999043325e+01 7.117859641983566299e-02 5.324781165749984391e-01
8.789999999999042757e+01 5.828375572742598709e-02 5.442716865263931281e-01
8.799999999999042188e+01 4.649176550168164501e-02 5.549880944759735257e-01
8.809999999999040199e+01 3.588121005145174930e-02 5.645726843122289562e-01
8.819999999999039630e+01 2.652511130278156423e-02 5.729757266803985338e-01
8.829999999999039062e+01 1.849044235631487967e-02 5.801527233757002300e-01
8.839999999999037072e+01 1.183767016583109517e-02 5.860646869584642538e-01
8.849999999999036504e+01 6.620331420579739570e-03 5.906783936011174019e-01
8.859999999999035936e+01 2.884645546158005024e-03 5.939666073161490312e-01
8.869999999999033946e+01 6.691684881381384587e-04 5.959082738767643717e-01
8.879999999999033378e+01 4.490611326021031452e-06 5.964886829207588503e-01
8.889999999999031388e+01 9.129816411752387628e-04 5.956995969308180872e-01
8.899999999999030820e+01 3.408585102372888812e-03 5.935393459960980334e-01
8.909999999999030251e+01 7.496664186212043286e-03 5.900128874907092369e-01
8.919999999999028262e+01 1.317390041925414756e-02 5.851318300389550808e-01
8.929999999999027693e+01 2.042824592917240334e-02 5.789144213842987163e-01
8.939999999999025704e+01 2.923892952877297363e-02 5.713855000190254385e-01
8.949999999999025135e+01 3.957651628525121063e-02 5.625764106792657815e-01
8.959999999999024567e+01 5.140301972659153812e-02 5.525248840453983457e-01
8.969999999999022577e+01 6.467206537657446686e-02 5.412748812192788028e-01
8.979999999999022009e+01 7.932910391659268867e-02 5.288764037668661766e-01
8.989999999999021441e+01 9.531167195481761445e-02 5.153852703222072673e-01
8.999999999999019451e+01 1.125496981455491180e-01 5.008628609370272544e-01
9.009999999999018883e+01 1.309658522429854033e-01 4.853758305388423677e-01
9.019999999999018314e+01 1.504759345887173583e-01 4.689957930162682032e-01
9.029999999999016325e+01 1.709893035111517967e-01 4.517989775986077094e-01
9.039999999999015756e+01 1.924093381447435636e-01 4.338658593240083405e-01
9.049999999999013767e+01 2.146339342400093164e-01 4.152807655110801188e-01
9.059999999999013198e+01 2.375560306139859745e-01 3.961314602532850504e-01
9.069999999999012630e+01 2.610641639666259617e-01 3.765087090551138549e-01
9.079999999999010640e+01 2.850430498412243607e-01 3.565058258191197704e-01
9.089999999999010072e+01 3.093741875227646876e-01 3.362182044769480016e-01
9.099999999999008082e+01 3.339364866301348655e-01 3.157428376397228287e-01
9.109999999999007514e+01 3.586069130591085785e-01 2.951778247190369187e-01
9.119999999999006945e+01 3.832611517674437418e-01 2.746218720438587946e-01
9.129999999999004956e+01 4.077742836604951737e-01 2.541737875684946246e-01
9.139999999999004388e+01 4.320214735423900110e-01 2.339319728320138903e-01
9.149999999999003819e+01 4.558786657552494348e-01 2.139939148876814634e-01
9.159999999999001830e+01 4.792232837493520248e-01 1.944556809709749590e-01
9.169999999999001261e+01 5.019349294369337411e-01 1.754114187130006164e-01
9.179999999999000693e+01 5.238960777952968995e-01 1.569528647300059421e-01
9.189999999998998703e+01 5.449927618333447743e-01 1.391688644260605234e-01
9.199999999998998135e+01 5.651152427381839205e-01 1.221449058323240688e-01
9.209999999998996145e+01 5.841586598012998843e-01 1.059626702687595234e-01
9.219999999998995577e+01 6.020236546068307160e-01 9.069960255178657893e-02
9.229999999998995008e+01 6.186169639629537365e-01 7.642850338110473984e-02
9.239999999998993019e+01 6.338519761861933777e-01 6.321714642149045549e-02
9.249999999998992450e+01 6.476492456074548487e-01 5.112792244858963692e-02
9.259999999998990461e+01 6.599369605655037718e-01 4.021751275473778309e-02
9.269999999998989892e+01 6.706513606711901332e-01 3.053659381120491303e-02
9.279999999998989324e+01 6.797370997598374265e-01 2.212957496169615582e-02
9.289999999998987334e+01 6.871475516707227227e-01 1.503437068011932373e-02
9.299999999998986766e+01 6.928450567904911317e-01 9.282208668842805918e-03
9.309999999998986198e+01 6.968011081248070004e-01 4.897474806295197894e-03
9.319999999998984208e+01 6.989964765120377788e-01 1.897595679378384680e-03
9.329999999998983640e+01 6.994212754140713972e-01 2.929591624163421196e-04
9.339999999998983071e+01 6.980749664932696108e-01 8.687323476360462682e-05
9.349999999998981082e+01 6.949663078840541131e-01 1.275562968595578793e-03
9.359999999998980513e+01 6.901132476639477709e-01 3.848205370787402893e-03
9.369999999998978524e+01 6.835427655082815246e-01 7.787001531606915598e-03
9.379999999998977955e+01 6.752906658642259252e-01 1.306728532074785849e-02
9.389999999998977387e+01 6.654013261929631051e-01 1.965766767968847237e-02
9.399999999998975397e+01 6.539274039105146263e-01 2.752021538916499949e-02
9.409999999998974829e+01 6.409295056136369295e-01 3.661066304150458611e-02
9.419999999998972839e+01 6.264758220195880689e-01 4.687865681860620137e-02
9.429999999998972271e+01 6.106417318026172714e-01 5.826802856539804731e-02
9.439999999998971703e+01 5.935093771911231775e-01 7.071709855361466013e-02
9.449999999998969713e+01 5.751672138327088568e-01 8.415900524811670280e-02
9.459999999998969145e+01 5.557095370607585405e-01 9.852206031533229658e-02
9.469999999998968576e+01 5.352359863346934921e-01 1.137301270466446607e-01
9.479999999998966587e+01 5.138510293084922465e-01 1.297030203064037934e-01
9.489999999998966018e+01 4.916634267206804743e-01 1.463569260514158143e-01
9.499999999998965450e+01 4.687856791225776254e-01 1.636048384045807602e-01
9.509999999998963460e+01 4.453334563799867807e-01 1.813570121973992477e-01
9.519999999998962892e+01 4.214250109010944656e-01 1.995214288251647983e-01
9.529999999998960902e+01 3.971805756713153723e-01 2.180042731827149805e-01
9.539999999998960334e+01 3.727217483980150847e-01 2.367104193708024773e-01
9.549999999998959765e+01 3.481708633863980773e-01 2.555439227829736093e-01
9.559999999998957776e+01 3.236503531573193260e-01 2.744085161043502974e-01
9.569999999998957207e+01 2.992821022641004025e-01 2.932081066790112600e-01
9.579999999998955218e+01 2.751867962449185967e-01 3.118472726348495150e-01
9.589999999998954650e+01 2.514832691329499936e-01 3.302317550983301930e-01
9.599999999998954081e+01 2.282878534141447868e-01 3.482689437899164075e-01
9.609999999998952092e+01 2.057137367470889544e-01 3.658683532666230365e-01
9.619999999998951523e+01 1.838703301162313564e-01 3.829420870756862771e-01
9.629999999998950955e+01 1.628626523602190734e-01 3.994052871056282816e-01
9.639999999998948965e+01 1.427907361836928679e-01 4.151765654684141382e-01
9.649999999998948397e+01 1.237490608126560476e-01 4.301784163224971480e-01
9.659999999998947828e+01 1.058260163852636632e-01 4.443376051500649848e-01
9.669999999998945839e+01 8.910340497843081964e-02 4.575855331347628563e-01
9.679999999998945270e+01 7.365598286377585124e-02 4.698585744437497325e-01
9.689999999998943281e+01 5.955104817107324811e-02 4.810983844035174317e-01
9.699999999998942712e+01 4.684807762928169111e-02 4.912521767641907511e-01
9.709999999998942144e+01 3.559841547086792235e-02 5.002729684729505522e-01
9.719999999998940154e+01 2.584501694497058633e-02 5.081197906192028713e-01
9.729999999998939586e+01 1.762224821036543349e-02 5.147578644652208713e-01
9.739999999998937597e+01 1.095574369157585951e-02 5.201587417383020107e-01
9.749999999998937028e+01 5.862321302419317218e-03 5.243004086219822391e-01
9.759999999998936460e+01 2.349955289422133754e-03 5.271673531474562191e-01
9.769999999998934470e+01 4.178058400802228765e-04 5.287505959448270954e-01
9.779999999998933902e+01 5.630405106806382154e-05 5.290476845628524494e-01
9.789999999998933333e+01 1.247290369257311000e-03 5.280626518079726273e-01
9.799999999998931344e+01 3.964204209692754298e-03 5.258059387779919769e-01
9.809999999998930775e+01 8.172322121738443204e-03 5.222942834795915035e-01
9.819999999998930207e+01 1.382904161598860412e-02 5.175505761152030537e-01
9.829999999998928217e+01 2.088420757566027477e-02 5.116036823047996895e-01
9.839999999998927649e+01 2.928047804971486284e-02 5.044882356714683880e-01
9.849999999998925659e+01 3.895372615185520304e-02 4.962444013681245880e-01
9.859999999998925091e+01 4.983347475905836044e-02 4.869176122529906281e-01
9.869999999998924523e+01 6.184336070501143812e-02 4.765582795393800142e-01
9.879999999998922533e+01 7.490162518625062549e-02 4.652214798470383217e-01
9.889999999998921965e+01 8.892162713320966860e-02 4.529666206732704814e-01
9.899999999998919975e+01 1.038123763350146389e-01 4.398570863784035945e-01
9.909999999998919407e+01 1.194790831406192660e-01 4.259598668465062743e-01
9.919999999998918838e+01 1.358237215840219503e-01 4.113451710394446792e-01
9.929999999998916849e+01 1.527456027964727570e-01 3.960860277046487354e-01
9.939999999998916280e+01 1.701419555732997524e-01 3.802578755348744455e-01
9.949999999998915712e+01 1.879085109594728631e-01 3.639381451017386082e-01
9.959999999998913722e+01 2.059400877097923577e-01 3.472058348995950006e-01
9.969999999998913154e+01 2.241311754718982863e-01 3.301410838412559001e-01
9.979999999998912585e+01 2.423765125390792696e-01 3.128247425391169623e-01
9.989999999998910596e+01 2.605716550311965030e-01 2.953379456876039644e-01
