1.000000000000000000e+00 2.000000000000000000e+00 0.000000000000000000e+00
1.099999999999988987e+00 1.997600966126212407e+00 1.999200209222081522e-03
1.199999999999977973e+00 1.990415445022239771e+00 7.987208586148635686e-03
1.299999999999966960e+00 1.978478098799314022e+00 1.793529479687590647e-02
1.399999999999955946e+00 1.961846463417107778e+00 3.179572931653647933e-02
1.499999999999944933e+00 1.940600633098575001e+00 4.950201386243600898e-02
1.599999999999933920e+00 1.914842840008936120e+00 7.096920200561322722e-02
1.699999999999922906e+00 1.884696931941498343e+00 9.609430819372138943e-02
1.799999999999911893e+00 1.850307751118236421e+00 1.247568030250034848e-01
1.899999999999900879e+00 1.811840417554877014e+00 1.568191922330063326e-01
1.999999999999889866e+00 1.769479520752945900e+00 1.921276764754343558e-01
2.099999999999878852e+00 1.723428223776040324e+00 2.305128886693060541e-01
2.199999999999867839e+00 1.673907284042821075e+00 2.717907052796826872e-01
2.299999999999856826e+00 1.621153995412926152e+00 3.157631276502493867e-01
2.399999999999845812e+00 1.565421056386522292e+00 3.622192291641034290e-01
2.499999999999834799e+00 1.506975369448232627e+00 4.109361637393990629e-01
2.599999999999823785e+00 1.446096776798961425e+00 4.616802309018240291e-01
2.699999999999812772e+00 1.383076737907099396e+00 5.142079924302390692e-01
2.799999999999801759e+00 1.318216954502196447e+00 5.682674353488448293e-01
2.899999999999790745e+00 1.251827948808986291e+00 6.235991758340611035e-01
2.999999999999779732e+00 1.184227600992017182e+00 6.799376984220801834e-01
3.099999999999768718e+00 1.115739651951887401e+00 7.370126247424031440e-01
3.199999999999757705e+00 1.046692177767767129e+00 7.945500058626866480e-01
3.299999999999746692e+00 9.774160422430119288e-01 8.522736322176489576e-01
3.399999999999735678e+00 9.082433341514067893e-01 9.099063549978859688e-01
3.499999999999724665e+00 8.395057959212552934e-01 9.671714128139211608e-01
3.599999999999713651e+00 7.715332506140877289e-01 1.023793757402782223e+00
3.699999999999702638e+00 7.046520341640996055e-01 1.079501372133142789e+00
3.799999999999691624e+00 6.391834399270770461e-01 1.134026577073492525e+00
3.899999999999680611e+00 5.754421826501689985e-01 1.187107314427676696e+00
3.999999999999669598e+00 5.137348890038994087e-01 1.238488408209803104e+00
4.099999999999658584e+00 4.543586218182991687e-01 1.287922792122086602e+00
4.199999999999647571e+00 3.975994451245695172e-01 1.335172699729038515e+00
4.299999999999636557e+00 3.437310370266009607e-01 1.380010811170109264e+00
4.399999999999625544e+00 2.930133573025939242e-01 1.422221350836059273e+00
4.499999999999614531e+00 2.456913764704157788e-01 1.461601130648433111e+00
4.599999999999603517e+00 2.019938728348016077e-01 1.497960533816112161e+00
4.699999999999592504e+00 1.621323037726797867e-01 1.531124434213427810e+00
4.799999999999581490e+00 1.262997572042424688e-01 1.560933046816922909e+00
4.899999999999570477e+00 9.466998884244200163e-02 1.587242704952557704e+00
4.999999999999559464e+00 6.739655041719463946e-02 1.609926560454276956e+00
5.099999999999548450e+00 4.461201363267604247e-02 1.628875203193846932e+00
5.199999999999537437e+00 2.642729414316804734e-02 1.643997196827609031e+00
5.299999999999526423e+00 1.293107932767437879e-02 1.655219528008633922e+00
5.399999999999515410e+00 4.189363111916041306e-03 1.662487966732075106e+00
5.499999999999504396e+00 2.450905324951165227e-04 1.665767335913165281e+00
5.599999999999493383e+00 1.117914168000698222e-03 1.665041688735549696e+00
5.699999999999482370e+00 6.804063980246269523e-03 1.660314392768575509e+00
5.799999999999471356e+00 1.727633152089419130e-02 1.651608120298056148e+00
5.899999999999460343e+00 3.248416886908812168e-02 1.638964744786677752e+00
5.999999999999449329e+00 5.235390207865100315e-02 1.622445143833009418e+00
6.099999999999438316e+00 7.678905833276171433e-02 1.602128909465683870e+00
6.199999999999427303e+00 1.056708054329010271e-01 1.578113967059860068e+00
6.299999999999416289e+00 1.388585016907241954e-01 1.550516104618963498e+00
6.399999999999405276e+00 1.761903537475301706e-01 1.519468414602543005e+00
6.499999999999394262e+00 2.174841793191604200e-01 1.485120650915606300e+00
6.599999999999383249e+00 2.625382713553891523e-01 1.447638504093099909e+00
6.699999999999372235e+00 3.111323596133685476e-01 1.407202798117714870e+00
6.799999999999361222e+00 3.630286651748503846e-01 1.364008612697915179e+00
6.899999999999350209e+00 4.179730429891678756e-01 1.318264335207429694e+00
6.999999999999339195e+00 4.756962070971631484e-01 1.270190646832057624e+00
7.099999999999328182e+00 5.359150327863795304e-01 1.220019447806901747e+00
7.199999999999317168e+00 5.983339295485011755e-01 1.167992726929077962e+00
7.299999999999306155e+00 6.626462783519854183e-01 1.114361380818364999e+00
7.399999999999295142e+00 7.285359264133774992e-01 1.059383988654927888e+00
7.499999999999284128e+00 7.956787323455465355e-01 1.003325548352870467e+00
7.599999999999273115e+00 8.637441542858274035e-01 9.464561803349855751e-01
7.699999999999262101e+00 9.323968733627477912e-01 8.890498052460444889e-01
7.799999999999251088e+00 1.001298444642358731e+00 8.313828020888637260e-01
7.899999999999240075e+00 1.070108967519266319e+00 7.737326533772845849e-01
7.999999999999229061e+00 1.138488767368482257e+00 7.163765839875234631e-01
8.099999999999218048e+00 1.206100080167412214e+00 6.595902004328455526e-01
8.199999999999207034e+00 1.272608731724971243e+00 6.036461373095595162e-01
8.299999999999196021e+00 1.337685803126958506e+00 5.488127176400422469e-01
8.399999999999185007e+00 1.401009274012273931e+00 4.953526337942549818e-01
8.499999999999173994e+00 1.462265635348531712e+00 4.435216555835700958e-01
8.599999999999162981e+00 1.521151463463413345e+00 3.935673720070558823e-01
8.699999999999151967e+00 1.577374947227351276e+00 3.457279729799460632e-01
8.799999999999140954e+00 1.630657360450758153e+00 3.002310771917204302e-01
8.899999999999129940e+00 1.680734471781335060e+00 2.572926120279353523e-01
8.999999999999118927e+00 1.727357884638533125e+00 2.171157512443614157e-01
9.099999999999107914e+00 1.770296300020639757e+00 1.798899158071254611e-01
9.199999999999096900e+00 1.809336695352587565e+00 1.457898430078901353e-01
9.299999999999085887e+00 1.844285412916184086e+00 1.149747286310103811e-01
9.399999999999074873e+00 1.874969151813795198e+00 8.758744659139229560e-02
9.499999999999063860e+00 1.901235857859317813e+00 6.375385007771668111e-02
9.599999999999052847e+00 1.922955506275172421e+00 4.358215782913103103e-02
9.699999999999041833e+00 1.940020772585835385e+00 2.716242874550521894e-02
9.799999999999030820e+00 1.952347587647712990e+00 1.456612758322235399e-02
9.899999999999019806e+00 1.959875573336242960e+00 5.845784023484618466e-03
9.999999999999008793e+00 1.962568356025357064e+00 1.034746919612095474e-03
1.009999999999899778e+01 1.960413755635589395e+00 1.470350363884849758e-04
1.019999999999898677e+01 1.953423848696631548e+00 3.177285090750947734e-03
1.029999999999897575e+01 1.941634904573805054e+00 1.010079739155173018e-02
1.039999999999896474e+01 1.925107194722457171e+00 2.087367885956525546e-02
1.049999999999895373e+01 1.903924675577317593e+00 3.543308269027566071e-02
1.059999999999894271e+01 1.878194546443003210e+00 5.369754340443651242e-02
1.069999999999893170e+01 1.848046684517614446e+00 7.556740551783051874e-02
1.079999999999892069e+01 1.813632959951566370e+00 1.009253435559500228e-01
1.089999999999890967e+01 1.775126434618452320e+00 1.296369706439023661e-01
1.099999999999889866e+01 1.732720449032399745e+00 1.615515324215407444e-01
1.109999999999888765e+01 1.686627602589028330e+00 1.965026825700957325e-01
1.119999999999887663e+01 1.637078633026702201e+00 2.343093357953876521e-01
1.129999999999886562e+01 1.584321201678355662e+00 2.747765936947993981e-01
1.139999999999885461e+01 1.528618591727082920e+00 3.176967385453531301e-01
1.149999999999884359e+01 1.470248327252298592e+00 3.628502896920120513e-01
1.159999999999883258e+01 1.409500721373205812e+00 4.100071168885502382e-01
1.169999999999882156e+01 1.346677362241142983e+00 4.589276046551736266e-01
1.179999999999881055e+01 1.282089545999013591e+00 5.093638614651793128e-01
1.189999999999879954e+01 1.216056666106883899e+00 5.610609673612348969e-01
1.199999999999878852e+01 1.148904568625935374e+00 6.137582534328549499e-01
1.209999999999877751e+01 1.080963883152746385e+00 6.671906064573214223e-01
1.219999999999876650e+01 1.012568339104889859e+00 7.210897919226773034e-01
1.229999999999875548e+01 9.440530769734446492e-01 7.751857886064028591e-01
1.239999999999874447e+01 8.757529639856331816e-01 8.292081278832015290e-01
1.249999999999873346e+01 8.080009233640826904e-01 8.828872309754947079e-01
1.259999999999872244e+01 7.411262860389465912e-01 9.359557374369096294e-01
1.269999999999871143e+01 6.754531732647813813e-01 9.881498182755444892e-01
1.279999999999870042e+01 6.112989181399209881e-01 1.039210467274829242e+00
1.289999999999868940e+01 5.489725335184203470e-01 1.088884764251952131e+00
1.299999999999867839e+01 4.887732332687005354e-01 1.136927104204299654e+00
1.309999999999866738e+01 4.309890132700724963e-01 1.183100386535743676e+00
1.319999999999865636e+01 3.758952979700325714e-01 1.227177158812842173e+00
1.329999999999864535e+01 3.237536577575231833e-01 1.268940709784563747e+00
1.339999999999863434e+01 2.748106018536872752e-01 1.308186106697234452e+00
1.349999999999862332e+01 2.292964508916811861e-01 1.344721172250508578e+00
1.359999999999861231e+01 1.874242928598154334e-01 1.378367396862822059e+00
1.369999999999860130e+01 1.493890256219450319e-01 1.408960782252953070e+00
1.379999999999859028e+01 1.153664888128460297e-01 1.436352612682193719e+00
1.389999999999857927e+01 8.551268753372746889e-02 1.460410150553924868e+00
1.399999999999856826e+01 5.996310994597308514e-02 1.481017253414418144e+00
1.409999999999855724e+01 3.883214057563204313e-02 1.498074909760355844e+00
1.419999999999854623e+01 2.221257089340814006e-02 1.511501691413771775e+00
1.429999999999853522e+01 1.017520851860620641e-02 1.521234120590057914e+00
1.439999999999852420e+01 2.768586201642225450e-03 1.527226950144752404e+00
1.449999999999851319e+01 1.877156007791487341e-05 1.529453355861630115e+00
1.459999999999850218e+01 1.929278366812185209e-03 1.527905040002673021e+00
1.469999999999849116e+01 8.481080005704825717e-03 1.522592245729836646e+00
1.479999999999848015e+01 1.963272550907165653e-02 1.513543682374349109e+00
1.489999999999846914e+01 3.532055836319721726e-02 1.500806361919656551e+00
1.499999999999845812e+01 5.545903800337798062e-02 1.484445347448528851e+00
1.509999999999844711e+01 7.994116361169291418e-02 1.464543414696899193e+00
1.519999999999843610e+01 1.086389994730435626e-01 1.441200628245825399e+00
1.529999999999842508e+01 1.414043007345994196e-01 1.414533834288113079e+00
1.539999999999841407e+01 1.780692379496575661e-01 1.384676072295852212e+00
1.549999999999840306e+01 2.184472182705123611e-01 1.351775908315176133e+00
1.559999999999839204e+01 2.623338005901138525e-01 1.315996693007609020e+00
1.569999999999838103e+01 3.095077013258480947e-01 1.277515747946343927e+00
1.579999999999837001e+01 3.597318868993080176e-01 1.236523484054479205e+00
1.589999999999835900e+01 4.127547483045870824e-01 1.193222456443283841e+00
1.599999999999834799e+01 4.683113524863333765e-01 1.147826360257983236e+00
1.609999999999833875e+01 5.261247645819365770e-01 1.100558972477791775e+00
1.619999999999832596e+01 5.859074344357343422e-01 1.051653044927800096e+00
1.629999999999831317e+01 6.473626401773343586e-01 1.001349154045317436e+00
1.639999999999830393e+01 7.101859810932020789e-01 9.498945132058497220e-01
1.649999999999829470e+01 7.740669115153703261e-01 8.975417536332885859e-01
1.659999999999828191e+01 8.386903070261380044e-01 8.445476801125578747e-01
1.669999999999826912e+01 9.037380539316577366e-01 7.911720078722587202e-01
1.679999999999825988e+01 9.688906527134851787e-01 7.376760871170393585e-01
1.689999999999825064e+01 1.033828826015859237e+00 6.843216217599338291e-01
1.699999999999823785e+01 1.098235121685940729e+00 6.313693889302945950e-01
1.709999999999822506e+01 1.161795501443032341e+00 5.790779658188918155e-01
1.719999999999821583e+01 1.224200905916069448e+00 5.277024703641426395e-01
1.729999999999820659e+01 1.285148787052558417e+00 4.774933221816460849e-01
1.739999999999819380e+01 1.344344599248415983e+00 4.286950300007896231e-01
1.749999999999818101e+01 1.401503240983967169e+00 3.815450116929104407e-01
1.759999999999817177e+01 1.456350439252086515e+00 3.362724527618201065e-01
1.769999999999816254e+01 1.508624069619926678e+00 2.930972089190015395e-01
1.779999999999814975e+01 1.558075405372973510e+00 2.522287580893619596e-01
1.789999999999813696e+01 1.604470289815374429e+00 2.138652068877151258e-01
1.799999999999812772e+01 1.647590226453752305e+00 1.781923562791817850e-01
1.809999999999811848e+01 1.687233382436290174e+00 1.453828307880888626e-01
1.819999999999810569e+01 1.723215501270169980e+00 1.155952752553420920e-01
1.829999999999809290e+01 1.755370721450162375e+00 8.897362276585726870e-02
1.839999999999808367e+01 1.783552298241706913e+00 6.564643697841457404e-02
1.849999999999807443e+01 1.807633226409956606e+00 4.572633169377043200e-02
1.859999999999806164e+01 1.827506762220659331e+00 2.930947009444155940e-02
1.869999999999804885e+01 1.843086843514014861e+00 1.647514568385318942e-02
1.879999999999803961e+01 1.854308407104227063e+00 7.285446545669414277e-03
1.889999999999803038e+01 1.861127603154279386e+00 1.785004136996928750e-03
1.899999999999801759e+01 1.863521906559590491e+00 8.274232588896985194e-07
1.909999999999800480e+01 1.861490125705470344e+00 1.942222758988793865e-03
1.919999999999799556e+01 1.855052309297525737e+00 7.600799518102795138e-03
1.929999999999798632e+01 1.844249552264854985e+00 1.695056108020317337e-02
1.939999999999797353e+01 1.829143702040370689e+00 2.994808038661752464e-02
1.949999999999796074e+01 1.809816966824677520e+00 4.653275889171384905e-02
1.959999999999795151e+01 1.786371427746973550e+00 6.662716735215198915e-02
1.969999999999794227e+01 1.758928457162729275e+00 9.013746651982729174e-02
1.979999999999792948e+01 1.727628045666173673e+00 1.169539054339699125e-01
1.989999999999791669e+01 1.692628040756631425e+00 1.469513946453686604e-01
1.999999999999790745e+01 1.654103300486551742e+00 1.799901513522286500e-01
2.009999999999789821e+01 1.612244765817764103e+00 2.159164130836638551e-01
2.019999999999788542e+01 1.567258455848909104e+00 2.545632162356236128e-01
2.029999999999787264e+01 1.519364390510993035e+00 2.957512354466120263e-01
2.039999999999786340e+01 1.468795445785523235e+00 3.392896794986556275e-01
2.049999999999785416e+01 1.415796146955362822e+00 3.849772391455417719e-01
2.059999999999784137e+01 1.360621405848314147e+00 4.326030820068371141e-01
2.069999999999782858e+01 1.303535208474385643e+00 4.819478894261618462e-01
2.079999999999781934e+01 1.244809259866118900e+00 5.327849299757473345e-01
2.089999999999781011e+01 1.184721593320279709e+00 5.848811641019477925e-01
2.099999999999779732e+01 1.123555151568463195e+00 6.379983742476772468e-01
2.109999999999778453e+01 1.061596347699973242e+00 6.918943146597488214e-01
2.119999999999777529e+01 9.991336138787217935e-01 7.463238749960355856e-01
2.129999999999776605e+01 9.364559460644424904e-01 8.010402517873018713e-01
2.139999999999775326e+01 8.738514530319307916e-01 8.557961217852720903e-01
2.149999999999774047e+01 8.116059179988071026e-01 9.103448112396008707e-01
2.159999999999773124e+01 7.500013811061269076e-01 9.644414551969839877e-01
2.169999999999772200e+01 6.893147508556008995e-01 1.017844141000474822e+00
2.179999999999770921e+01 6.298164523870315445e-01 1.070315030286562941e+00
2.189999999999769642e+01 5.717691201874185447e-01 1.121621453935858659e+00
2.199999999999768718e+01 5.154263424626654988e-01 1.171536974620398963e+00
2.209999999999767795e+01 4.610314639768658407e-01 1.219842411811934424e+00
2.219999999999766516e+01 4.088164536840413477e-01 1.266326824366083903e+00
2.229999999999765237e+01 3.590008429486031827e-01 1.310788446073394953e+00
2.239999999999764313e+01 3.117907395807071880e-01 1.353035569871769983e+00
2.249999999999763389e+01 2.673779223144520656e-01 1.392887376736464455e+00
2.259999999999762110e+01 2.259390197340809536e-01 1.430174705607408336e+00
2.269999999999760831e+01 1.876347770188560582e-01 1.464740761070054242e+00
2.279999999999759908e+01 1.526094132379448298e-01 1.496441755880472124e+00
2.289999999999758984e+01 1.209900712897062636e-01 1.525147485800391500e+00
2.299999999999757705e+01 9.288636195409237517e-02 1.550741834599624447e+00
2.309999999999756426e+01 6.839000291721603064e-02 1.573123207475867869e+00
2.319999999999755502e+01 4.757455303992151607e-02 1.592204891529127586e+00
2.329999999999754579e+01 3.049524158123362652e-02 1.607915342326215136e+00
2.339999999999753300e+01 1.718889155723971052e-02 1.620198395974848937e+00
2.349999999999752021e+01 7.673935917635120452e-03 1.629013406510783746e+00
2.359999999999751097e+01 1.950524758570411485e-03 1.634335308778615659e+00
2.369999999999750173e+01 7.213619085592377091e-07 1.636154607345450041e+00
2.379999999999748894e+01 1.788784457551154377e-03 1.634477292352607636e+00
2.389999999999747615e+01 7.261533746874075310e-03 1.629324683539834284e+00
2.399999999999746692e+01 1.634879540017939240e-02 1.620733204016137075e+00
2.409999999999745768e+01 2.896392394803276246e-02 1.608754085658894217e+00
2.419999999999744489e+01 4.500439672357325199e-02 1.593453008324680731e+00
2.429999999999743210e+01 6.435247677835075064e-02 1.574909675335320225e+00
2.439999999999742286e+01 8.687593998581415178e-02 1.553217327970767281e+00
2.449999999999741362e+01 1.124288618621925168e-01 1.528482201947548136e+00
2.459999999999740083e+01 1.408524594723621903e-01 1.500822929090183333e+00
2.469999999999738804e+01 1.719759836457629976e-01 1.470369887618184546e+00
2.479999999999737881e+01 2.056176566043627640e-01 1.437264504661042830e+00
2.489999999999736957e+01 2.415856499982289018e-01 1.401658514791370269e+00
2.499999999999735678e+01 2.796790982543023163e-01 1.363713178517514502e+00
2.509999999999734399e+01 3.196891420699419228e-01 1.323598464818622533e+00
2.519999999999733475e+01 3.613999968240541039e-01 1.281492201914145701e+00
2.529999999999732552e+01 4.045900406356691126e-01 1.237579200560347203e+00
2.539999999999731273e+01 4.490329167728147608e-01 1.192050354242838450e+00
2.549999999999729994e+01 4.944986451042379105e-01 1.145101720686812374e+00
2.559999999999729070e+01 5.407547372955568976e-01 1.096933589142911059e+00
2.569999999999728146e+01 5.875673104776327760e-01 1.047749537925202201e+00
2.579999999999726867e+01 6.347021941642960741e-01 9.977554866647654341e-01
2.589999999999725588e+01 6.819260252676112577e-01 9.471587477241890651e-01
2.599999999999724665e+01 7.290073261519230963e-01 8.961670811647629575e-01
2.609999999999723741e+01 7.757175607912348836e-01 8.449877575955641040e-01
2.619999999999722462e+01 8.218321642390848947e-01 7.938266331441347079e-01
2.629999999999721183e+01 8.671315407946725839e-01 7.428872406833273434e-01
2.639999999999720259e+01 9.114020264539454130e-01 6.923699013216098042e-01
2.649999999999719336e+01 9.544368114602137521e-01 6.424708600216744170e-01
2.659999999999718057e+01 9.960368190324250248e-01 5.933814490495216143e-01
2.669999999999716778e+01 1.036011536627627239e+00 5.452872827774360998e-01
2.679999999999715854e+01 1.074179796404849618e+00 4.983674871718664079e-01
2.689999999999714930e+01 1.110370501887245398e+00 4.527939670881601097e-01
2.699999999999713651e+01 1.144423298165428760e+00 4.087307142735820964e-01
2.709999999999712372e+01 1.176189183349679368e+00 3.663331587473516726e-01
2.719999999999711449e+01 1.205531059348687206e+00 3.257475659863846573e-01
2.729999999999710525e+01 1.232324220434261708e+00 2.871104820934511914e-01
2.739999999999709246e+01 1.256456778426882748e+00 2.505482288698910320e-01
2.749999999999707967e+01 1.277830023715978536e+00 2.161764504549411048e-01
2.759999999999707043e+01 1.296358721691833749e+00 1.840997129291230550e-01
2.769999999999706120e+01 1.311971344519295091e+00 1.544111580170849374e-01
2.779999999999704841e+01 1.324610238518752814e+00 1.271922117607195701e-01
2.789999999999703562e+01 1.334231727732460460e+00 1.025123487727039179e-01
2.799999999999702638e+01 1.340806154541042572e+00 8.042891242372052218e-02
2.809999999999701714e+01 1.344317858460300830e+00 6.098699106374278617e-02
2.819999999999700435e+01 1.344765094480378842e+00 4.421935013155153804e-02
2.829999999999699156e+01 1.342159892515720765e+00 3.014641976765143269e-02
2.839999999999698233e+01 1.336527859717397071e+00 1.877633731380967327e-02
2.849999999999697309e+01 1.327907927546248645e+00 1.010504385941390741e-02
2.859999999999696030e+01 1.316352045645424962e+00 4.116433780359651969e-03
2.869999999999694751e+01 1.301924824651764068e+00 7.825560107419672184e-04
2.879999999999693827e+01 1.284703130189890130e+00 6.386559142057277928e-05
2.889999999999692903e+01 1.264775630367570125e+00 1.909523852644233639e-03
2.899999999999691624e+01 1.242242299168230035e+00 6.257745410286121371e-03
2.909999999999690345e+01 1.217213878208478262e+00 1.303618998692712520e-02
2.919999999999689422e+01 1.189811299391872357e+00 2.216239690996193307e-02
2.929999999999688498e+01 1.160165071067242204e+00 3.354425998913364987e-02
2.939999999999687219e+01 1.128414630373762773e+00 4.708054033553875362e-02
2.949999999999685940e+01 1.094707664536879843e+00 6.266141455315960007e-02
2.959999999999685016e+01 1.059199403970034981e+00 8.016905561308411421e-02
2.969999999999684093e+01 1.022051890132996910e+00 9.947824360936051435e-02
2.979999999999682814e+01 9.834332211966816395e-01 1.204570034952322788e-01
2.989999999999681535e+01 9.435167786682669977e-01 1.429672668091410692e-01
2.999999999999680611e+01 9.024804382336494291e-01 1.668655543225159299e-01
3.009999999999679687e+01 8.605057681673436987e-01 1.920036764760237047e-01
3.019999999999678408e+01 8.177772187523373315e-01 2.182294484193234019e-01
3.029999999999677129e+01 7.744813062203722565e-01 2.453874164309211015e-01
3.039999999999676206e+01 7.308057947803309196e-01 2.733195924713437419e-01
3.049999999999675282e+01 6.869388803309128821e-01 3.018661936134380275e-01
3.059999999999674003e+01 6.430683794548599508e-01 3.308663831012360057e-01
3.069999999999672724e+01 5.993809272652217413e-01 3.601590098099584081e-01
3.079999999999671800e+01 5.560611876105873153e-01 3.895833429184287211e-01
3.089999999999670877e+01 5.132910790484798147e-01 4.189797986585986900e-01
3.099999999999669598e+01 4.712490198670906127e-01 4.481906560746560242e-01
3.109999999999668319e+01 4.301091952701123211e-01 4.770607588088547346e-01
3.119999999999667395e+01 3.900408496443846240e-01 5.054382000262190866e-01
3.129999999999666471e+01 3.512076066120904394e-01 5.331749877016320749e-01
3.139999999999665192e+01 3.137668193245031767e-01 5.601276876119094528e-01
3.149999999999663913e+01 2.778689532001517026e-01 5.861580415075682282e-01
3.159999999999662990e+01 2.436570030428253097e-01 6.111335580780443699e-01
3.169999999999662066e+01 2.112659462080123951e-01 6.349280744707309632e-01
3.179999999999660787e+01 1.808222332248178299e-01 6.574222862750546126e-01
3.189999999999659508e+01 1.524433170295499407e-01 6.785042440402124786e-01
3.199999999999658584e+01 1.262372217346353631e-01 6.980698145514494524e-01
3.209999999999657661e+01 1.023021516482531673e-01 7.160231052505943161e-01
3.219999999999656382e+01 8.072614107785845705e-02 7.322768503452807831e-01
3.229999999999655103e+01 6.158674529900828865e-02 7.467527573098250437e-01
3.239999999999653824e+01 4.495077295162296788e-02 7.593818126373942379e-01
3.249999999999653255e+01 3.087406003614504360e-02 7.701045458600723759e-01
3.259999999999651976e+01 1.940128562392840622e-02 7.788712510039205172e-01
3.269999999999650697e+01 1.056582936328623497e-02 7.856421647984463963e-01
3.279999999999650129e+01 4.389670852578438434e-03 7.903876011105238630e-01
3.289999999999648850e+01 8.833309582138998157e-04 7.930880412181403605e-01
3.299999999999647571e+01 4.585517220986959499e-05 7.937341796888937040e-01
3.309999999999646292e+01 1.864839124332083771e-03 7.923269257746748950e-01
3.319999999999645013e+01 6.316496380592108613e-03 7.888773603824720260e-01
3.329999999999644444e+01 1.336576866614458056e-02 7.834066488292640296e-01
3.339999999999643165e+01 2.296647863989925015e-02 7.759459097434794339e-01
3.349999999999641886e+01 3.506152531471792150e-02 7.665360406258517889e-01
3.359999999999641318e+01 4.958312215630636399e-02 7.552275007432667220e-01
3.369999999999640039e+01 6.645307780213179083e-02 7.420800521843421427e-01
3.379999999999638760e+01 8.558311921746097894e-02 7.271624600741698474e-01
3.389999999999637481e+01 1.068752569476596609e-01 7.105521531042930938e-01
3.399999999999636202e+01 1.302221919359578539e-01 6.923348457067479700e-01
3.409999999999635634e+01 1.555077631562809259e-01 6.726041233657011897e-01
3.419999999999634355e+01 1.826074350648654032e-01 6.514609927282855040e-01
3.429999999999633076e+01 2.113888236083739103e-01 6.290133983454201383e-01
3.439999999999632507e+01 2.417122592450410001e-01 6.053757080330949281e-01
3.449999999999631228e+01 2.734313851463315848e-01 5.806681690073716151e-01
3.459999999999629949e+01 3.063937884562714098e-01 5.550163370970417898e-01
3.469999999999628670e+01 3.404416622023445638e-01 5.285504814845350952e-01
3.479999999999627391e+01 3.754124951798303855e-01 5.014049675606657708e-01
3.489999999999626823e+01 4.111397868812162182e-01 4.737176206041165960e-01
3.499999999999625544e+01 4.474537843134656079e-01 4.456290731089956325e-01
3.509999999999624265e+01 4.841822373505296762e-01 4.172820986824489764e-01
3.519999999999623697e+01 5.211511691008992031e-01 3.888209355183048777e-01
3.529999999999622418e+01 5.581856576419846894e-01 3.603906025216407349e-01
3.539999999999621139e+01 5.951106253764718579e-01 3.321362112110707865e-01
3.549999999999619860e+01 6.317516322064683498e-01 3.042022765615984836e-01
3.559999999999618581e+01 6.679356686952396815e-01 2.767320299694801533e-01
3.569999999999618012e+01 7.034919453911470111e-01 2.498667375238415866e-01
3.579999999999616733e+01 7.382526745203064067e-01 2.237450267546144400e-01
3.589999999999615454e+01 7.720538403128148763e-01 1.985022249970293529e-01
3.599999999999614886e+01 8.047359543036201046e-01 1.742697124668108610e-01
3.609999999999613607e+01 8.361447920419206037e-01 1.511742930796347306e-01
3.619999999999612328e+01 8.661321077500045984e-01 1.293375859734723909e-01
3.629999999999611049e+01 8.945563235859640416e-01 1.088754406034629779e-01
3.639999999999609770e+01 9.212831902852771648e-01 8.989737817748950921e-02
3.649999999999609201e+01 9.461864160833260984e-01 7.250606208624398030e-02
3.659999999999607923e+01 9.691482609473596188e-01 5.679679985561829347e-02
3.669999999999606644e+01 9.900600932787713138e-01 4.285707901209408199e-02
3.679999999999606075e+01 1.008822906380219875e+00 3.076613910357619761e-02
3.689999999999604796e+01 1.025347792122649260e+00 2.059458195969852273e-02
3.699999999999603517e+01 1.039556369391005042e+00 1.240402210733557858e-02
3.709999999999602238e+01 1.051381165043633548e+00 6.246779079109665914e-03
3.719999999999600959e+01 1.060765945283177025e+00 2.165613165688977555e-03
3.729999999999600391e+01 1.067665995519470723e+00 1.935059670590935958e-04
3.739999999999599112e+01 1.072048346996291146e+00 3.534868941844610912e-04
3.749999999999597833e+01 1.073891948668951768e+00 2.658506561184324855e-03
3.759999999999597264e+01 1.073187783053390465e+00 7.111357790054098973e-03
3.769999999999595985e+01 1.069938925015629705e+00 1.370464472586344941e-02
3.779999999999594706e+01 1.064160542748421756e+00 2.242080033121693003e-02
3.789999999999593427e+01 1.055879840468430864e+00 3.323215229564773637e-02
3.799999999999592148e+01 1.045135942677916097e+00 4.610103715978632749e-02
3.809999999999591580e+01 1.031979720156423808e+00 6.097996221683313345e-02
3.819999999999590301e+01 1.016473558181123726e+00 7.781181451661253745e-02
3.829999999999589022e+01 9.986910678133692487e-01 9.653011606175758430e-02
3.839999999999588454e+01 9.787167414324325909e-01 1.170593240528949308e-01
3.849999999999587175e+01 9.566455540328022700e-01 1.393151748116732147e-01
3.859999999999585896e+01 9.325825121363263692e-01 1.632050697887769686e-01
3.869999999999584617e+01 9.066421524851829838e-01 1.886285018501477062e-01
3.879999999999583338e+01 8.789479929869651320e-01 2.154775198296793315e-01
3.889999999999582769e+01 8.496319386597969148e-01 2.436372291426895376e-01
3.899999999999581490e+01 8.188336455868919783e-01 2.729863260721696605e-01
3.909999999999580211e+01 7.866998461158790645e-01 3.033976631699109028e-01
3.919999999999579643e+01 7.533836387440389082e-01 3.347388430599864129e-01
3.929999999999578364e+01 7.190437463012340213e-01 3.668728377894012183e-01
3.939999999999577085e+01 6.838437461879747215e-01 3.996586307469838784e-01
3.949999999999575806e+01 6.479512765425322618e-01 4.329518780591303795e-01
3.959999999999574527e+01 6.115372222998265439e-01 4.666055862786310238e-01
3.969999999999573959e+01 5.747748851705704043e-01 5.004708031033031634e-01
3.979999999999572680e+01 5.378391416113742496e-01 5.343973177992651369e-01
3.989999999999571401e+01 5.009055928797683244e-01 5.682343679586501217e-01
3.999999999999570832e+01 4.641497112727446250e-01 6.018313491893005907e-01
4.009999999999569553e+01 4.277459866401540078e-01 6.350385243228365839e-01
4.019999999999568274e+01 3.918670772399022728e-01 6.677077287252495275e-01
4.029999999999566995e+01 3.566829689715336205e-01 6.996930683148872010e-01
4.039999999999565716e+01 3.223601469799083352e-01 7.308516069206399957e-01
4.049999999999565148e+01 2.890607835708934314e-01 7.610440396649694739e-01
4.059999999999563869e+01 2.569419463193298170e-01 7.901353491133560336e-01
4.069999999999562590e+01 2.261548301799067018e-01 8.179954410134567810e-01
4.079999999999562021e+01 1.968440173312845931e-01 8.444997565359130265e-01
4.089999999999560742e+01 1.691467683917443621e-01 8.695298580339747563e-01
4.099999999999559464e+01 1.431923485396808249e-01 8.929739854636645768e-01
4.109999999999558185e+01 1.191013919512330238e-01 9.147275807343475673e-01
4.119999999999556906e+01 9.698530783086900531e-02 9.346937774136909738e-01
4.129999999999556337e+01 7.694573115377734140e-02 9.527838533681581845e-01
4.139999999999555058e+01 5.907402106354768534e-02 9.689176440981945859e-01
4.149999999999553779e+01 4.345080967071726641e-02 9.830239147113760678e-01
4.159999999999553211e+01 3.014560377858431853e-02 9.950406886792196870e-01
4.169999999999551932e+01 1.921644182139960882e-02 1.004915531730564027e+00
4.179999999999550653e+01 1.070960803732991934e-02 1.012605789456299421e+00
4.189999999999549374e+01 4.659405615309245539e-03 1.018078777430521331e+00
4.199999999999548095e+01 1.087990253176808995e-03 1.021311922887853996e+00
4.209999999999547526e+01 5.265246023474986200e-06 1.022292857243880970e+00
4.219999999999546247e+01 1.408838891549086441e-03 1.021019458993721152e+00
4.229999999999544968e+01 5.284044656149971056e-03 1.017499846776600103e+00
4.239999999999544400e+01 1.160402419490852780e-02 1.011752322651626956e+00
4.249999999999543121e+01 2.032987296391122051e-02 1.003805265884512243e+00
4.259999999999541842e+01 3.141084780786260189e-02 9.936969778027461286e-01
4.269999999999540563e+01 4.478463555305319671e-02 9.814754785284064420e-01
4.279999999999539284e+01 6.037768128848657739e-02 9.671982566487611344e-01
4.289999999999538716e+01 7.810557467934133025e-02 9.509319731275163168e-01
4.299999999999537437e+01 9.787349232894372586e-02 9.327521209985858430e-01
4.309999999999536158e+01 1.195766938909437749e-01 9.127426426116498348e-01
4.319999999999535589e+01 1.431010693331332684e-01 8.909955064206691588e-01
4.329999999999534310e+01 1.683237344703346072e-01 8.676102455126046831e-01
4.339999999999533031e+01 1.951136716167644058e-01 8.426934602746880554e-01
4.349999999999531752e+01 2.233324119585678724e-01 8.163582877800205084e-01
4.359999999999530473e+01 2.528347560157359619e-01 7.887238406426750892e-01
4.369999999999529905e+01 2.834695283491608930e-01 7.599146182531048010e-01
4.379999999999528626e+01 3.150803624739950126e-01 7.300598934393085493e-01
4.389999999999527347e+01 3.475065117641235046e-01 6.992930777312128532e-01
4.399999999999526779e+01 3.805836819754847000e-01 6.677510685087783004e-01
4.409999999999525500e+01 4.141448808789229274e-01 6.355735814075315071e-01
4.419999999999524221e+01 4.480212803764465068e-01 6.029024714281870923e-01
4.429999999999522942e+01 4.820430863780229558e-01 5.698810462513389519e-01
4.439999999999521663e+01 5.160404116459177404e-01 5.366533752947598712e-01
4.449999999999521094e+01 5.498441467617833922e-01 5.033635980667757748e-01
4.459999999999519815e+01 5.832868243524780283e-01 4.701552353675306217e-01
4.469999999999518536e+01 6.162034717141831042e-01 4.371705068670039829e-01
4.479999999999517968e+01 6.484324470097209137e-01 4.045496585464449235e-01
4.489999999999516689e+01 6.798162542825137988e-01 3.724303034282376301e-01
4.499999999999515410e+01 7.102023326294134575e-01 3.409467789363417878e-01
4.509999999999514131e+01 7.394438150103522789e-01 3.102295241295383588e-01
4.519999999999512852e+01 7.674002523451067814e-01 2.804044799268005650e-01
4.529999999999512283e+01 7.939382987536225400e-01 2.515925153070360798e-01
4.539999999999511004e+01 8.189323540418745884e-01 2.239088823062581057e-01
4.549999999999509726e+01 8.422651598140789009e-01 1.974627024617384430e-01
4.559999999999509157e+01 8.638283459079608706e-01 1.723564871620013872e-01
4.569999999999507878e+01 8.835229241961066737e-01 1.486856941560846246e-01
4.579999999999506599e+01 9.012597271702738055e-01 1.265383222576539624e-01
4.589999999999505320e+01 9.169597891311034310e-01 1.059945460484360696e-01
4.599999999999504041e+01 9.305546682260931179e-01 8.712639214621034633e-02
4.609999999999503473e+01 9.419867080180551744e-01 6.999745835379100889e-02
4.619999999999502194e+01 9.512092377176496472e-01 5.466267675175708746e-02
4.629999999999500915e+01 9.581867106694613723e-01 4.116812153899832710e-02
4.639999999999500346e+01 9.628947811341181939e-01 2.955086216564167811e-02
4.649999999999499067e+01 9.653203198574555888e-01 1.983886204279156074e-02
4.659999999999497788e+01 9.654613693525503360e-01 1.205092285647075059e-02
4.669999999999496509e+01 9.633270402343163674e-01 6.196674260140620089e-03
4.679999999999495230e+01 9.589373503394722498e-01 2.276608473813079327e-03
4.689999999999494662e+01 9.523230087241439934e-01 2.821590795469044164e-04
4.699999999999493383e+01 9.435251469617857989e-01 1.958230749413842058e-04
4.709999999999492104e+01 9.325950004529885984e-01 1.991325029476236075e-03
4.719999999999491536e+01 9.195935427125505601e-01 5.633821984597700908e-03
4.729999999999490257e+01 9.045910758073154589e-01 1.108014754838120008e-02
4.739999999999488978e+01 8.876667802887410197e-01 1.827909346029990556e-02
4.749999999999487699e+01 8.689082280868832830e-01 2.717172674174109584e-02
4.759999999999486420e+01 8.484108619229110415e-01 3.769174040389036695e-02
4.769999999999485851e+01 8.262774448378870096e-01 4.976583555657116548e-02
4.779999999999484572e+01 8.026174834523631674e-01 6.331413264967696020e-02
4.789999999999483293e+01 7.775466285420405965e-01 7.825060948270377847e-02
4.799999999999482725e+01 7.511860564705006293e-01 9.448356353733168567e-02
4.809999999999481446e+01 7.236618349377137438e-01 1.119160961220938832e-01
4.819999999999480167e+01 6.951042764110255678e-01 1.304466157671457793e-01
4.829999999999478888e+01 6.656472824928992837e-01 1.499693582692366856e-01
4.839999999999477609e+01 6.354276823552325038e-01 1.703749207622289041e-01
4.849999999999477041e+01 6.045845682434298762e-01 1.915508071756293063e-01
4.859999999999475762e+01 5.732586309190305096e-01 2.133819824423428269e-01
4.869999999999474483e+01 5.415914977803185648e-01 2.357514328255813640e-01
4.879999999999473914e+01 5.097250762717249195e-01 2.585407297534740301e-01
4.889999999999472635e+01 4.778009050709540184e-01 2.816305945782455189e-01
4.899999999999471356e+01 4.459595154302486431e-01 3.049014617122736137e-01
4.909999999999470077e+01 4.143398049418740570e-01 3.282340376386223002e-01
4.919999999999468798e+01 3.830784259016598026e-01 3.515098533439495743e-01
4.929999999999468230e+01 3.523091903571103911e-01 3.746118077824572290e-01
4.939999999999466951e+01 3.221624938458166332e-01 3.974247000434142918e-01
4.949999999999465672e+01 2.927647597564690396e-01 4.198357479693005656e-01
4.959999999999465103e+01 2.642379061739598689e-01 4.417350910494984850e-01
4.969999999999463824e+01 2.366988370043723866e-01 4.630162755002946162e-01
4.979999999999462545e+01 2.102589591067358377e-01 4.835767195355259451e-01
4.989999999999461266e+01 1.850237270900234599e-01 5.033181569284752577e-01
4.999999999999459988e+01 1.610922173594543094e-01 5.221470570726044480e-01
5.009999999999459419e+01 1.385567329166228490e-01 5.399750198587354166e-01
5.019999999999458140e+01 1.175024403293850883e-01 5.567191438034063689e-01
5.029999999999456861e+01 9.800704019096391495e-02 5.723023659868428092e-01
5.039999999999456293e+01 8.014047227971068943e-02 5.866537724870578563e-01
5.049999999999455014e+01 6.396465651394354912e-02 5.997088781308028693e-01
5.059999999999453735e+01 4.953327066766632231e-02 6.114098745207952046e-01
5.069999999999452456e+01 3.689156567546098692e-02 6.217058454413031399e-01
5.079999999999451177e+01 2.607621920747469832e-02 6.305529488927121839e-01
5.089999999999450608e+01 1.711522804103758622e-02 6.379145651526985095e-01
5.099999999999449329e+01 1.002783959436358459e-02 6.437614104187725506e-01
5.109999999999448050e+01 4.824522822213844243e-03 6.480716157361140484e-01
5.119999999999447482e+01 1.506978505065080217e-03 6.508307710751080055e-01
5.129999999999446203e+01 6.818879365655331067e-05 6.520319345749464590e-01
5.139999999999444924e+01 4.925057017042971681e-04 6.516756071271918582e-01
5.149999999999443645e+01 2.755778072238257003e-03 6.497696726275988821e-01
5.159999999999442366e+01 6.825516378764369917e-03 6.463293043743714161e-01
5.169999999999441798e+01 1.266109456208322839e-02 6.413768382449235306e-01
5.179999999999440519e+01 2.021398794773211771e-02 6.349416134264012079e-01
5.189999999999439240e+01 2.942804613792175672e-02 6.270597816197369667e-01
5.199999999999438671e+01 4.023979962555207512e-02 6.177740857766994553e-01
5.209999999999437392e+01 5.257879873619570460e-02 6.071336095608178551e-01
5.219999999999436113e+01 6.636798336650923114e-02 5.951934988548314154e-01
5.229999999999434834e+01 8.152408185377882366e-02 5.820146567577285657e-01
5.239999999999433555e+01 9.795803718126358528e-02 5.676634136323814861e-01
5.249999999999432987e+01 1.155754585965631936e-01 5.522111738753155974e-01
5.259999999999431708e+01 1.342770965960666807e-01 5.357340411821908122e-01
5.269999999999430429e+01 1.539593391075149420e-01 5.183124241793851672e-01
5.279999999999429861e+01 1.745147265845221896e-01 5.000306243787430160e-01
5.289999999999428582e+01 1.958324836141553116e-01 4.809764084925533534e-01
5.299999999999427303e+01 2.177990645298440997e-01 4.612405672157018355e-01
5.309999999999426024e+01 2.402987104216082193e-01 4.409164626432531264e-01
5.319999999999424745e+01 2.632140148431197924e-01 4.200995665418943426e-01
5.329999999999424176e+01 2.864264954330760782e-01 3.988869917352458327e-01
5.339999999999422897e+01 3.098171686016282234e-01 3.773770188915872015e-01
5.349999999999421618e+01 3.332671243777843850e-01 3.556686210214285437e-01
5.359999999999421050e+01 3.566580984804336718e-01 3.338609879983846507e-01
5.369999999999419771e+01 3.798730386590765118e-01 3.120530534117640920e-01
5.379999999999418492e+01 4.027966623569984028e-01 2.903430260402052321e-01
5.389999999999417213e+01 4.253160027784357311e-01 2.688279282071650567e-01
5.399999999999415934e+01 4.473209404945714396e-01 2.476031432339589888e-01
5.409999999999415365e+01 4.687047178004181136e-01 2.267619741532319599e-01
5.419999999999414086e+01 4.893644331348237508e-01 2.063952157767514894e-01
5.429999999999412807e+01 5.092015130000311363e-01 1.865907421337614225e-01
5.439999999999412239e+01 5.281221589636786451e-01 1.674331112053127069e-01
5.449999999999410960e+01 5.460377674882939125e-01 1.490031887801149812e-01
5.459999999999409681e+01 5.628653205171771923e-01 1.313777931465494320e-01
5.469999999999408402e+01 5.785277449392691729e-01 1.146293622166521392e-01
5.479999999999407123e+01 5.929542392618665225e-01 9.882564455067874287e-02
5.489999999999406555e+01 6.060805660340560230e-01 8.402941561593069153e-02
5.499999999999405276e+01 6.178493087812203521e-01 7.029822047436190546e-02
5.509999999999403997e+01 6.282100924290670019e-01 5.768414394688960861e-02
5.519999999999403428e+01 6.371197664150413109e-01 4.623360915408292193e-02
5.529999999999402149e+01 6.445425498981720569e-01 3.598720517973173078e-02
5.539999999999400870e+01 6.504501386858301260e-01 2.697954444987402806e-02
5.549999999999399591e+01 6.548217737018252604e-01 1.923915026373112028e-02
5.559999999999398312e+01 6.576442710101539912e-01 1.278837475707828540e-02
5.569999999999397744e+01 6.589120136020479856e-01 7.643347422698777011e-03
5.579999999999396465e+01 6.586269053313853483e-01 3.813954157712173658e-03
5.589999999999395186e+01 6.567982875604502224e-01 1.303846654440965393e-03
5.599999999999394618e+01 6.534428192495088661e-01 1.104818005830741738e-04
5.609999999999393339e+01 6.485843213884165959e-01 2.251906063426778936e-04
5.619999999999392060e+01 6.422535868365981671e-01 1.633276031473138244e-03
5.629999999999390781e+01 6.344881567980147352e-01 4.314138944409449429e-03
5.639999999999389502e+01 6.253320653243601424e-01 8.241431309408832340e-03
5.649999999999388933e+01 6.148355533987933663e-01 1.338323556647208305e-02
5.659999999999387654e+01 6.030547543188570225e-01 1.970226904344939481e-02
5.669999999999386375e+01 5.900513522554683421e-01 2.715611212080136158e-02
5.679999999999385807e+01 5.758922160246919830e-01 3.569745875773826238e-02
5.689999999999384528e+01 5.606490102609490433e-01 4.527438788460280000e-02
5.699999999999383249e+01 5.443977863275638596e-01 5.583065407134295277e-02
5.709999999999381970e+01 5.272185554326997980e-01 6.730599579620108464e-02
5.719999999999380691e+01 5.091948465415042646e-01 7.963645956346772359e-02
5.729999999999380123e+01 4.904132517745170006e-01 9.275473805487916001e-02
5.739999999999378844e+01 4.709629620655107485e-01 1.065905204463018230e-01
5.749999999999377565e+01 4.509352959046217801e-01 1.210708529811767159e-01
5.759999999999376996e+01 4.304232240218887617e-01 1.361205078641593846e-01
5.769999999999375717e+01 4.095208928618832012e-01 1.516623585233674298e-01
5.779999999999374438e+01 3.883231496649919290e-01 1.676177592880035705e-01
5.789999999999373159e+01 3.669250719050549669e-01 1.839069275387746061e-01
5.799999999999371880e+01 3.454215037307046821e-01 2.004493264126237795e-01
5.809999999999371312e+01 3.239066019305009148e-01 2.171640461783262421e-01
5.819999999999370033e+01 3.024733937814159668e-01 2.339701824479365200e-01
5.829999999999368754e+01 2.812133489590784019e-01 2.507872094453296175e-01
5.839999999999368185e+01 2.602159674838352976e-01 2.675353466221032095e-01
5.849999999999366906e+01 2.395683854601252105e-01 2.841359169855600664e-01
5.859999999999365627e+01 2.193550001377519154e-01 3.005116955872509377e-01
5.869999999999364348e+01 1.996571155933709873e-01 3.165872467084154263e-01
5.879999999999363069e+01 1.805526101013016083e-01 3.322892483728311919e-01
5.889999999999362501e+01 1.621156260420518747e-01 3.475468029125422520e-01
5.899999999999361222e+01 1.444162829893126665e-01 3.622917324107696180e-01
5.909999999999359943e+01 1.275204144266140760e-01 3.764588579451891293e-01
5.919999999999359375e+01 1.114893283766233145e-01 3.899862616521214131e-01
5.929999999999358096e+01 9.637959208259271049e-02 4.028155307305196775e-01
5.939999999999356817e+01 8.224284076353950701e-02 4.148919825991087551e-01
5.949999999999355538e+01 6.912561037356167171e-02 4.261648705137534576e-01
5.959999999999354259e+01 5.706919423011289072e-02 4.365875690408486665e-01
5.969999999999353690e+01 4.610952333449737373e-02 4.461177388721969117e-01
5.979999999999352411e+01 3.627707018757514446e-02 4.547174705501486613e-01
5.989999999999351132e+01 2.759677590085339929e-02 4.623534067547794280e-01
5.999999999999350564e+01 2.008800041385731122e-02 4.689968428848336202e-01
6.009999999999349285e+01 1.376449564796561331e-02 4.746238057448613490e-01
6.019999999999348006e+01 8.634401450181751134e-03 4.792151102259226692e-01
6.029999999999346727e+01 4.700264202486999394e-03 4.827563939471369303e-01
6.039999999999345448e+01 1.959077989030587070e-03 4.852381299018740379e-01
6.049999999999344880e+01 4.023482203794394871e-04 4.866556172299477678e-01
6.059999999999343601e+01 1.617760775513494271e-05 4.870089503166542544e-01
6.069999999999342322e+01 7.813743580232263442e-04 4.863029664993570034e-01
6.079999999999341753e+01 2.673582420255935389e-03 4.845471727436647114e-01
6.089999999999340474e+01 5.663433556063710538e-03 4.817556517337695521e-01
6.099999999999339195e+01 9.716720928573126248e-03 4.779469479061254078e-01
6.109999999999337916e+01 1.479459380980314813e-02 4.731439340394197890e-01
6.119999999999336637e+01 2.085377289490040337e-02 4.673736590999524876e-01
6.129999999999336069e+01 2.784678558668940082e-02 4.606671781255043951e-01
6.139999999999334790e+01 3.572222047805382467e-02 4.530593650163221020e-01
6.149999999999333511e+01 4.442500011616372368e-02 4.445887091833287674e-01
6.159999999999332942e+01 5.389667098505377535e-02 4.352970970837777287e-01
6.169999999999331664e+01 6.407570949480076439e-02 4.252295797531302490e-01
6.179999999999330385e+01 7.489784262048512775e-02 4.144341275115545065e-01
6.189999999999329106e+01 8.629638169479988963e-02 4.029613730949733741e-01
6.199999999999327827e+01 9.820256772803610812e-02 3.908643445186349430e-01
6.209999999999327258e+01 1.105459265101920163e-01 3.781981890400644697e-01
6.219999999999325979e+01 1.232546316443613732e-01 3.650198896336794285e-01
6.229999999999324700e+01 1.362558735693425171e-01 3.513879754317572046e-01
6.239999999999324132e+01 1.494762325545883896e-01 3.373622276178665502e-01
6.249999999999322853e+01 1.628420535909109457e-01 3.230033822820908562e-01
6.259999999999321574e+01 1.762798210584720360e-01 3.083728317637088323e-01
6.269999999999320295e+01 1.897165310267729943e-01 2.935323260108714805e-01
6.279999999999319016e+01 2.030800590321626964e-01 2.785436754848000240e-01
6.289999999999318447e+01 2.162995211837719922e-01 2.634684571227219330e-01
6.299999999999317168e+01 2.293056264712233783e-01 2.483677248518087188e-01
6.309999999999315889e+01 2.420310181840836516e-01 2.333017261158927269e-01
6.319999999999315321e+01 2.544106024062482985e-01 2.183296258365900744e-01
6.329999999999314042e+01 2.663818616164598807e-01 2.035092391815320201e-01
6.339999999999312763e+01 2.778851515095789870e-01 1.888967744557706052e-01
6.349999999999311484e+01 2.888639792532864958e-01 1.745465873662543632e-01
6.359999999999310205e+01 2.992652615105651503e-01 1.605109478366557318e-01
6.369999999999309637e+01 3.090395606897887171e-01 1.468398204681885255e-01
6.379999999999308358e+01 3.181412980335286411e-01 1.335806596548011760e-01
6.389999999999307079e+01 3.265289423210682163e-01 1.207782202661499132e-01
6.399999999999306510e+01 3.341651731402276448e-01 1.084743847117691645e-01
6.409999999999305942e+01 3.410170178781282146e-01 9.670800709424214048e-02
6.419999999999303952e+01 3.470559617900401683e-01 8.551477504911987604e-02
6.429999999999301963e+01 3.522580307225356977e-01 7.492708975595972765e-02
6.439999999999301394e+01 3.566038462961306221e-01 6.497396448887407527e-02
6.449999999999300826e+01 3.600786535851873138e-01 5.568094195718877731e-02
6.459999999999300258e+01 3.626723215676209700e-01 4.707003056878687058e-02
6.469999999999298268e+01 3.643793168494354195e-01 3.915965963143834550e-02
6.479999999999297700e+01 3.651986513962127145e-01 3.196465339151189494e-02
6.489999999999295710e+01 3.651338052182006577e-01 2.549622369699025906e-02
6.499999999999295142e+01 3.641926251582702223e-01 1.976198096308164065e-02
6.509999999999294573e+01 3.623872011118277614e-01 1.476596301510884474e-02
6.519999999999292584e+01 3.597337211691384873e-01 1.050868128611610712e-02
6.529999999999292015e+01 3.562523073030385845e-01 6.987183756038439428e-03
6.539999999999290026e+01 3.519668333318852205e-01 4.195133936643097479e-03
6.549999999999289457e+01 3.469047269638855235e-01 2.122905131843190029e-03
6.559999999999288889e+01 3.410967577755190661e-01 7.576891371658353060e-04
6.569999999999286899e+01 3.345768129946777858e-01 8.361848519223374595e-05
6.579999999999286331e+01 3.273816629472298123e-01 8.190129574129453220e-05
6.589999999999285762e+01 3.195507179887122073e-01 7.309677503852803982e-04
6.599999999999283773e+01 3.111257786832786199e-01 2.006627180227408928e-03
6.609999999999283204e+01 3.021507809104397313e-01 3.882234733349412478e-03
6.619999999999282636e+01 2.926715374869360842e-01 6.328866573403614353e-03
6.629999999999280647e+01 2.827354777831909693e-01 9.315502552843680367e-03
6.639999999999280078e+01 2.723913867022254021e-01 1.280921530255625662e-02
6.649999999999278089e+01 2.616891442737707130e-01 1.677536468347543691e-02
6.659999999999277520e+01 2.506794670047128304e-01 2.117779655434219588e-02
6.669999999999276952e+01 2.394136520200720597e-01 2.597904482245629726e-02
6.679999999999274962e+01 2.279433249328271793e-01 3.114053576040622107e-02
6.689999999999274394e+01 2.163201922939476107e-01 3.662279359076590218e-02
6.699999999999272404e+01 2.045957994035494110e-01 4.238564636207798469e-02
6.709999999999271836e+01 1.928212942044488787e-01 4.838843116294493096e-02
6.719999999999271267e+01 1.810471979354005279e-01 5.459019774609792652e-02
6.729999999999269278e+01 1.693231831904997708e-01 6.094990966124921861e-02
6.739999999999268709e+01 1.576978600098755401e-01 6.742664202368774118e-02
6.749999999999268141e+01 1.462185706168228072e-01 7.397977507576196377e-02
6.759999999999266151e+01 1.349311934114936218e-01 8.056918273005381215e-02
6.769999999999265583e+01 1.238799568301386655e-01 8.715541531662344965e-02
6.779999999999265015e+01 1.131072636781344509e-01 9.369987579262327448e-02
6.789999999999263025e+01 1.026535265415532555e-01 1.001649887108172210e-01
6.799999999999262457e+01 9.255701487283179985e-02 1.065143612840970810e-01
6.809999999999260467e+01 8.285371432915393519e-02 1.127129359267305675e-01
6.819999999999259899e+01 7.357719891461754480e-02 1.187271336994716875e-01
6.829999999999259330e+01 6.475851643912748645e-02 1.245249881346437576e-01
6.839999999999257341e+01 5.642608775565029905e-02 1.300762689696561003e-01
6.849999999999256772e+01 4.860562017440214766e-02 1.353525953718773267e-01
6.859999999999254783e+01 4.132003537779273261e-02 1.403275382951744976e-01
6.869999999999254214e+01 3.458941207391764278e-02 1.449767116675398926e-01
6.879999999999253646e+01 2.843094353239016339e-02 1.492778521703710115e-01
6.889999999999251656e+01 2.285891004458861370e-02 1.532108874318238723e-01
6.899999999999251088e+01 1.788466624515644421e-02 1.567579925199990287e-01
6.909999999999250520e+01 1.351664312404212039e-02 1.599036346841025968e-01
6.919999999999248530e+01 9.760364452208906277e-03 1.626346063545191512e-01
6.929999999999247962e+01 6.618477241310568963e-03 1.649400464737421357e-01
6.939999999999247393e+01 4.090795760892774503e-03 1.668114502899266105e-01
6.949999999999245404e+01 2.174358547897355023e-03 1.682426678021940458e-01
6.959999999999244835e+01 8.634977642036332796e-04 1.692298911012199703e-01
6.969999999999242846e+01 1.499201898713256403e-04 1.697716309005103119e-01
6.979999999999242277e+01 2.279908337213440824e-05 1.698686826020041896e-01
6.989999999999241709e+01 4.688760957332075634e-04 1.695240822834878647e-01
6.999999999999239719e+01 1.472572392998498011e-03 1.687430530362370451e-01
7.009999999999239151e+01 3.016108120152455677e-03 1.675329421179289902e-01
7.019999999999237161e+01 5.079629328748162809e-03 1.659031494177905519e-01
7.029999999999236593e+01 7.641341488770951075e-03 1.638650477600550326e-01
7.039999999999236024e+01 1.067764871137179272e-02 1.614318955956689228e-01
7.049999999999234035e+01 1.416329782166455935e-02 1.586187426537388201e-01
7.059999999999233466e+01 1.807152643827753327e-02 1.554423291405929719e-01
7.069999999999232898e+01 2.237421423753676100e-02 1.519209790885003852e-01
7.079999999999230909e+01 2.704203660378858357e-02 1.480744884662094085e-01
7.089999999999230340e+01 3.204461989250844550e-02 1.439240086708250266e-01
7.099999999999229772e+01 3.735069755860313812e-02 1.394919260248808357e-01
7.109999999999227782e+01 4.292826642844799895e-02 1.348017379039161967e-01
7.119999999999227214e+01 4.874474242019768283e-02 1.298779261188886813e-01
7.129999999999225224e+01 5.476711504276168818e-02 1.247458281737912067e-01
7.139999999999224656e+01 6.096210003004172429e-02 1.194315070130138878e-01
7.149999999999224087e+01 6.729628949338677113e-02 1.139616198642491030e-01
7.159999999999222098e+01 7.373629900250874836e-02 1.083632867721120441e-01
7.169999999999221529e+01 8.024891103367094713e-02 1.026639594043938092e-01
7.179999999999219540e+01 8.680121425437148375e-02 9.689129069774905789e-02
7.189999999999218971e+01 9.336073814580293784e-02 9.107300589244045341e-02
7.199999999999218403e+01 9.989558249944296975e-02 8.523677548620031685e-02
7.209999999999216413e+01 1.063745413611969504e-01 7.941009061622855691e-02
7.219999999999215845e+01 1.127672210360568944e-01 7.362014135547259586e-02
7.229999999999215277e+01 1.190441518084855016e-01 6.789369838445534489e-02
7.239999999999213287e+01 1.251768930773145272e-01 6.225699847415892829e-02
7.249999999999212719e+01 1.311381316493793470e-01 5.673563418811174847e-02
7.259999999999212150e+01 1.369017729818961526e-01 5.135444818328942923e-02
7.269999999999210161e+01 1.424430252099528893e-01 4.613743246051173891e-02
7.279999999999209592e+01 1.477384758405835552e-01 4.110763288500244445e-02
7.289999999999207603e+01 1.527661610388651170e-01 3.628705926765431883e-02
7.299999999999207034e+01 1.575056274731460038e-01 3.169660126714880094e-02
7.309999999999206466e+01 1.619379867255626160e-01 2.735595034274686949e-02
7.319999999999204476e+01 1.660459623089379777e-01 2.328352795745149834e-02
7.329999999999203908e+01 1.698139293633813551e-01 1.949642020151048580e-02
7.339999999999201918e+01 1.732279471332240917e-01 1.601031897716123989e-02
7.349999999999201350e+01 1.762757843482226916e-01 1.283946985693947343e-02
7.359999999999200782e+01 1.789469376526581779e-01 9.996626700253580591e-03
7.369999999999198792e+01 1.812326432409589461e-01 7.493013086029911250e-03
7.379999999999198224e+01 1.831258818707544311e-01 5.338290593285971442e-03
7.389999999999197655e+01 1.846213774326737334e-01 3.540533936398096437e-03
7.399999999999195666e+01 1.857155892620750148e-01 2.106212937686448121e-03
7.409999999999195097e+01 1.864066983823296220e-01 1.040181296681777284e-03
7.419999999999194529e+01 1.866945878709276307e-01 3.456720930216077708e-04
7.429999999999192539e+01 1.865808175410847702e-01 2.429993837020682693e-05
7.439999999999191971e+01 1.860685931327896170e-01 7.606967197512694311e-05
7.449999999999189981e+01 1.851627302065106395e-01 4.993914744533430039e-04
7.459999999999189413e+01 1.838696129347732466e-01 1.291102255095762791e-03
7.469999999999188844e+01 1.821971479872712407e-01 2.446493149359520083e-03
7.479999999999186855e+01 1.801547137071271010e-01 3.959342945257971098e-03
7.489999999999186286e+01 1.777531047792828556e-01 5.821957240037121256e-03
7.499999999999184297e+01 1.750044725948354529e-01 8.025213111839306704e-03
7.509999999999183729e+01 1.719222615206882632e-01 1.055860907498990323e-02
7.519999999999183160e+01 1.685211412883560467e-01 1.341032007209367292e-02
7.529999999999181171e+01 1.648169357238019050e-01 1.656725724135785921e-02
7.539999999999180602e+01 1.608265480457438112e-01 2.001513218336917893e-02
7.549999999999180034e+01 1.565678829701416808e-01 2.373852543812469962e-02
7.559999999999178044e+01 1.520597658661290430e-01 2.772095887029155450e-02
7.569999999999177476e+01 1.473218592196262611e-01 3.194497164871281519e-02
7.579999999999176907e+01 1.423745766717487149e-01 3.639219949477129346e-02
7.589999999999174918e+01 1.372389949107215845e-01 4.104345686393520015e-02
7.599999999999174349e+01 1.319367637087225653e-01 4.587882171505315576e-02
7.609999999999172360e+01 1.264900144090186640e-01 5.087772251346200925e-02
7.619999999999171791e+01 1.209212671826412067e-01 5.601902710615853237e-02
7.629999999999171223e+01 1.152533373889141483e-01 6.128113310087295040e-02
7.639999999999169233e+01 1.095092413893550831e-01 6.664205937534860291e-02
7.649999999999168665e+01 1.037121021796566511e-01 7.207953833906849406e-02
7.659999999999166675e+01 9.788505521945629895e-02 7.757110856700642765e-02
7.669999999999166107e+01 9.205115485335164938e-02 8.309420742358498979e-02
7.679999999999165539e+01 8.623328172930698476e-02 8.862626329567148409e-02
7.689999999999163549e+01 8.045405163085204980e-02 9.414478705531335867e-02
7.699999999999162981e+01 7.473572614707280071e-02 9.962746237726453902e-02
7.709999999999162412e+01 6.910012560846633123e-02 1.050522345418937326e-01
7.719999999999160423e+01 6.356854471667602868e-02 1.103973973626120181e-01
7.729999999999159854e+01 5.816167129121847801e-02 1.156416778864586131e-01
7.739999999999159286e+01 5.289950854633145710e-02 1.207643185294195592e-01
7.749999999999157296e+01 4.780130129535010292e-02 1.257451563217259205e-01
7.759999999999156728e+01 4.288546645854190986e-02 1.305646989554070103e-01
7.769999999999154738e+01 3.816952822307840415e-02 1.352041973445974321e-01
7.779999999999154170e+01 3.367005817101299814e-02 1.396457144293600239e-01
7.789999999999153601e+01 2.940262065314936876e-02 1.438721899759748679e-01
7.799999999999151612e+01 2.538172364413922646e-02 1.478675011503055581e-01
7.809999999999151044e+01 2.162077526803332997e-02 1.516165186654151176e-01
7.819999999999149054e+01 1.813204613443987132e-02 1.551051583304151049e-01
7.829999999999148486e+01 1.492663757496158310e-02 1.583204278546011257e-01
7.839999999999147917e+01 1.201445581844237491e-02 1.612504687868738518e-01
7.849999999999145928e+01 9.404192093221535112e-03 1.638845934984365094e-01
7.859999999999145359e+01 7.103308596032926157e-03 1.662133171428158140e-01
7.869999999999144791e+01 5.118030221615407424e-03 1.682283845538698752e-01
7.879999999999142801e+01 3.453341905290187395e-03 1.699227920679515225e-01
7.889999999999142233e+01 2.112991393559303030e-03 1.712908042806763897e-01
7.899999999999141664e+01 1.099497225717439158e-03 1.723279657723537639e-01
7.909999999999139675e+01 4.141616827539867777e-04 1.730311078577955741e-01
7.919999999999139106e+01 5.708843863697137612e-05 1.733983504370214535e-01
7.929999999999137117e+01 2.720463313716427759e-05 1.734290990420380152e-01
7.939999999999136548e+01 3.222870743365669442e-04 1.731240371925509280e-01
7.949999999999135980e+01 9.389922722668771595e-04 1.724851141891541595e-01
7.959999999999133991e+01 1.872890002035667309e-03 1.715155284871746344e-01
7.969999999999133422e+01 3.118500094511133906e-03 1.702197068070879227e-01
7.979999999999131433e+01 4.669332154315125778e-03 1.686032791492777239e-01
7.989999999999130864e+01 6.517927907708190478e-03 1.666730498910564684e-01
7.999999999999130296e+01 8.655905886197520077e-03 1.644369651535236565e-01
8.009999999999128306e+01 1.107400815479999551e-02 1.619040766334654269e-01
8.019999999999127738e+01 1.376214879635009880e-02 1.590845021030939666e-01
8.029999999999127169e+01 1.670946386497785749e-02 1.559893827861694726e-01
8.039999999999125180e+01 1.990436252271666692e-02 1.526308378247448749e-01
8.049999999999124611e+01 2.333457907359054451e-02 1.490219160543040378e-01
8.059999999999124043e+01 2.698722560973144599e-02 1.451765453086696911e-01
8.069999999999122053e+01 3.084884498489764634e-02 1.411094794780751449e-01
8.079999999999121485e+01 3.490546383277148140e-02 1.368362435444551717e-01
8.089999999999119495e+01 3.914264535180229237e-02 1.323730768179233186e-01
8.099999999999118927e+01 4.354554158566213695e-02 1.277368745965641872e-01
8.109999999999118359e+01 4.809894493969672086e-02 1.229451284687953921e-01
8.119999999999116369e+01 5.278733868979728489e-02 1.180158654729616813e-01
8.129999999999115801e+01 5.759494626138915441e-02 1.129675863229522570e-01
8.139999999999113811e+01 6.250577908312512920e-02 1.078192029014742731e-01
8.149999999999113243e+01 6.750368285250443745e-02 1.025899752139947801e-01
8.159999999999112674e+01 7.257238208860249118e-02 9.729944798663515970e-02
8.169999999999110685e+01 7.769552289004601209e-02 9.196738708038726395e-02
8.179999999999110116e+01 8.285671386324525156e-02 8.661371588319663473e-02
8.189999999999109548e+01 8.803956523541943413e-02 8.125845182874517902e-02
8.199999999999107558e+01 9.322772621783162461e-02 7.592164317952419805e-02
8.209999999999106990e+01 9.840492073519012395e-02 7.062330619957291056e-02
8.219999999999106421e+01 1.035549816850577232e-01 6.538336283148284134e-02
8.229999999999104432e+01 1.086618839352391785e-01 6.022157898181330210e-02
8.239999999999103864e+01 1.137097763045490650e-01 5.515750351068589991e-02
8.249999999999101874e+01 1.186830128026741260e-01 5.021040801392188946e-02
8.259999999999101306e+01 1.235661834244527746e-01 4.539922748118283002e-02
8.269999999999100737e+01 1.283441448038613042e-01 4.074250191055281412e-02
8.279999999999098748e+01 1.330020510302677428e-01 3.625831895933690624e-02
8.289999999999098179e+01 1.375253849147732299e-01 3.196425771262985382e-02
8.299999999999096190e+01 1.418999899670833897e-01 2.787733365517723952e-02
8.309999999999095621e+01 1.461121033042851458e-01 2.401394493834629190e-02
8.319999999999095053e+01 1.501483896618843183e-01 2.038982004201925560e-02
8.329999999999093063e+01 1.539959766176786649e-01 1.701996694113186090e-02
8.339999999999092495e+01 1.576424910700355841e-01 1.391862389742743247e-02
8.349999999999091926e+01 1.610760969386008379e-01 1.109921200872240887e-02
8.359999999999089937e+01 1.642855339772458512e-01 8.574289659911553049e-03
8.369999999999089368e+01 1.672601575110491401e-01 6.355509031483313857e-03
8.379999999999088800e+01 1.699899788328994577e-01 4.453574831999331483e-03
8.389999999999086810e+01 1.724657059234738221e-01 2.878205430221153407e-03
8.399999999999086242e+01 1.746787840947515158e-01 1.638096569822278898e-03
8.409999999999084253e+01 1.766214361024807111e-01 7.408878544552366776e-04
8.419999999999083684e+01 1.782867012311160348e-01 1.931321929559285451e-04
8.429999999999083116e+01 1.796684728255399099e-01 2.683933720315546104e-07
8.439999999999081126e+01 1.807615337295206404e-01 1.665970900596004472e-04
8.449999999999080558e+01 1.815615890920414532e-01 6.952601802594452363e-04
8.459999999999078568e+01 1.820652960186032732e-01 1.588223935313777752e-03
8.469999999999078000e+01 1.822702895749034047e-01 2.846265937168871753e-03
8.479999999999077431e+01 1.821752046955554816e-01 4.468965973246154764e-03
8.489999999999075442e+01 1.817796936053883983e-01 6.454701002493474365e-03
8.499999999999074873e+01 1.810844384283986086e-01 8.800644282832257442e-03
8.509999999999074305e+01 1.800911587321086527e-01 1.150276872579445060e-02
8.519999999999072315e+01 1.788026138344210036e-01 1.455585451840139648e-02
8.529999999999071747e+01 1.772225997813294540e-01 1.795350102577180501e-02
8.539999999999071179e+01 1.753559409842915529e-01 2.168814296122434024e-02
8.549999999999069189e+01 1.732084765848218300e-01 2.575107078411922185e-02
8.559999999999068621e+01 1.707870416861405338e-01 3.013245526002434477e-02
8.569999999999066631e+01 1.680994436580966200e-01 3.482137609332792982e-02
8.579999999999066063e+01 1.651544337781449545e-01 3.980585451962773830e-02
8.589999999999065494e+01 1.619616745183566908e-01 4.507288972429217971e-02
8.599999999999063505e+01 1.585317028246854554e-01 5.060849893487696927e-02
8.609999999999062936e+01 1.548758897597556916e-01 5.639776101867238767e-02
8.619999999999060947e+01 1.510063968951843305e-01 6.242486340261167721e-02
8.629999999999060378e+01 1.469361298426911933e-01 6.867315212106078759e-02
8.639999999999059810e+01 1.426786893089399266e-01 7.512518478767812868e-02
8.649999999999057820e+01 1.382483200444361848e-01 8.176278628022247419e-02
8.659999999999057252e+01 1.336598580372811429e-01 8.856710692202797441e-02
8.669999999999056683e+01 1.289286762765076977e-01 9.551868294013796112e-02
8.679999999999054694e+01 1.240706293804688248e-01 1.025974989782128255e-01
8.689999999999054126e+01 1.191019973547123995e-01 1.097830524414834946e-01
8.699999999999053557e+01 1.140394287112053429e-01 1.170544194510451247e-01
8.709999999999051568e+01 1.088998831495489872e-01 1.243903221859782304e-01
8.719999999999050999e+01 1.037005739712260483e-01 1.317691973929754901e-01
8.729999999999049010e+01 9.845891037037415860e-02 1.391692658450334186e-01
8.739999999999048441e+01 9.319243972114268915e-02 1.465686025327437025e-01
8.749999999999047873e+01 8.791878996120083833e-02 1.539452073737231919e-01
8.759999999999045883e+01 8.265561215480712876e-02 1.612770762273106617e-01
8.769999999999045315e+01 7.742052330627298418e-02 1.685422720041708788e-01
8.779999999999043325e+01 7.223104948622981192e-02 1.757189956611611703e-01
8.789999999999042757e+01 6.710456932767179528e-02 1.827856568742196874e-01
8.799999999999042188e+01 6.205825794698178327e-02 1.897209441823975717e-01
8.809999999999040199e+01 5.710903134581447882e-02 1.965038943981757547e-01
8.819999999999039630e+01 5.227349135293486021e-02 2.031139610795776318e-01
8.829999999999039062e+01 4.756787117037219320e-02 2.095310818609766590e-01
8.839999999999037072e+01 4.300798159520626690e-02 2.157357444400076485e-01
8.849999999999036504e+01 3.860915799684136451e-02 2.217090510194014152e-01
8.859999999999035936e+01 3.438620813929567366e-02 2.274327810032571173e-01
8.869999999999033946e+01 3.035336094893167913e-02 2.328894517483636739e-01
8.879999999999033378e+01 2.652421633998616399e-02 2.380623771726934068e-01
8.889999999999031388e+01 2.291169622302442754e-02 2.429357240245527405e-01
8.899999999999030820e+01 1.952799683511586074e-02 2.474945656177859055e-01
8.909999999999030251e+01 1.638454254486205325e-02 2.517249328404880804e-01
8.919999999999028262e+01 1.349194130020154453e-02 2.556138622475264133e-01
8.929999999999027693e+01 1.085994190212515552e-02 2.591494410506047785e-01
8.939999999999025704e+01 8.497393302353727779e-03 2.623208488226871360e-01
8.949999999999025135e+01 6.412206137637709545e-03 2.651183957396959223e-01
8.959999999999024567e+01 4.611316726810827521e-03 2.675335571867663575e-01
8.969999999999022577e+01 3.100653768646906196e-03 2.695590045639136845e-01
8.979999999999022009e+01 1.885107988206901090e-03 2.711886321334194272e-01
8.989999999999021441e+01 9.685049861025219267e-04 2.724175797610896566e-01
8.999999999999019451e+01 3.535815482143793301e-04 2.732422514136931269e-01
9.009999999999018883e+01 4.196567234488343760e-05 2.736603292873924231e-01
9.019999999999018314e+01 3.416056245247852459e-05 2.736707834558357311e-01
9.029999999999016325e+01 3.295328301579168034e-04 2.732738769424619130e-01
9.039999999999015756e+01 9.263051268542567968e-04 2.724711661375511795e-01
9.049999999999013767e+01 1.821553407953681097e-03 2.712654965007095798e-01
9.059999999999013198e+01 3.011209003714607983e-03 2.696609935082961429e-01
9.069999999999012630e+01 4.490065639087077211e-03 2.676630488277957909e-01
9.079999999999010640e+01 6.251791508672989613e-03 2.652783017227876017e-01
9.089999999999010072e+01 8.288946473012186872e-03 2.625146157162249749e-01
9.099999999999008082e+01 1.059300439990784083e-02 2.593810505639329023e-01
9.109999999999007514e+01 1.315438063050965514e-02 2.558878296137672703e-01
9.119999999999006945e+01 1.596246450547470636e-02 2.520463026516384653e-01
9.129999999999004956e+01 1.900565684297165700e-02 2.478689043586341789e-01
9.139999999999004388e+01 2.227141221870002422e-02 2.433691085276070976e-01
9.149999999999003819e+01 2.574628585944932144e-02 2.385613782104685221e-01
9.159999999999001830e+01 2.941598492710465265e-02 2.334611119882895602e-01
9.169999999999001261e+01 3.326542393983834833e-02 2.280845865775094350e-01
9.179999999999000693e+01 3.727878405230868747e-02 2.224488960030191753e-01
9.189999999998998703e+01 4.143957589691209253e-02 2.165718875870680793e-01
9.199999999998998135e+01 4.573070567373347522e-02 2.104720950169360338e-01
9.209999999998996145e+01 5.013454416729552776e-02 2.041686687684325929e-01
9.219999999998995577e+01 5.463299836301607065e-02 1.976813041736587562e-01
9.229999999998995008e+01 5.920758533475707630e-02 1.910301674306569830e-01
9.239999999998993019e+01 6.383950807611500633e-02 1.842358198617295439e-01
9.249999999998992450e+01 6.850973295078412184e-02 1.773191407325541147e-01
9.259999999998990461e+01 7.319906844098121590e-02 1.703012489503521742e-01
9.269999999998989892e+01 7.788824487624695925e-02 1.632034239624431671e-01
9.279999999998989324e+01 8.255799482646762610e-02 1.560470261797637093e-01
9.289999999998987334e+01 8.718913384363140284e-02 1.488534172510743991e-01
9.299999999998986766e+01 9.176264123369212711e-02 1.416438805146074675e-01
9.309999999998986198e+01 9.625974053522486085e-02 1.344395419536456027e-01
9.319999999998984208e+01 1.006619793733928292e-01 1.272612919811990373e-01
9.329999999998983640e+01 1.049513083475445141e-01 1.201297083775270669e-01
9.339999999998983071e+01 1.091101585985200517e-01 1.130649807006972735e-01
9.349999999998981082e+01 1.131215176888027002e-01 1.060868364871564579e-01
9.359999999998980513e+01 1.169690034154525909e-01 9.921446955373619536e-02
9.369999999998978524e+01 1.206369351638966192e-01 9.246647070636315746e-02
9.379999999998977955e+01 1.241104024016026902e-01 8.586076115319192514e-02
9.389999999998977387e+01 1.273753299047712673e-01 7.941452891014887105e-02
9.399999999998975397e+01 1.304185393108588664e-01 7.314416847603617822e-02
9.409999999998974829e+01 1.332278065951300883e-01 6.706522404150221106e-02
9.419999999998972839e+01 1.357919150818804599e-01 6.119233648101368717e-02
9.429999999998972271e+01 1.381007036206370608e-01 5.553919436042071417e-02
9.439999999998971703e+01 1.401451095854908402e-01 5.011848917378340651e-02
9.449999999998969713e+01 1.419172063905304870e-01 4.494187500225503562e-02
9.459999999998969145e+01 1.434102352570788830e-01 4.001993276555022155e-02
9.469999999998968576e+01 1.446186310172576095e-01 3.536213921209701433e-02
9.479999999998966587e+01 1.455380417925039305e-01 3.097684076860678093e-02
9.489999999998966018e+01 1.461653424441402560e-01 2.687123234302779551e-02
9.499999999998965450e+01 1.464986417540736496e-01 2.305134114737189543e-02
9.509999999998963460e+01 1.465372833549164755e-01 1.952201557894332751e-02
9.519999999998962892e+01 1.462818404905319170e-01 1.628691917050653984e-02
9.529999999998960902e+01 1.457341047453880323e-01 1.334852959199727893e-02
9.539999999998960334e+01 1.448970689360222219e-01 1.070814265931228568e-02
9.549999999998959765e+01 1.437749044066023441e-01 8.365881279375668791e-03
9.559999999998957776e+01 1.423729330123040537e-01 6.320709235660853555e-03
9.569999999998957207e+01 1.406975941093429883e-01 4.570449694874414819e-03
9.579999999998955218e+01 1.387564068970729980e-01 3.111808293636105210e-03
9.589999999998954650e+01 1.365579284756632816e-01 1.940400644047101785e-03
9.599999999998954081e+01 1.341117079939307677e-01 1.050784079050384430e-03
9.609999999998952092e+01 1.314282372643063301e-01 4.364934424659059654e-04
9.619999999998951523e+01 1.285188982181514339e-01 9.008071458568817991e-05
9.629999999998950955e+01 1.253959075649118404e-01 3.158252134634040702e-06
9.639999999998948965e+01 1.220722590039160643e-01 1.664454111625601718e-04
9.649999999998948397e+01 1.185616633200396869e-01 5.698183128992809600e-04
9.659999999998947828e+01 1.148784866737111582e-01 1.202362505625635333e-03
9.669999999998945839e+01 1.110376873754457261e-01 2.052428270021082555e-03
9.679999999998945270e+01 1.070547514136151318e-01 3.107688311081891960e-03
9.689999999998943281e+01 1.029456269848477434e-01 4.355197576392909851e-03
9.699999999998942712e+01 9.872665825897532221e-02 5.781454938134593553e-03
9.709999999998942144e+01 9.441451859545023362e-02 7.372466474599931666e-03
9.719999999998940154e+01 9.002614341639714191e-02 9.113810086043172554e-03
9.729999999998939586e+01 8.557866293271293445e-02 1.099070117935958303e-02
9.739999999998937597e+01 8.108933491436877417e-02 1.298805915630301192e-02
9.749999999998937028e+01 7.657547769305013408e-02 1.509057444068671698e-02
9.759999999998936460e+01 7.205440358518427901e-02 1.728277578129416500e-02
9.769999999998934470e+01 6.754335292483265585e-02 1.954909756904524634e-02
9.779999999998933902e+01 6.305942889875151836e-02 2.187394690937513597e-02
9.789999999998933333e+01 5.861953337907261502e-02 2.424177019383893725e-02
9.799999999998931344e+01 5.424030395237018631e-02 2.663711891865147910e-02
9.809999999998930775e+01 4.993805234622446243e-02 2.904471450242778613e-02
9.819999999998930207e+01 4.572870445569694048e-02 3.144951186050206487e-02
9.829999999998928217e+01 4.162774217173734886e-02 3.383676149941998446e-02
9.839999999998927649e+01 3.765014721135204884e-02 3.619206990197099127e-02
9.849999999998925659e+01 3.381034714496415627e-02 3.850145798095246097e-02
9.859999999998925091e+01 3.012216381014772015e-02 4.075141738842069650e-02
9.869999999998924523e+01 2.659876429265209744e-02 4.292896447654463710e-02
9.879999999998922533e+01 2.325261464545189810e-02 4.502169171641411810e-02
9.889999999998921965e+01 2.009543650498043371e-02 4.701781639201711716e-02
9.899999999998919975e+01 1.713816675085148844e-02 4.890622639821264050e-02
9.909999999998919407e+01 1.439092034140538288e-02 5.067652298367898711e-02
9.919999999998918838e+01 1.186295644279037470e-02 5.231906029271705255e-02
9.929999999998916849e+01 9.562647954171596409e-03 5.382498157276056905e-02
9.939999999998916280e+01 7.497454516059017318e-03 5.518625192847649574e-02
9.949999999998915712e+01 5.673899072950916618e-03 5.639568751699559901e-02
9.959999999998913722e+01 4.097548045369939045e-03 5.744698109346667997e-02
9.969999999998913154e+01 2.772995149981309811e-03 5.833472383050194998e-02
9.979999999998912585e+01 1.703848889689327413e-03 5.905442334993895453e-02
9.989999999998910596e+01 8.927237183520927597e-04 5.960251792025581669e-02
