0.10001 -4.9991583782794325e-05 0.0 
1e-05 -5.8145790084708074e-15 0.0 
0.20001 -0.00020046738783825046 0.0 
0.40001 -0.0008065574525468983 0.0 
0.60001 -0.0018374884735393542 0.0 
0.50001 -0.00126746125244749 0.0 
0.30001 -0.0004520572292771466 0.0 
0.80001 -0.003322458856599718 0.0 
1.00001 -0.005304753349777775 0.0 
0.70001 -0.0025203865627989102 0.0 
1.40001 -0.011032448541468655 0.0 
1.20001 -0.007848554014111903 0.0 
1.30001 -0.009354159790241661 0.0 
1.10001 -0.006501506052881441 0.0 
0.90001 -0.004248644712887892 0.0 
1.50001 -0.01289811080118944 0.0 
1.60001 -0.014963229944663928 0.0 
1.70001 -0.0172479301970379 0.0 
2.00001 -0.025651609166355067 0.0 
2.10001 -0.029057993538127123 0.0 
1.80001 -0.019776835829473035 0.0 
1.90001 -0.02256946064297668 0.0 
2.20001 -0.03281890838322856 0.0 
2.50001 -0.04666145449732931 0.0 
2.30001 -0.03697106450664401 0.0 
2.60001 -0.05230469239608835 0.0 
2.40001 -0.04156800112079477 0.0 
2.90001 -0.0733119536711092 0.0 
2.80001 -0.06554760086688421 0.0 
2.70001 -0.058572941088712006 0.0 
3.30001 -0.11485078106146492 0.0 
3.00001 -0.08198181622063146 0.0 
3.20001 -0.10259254177339369 0.0 
3.10001 -0.09169535580377712 0.0 
3.40001 -0.12869358835844197 0.0 
3.70001 -0.18245636591832365 0.0 
3.50001 -0.1443616720178194 0.0 
3.60001 -0.16215238851749927 0.0 
3.80001 -0.20571932914511354 0.0 
4.80001 -0.8311867701666436 0.0 
4.50001 -0.5193002648476714 0.0 
4.10001 -0.29936874447510115 0.0 
4.30001 -0.39080751284928134 0.0 
4.20001 -0.34138332181500963 0.0 
4.00001 -0.2634061370493065 0.0 
4.70001 -0.7056978313300967 0.0 
4.40001 -0.4493865788792928 0.0 
3.90001 -0.2324710892919286 0.0 
4.60001 -0.6034420954270038 0.0 
5.30001 -2.181622779124539 0.0 
5.00001 -1.1827409852341204 0.0 
5.20001 -1.7557591663071968 0.0 
5.10001 -1.4324593039879356 0.0 
5.40001 -2.753027574197586 0.0 
4.90001 -0.9869144550968169 0.0 
5.60001 -4.621091543398199 0.0 
5.50001 -3.534119120102893 0.0 
5.70001 -6.153163179692362 0.0 
5.80001 -8.307759884885614 0.0 
6.00001 -14.749135598434641 0.0 
5.90001 -11.226793730078333 0.0 
6.20001 -19.112697494531226 0.0 
6.10001 -17.925183342850495 0.0 
6.60001 -8.994044328661206 0.0 
6.30001 -17.62571010801759 0.0 
6.50001 -11.529086467934352 0.0 
6.40001 -14.619106578109346 0.0 
6.70001 -7.080560636192891 0.0 
6.80001 -5.669420210590258 0.0 
6.90001 -4.625956350738188 0.0 
7.20001 -2.7846276333057216 0.0 
7.00001 -3.8437749994629784 0.0 
7.10001 -3.2473360167543435 0.0 
7.30001 -2.4195465195756207 0.0 
7.40001 -2.1269124974365505 0.0 
8.10001 -1.0917972685796082 0.0 
7.90001 -1.2772441354319004 0.0 
7.50001 -1.889130251507932 0.0 
7.80001 -1.3935369759068825 0.0 
8.30001 -0.9522234794111438 0.0 
8.40001 -0.895071635820121 0.0 
7.60001 -1.6934852228470116 0.0 
7.70001 -1.530572715992082 0.0 
8.50001 -0.8446583386476018 0.0 
8.70001 -0.7602209440828461 0.0 
8.20001 -1.0172857397746793 0.0 
8.00001 -1.177677975622384 0.0 
8.60001 -0.7999880488000334 0.0 
8.80001 -0.7247294174471884 0.0 
9.30001 -0.5948171867270237 0.0 
9.10001 -0.6388023234331054 0.0 
9.40001 -0.5759477753490251 0.0 
9.00001 -0.6644610659439181 0.0 
8.90001 -0.6929762532670961 0.0 
9.60001 -0.5435115149068158 0.0 
10.20001 -0.4782680916585315 0.0 
9.90001 -0.5057058747497367 0.0 
10.00001 -0.4955155643038789 0.0 
9.20001 -0.6156899739698942 0.0 
9.50001 -0.5589093675716346 0.0 
9.70001 -0.5295865780909674 0.0 
9.80001 -0.5170243669156784 0.0 
10.10001 -0.4863909781487634 0.0 
10.30001 -0.4710619033454444 0.0 
10.40001 -0.46472399271009646 0.0 
10.50001 -0.45921911320174497 0.0 
10.60001 -0.45448972155476586 0.0 
11.20001 -0.44120161543478725 0.0 
10.70001 -0.45050578330474284 0.0 
11.00001 -0.4428700827156513 0.0 
11.10001 -0.4416996158090719 0.0 
11.30001 -0.44136155266854493 0.0 
10.80001 -0.4472618899034106 0.0 
10.90001 -0.4447254825490717 0.0 
11.40001 -0.44220061888125983 0.0 
11.60001 -0.44595218290286626 0.0 
11.80001 -0.45255866002072626 0.0 
11.50001 -0.4437324584145001 0.0 
11.90001 -0.456989084088623 0.0 
11.70001 -0.448883821162768 0.0 
12.00001 -0.46221432546604474 0.0 
12.10001 -0.46829528718656543 0.0 
12.30001 -0.4831894290916784 0.0 
12.40001 -0.4921356806020479 0.0 
12.60001 -0.5134039770030131 0.0 
12.50001 -0.5021805122190507 0.0 
12.20001 -0.4752702408291391 0.0 
12.70001 -0.5259324149099115 0.0 
12.80001 -0.5398941915485239 0.0 
12.90001 -0.5554148241430693 0.0 
13.00001 -0.5726705049365921 0.0 
13.60001 -0.726398580963682 0.0 
13.40001 -0.6635058112508523 0.0 
13.50001 -0.6931663067969185 0.0 
13.30001 -0.6369736710389398 0.0 
13.80001 -0.8059105015841612 0.0 
13.10001 -0.5918646853809626 0.0 
13.20001 -0.6132069430547001 0.0 
13.70001 -0.7637652683269504 0.0 
14.10001 -0.9699851859263994 0.0 
14.00001 -0.9079022855565582 0.0 
13.90001 -0.8536185884371247 0.0 
14.20001 -1.041363561631916 0.0 
14.30001 -1.1239818634686134 0.0 
14.40001 -1.2203202457025382 0.0 
15.10001 -2.7497556991542833 0.0 
14.70001 -1.6289959004149337 0.0 
14.50001 -1.3335427094234786 0.0 
14.60001 -1.4678748123403849 0.0 
14.90001 -2.0651955803228925 0.0 
15.30001 -3.9181057309910012 0.0 
15.60001 -8.178397204543009 0.0 
14.80001 -1.8245498837507252 0.0 
15.50001 -6.170513371790883 0.0 
15.00001 -2.3661895296459625 0.0 
15.80001 -17.08489761955774 0.0 
15.70001 -11.41450940230057 0.0 
15.40001 -4.842092349647384 0.0 
15.90001 -28.15182734391794 0.0 
15.20001 -3.2494607800530493 0.0 
16.10001 -103.1471835522002 0.0 
16.00001 -52.43105612081086 0.0 
16.20001 -126.35617230314793 0.0 
16.70001 -7.547791311837827 0.0 
16.30001 -70.06768446841389 0.0 
16.60001 -11.384865685181095 0.0 
17.10001 -2.3334769355302685 0.0 
16.80001 -5.312459245605873 0.0 
16.40001 -34.099239623281036 0.0 
17.20001 -1.868241369656511 0.0 
16.50001 -18.63898067685602 0.0 
17.40001 -1.2612587209187782 0.0 
16.90001 -3.9105675761634364 0.0 
17.00001 -2.979808618304053 0.0 
17.30001 -1.5233412887815858 0.0 
17.50001 -1.0579433508867546 0.0 
17.60001 -0.8974056075171726 0.0 
17.90001 -0.578023953856442 0.0 
17.80001 -0.6640430217531719 0.0 
17.70001 -0.7686674433300609 0.0 
18.20001 -0.39590070694936175 0.0 
18.10001 -0.4465998991662735 0.0 
18.50001 -0.2836085593864726 0.0 
18.30001 -0.35269595703354983 0.0 
18.70001 -0.2315500296217095 0.0 
18.00001 -0.5065501333006618 0.0 
18.60001 -0.25581511736625273 0.0 
18.40001 -0.31561900403519594 0.0 
18.80001 -0.2102644793980346 0.0 
19.20001 -0.1470315697440128 0.0 
18.90001 -0.19151058952537703 0.0 
19.00001 -0.17491425404002353 0.0 
19.30001 -0.13527819038108727 0.0 
19.10001 -0.16017149788147783 0.0 
19.40001 -0.12473049971384437 0.0 
19.60001 -0.10667251169747424 0.0 
19.70001 -0.09891939176901769 0.0 
19.50001 -0.11523890562107524 0.0 
19.90001 -0.0854942259499445 0.0 
20.00001 -0.07966747223788645 0.0 
19.80001 -0.09188724154005318 0.0 
20.10001 -0.07434644186489776 0.0 
20.50001 -0.05714097607455625 0.0 
20.20001 -0.0694779570331557 0.0 
20.80001 -0.04748915163241462 0.0 
20.30001 -0.06501356954153124 0.0 
20.40001 -0.06091289430336128 0.0 
20.70001 -0.05045547853655868 0.0 
20.60001 -0.05366469796698058 0.0 
21.00001 -0.042195971781904054 0.0 
21.10001 -0.039832174109422046 0.0 
20.90001 -0.044742742253968584 0.0 
21.30001 -0.03559047283899656 0.0 
21.60001 -0.030248053475885082 0.0 
21.50001 -0.03190807926115005 0.0 
21.20001 -0.03763535408098917 0.0 
21.40001 -0.033685195180937835 0.0 
22.00001 -0.024608592708841012 0.0 
21.80001 -0.02724422014559564 0.0 
21.70001 -0.028696114207138627 0.0 
21.90001 -0.025884078076534405 0.0 
22.10001 -0.023411759549973685 0.0 
22.50001 -0.01929879739760866 0.0 
22.60001 -0.018415944592622347 0.0 
22.30001 -0.021230033065506457 0.0 
22.40001 -0.020235354866760584 0.0 
22.20001 -0.02228738797030622 0.0 
22.70001 -0.01758332398444729 0.0 
22.90001 -0.016055019888515654 0.0 
23.00001 -0.015353212823511072 0.0 
22.80001 -0.01679750459858011 0.0 
23.40001 -0.012902675268654365 0.0 
23.10001 -0.014689611073911781 0.0 
23.30001 -0.01346644399291535 0.0 
23.20001 -0.014061446794673166 0.0 
23.50001 -0.012367976005951194 0.0 
23.80001 -0.010921390826490827 0.0 
23.90001 -0.010486487148533537 0.0 
23.60001 -0.011860506974268182 0.0 
24.10001 -0.009679530781602419 0.0 
24.00001 -0.01007296013022625 0.0 
23.70001 -0.011378861517650342 0.0 
24.90001 -0.007129442529537357 0.0 
24.70001 -0.007680058823649611 0.0 
24.20001 -0.009304876595145747 0.0 
24.30001 -0.008948068811293612 0.0 
24.80001 -0.0073984540877653415 0.0 
24.40001 -0.008608182665517557 0.0 
24.60001 -0.007974974676904457 0.0 
24.50001 -0.008284103649352021 0.0 
25.00001 -0.006872495981691766 0.0 
25.20001 -0.0063920056582057695 0.0 
25.10001 -0.006626908364667789 0.0 
25.30001 -0.006167322305408845 0.0 
25.90001 -0.00500556214056173 0.0 
25.40001 -0.005952300305924235 0.0 
25.80001 -0.005179185683365076 0.0 
26.10001 -0.004679284151035834 0.0 
25.60001 -0.005549151631296284 0.0 
25.70001 -0.005360262636392984 0.0 
25.50001 -0.005746363860190253 0.0 
26.40001 -0.004237308447986899 0.0 
26.30001 -0.004378685249773779 0.0 
26.20001 -0.004525896293721582 0.0 
26.00001 -0.0048390702187299925 0.0 
26.50001 -0.004101454845920766 0.0 
27.00001 -0.0034969898061647567 0.0 
26.70001 -0.0038454416251940357 0.0 
26.90001 -0.0036086476646142104 0.0 
26.60001 -0.003970924079026261 0.0 
27.20001 -0.003286023322849835 0.0 
26.80001 -0.0037247329511158962 0.0 
27.30001 -0.003186396924728924 0.0 
27.10001 -0.0033895020231167125 0.0 
27.70001 -0.002822887053795675 0.0 
27.80001 -0.0027400386975930365 0.0 
27.90001 -0.002660151945819509 0.0 
27.40001 -0.003090402731768291 0.0 
27.60001 -0.002908790071166174 0.0 
27.50001 -0.002997901054069947 0.0 
28.00001 -0.0025830784340926697 0.0 
28.20001 -0.002436888063388393 0.0 
28.30001 -0.00236760024446271 0.0 
28.10001 -0.0025086788444160847 0.0 
28.40001 -0.0023006768023858307 0.0 
28.60001 -0.0021736120460765724 0.0 
28.80001 -0.0020549358902688195 0.0 
28.50001 -0.002236042068821804 0.0 
29.10001 -0.001891354681181237 0.0 
28.70001 -0.0021132651009513107 0.0 
28.90001 -0.0019985732951877462 0.0 
29.00001 -0.0019440725429056783 0.0 
29.40001 -0.001743288261614352 0.0 
29.30001 -0.0017910425268430842 0.0 
29.20001 -0.001840373446396483 0.0 
29.70001 -0.0016090483792285404 0.0 
29.60001 -0.0016523614358773058 0.0 
29.50001 -0.0016970819523912592 0.0 
29.80001 -0.001567106216019309 0.0 
30.10001 -0.001448969200845538 0.0 
30.00001 -0.0014871172305808325 0.0 
30.20001 -0.0014120138682243485 0.0 
29.90001 -0.00152648602292809 0.0 
30.60001 -0.001275107389549779 0.0 
30.50001 -0.001307773438335261 0.0 
30.40001 -0.0013414491811473144 0.0 
30.70001 -0.001243411167435687 0.0 
30.30001 -0.0013761877800757484 0.0 
31.10001 -0.0011258080968659563 0.0 
30.90001 -0.0011828511385315384 0.0 
31.20001 -0.001098537493448165 0.0 
30.80001 -0.0012126721136675209 0.0 
31.00001 -0.0011539024367382294 0.0 
31.60001 -0.0009970945156107696 0.0 
31.50001 -0.001021355215596695 0.0 
31.30001 -0.001072048246627359 0.0 
31.40001 -0.0010463264496257754 0.0 
31.80001 -0.0009506235896526898 0.0 
32.00001 -0.0009067246300176774 0.0 
31.70001 -0.0009735220178900465 0.0 
31.90001 -0.0009283650345688915 0.0 
32.20001 -0.000865255735994448 0.0 
32.70001 -0.000771145601348875 0.0 
32.10001 -0.000885696843890147 0.0 
32.30001 -0.0008453739188548278 0.0 
32.40001 -0.0008260425960093212 0.0 
32.60001 -0.000788944328631007 0.0 
32.80001 -0.0007538341351978413 0.0 
33.00001 -0.0007205830553739708 0.0 
32.50001 -0.0008072414130882137 0.0 
33.10001 -0.0007046227556328543 0.0 
32.90001 -0.0007369839164506365 0.0 
33.40001 -0.0006592114367605667 0.0 
33.50001 -0.00064486467162181 0.0 
33.20001 -0.0006890803028456567 0.0 
33.60001 -0.0006308871323677583 0.0 
33.30001 -0.0006739440033419807 0.0 
33.90001 -0.0005910852748596616 0.0 
33.80001 -0.0006040126313989922 0.0 
33.70001 -0.0006172745138576991 0.0 
34.50001 -0.0005201473552989902 0.0 
34.30001 -0.000542597921997789 0.0 
34.20001 -0.000554258687629242 0.0 
34.40001 -0.0005312326232594993 0.0 
34.10001 -0.0005662208677949694 0.0 
34.00001 -0.0005784906434773968 0.0 
34.70001 -0.0004987976097736586 0.0 
34.60001 -0.0005093360623483654 0.0 
34.90001 -0.00047849085769865015 0.0 
34.80001 -0.0004885192275906076 0.0 
35.00001 -0.0004687103896536444 0.0 
35.40001 -0.00043189846118743525 0.0 
35.20001 -0.0004498523005342573 0.0 
35.70001 -0.0004065467832669384 0.0 
35.10001 -0.00045916757909041637 0.0 
35.50001 -0.0004232423736121528 0.0 
35.30001 -0.0004407645681065226 0.0 
35.60001 -0.0004147932594279674 0.0 
36.00001 -0.00038295000015607574 0.0 
36.30001 -0.000360974967225986 0.0 
35.80001 -0.00039849229505067206 0.0 
35.90001 -0.00039062692350629675 0.0 
36.10001 -0.0003754522398274444 0.0 
36.20001 -0.0003681275853816655 0.0 
36.80001 -0.00032759848802936043 0.0 
36.50001 -0.00034715678668629385 0.0 
36.40001 -0.0003539867953990277 0.0 
36.70001 -0.0003339688829324779 0.0 
37.00001 -0.0003152895745798666 0.0 
36.90001 -0.0003213731703530259 0.0 
36.60001 -0.00034048569614988325 0.0 
37.20001 -0.00030352422459321957 0.0 
37.10001 -0.00030934028920756725 0.0 
37.40001 -0.00029228325631511427 0.0 
37.30001 -0.0002978408283089841 0.0 
37.60001 -0.0002815342544777741 0.0 
37.70001 -0.00027633649733741156 0.0 
37.50001 -0.00028684793385790156 0.0 
38.10001 -0.00025665568242176553 0.0 
37.80001 -0.0002712508368879082 0.0 
37.90001 -0.0002662782351481291 0.0 
38.20001 -0.0002519999626883324 0.0 
38.50001 -0.00023862225854201347 0.0 
38.00001 -0.00026141495960073027 0.0 
38.40001 -0.0002429858977412523 0.0 
38.60001 -0.00023435360593590686 0.0 
38.30001 -0.0002474450918076942 0.0 
38.80001 -0.00022608397550820465 0.0 
38.70001 -0.00023017485482870325 0.0 
39.00001 -0.00021816019670621258 0.0 
39.20001 -0.0002105629540530977 0.0 
38.90001 -0.00022208054203538754 0.0 
39.30001 -0.00020688392742438815 0.0 
39.50001 -0.00019975123818896667 0.0 
39.10001 -0.00021432069536451396 0.0 
39.90001 -0.00018634381332934135 0.0 
39.40001 -0.00020328002038231283 0.0 
39.80001 -0.00018959174717463983 0.0 
39.70001 -0.00019290871565176996 0.0 
39.60001 -0.00019629533626167598 0.0 
