0.10001 -0.0005699625196708266 0.0006981740920994869 
1e-05 9.232810586440364e-05 0.0006615764008765347 
0.20001 -0.0005191762166341881 0.0008010467642735303 
0.40001 -0.003461695783512972 0.0016499443085534052 
0.60001 -0.0030054656633235442 5.904130476734734e-05 
0.50001 0.0014277074699128116 0.00024325793717594718 
0.30001 -0.000795885271293758 0.00040811937332672357 
0.80001 -0.0018380740849451916 0.00012391870181527125 
1.00001 -0.0038646288225805308 0.0020567070584504403 
0.70001 -0.00272093717382081 0.0028271611107090096 
1.40001 -0.012634271635451489 0.0011883787216058058 
1.20001 0.00028083729800929946 0.002627390701257058 
1.30001 -0.012793919668639995 0.002345955496163502 
1.10001 -0.0023885211137079317 0.00483488639470527 
0.90001 -0.002181134438966495 0.0016443265046966902 
1.50001 -0.02304701166502391 0.003267264307663836 
1.60001 -0.01572564786597181 0.003942486805851661 
1.70001 -0.020057904811159072 0.003232711551368018 
2.00001 -0.01716487899468353 0.002973486243726906 
2.10001 -0.028644627796559293 0.004927217573972482 
1.80001 -0.01985564583126858 0.0023116244138979957 
1.90001 -0.02647402004295741 0.0074680035600750445 
2.20001 -0.031045797769173274 0.0023897839249203134 
2.50001 -0.04801417159505367 0.005016421634794259 
2.30001 -0.035421987048575077 0.0033045912526576647 
2.60001 -0.06708435889662358 0.008580553606376287 
2.40001 -0.039798634051526754 0.0027179869451053225 
2.90001 -0.07222183712718891 0.0007112288076606132 
2.80001 -0.06205934845034391 0.0030503809782055566 
2.70001 -0.05850808462150309 0.018626868221660185 
3.30001 -0.11686384397177321 0.00080659411491181 
3.00001 -0.08426294680516103 0.0014129595297043343 
3.20001 -0.08584225416268401 0.009547462563019908 
3.10001 -0.10478670829262918 0.023953154936993216 
3.40001 -0.13545330492655028 0.0014650239374332102 
3.70001 -0.18804713710862808 0.0059745886810866344 
3.50001 -0.1339590231604274 0.00026412676161341464 
3.60001 -0.1463004745355061 0.007805613441618078 
3.80001 -0.2143438552660329 0.010268692317365713 
4.80001 -0.8296409567684743 0.03132002439844095 
4.50001 -0.5410433933500493 0.02784608372410069 
4.10001 -0.3026445079997251 0.008333904468914494 
4.30001 -0.3909264560109077 0.018868559428938253 
4.20001 -0.36851836887274514 0.029234230252055654 
4.00001 -0.3037373958954517 0.0016230432001136663 
4.70001 -0.6627820900782775 0.022995999949595503 
4.40001 -0.44191888946814506 0.00034264898615754547 
3.90001 -0.225644221538843 0.042758135109241216 
4.60001 -0.5871218763861823 0.009107581520549302 
5.30001 -2.191841134095016 0.041679206101185695 
5.00001 -1.1667590651031674 0.01065153676396613 
5.20001 -1.7642699115470468 0.008639370470924335 
5.10001 -1.3836854909244491 0.02766957549914184 
5.40001 -2.83173411303179 0.07292621683415645 
4.90001 -0.9754974374340779 0.007883409104808614 
5.60001 -4.634806125363659 9.494616696859026e-05 
5.50001 -3.6032531157926964 0.03335867214009536 
5.70001 -6.225805392561069 0.002444203043062476 
5.80001 -8.363717074623468 0.004404206561032353 
6.00001 -14.699916749651084 0.06914765747673357 
5.90001 -11.23910887824086 0.11544314431473612 
6.20001 -19.3685485472206 0.10664743365827078 
6.10001 -18.001941580815558 0.14026983918824953 
6.60001 -9.034966400121885 0.02687453182959043 
6.30001 -17.730570701951336 0.09080317136258742 
6.50001 -11.621555143975005 0.049604691995658534 
6.40001 -14.652676213298864 0.019348133393669364 
6.70001 -7.104438553127343 0.07828116857357559 
6.80001 -5.5679929551541445 0.05426315825765515 
6.90001 -4.759744875784694 0.049977690779285044 
7.20001 -2.7795986279015272 0.007661116909271959 
7.00001 -3.8001929129054126 0.03286779703641396 
7.10001 -3.3501433190019654 0.0528485252666655 
7.30001 -2.5370696848582925 0.06245721410163063 
7.40001 -2.1436995914208428 0.08777597163985695 
8.10001 -1.0790312372850086 0.007644750764572272 
7.90001 -1.27120959870197 0.03470253242351584 
7.50001 -1.7932583738021264 0.03668681844348576 
7.80001 -1.350372407526748 0.052824041271708144 
8.30001 -0.9629050327502156 0.019929064127586993 
8.40001 -0.887176543202103 0.041559325459650076 
7.60001 -1.6923859202891645 0.0475420653303511 
7.70001 -1.5248300245771773 0.059030547298475455 
8.50001 -0.8636954585714666 0.04017953079653147 
8.70001 -0.7442119633032487 0.0032455113978614447 
8.20001 -0.9993931564232788 0.012280091153971717 
8.00001 -1.169051498370951 0.024799007416490104 
8.60001 -0.8436278142400362 0.007230658883765284 
8.80001 -0.730300837771489 0.017325924127453096 
9.30001 -0.6084647483452794 0.025337853965323454 
9.10001 -0.6517455803847938 0.008729866279119314 
9.40001 -0.5993637159808529 0.02919756936780732 
9.00001 -0.6346317431913218 0.003070521401569104 
8.90001 -0.6908837571984252 0.029023789292603352 
9.60001 -0.561901449557631 0.001061260563568811 
10.20001 -0.4759416701544527 0.003552149224744283 
9.90001 -0.5084423026128382 0.0025879549547750957 
10.00001 -0.490754638198342 0.009621305067097269 
9.20001 -0.6030376092845418 0.050955817024971706 
9.50001 -0.5676236038313042 0.011572594395803493 
9.70001 -0.5174429641986015 0.0177112351638353 
9.80001 -0.5256272163547715 0.006461637253024399 
10.10001 -0.46760922270919236 0.018812109902986235 
10.30001 -0.4810625832773634 0.021830378642499593 
10.40001 -0.4244869529671964 0.019490009363444888 
10.50001 -0.449173537619322 0.000770660176043686 
10.60001 -0.4960953668774919 0.002250755578312419 
11.20001 -0.43757063603008006 0.01315748095679739 
10.70001 -0.4655035010260047 0.02404140675117611 
11.00001 -0.44296029063496156 0.0036754157022755585 
11.10001 -0.4374211549771577 0.0037794725114663197 
11.30001 -0.4250859046943729 0.00895773755086035 
10.80001 -0.4435892318630956 0.007610478199993165 
10.90001 -0.4541531363944559 0.01287858574074785 
11.40001 -0.46206544724661924 0.015821776357465428 
11.60001 -0.4729303694742514 0.012857197283552863 
11.80001 -0.4577823346115747 0.0077699313037174755 
11.50001 -0.4815943850801467 0.00858411126457398 
11.90001 -0.4997215284962315 0.008348026317080981 
11.70001 -0.45878750197929685 0.010166903124126297 
12.00001 -0.4945264134948812 0.03926201850469219 
12.10001 -0.4657870810839947 0.0006761015638229173 
12.30001 -0.4633512596780917 0.013646341897903147 
12.40001 -0.4614004865104402 0.023621198458273485 
12.60001 -0.5455638762531038 0.027926172652090964 
12.50001 -0.5400091620877694 0.015128901068388434 
12.20001 -0.4653628512835818 0.011042421023178983 
12.70001 -0.49130401695269504 0.0038915148715473746 
12.80001 -0.5450309982690107 0.01875884561407759 
12.90001 -0.5623551530658844 0.00897764118981087 
13.00001 -0.5505163435446279 0.037711266324091774 
13.60001 -0.7027653131014011 0.02365271007013131 
13.40001 -0.6352631889882161 0.003092765359851979 
13.50001 -0.70010076404653 0.0035889023498279493 
13.30001 -0.6308306969800521 0.02640574367959131 
13.80001 -0.816679906904463 0.008853280178019396 
13.10001 -0.5661473113496509 0.0011131307366383791 
13.20001 -0.5819053322853501 0.010005820187297787 
13.70001 -0.7814408660696126 0.037424536495789695 
14.10001 -0.9771971730652773 0.034274110006473846 
14.00001 -0.893906763358426 0.03577260555782591 
13.90001 -0.8737277759170724 0.0394745539816197 
14.20001 -1.0182769308097983 0.02402101218134589 
14.30001 -1.0766529069021091 0.03523639945291113 
14.40001 -1.2210196167225078 0.0106509656948649 
15.10001 -2.7578435623332327 0.03660931639341514 
14.70001 -1.5604478443501097 0.03850676247115137 
14.50001 -1.3398261427821603 0.03218162960079052 
14.60001 -1.4355388015188613 0.06761665683481966 
14.90001 -2.0407831397677336 0.08635228253925198 
15.30001 -4.032192704268388 0.0015440459062063816 
15.60001 -8.155950630256633 0.012521986715870348 
14.80001 -1.9202948724201803 0.023906612906998137 
15.50001 -6.221915100369197 0.12701801298249782 
15.00001 -2.4512613046825935 0.03581758066969232 
15.80001 -17.06360116525596 0.10662636188257757 
15.70001 -11.455417347203333 0.16940459491602855 
15.40001 -4.851623627811666 0.06718207780797103 
15.90001 -28.030080763799724 0.14381981176588532 
15.20001 -3.190110015551201 0.0176388579987925 
16.10001 -102.8059208979833 0.5248206584895101 
16.00001 -52.71989347332611 0.04310604595718104 
16.20001 -126.50737809615427 0.6215044766984974 
16.70001 -7.634485652689095 0.018587202868679764 
16.30001 -70.34405251363121 0.09170421260529338 
16.60001 -11.683663835359678 0.005288823240031881 
17.10001 -2.31178044922118 0.035516905879219296 
16.80001 -5.402321243451097 0.0661386544078395 
16.40001 -34.18824911047582 0.10028630627713397 
17.20001 -1.906668365025191 0.054136113419170684 
16.50001 -18.880485675174207 0.021326799617430225 
17.40001 -1.2300401244192278 0.026703296179789282 
16.90001 -3.964763487333852 0.011672410606059502 
17.00001 -2.902739005737948 0.08391967885592155 
17.30001 -1.5032766567112001 0.02974611883292866 
17.50001 -1.0841962175391102 0.038431527606887284 
17.60001 -0.8808547903638475 0.035169746316064454 
17.90001 -0.5633840584510931 0.02044755622913641 
17.80001 -0.6785116656642045 8.974057701177651e-05 
17.70001 -0.7697694958772336 0.011808892143356842 
18.20001 -0.4106949372701406 0.026280470242321358 
18.10001 -0.425855209115788 0.0248775105300805 
18.50001 -0.27502036567522437 0.007210928079300238 
18.30001 -0.3262825792606292 0.015822064398321817 
18.70001 -0.2315990614050219 0.009242659115399635 
18.00001 -0.510166976592674 0.003056259655883742 
18.60001 -0.2785465239397988 0.005561133001503404 
18.40001 -0.3092478736692291 0.018208341232990588 
18.80001 -0.21806655126553276 0.015427574027670046 
19.20001 -0.14285379805606968 0.009578647944159302 
18.90001 -0.1638569905334329 0.0033270973714222968 
19.00001 -0.17977577957925153 0.01101827767285632 
19.30001 -0.14337266207776117 0.018273257524793765 
19.10001 -0.1646894415845341 0.012790457829412905 
19.40001 -0.11715340216641654 0.0014519909638688391 
19.60001 -0.10577155455765253 0.01470371167467522 
19.70001 -0.11655480687239021 5.4218147904822045e-05 
19.50001 -0.11295125241701201 0.007838074824390619 
19.90001 -0.0836374417477064 0.001930649758609397 
20.00001 -0.10147955143059717 0.006282977057394452 
19.80001 -0.08414059135329245 0.005059799818357191 
20.10001 -0.06853406896991557 0.0035573136233183686 
20.50001 -0.05619006260700203 0.01343895416240833 
20.20001 -0.05727490687839386 0.01625032690615767 
20.80001 -0.05047991910128197 0.0029532031980266486 
20.30001 -0.0832671575036146 0.0030747461202262766 
20.40001 -0.06401332277611332 0.013411078672913655 
20.70001 -0.05280143653609293 0.002378579498322559 
20.60001 -0.06577899208284034 0.000557037119715012 
21.00001 -0.04841908751945824 0.0076205916723463725 
21.10001 -0.038360168088999086 0.0021942235992186733 
20.90001 -0.04423064525126612 0.007634546648500207 
21.30001 -0.028418794254702354 0.0037364592831169077 
21.60001 -0.04207333522326209 0.0017995524745957336 
21.50001 -0.03417985689929707 0.00574439145524906 
21.20001 -0.04675638545886661 0.011506223840569072 
21.40001 -0.04084359080803643 0.015026208996495257 
22.00001 -0.02656903446622057 0.0034314474310878328 
21.80001 -0.03115167700473706 0.007365288833046891 
21.70001 -0.03534606377735157 0.0023926934757054867 
21.90001 -0.02563936134187208 0.006260281402629559 
22.10001 -0.017138207849479652 0.003595129865994193 
22.50001 -0.02595279190421489 0.001173892371380745 
22.60001 -0.024030780023469665 0.006827789014097706 
22.30001 -0.008961867902644634 0.0059938421240023345 
22.40001 -0.013549963780457669 0.0010659570047297602 
22.20001 -0.027446567632964713 0.005327336798890817 
22.70001 -0.0161867404776432 0.002965971272432673 
22.90001 -0.011372812026579932 0.0010217267819357069 
23.00001 -0.017061580436094348 0.006392215549204794 
22.80001 -0.02005879297224637 1.0028292755582396e-05 
23.40001 -0.012608778324318531 0.006191534213545135 
23.10001 -0.02151815260668158 0.001119567157052942 
23.30001 -0.015432240121146591 0.007557163753655822 
23.20001 -0.010756088388753667 0.004269936249921245 
23.50001 -0.0057340009784076496 0.00072456768130776 
23.80001 -0.016207587843655114 0.002505574179809179 
23.90001 -0.009682611678705065 0.0012260690774321742 
23.60001 -0.00999516408515446 0.0015697111004357063 
24.10001 -0.010271584993857583 0.0007684280787227894 
24.00001 -0.008171907921452337 0.000840860814161677 
23.70001 -0.012147065745490298 0.00897241884032783 
24.90001 -0.006608546570470933 0.006606527970144683 
24.70001 -0.010416507524142093 0.0069227839827416746 
24.20001 -0.006457853963048851 0.006988859946965616 
24.30001 -0.005002950095331163 0.0017524895706747276 
24.80001 -0.005368090047027145 0.0010657875407605057 
24.40001 -0.003552272394317141 0.0011605453773424269 
24.60001 -0.002601776764256688 0.003482394603427779 
24.50001 -0.00821352215740792 0.0018496671809053165 
25.00001 -0.012132466404018761 0.0018061593241086244 
25.20001 -0.009922317122685296 0.002547712750031892 
25.10001 -0.008967828858619527 0.0012803673083710424 
25.30001 -0.010709787282392936 0.0006368334754399147 
25.90001 -0.004729688555017453 0.002254308611961482 
25.40001 -0.008073713823087497 0.0014899664425422157 
25.80001 -0.006350315786690576 0.0003879238538897368 
26.10001 -0.004651130074182367 0.0021472621671671673 
25.60001 -0.007448594030943627 0.004450204564050658 
25.70001 -0.0027691254773590935 0.0004306282881057304 
25.50001 -0.004870962273908075 0.00400006327094484 
26.40001 -0.00524198982291846 0.00047452412567948335 
26.30001 -0.002531242485861902 0.001101330886377755 
26.20001 -0.008121272357976064 0.0030701741709744422 
26.00001 -0.009615937354589783 0.0022675037686805365 
26.50001 0.001844405736244576 0.0019486843029236354 
27.00001 -0.0011823662518273444 0.0001262514542757575 
26.70001 -0.003312167206444825 0.00039546751217003147 
26.90001 0.0007380633672699666 0.004064582659141857 
26.60001 -0.003967357134461814 0.0025342892861443937 
27.20001 -0.002422367445300802 0.0026022938510802053 
26.80001 -0.006147156680872351 0.0009072482257106726 
27.30001 -0.0007339468665311022 0.00011544587242139504 
27.10001 -0.004683397463094288 0.0023634239915605 
27.70001 -0.004051109208796347 0.0007787705373276836 
27.80001 -0.0012401976202614335 0.002479067733795084 
27.90001 -0.004542743718789129 0.0011528756694144519 
27.40001 -0.0014500850492718505 0.0021096729564320177 
27.60001 -0.0028912935074698145 8.43809931978419e-05 
27.50001 -0.0029767880939353354 0.004098555138368669 
28.00001 -0.005570014173517372 0.0008094855618050885 
28.20001 -0.0021610500726746583 0.005226554388105396 
28.30001 -0.007443597230708499 0.004095097577904332 
28.10001 -0.005218085744383314 0.0026641110493786967 
28.40001 -0.0003756805338854651 0.0062189586487199165 
28.60001 -0.004394768334359046 0.0055199377965892546 
28.80001 -0.00242021932843653 0.00012896326316281896 
28.50001 -0.00554962910524049 9.100729784279182e-05 
29.10001 -0.004044217781677306 0.00027599538111860566 
28.70001 -0.003323645466477894 0.0005113377822119894 
28.90001 0.0023245958955302264 0.0007069922962924543 
29.00001 -0.00469110272009972 0.00027838756542687 
29.40001 -0.0019367302607040454 6.267125297316231e-05 
29.30001 -0.003086825798025611 0.0025810413298612595 
29.20001 0.0006680421584625558 0.0013497819427173378 
29.70001 -0.0030592421389139127 4.9666581419470805e-05 
29.60001 -0.0013994317995441408 0.003967791703580536 
29.50001 -0.0037784847410944683 0.0009815490562735977 
29.80001 -0.002256259322892423 0.0014879570621614622 
30.10001 -0.004003255827178497 0.0011472434433235429 
30.00001 0.0007300953438315004 0.0033633186283397332 
30.20001 0.0006573036935473 0.003469891391154399 
29.90001 -2.282325389178823e-05 0.0005586751624228228 
30.60001 -0.002392739196870075 0.0012030487548568354 
30.50001 -0.0005901291312697078 0.004093142003997204 
30.40001 -0.0013117942494884822 0.0011446066614598715 
30.70001 -0.0035168139533916527 0.000555020663916699 
30.30001 -0.0024200117232061336 0.0037272225377610766 
31.10001 -0.005249212882021076 0.00101463876522982 
30.90001 -0.0003059643408565213 0.004085073204525553 
31.20001 -0.003964028789119686 0.0019504653373799033 
30.80001 -0.0009569072203171282 0.0028125315528995305 
31.00001 -0.0005512537792305919 0.0011963722478015681 
31.60001 -0.002639099270306584 0.0010351496278565178 
31.50001 0.00048675773965038314 0.0013695004524201504 
31.30001 -0.001137990993016047 0.002535264047659514 
31.40001 -0.003118454278526267 0.0003661795775576832 
31.80001 -0.002171197466781281 0.0016465359372318468 
32.00001 -0.0021369139386412817 0.00038720830092387826 
31.70001 0.000444122009764396 0.0009133441914536162 
31.90001 -0.0026391328190814313 0.0026619915196188673 
32.20001 -0.0040817910335649524 0.0017850887001871374 
32.70001 0.001647301801688578 0.0011997599695084682 
32.10001 -0.0020275173612981 0.0018947578946471256 
32.30001 -0.0006514300330758931 0.0014812714955784536 
32.40001 -0.0017712449118568075 0.00017865306344659897 
32.60001 0.0012779643860060298 0.00338408770111297 
32.80001 -0.005048871855100956 0.00023908884775346393 
33.00001 -0.002978919480253593 0.0014467085483905497 
32.50001 -0.001426656116183728 8.839738711410318e-05 
33.10001 -0.0007184169382553822 0.0026939342688748237 
32.90001 0.0013576789333383426 0.002974826096716717 
33.40001 -0.0035698936205256293 0.0035292917241581527 
33.50001 -0.0017889564895840506 0.001161653927085451 
33.20001 3.212884718156092e-05 0.00019734197196703726 
33.60001 -0.0009340835354016137 0.0021612503990326454 
33.30001 0.0010133727215033755 0.0015825582486133187 
33.90001 -0.0016076473142499653 0.002522578843451065 
33.80001 -0.00018045808680540074 0.0004338987547531436 
33.70001 -0.0003092360238258091 0.0004967807448964265 
34.50001 -0.0010433857142769065 0.00022280643354925556 
34.30001 -0.0013874452584793165 0.0009138088575255667 
34.20001 -0.0012711964384327626 0.00111536558936627 
34.40001 -0.003057077658473789 0.000647510264120868 
34.10001 -0.0004294395733303076 7.171881001344338e-05 
34.00001 -0.0003331947612246742 0.002977182603503799 
34.70001 -0.0009738550022349096 0.0001475240151381067 
34.60001 -0.00226615638745219 0.002777689949095657 
34.90001 0.0009456602816324861 0.000523910979509304 
34.80001 -0.001900539933347368 0.0015269021617042914 
35.00001 -0.0015115181300327232 5.990309873150229e-05 
35.40001 -0.0012560151366355489 0.003083056077150058 
35.20001 -0.0017167059590916488 0.00042150814773499916 
35.70001 -8.041145015879025e-06 0.0001398174375470033 
35.10001 -0.001969344124517908 0.0007668452411815933 
35.50001 -0.0012288504576536312 0.0005595266943368408 
35.30001 0.0018161830238649912 0.0012730134005969468 
35.60001 3.793856073365851e-05 4.6096203436692826e-05 
36.00001 0.0008770359215829232 0.00114334361373693 
36.30001 -0.0007180313497691086 0.0014625593510629487 
35.80001 0.002049606656206541 0.0006386843828186424 
35.90001 -0.0022027160981516695 0.0027450932486094985 
36.10001 -1.8483089806936755e-05 0.0012838122250706384 
36.20001 -0.0017545540679139405 0.002075372011618912 
36.80001 -0.0009036290875067989 0.00040213876125441526 
36.50001 -0.0015011833233105807 0.00102977950050214 
36.40001 -0.0025583276235872196 0.0005128618932279914 
36.70001 -0.0009565501647857107 0.0016828159171995184 
37.00001 0.0001692135249326236 0.0014860978408879244 
36.90001 0.00040135053735534053 0.0005115122220899259 
36.60001 -0.0005386387446803012 0.00013228826997414316 
37.20001 -0.0020324882652317943 0.000655383106720806 
37.10001 -0.0012022623862092867 0.0007501355618910384 
37.40001 0.0012771615764008092 0.001177240500618403 
37.30001 0.0015478755714258903 0.0017447711954462644 
37.60001 0.00024439341604354703 0.002193998295367716 
37.70001 -0.000581447895427878 0.0011433509498131257 
37.50001 -0.001833619678524496 0.0005979184870756735 
38.10001 0.000456910790359971 0.00103941609887801 
37.80001 0.0016251303057859736 0.00264844118826467 
37.90001 0.002349424278866815 0.0016012297355803944 
38.20001 -0.00033660360467902884 0.0034038145659167655 
38.50001 -0.0006032484334179816 0.000457579866621741 
38.00001 -0.0007433037087822983 0.0010087564265247402 
38.40001 0.0024213073437257047 0.001965672830455329 
38.60001 0.0005588863885265832 0.00035707117222849377 
38.30001 0.0005316114444493197 0.0004407212315521211 
38.80001 0.0029142033724705333 0.00014934636755518883 
38.70001 -0.001929456196681069 0.0013641524367447012 
39.00001 0.0014460706702423317 0.002941551136411931 
39.20001 0.0014050759991763796 0.0033496653994632415 
38.90001 -0.0008056812878287819 0.0010102019614413827 
39.30001 -0.002473629146271541 0.0005106930480067943 
39.50001 -0.0014767574858219265 0.0024611127731563502 
39.10001 -0.000752305602386247 3.522344358264883e-05 
39.90001 0.0020554337308464083 0.00011278752658229246 
39.40001 5.041101859451356e-05 0.00024086788125275097 
39.80001 -0.0009636404697789334 0.0001047135501709298 
39.70001 -0.00108299453552482 0.0008229412611067659 
39.60001 0.0011172522433975315 0.0012972602834500555 
