0.000000000000000000e+00 0.000000000000000000e+00 0.000000000000000000e+00 0.000000000000000000e+00 0.000000000000000000e+00
-2.018687605743354485e+00 -2.019323472719376067e+00 -2.020491432599413884e+00 -2.019271944955864484e+00 -2.019371124097876002e+00
-2.058921432325369949e+00 -2.059154342208512567e+00 -2.058699234524493882e+00 -2.059152215901367544e+00 -2.059201601825083827e+00
-2.099260010269293542e+00 -2.098561618571403553e+00 -2.097776435342308954e+00 -2.098696467171280222e+00 -2.098817542099482569e+00
-2.138375750095979466e+00 -2.138025545668120309e+00 -2.138969614959339349e+00 -2.137969851930809462e+00 -2.137754557468455996e+00
-2.177451994331785823e+00 -2.178221799932152258e+00 -2.178194666916006383e+00 -2.177868322536280932e+00 -2.177341783075412263e+00
-2.217525130614596218e+00 -2.217599056436614369e+00 -2.216569805043974828e+00 -2.217423200385603366e+00 -2.217944620979777959e+00
-2.257146524943269394e+00 -2.256430196280170719e+00 -2.257091214811683066e+00 -2.256811556830001564e+00 -2.257565567264381290e+00
-2.296073171808524105e+00 -2.296532521120568937e+00 -2.297243673095084482e+00 -2.297048729223264640e+00 -2.296130211550998723e+00
-2.336146033953111267e+00 -2.336563880377687141e+00 -2.335880402368570863e+00 -2.336489323861634215e+00 -2.335931912906370034e+00
-2.376550304380517176e+00 -2.375661563113999897e+00 -2.375457934226888224e+00 -2.375038938003037892e+00 -2.376286060411866963e+00
-2.415387389811766372e+00 -2.415530599228504549e+00 -2.415698169189527178e+00 -2.415176147123117012e+00 -2.415185741452330337e+00
-2.454403761167024633e+00 -2.455321312754883412e+00 -2.455164830956814370e+00 -2.455684259062344665e+00 -2.454387129533114553e+00
-2.494828535371577782e+00 -2.494011001121524185e+00 -2.494415631139530465e+00 -2.494564052745493754e+00 -2.495125319764979199e+00
-2.534387688057969878e+00 -2.533851930664962282e+00 -2.533972217141569505e+00 -2.533888777448483953e+00 -2.534827173499062614e+00
-2.573159884012998333e+00 -2.574484389466801471e+00 -2.573928837111502776e+00 -2.574084580957458179e+00 -2.573253341932225435e+00
-2.613467859711731567e+00 -2.613470029673809591e+00 -2.613730918848908402e+00 -2.613237078119801549e+00 -2.612988393795691699e+00
-2.653877719711151162e+00 -2.652466016327224452e+00 -2.652642911550566307e+00 -2.652590504802715632e+00 -2.653300374427233432e+00
-2.692442960723481438e+00 -2.692815045984574773e+00 -2.692197162388775933e+00 -2.692943679397703960e+00 -2.692461924993311939e+00
-2.731338133759830811e+00 -2.732382117300003799e+00 -2.732817613700043946e+00 -2.732335514059426096e+00 -2.731970641337491568e+00
-2.771816616673756339e+00 -2.771373952470623347e+00 -2.771897491560189497e+00 -2.771409971410581097e+00 -2.772329234710571910e+00
-2.811799222197667980e+00 -2.811339973219574517e+00 -2.810490106405093336e+00 -2.811561415746842485e+00 -2.811619795925476062e+00
-2.850870498645190931e+00 -2.851160519476809707e+00 -2.851298239378849964e+00 -2.851194607685106241e+00 -2.850269894977646157e+00
-2.890529889896387594e+00 -2.890539263882996757e+00 -2.891350600258599801e+00 -2.890155771826409481e+00 -2.890201480968160652e+00
-2.930450457413410703e+00 -2.930338514308199915e+00 -2.929328989788900550e+00 -2.929990218004357772e+00 -2.930652073986614425e+00
-2.969627743876317449e+00 -2.969736660584551213e+00 -2.969368507237094779e+00 -2.969985573014191083e+00 -2.970025015458279238e+00
-3.008839433673965225e+00 -3.008909410468190160e+00 -3.010405102608560313e+00 -3.009517186922876064e+00 -3.009055613165787513e+00
-3.048964442077199521e+00 -3.048956213877039634e+00 -3.048738859105009080e+00 -3.049113481075077736e+00 -3.048936997373993041e+00
-3.089049747192165185e+00 -3.088847403338739195e+00 -3.087619180877026803e+00 -3.088319576593058891e+00 -3.088857332176273118e+00
-3.128165776485854810e+00 -3.128169483731378264e+00 -3.128815156519676677e+00 -3.127658058090888371e+00 -3.127868012018398147e+00
-3.167413726113974537e+00 -3.167840199879679908e+00 -3.168219518623027309e+00 -3.167991290483437083e+00 -3.167194998415028717e+00
-3.207531190220699546e+00 -3.207206145433199485e+00 -3.206483446390298919e+00 -3.207736354736027806e+00 -3.207685843403864201e+00
-3.247046479826749987e+00 -3.246454776283066668e+00 -3.246918621218689349e+00 -3.246647789824133490e+00 -3.247558559700391534e+00
-3.285882160528891038e+00 -3.286777293171555314e+00 -3.287212701324437436e+00 -3.286509836348921354e+00 -3.286227482148173173e+00
-3.326048462856402210e+00 -3.326598527842379749e+00 -3.325832494215440249e+00 -3.326359635354600552e+00 -3.325753599922100179e+00
-3.366656590749020239e+00 -3.365285624605832027e+00 -3.365318797504488479e+00 -3.365330114347421020e+00 -3.365984839653119565e+00
-3.405405236693024307e+00 -3.405167587477396562e+00 -3.405623559443493154e+00 -3.405228804028773482e+00 -3.405134025886143334e+00
-3.444063010431480887e+00 -3.445475185541307273e+00 -3.445101772276226271e+00 -3.445383227586102937e+00 -3.444519264362646549e+00
-3.484515841879106013e+00 -3.484257721721644163e+00 -3.484316691150135537e+00 -3.484282545796427044e+00 -3.485152906319372690e+00
-3.524524672524003588e+00 -3.523578734855892680e+00 -3.523903276839613685e+00 -3.523876791185136081e+00 -3.524625478130969380e+00
-3.563384569197630913e+00 -3.564091197276263667e+00 -3.563828064501481485e+00 -3.564263993986787060e+00 -3.562924375242378261e+00
-3.603301830545543538e+00 -3.603513173413689596e+00 -3.603631046051619435e+00 -3.603173239286947105e+00 -3.602856157575680562e+00
-3.643521305135987820e+00 -3.642662858974475615e+00 -3.642615119674281754e+00 -3.642164917656441681e+00 -3.643494492101229998e+00
-3.682290670977953262e+00 -3.682723517713215156e+00 -3.682088729596305843e+00 -3.682776013603559218e+00 -3.682563008320337783e+00
-3.721402849874098084e+00 -3.722030762964108064e+00 -3.722670834425593434e+00 -3.722640306127527499e+00 -3.721680433488965711e+00
-3.761876568682505972e+00 -3.761117920949571758e+00 -3.761895263251147536e+00 -3.761491118510278842e+00 -3.762027562155749738e+00
-3.801681973838638928e+00 -3.801494954172245588e+00 -3.800427203775497809e+00 -3.801140326046681839e+00 -3.801647222385127645e+00
-3.840645951426699956e+00 -3.841425915969993721e+00 -3.841101768954929163e+00 -3.840843285657597583e+00 -3.840358004877904463e+00
-3.880441899242000225e+00 -3.880301790833083242e+00 -3.881319287109096461e+00 -3.880242697883812042e+00 -3.880052498488058887e+00
-3.920496610871702536e+00 -3.919823296963523607e+00 -3.919335389734536435e+00 -3.920255311991884373e+00 -3.920430810663362298e+00
