0.000000000000000000e+00 0.000000000000000000e+00 0.000000000000000000e+00 0.000000000000000000e+00 0.000000000000000000e+00
-3.882328839189991276e-02 -3.890145444931120133e-02 -3.325803882080402563e-02 -5.122263086809569765e-02 -3.577783413882817953e-02
7.156728143592744340e-02 -1.357153359615544397e-01 -4.677049021070500689e-02 -9.970754370548334800e-02 1.264284177287633426e-02
-6.030949338463770237e-02 1.309803906112833038e-02 -7.529205807357197688e-02 2.784526429669259562e-02 -1.033249985685502637e-01
-1.096468546645973929e-01 1.254181813988658467e-02 1.067186791365493104e-02 -2.816835133154388382e-02 -8.338172672633925586e-02
-1.030041416642590857e-03 -1.020602766664442940e-01 -1.553263238020330395e-02 -1.317233807883493868e-01 5.236308458270055866e-02
-2.313412207690829225e-02 -3.415345567024236084e-02 -1.344302697545610714e-01 6.021565747517720890e-03 -1.228696491474501329e-02
-8.980472025309887973e-02 -1.812574301983188585e-02 -5.679262108263860576e-03 3.734801506442403385e-02 -1.217215363521684246e-01
-2.128846257047628532e-02 -8.708512204397683698e-02 5.909219607533289231e-02 -1.057665881894647719e-01 -4.293526994035401501e-02
8.638820548030834434e-03 -1.887891178881828669e-03 -1.466086883421461318e-01 -7.437194217864201429e-02 1.624645448270012338e-02
-6.488736656977639461e-02 1.475952546923936515e-02 -8.438427495769318387e-02 -4.928422708323998425e-03 -5.854270790238480515e-02
-7.186624838266547632e-02 -1.090049739066163981e-01 1.084796505138382328e-01 -4.565217794893433600e-02 -7.993949694456103927e-02
-1.790665966369958673e-02 -6.816067855909896389e-02 -8.444411405176188712e-02 -1.536649451748633988e-02 -1.210529987689223930e-02
-2.530987808251733417e-02 1.093704153258862055e-02 -1.662561693474687852e-01 -2.104770014856033322e-02 3.693459377018815104e-03
-6.995863317821710003e-02 -4.426229748739590741e-02 8.287718528273335661e-02 -1.062513220742205555e-01 -6.038817921183881055e-02
-4.883384164393772542e-02 -3.600669114578197716e-02 1.104897782891212099e-02 -3.591146089333246971e-02 -8.828023081479896561e-02
1.684791068287611049e-02 -2.624874073204624958e-02 -1.857543206806259173e-01 2.389462314299656276e-02 -2.672271908213952329e-02
-2.098344064399076947e-02 -9.331089016787214030e-02 -1.272620487845821380e-03 -7.841836655240680409e-02 -3.997928816823481668e-03
-1.231490505931915336e-01 -2.285552278874242171e-02 6.797494821742489091e-02 -5.952031771907778657e-02 -6.043330378535216596e-02
-6.507916657454820841e-02 2.740731379376620813e-02 -1.321530089731296487e-01 1.086381206581726877e-02 -3.902219698084463673e-02
5.116694398567261937e-02 -1.070041878992885054e-01 -7.632485387635867813e-02 -7.176032246326174979e-02 5.939173584297297026e-03
-2.998383355635908520e-02 -7.825339111856749463e-02 5.026045785695287815e-02 -5.558078217182732539e-02 -8.442569767913798984e-02
-1.109997124572176808e-01 5.849366129189442765e-02 -5.912641688124919970e-02 1.954685259126959229e-02 -1.058976312136361564e-01
-9.195323855299475380e-03 -4.855759298047340744e-02 -8.658916032382146799e-02 -9.154069521047963898e-02 3.789952570113497288e-02
-3.933646774527177481e-03 -1.161041760442090287e-01 -9.505636695063324204e-03 -8.706505498946853772e-02 1.862526783432905120e-02
-1.106527237148297593e-01 4.917430128626276709e-03 -3.371752221209034506e-02 7.099671167766835600e-02 -1.295271425483135452e-01
-3.762574771140453356e-02 -3.311966451010356360e-02 -3.992272137965191536e-02 -3.078115980106815863e-02 -5.653395326671084575e-02
4.302277664192827311e-02 -8.736799259777067173e-02 -4.209020048569522832e-02 -1.578390495299646923e-01 4.629121930256330231e-02
-7.403685356982941945e-02 3.176397894138632827e-02 -7.301998709847412616e-02 -9.123556538919663783e-03 -7.356682840310213578e-02
-9.569827345651210626e-02 -2.003349894646971885e-02 1.002551333127654765e-03 2.764102828242304133e-02 -1.108950538815078879e-01
2.164646735094694074e-02 -1.485168741638616674e-01 -8.093121770741729115e-03 -8.546759569043654858e-02 2.244787760515398745e-02
-2.736359690739881279e-02 -1.879704663995745983e-02 -1.285075246788128789e-01 -3.085855492982730874e-02 7.543476487057443336e-03
-1.194885409529672926e-01 4.760555816694805875e-02 -2.060438569257228014e-02 -1.168055460824929392e-02 -9.381532358209820899e-02
-2.257513241430147977e-02 -8.642829386832545646e-02 6.412135988679146248e-02 -9.988250434225959262e-02 -5.321867593084395054e-02
4.376526248994588864e-02 -6.951624822918628377e-02 -1.328090235481608206e-01 -2.702177026633162393e-02 -1.240146711520617728e-02
-5.650175866822987336e-02 1.092146381602154825e-04 -1.005585687207736223e-01 2.046043808770775518e-02 -6.149257200580349192e-02
-1.077910284307010413e-01 -5.640779500624765186e-02 1.049967952604399235e-01 -8.899052363145637523e-02 -4.979069486097387198e-02
-3.851725963244184703e-02 -4.021344393172215925e-02 -6.458415411387286031e-02 -6.134797999702895632e-02 6.679591006126806008e-03
3.134347611515819754e-03 -1.838135340493890491e-02 -1.764629998666015220e-01 1.597841499941748955e-02 -2.225165600833189927e-02
-3.544122107675246047e-02 -8.642300293437227277e-02 6.972393087897621466e-02 -5.367003640829143274e-02 -9.217291712849906560e-02
-6.226360724073071173e-02 -2.834243516094142601e-02 3.000137725340656925e-02 -6.144069863348416982e-02 -7.593788288718927859e-02
-2.550596301068969174e-02 2.966345198601988420e-02 -1.858031866856882930e-01 -2.578284316636697548e-02 9.445294207786059104e-03
-2.395176255125036624e-02 -8.541425207832592514e-02 -1.888658534699028113e-02 -7.287879138611558227e-02 3.148144693743137879e-03
-8.398614400277176761e-02 -8.624935810198591790e-02 7.962604887211977012e-02 -1.559580118951015004e-02 -9.177799224679095147e-02
-5.105940060886998699e-02 8.168412809131220254e-03 -1.244438850871013580e-01 3.291987243053856593e-02 -6.356824621263745811e-02
2.421848018815669912e-02 -4.956287471259607225e-02 -9.122066777960935458e-02 -1.101039362235849972e-01 2.868575185869470801e-02
-4.837585171247166249e-02 -4.797860101826328938e-02 5.399344040361320207e-02 -1.053466360096360632e-01 -5.027559833218120389e-02
-9.895857775262534295e-02 2.287936082237246316e-02 -5.019747523840634162e-02 5.066332198837514289e-02 -1.223698764886549384e-01
1.159283629677260175e-02 -9.071537451009709097e-02 -9.571601445831279253e-02 -2.482232841241766019e-02 1.677634415115925037e-03
-3.001750897617172509e-03 -1.120962990543402094e-01 -8.713503733165706144e-03 -1.059045478546077335e-01 3.173285487079180456e-02
