0.000000000000000000e+00 1.036868372180890008e+00 9.631316278191098812e-01
1.000000000000000000e+01 1.032399817766476380e+00 9.618012559813559070e-01
2.000000000000000000e+01 1.022368361346288168e+00 9.564332001399428185e-01
3.000000000000000000e+01 1.011646096897090841e+00 9.544326716066446892e-01
4.000000000000000000e+01 1.002010157937991863e+00 9.488745146621988535e-01
5.000000000000000000e+01 9.907182776012490866e-01 9.449934440567678839e-01
6.000000000000000000e+01 9.796957228049194555e-01 9.442493266345128866e-01
7.000000000000000000e+01 9.686212456879293997e-01 9.377254082233844601e-01
8.000000000000000000e+01 9.579898279669680772e-01 9.340530026722583257e-01
9.000000000000000000e+01 9.478420159539084899e-01 9.307665620506967441e-01
1.000000000000000000e+02 9.369070297740601516e-01 9.292709664815809179e-01
1.100000000000000000e+02 9.249958616299466252e-01 9.256533987028138233e-01
1.200000000000000000e+02 9.144389312419510807e-01 9.242948564602883055e-01
1.300000000000000000e+02 9.067465841337768451e-01 9.172767396668226603e-01
1.400000000000000000e+02 8.999070295015254572e-01 9.151043694643598014e-01
1.500000000000000000e+02 8.925031223157988691e-01 9.057300578200782049e-01
1.600000000000000000e+02 8.849038489506203531e-01 8.991547573877000099e-01
1.700000000000000000e+02 8.779555125806753901e-01 8.889866467514407899e-01
1.800000000000000000e+02 8.706756897362951664e-01 8.819503705472337973e-01
1.900000000000000000e+02 8.638978166255735225e-01 8.739415472855809330e-01
2.000000000000000000e+02 8.592072462355859752e-01 8.656330500304483255e-01
2.100000000000000000e+02 8.549911753980917739e-01 8.613978238910137142e-01
2.200000000000000000e+02 8.525147198855423936e-01 8.529939551242183837e-01
2.300000000000000000e+02 8.516210773831531800e-01 8.428064772619568989e-01
2.400000000000000000e+02 8.509910619481023675e-01 8.345877410055773105e-01
2.500000000000000000e+02 8.501531263080270850e-01 8.237790419124785268e-01
2.600000000000000000e+02 8.488914912333856977e-01 8.129963957004777697e-01
2.700000000000000000e+02 8.451584157057645541e-01 8.043523479309515611e-01
2.800000000000000000e+02 8.407526308460882003e-01 7.990984684466708732e-01
2.900000000000000000e+02 8.392649894938379873e-01 7.899294269894735487e-01
3.000000000000000000e+02 8.370692928131341359e-01 7.815097040663926409e-01
3.100000000000000000e+02 8.319030025658012972e-01 7.731056445117313602e-01
3.200000000000000000e+02 8.288559934049262168e-01 7.641339449008079932e-01
3.300000000000000000e+02 8.253465124655311458e-01 7.569058137855912971e-01
3.400000000000000000e+02 8.195059056938625019e-01 7.542645272576122828e-01
3.500000000000000000e+02 8.116813012941369587e-01 7.489383212028034587e-01
3.600000000000000000e+02 8.019955927759870873e-01 7.476873113814112015e-01
3.700000000000000000e+02 7.936831829563184559e-01 7.445159546618378421e-01
3.800000000000000000e+02 7.862872632731452427e-01 7.416791959693672664e-01
3.900000000000000000e+02 7.795252951114457485e-01 7.414779248504267395e-01
4.000000000000000000e+02 7.731657483395699693e-01 7.399202455040910786e-01
4.100000000000000000e+02 7.656116842320406235e-01 7.354425788047893597e-01
4.200000000000000000e+02 7.573123675082623629e-01 7.300888324702060617e-01
4.300000000000000000e+02 7.488863755437630276e-01 7.255690034541463218e-01
4.400000000000000000e+02 7.429015153211111500e-01 7.214943125627485410e-01
4.500000000000000000e+02 7.389270995345601500e-01 7.216602097408116867e-01
4.600000000000000000e+02 7.331897379595179176e-01 7.188958216260464829e-01
4.700000000000000000e+02 7.251370860517715178e-01 7.167601141578170409e-01
4.800000000000000000e+02 7.173103775416319605e-01 7.187480700654252930e-01
4.900000000000000000e+02 7.091528777605722311e-01 7.155958072036859852e-01
5.000000000000000000e+02 6.989873881601305072e-01 7.121530512161461379e-01
5.100000000000000000e+02 6.896853846681190170e-01 7.080631081442851915e-01
5.200000000000000000e+02 6.833908503441304960e-01 7.038126607141351743e-01
5.300000000000000000e+02 6.773446188136288404e-01 6.974809298024294835e-01
5.400000000000000000e+02 6.715088009721473794e-01 6.917908609605288861e-01
5.500000000000000000e+02 6.680839739149548873e-01 6.841777732028443415e-01
5.600000000000000000e+02 6.672787389425406390e-01 6.746113085923336472e-01
5.700000000000000000e+02 6.662919282031249946e-01 6.677238456634190245e-01
5.800000000000000000e+02 6.649379227495789690e-01 6.577427291155747424e-01
5.900000000000000000e+02 6.636487249272782218e-01 6.467861872375326726e-01
6.000000000000000000e+02 6.632339148772679049e-01 6.400595131307387220e-01
6.100000000000000000e+02 6.637282910780269995e-01 6.327646579800033644e-01
6.200000000000000000e+02 6.643880023068594598e-01 6.274050239281176999e-01
6.300000000000000000e+02 6.624362580979380466e-01 6.196390062312242542e-01
6.400000000000000000e+02 6.591594859825068431e-01 6.110897393895089458e-01
6.500000000000000000e+02 6.589976429314949868e-01 6.055784416753845489e-01
6.600000000000000000e+02 6.588218430282608562e-01 5.990426778547344178e-01
6.700000000000000000e+02 6.582406650765052492e-01 5.940739401764209004e-01
6.800000000000000000e+02 6.581210324774082743e-01 5.895883802391927997e-01
6.900000000000000000e+02 6.564039510666747068e-01 5.815347982945615612e-01
7.000000000000000000e+02 6.538531063513770558e-01 5.745487458362557032e-01
7.100000000000000000e+02 6.515920488917356090e-01 5.729625185476215909e-01
7.200000000000000000e+02 6.465268079252539657e-01 5.700102435150454783e-01
7.300000000000000000e+02 6.399545200527363420e-01 5.696261071330295245e-01
7.400000000000000000e+02 6.345887899743528626e-01 5.681332841772390729e-01
7.500000000000000000e+02 6.293084883476317559e-01 5.665535776582080185e-01
7.600000000000000000e+02 6.216398892619835470e-01 5.648611115709897268e-01
7.700000000000000000e+02 6.109241137426844048e-01 5.657203523237464005e-01
7.800000000000000000e+02 5.989617285300842253e-01 5.692000442783383685e-01
7.900000000000000000e+02 5.885084733248119315e-01 5.716673559996371390e-01
8.000000000000000000e+02 5.771004857448613912e-01 5.705705549056182546e-01
8.100000000000000000e+02 5.667261668550284126e-01 5.690170045921963959e-01
8.200000000000000000e+02 5.576076653038360975e-01 5.692533111795509138e-01
8.300000000000000000e+02 5.500632718601675686e-01 5.737940026243502079e-01
8.400000000000000000e+02 5.430116256456350987e-01 5.781613821643194484e-01
8.500000000000000000e+02 5.364540200205706322e-01 5.754378477517211321e-01
8.600000000000000000e+02 5.301659895947204992e-01 5.728120133856881013e-01
8.700000000000000000e+02 5.255926387269955757e-01 5.710450005501853665e-01
8.800000000000000000e+02 5.218747284209351855e-01 5.701203684212489131e-01
8.900000000000000000e+02 5.203270425098418528e-01 5.624691161012072005e-01
9.000000000000000000e+02 5.213502901991881044e-01 5.589232330237066115e-01
9.100000000000000000e+02 5.216170528689079156e-01 5.523533176540631473e-01
9.200000000000000000e+02 5.203270601864024014e-01 5.460384556146451462e-01
9.300000000000000000e+02 5.178749922331394862e-01 5.407899106998301786e-01
9.400000000000000000e+02 5.168732045310394652e-01 5.335668981618190143e-01
9.500000000000000000e+02 5.171584582463671920e-01 5.281229592590251931e-01
9.600000000000000000e+02 5.184474863468285788e-01 5.166236077789007064e-01
9.700000000000000000e+02 5.217675962866115125e-01 5.085169004362375400e-01
9.800000000000000000e+02 5.240860838263962096e-01 5.011808810956097648e-01
9.900000000000000000e+02 5.237977501544628378e-01 4.914880530301903860e-01
1.000000000000000000e+03 5.223573091034341420e-01 4.836930005165921420e-01
1.010000000000000000e+03 5.240152598645627657e-01 4.796346316199910365e-01
1.020000000000000000e+03 5.257129432696558968e-01 4.744406092252096419e-01
1.030000000000000000e+03 5.270940179470038345e-01 4.657543248865350649e-01
1.040000000000000000e+03 5.292876047955762386e-01 4.586991278743117184e-01
1.050000000000000000e+03 5.289361719802048167e-01 4.553978195767822701e-01
1.060000000000000000e+03 5.249518004794747617e-01 4.514511361183842775e-01
1.070000000000000000e+03 5.194848989022621266e-01 4.456618933820497563e-01
1.080000000000000000e+03 5.133505955172781299e-01 4.429828727255087917e-01
1.090000000000000000e+03 5.080450321119907020e-01 4.408145957365381395e-01
1.100000000000000000e+03 5.036877592348032451e-01 4.367437817936854483e-01
1.110000000000000000e+03 4.968266681390053896e-01 4.376912361371526616e-01
1.120000000000000000e+03 4.892720708025832255e-01 4.406107949189747020e-01
1.130000000000000000e+03 4.832463184783998278e-01 4.422800830467784050e-01
1.140000000000000000e+03 4.775974865987162588e-01 4.429143905974289308e-01
1.150000000000000000e+03 4.720721874988815236e-01 4.489557292439779190e-01
1.160000000000000000e+03 4.652019470860275785e-01 4.480396515554479486e-01
1.170000000000000000e+03 4.591299501024021512e-01 4.503955646164898297e-01
1.180000000000000000e+03 4.536449735368570102e-01 4.492806129130719750e-01
1.190000000000000000e+03 4.455344380712215613e-01 4.496105148000551499e-01
1.200000000000000000e+03 4.375748216829034032e-01 4.465270207683659232e-01
1.210000000000000000e+03 4.287156521317371793e-01 4.524321025504725591e-01
1.220000000000000000e+03 4.220408196986866756e-01 4.505922220086688301e-01
1.230000000000000000e+03 4.193004258477261437e-01 4.473178419597228506e-01
1.240000000000000000e+03 4.185417282444485187e-01 4.392204151304770487e-01
1.250000000000000000e+03 4.170809206291807847e-01 4.366278152309200911e-01
1.260000000000000000e+03 4.145737447775441065e-01 4.298869791288242870e-01
1.270000000000000000e+03 4.146379086076740772e-01 4.278701347616225004e-01
1.280000000000000000e+03 4.142328875952595024e-01 4.264059314677985379e-01
1.290000000000000000e+03 4.140916240391786518e-01 4.187514092036789259e-01
1.300000000000000000e+03 4.144238052199493150e-01 4.127383688313739363e-01
1.310000000000000000e+03 4.138611089663300491e-01 4.066971235122475714e-01
1.320000000000000000e+03 4.124428870794600854e-01 4.060535440427303078e-01
1.330000000000000000e+03 4.096129152799791173e-01 4.046486331972827810e-01
1.340000000000000000e+03 4.040392387053718393e-01 4.052418078446585747e-01
1.350000000000000000e+03 3.998867678490757860e-01 3.978438121522223647e-01
1.360000000000000000e+03 3.982452471563797114e-01 3.968151097589348586e-01
1.370000000000000000e+03 3.969323517298915527e-01 3.921575448822968712e-01
1.380000000000000000e+03 3.963268346249316232e-01 3.929860008572363395e-01
1.390000000000000000e+03 3.949055675235706442e-01 3.889803236061193936e-01
1.400000000000000000e+03 3.935063252637366893e-01 3.838377894139602398e-01
1.410000000000000000e+03 3.957242610310555686e-01 3.803553770207385720e-01
1.420000000000000000e+03 3.993677903284552078e-01 3.764338029172043520e-01
1.430000000000000000e+03 3.979535264054775978e-01 3.703236603436509400e-01
1.440000000000000000e+03 3.946601255309885592e-01 3.722518535004084583e-01
1.450000000000000000e+03 3.917730839022660616e-01 3.721221830838840616e-01
1.460000000000000000e+03 3.867825955395299831e-01 3.709110906073770919e-01
1.470000000000000000e+03 3.815309576571365158e-01 3.662576405134910784e-01
1.480000000000000000e+03 3.768115102350961809e-01 3.598517436006059556e-01
1.490000000000000000e+03 3.723259064263229057e-01 3.538110617281351455e-01
1.500000000000000000e+03 3.692433435721047541e-01 3.524909237856262423e-01
1.510000000000000000e+03 3.669672678018335854e-01 3.498257322322843588e-01
1.520000000000000000e+03 3.636410680913211846e-01 3.476121047360722915e-01
1.530000000000000000e+03 3.614617734100064039e-01 3.442354870594892535e-01
1.540000000000000000e+03 3.605288506156152373e-01 3.400218108262171857e-01
1.550000000000000000e+03 3.602146859171872495e-01 3.388187448261789081e-01
1.560000000000000000e+03 3.594590490691498275e-01 3.386229630350084951e-01
1.570000000000000000e+03 3.578933357118533887e-01 3.320976899460276743e-01
1.580000000000000000e+03 3.576912711575279680e-01 3.303663808593626516e-01
1.590000000000000000e+03 3.577086345220346630e-01 3.278812968892663160e-01
1.600000000000000000e+03 3.592330709054257221e-01 3.294669175011422091e-01
1.610000000000000000e+03 3.575273288450491749e-01 3.260302426943288978e-01
1.620000000000000000e+03 3.524783158356816770e-01 3.232553698852455026e-01
1.630000000000000000e+03 3.495450234708378234e-01 3.192646499667275983e-01
1.640000000000000000e+03 3.479359949633119009e-01 3.184136057985519352e-01
1.650000000000000000e+03 3.452223295218775356e-01 3.151932465226761071e-01
1.660000000000000000e+03 3.418528747804276402e-01 3.144863783070301344e-01
1.670000000000000000e+03 3.401806448052129839e-01 3.118344026403953029e-01
1.680000000000000000e+03 3.377422570867334439e-01 3.070683527849619177e-01
1.690000000000000000e+03 3.325500589938297780e-01 3.061517168706434089e-01
1.700000000000000000e+03 3.287970853413028638e-01 3.069159006473488605e-01
1.710000000000000000e+03 3.256343512620775149e-01 3.138997916318119752e-01
1.720000000000000000e+03 3.216281488915712083e-01 3.151862277534756562e-01
1.730000000000000000e+03 3.152308524073388352e-01 3.135737955020815870e-01
1.740000000000000000e+03 3.096883217841690517e-01 3.149193743020166081e-01
1.750000000000000000e+03 3.100342109333123486e-01 3.169308390038821921e-01
1.760000000000000000e+03 3.072474435062695908e-01 3.117788226746356917e-01
1.770000000000000000e+03 3.030859757844884261e-01 3.177734408926617959e-01
1.780000000000000000e+03 3.003985581832297469e-01 3.131491809819805794e-01
1.790000000000000000e+03 2.995405526145698549e-01 3.130506990272356460e-01
1.800000000000000000e+03 2.981065746155536211e-01 3.117719996260410742e-01
1.810000000000000000e+03 2.964473707636480770e-01 3.131752880266668870e-01
1.820000000000000000e+03 2.956481750861840174e-01 3.047166358168638678e-01
1.830000000000000000e+03 2.915168622816541322e-01 3.055778854254783683e-01
1.840000000000000000e+03 2.898554917608123782e-01 3.006461262037414817e-01
1.850000000000000000e+03 2.920650457235404729e-01 2.989706192994071587e-01
1.860000000000000000e+03 2.941521451135882814e-01 2.963301931263829792e-01
1.870000000000000000e+03 2.955317992286755624e-01 2.913191771075270831e-01
1.880000000000000000e+03 2.954730744240322560e-01 2.803987396865050274e-01
1.890000000000000000e+03 2.968695453972011733e-01 2.737440141149157791e-01
1.900000000000000000e+03 2.988407868431763315e-01 2.706174326862250679e-01
1.910000000000000000e+03 2.982131216768184601e-01 2.667615861679717426e-01
1.920000000000000000e+03 2.991411409580147507e-01 2.606356705736915802e-01
1.930000000000000000e+03 3.003010596703404866e-01 2.616244088254334188e-01
1.940000000000000000e+03 3.010267471747133383e-01 2.596705871508086516e-01
1.950000000000000000e+03 3.021290355323340560e-01 2.630446940505930531e-01
1.960000000000000000e+03 3.048008986708883317e-01 2.609062330304972033e-01
1.970000000000000000e+03 3.081488394618498439e-01 2.549137058887572249e-01
1.980000000000000000e+03 3.082578453030255794e-01 2.536192096958228559e-01
1.990000000000000000e+03 3.040495727847918328e-01 2.524520051886989802e-01
2.000000000000000000e+03 2.981618203560251201e-01 2.526779053072094050e-01
2.010000000000000000e+03 2.944719758694739342e-01 2.457052266178141597e-01
2.020000000000000000e+03 2.920611912412848787e-01 2.473416767325183341e-01
2.030000000000000000e+03 2.881935717965896648e-01 2.475782028040808824e-01
2.040000000000000000e+03 2.834620991369651288e-01 2.425718994504731107e-01
2.050000000000000000e+03 2.778468366518257460e-01 2.505035533322292340e-01
2.060000000000000000e+03 2.703362590235226515e-01 2.511940776503768236e-01
2.070000000000000000e+03 2.610800912194836676e-01 2.563784853299073130e-01
2.080000000000000000e+03 2.514028525390193947e-01 2.619477314374393795e-01
2.090000000000000000e+03 2.426200250552628668e-01 2.594233065123346393e-01
2.100000000000000000e+03 2.379232171013237473e-01 2.642812133288999776e-01
2.110000000000000000e+03 2.350336705191694853e-01 2.686278580769107527e-01
2.120000000000000000e+03 2.321625522961570653e-01 2.671743061102986871e-01
2.130000000000000000e+03 2.290657897196555493e-01 2.655217443941884081e-01
2.140000000000000000e+03 2.262665358493886336e-01 2.658166679936621590e-01
2.150000000000000000e+03 2.245053597828774172e-01 2.667630327606129725e-01
2.160000000000000000e+03 2.218500690134321551e-01 2.640377526620579229e-01
2.170000000000000000e+03 2.192527692353173074e-01 2.671727766956705774e-01
2.180000000000000000e+03 2.184013120598583269e-01 2.667431732173351500e-01
2.190000000000000000e+03 2.192536637086724138e-01 2.633211110060273419e-01
2.200000000000000000e+03 2.205358946134436948e-01 2.600399125280190016e-01
2.210000000000000000e+03 2.223731841377342144e-01 2.556233616115770046e-01
2.220000000000000000e+03 2.235469942706792834e-01 2.502938628824923351e-01
2.230000000000000000e+03 2.227980679067523284e-01 2.426860518672686873e-01
2.240000000000000000e+03 2.222346922059960095e-01 2.394322047372677287e-01
2.250000000000000000e+03 2.243526918880195953e-01 2.383672563130487254e-01
2.260000000000000000e+03 2.277995396100963854e-01 2.329306797871212031e-01
2.270000000000000000e+03 2.326611713281964977e-01 2.329993139545972758e-01
2.280000000000000000e+03 2.384518143658853617e-01 2.281204394707864458e-01
2.290000000000000000e+03 2.438095403039644282e-01 2.224915908650359209e-01
2.300000000000000000e+03 2.483828126948353088e-01 2.171077130487195084e-01
2.310000000000000000e+03 2.512072565412151182e-01 2.163117281400357694e-01
2.320000000000000000e+03 2.508179044870381125e-01 2.095503067206696823e-01
2.330000000000000000e+03 2.472493075636551518e-01 2.040416267491908520e-01
2.340000000000000000e+03 2.454075376508033091e-01 1.960953152922116638e-01
2.350000000000000000e+03 2.461952277218858454e-01 1.938077614057076292e-01
2.360000000000000000e+03 2.463103265974132261e-01 1.952813784673660402e-01
2.370000000000000000e+03 2.452741846970830364e-01 1.929706842427897362e-01
2.380000000000000000e+03 2.441620024061825212e-01 1.914717044241180388e-01
2.390000000000000000e+03 2.444195042666748030e-01 1.938152955853962300e-01
2.400000000000000000e+03 2.433826822920598376e-01 1.923142628921974129e-01
2.410000000000000000e+03 2.410261044527615693e-01 1.980832778039222364e-01
2.420000000000000000e+03 2.361835725302401934e-01 2.002736018255615869e-01
2.430000000000000000e+03 2.286229717935647499e-01 2.017459673863317149e-01
2.440000000000000000e+03 2.219639906079942104e-01 2.036577399458259774e-01
2.450000000000000000e+03 2.198385505629878445e-01 2.031358648243479226e-01
2.460000000000000000e+03 2.191922348585624569e-01 2.074674385619166284e-01
2.470000000000000000e+03 2.164363685636392642e-01 2.088654244551652051e-01
2.480000000000000000e+03 2.124939592224038276e-01 2.116035724859671729e-01
2.490000000000000000e+03 2.061918319317298798e-01 2.084514168435223913e-01
2.500000000000000000e+03 1.991071477779580712e-01 2.108174397421100354e-01
2.510000000000000000e+03 1.946016253231128978e-01 2.094090039395185010e-01
2.520000000000000000e+03 1.925088795948267650e-01 2.120920094170687387e-01
2.530000000000000000e+03 1.914095090295921675e-01 2.074416553907456051e-01
2.540000000000000000e+03 1.909773831201063976e-01 2.086553548529145041e-01
2.550000000000000000e+03 1.914274521338978352e-01 2.079115925947750410e-01
2.560000000000000000e+03 1.933618254107780932e-01 2.076340471669439192e-01
2.570000000000000000e+03 1.951127634893992657e-01 2.053216997082622786e-01
2.580000000000000000e+03 1.968427822928854598e-01 2.031014931636847543e-01
2.590000000000000000e+03 1.974636536654758578e-01 2.004839906241552006e-01
2.600000000000000000e+03 1.966133811474936599e-01 1.984939117113279083e-01
2.610000000000000000e+03 1.968632844241207935e-01 1.940309038182089774e-01
2.620000000000000000e+03 1.982514440420161950e-01 1.897073337138406868e-01
2.630000000000000000e+03 1.984301860478614454e-01 1.860422418905631758e-01
2.640000000000000000e+03 2.018974403543609131e-01 1.879517294808728811e-01
2.650000000000000000e+03 2.064609773911377233e-01 1.862324017405229126e-01
2.660000000000000000e+03 2.088236643754434185e-01 1.853689147307148732e-01
2.670000000000000000e+03 2.098578912299619847e-01 1.847495879517821182e-01
2.680000000000000000e+03 2.101400938226039850e-01 1.797947932709556829e-01
2.690000000000000000e+03 2.077845172042356858e-01 1.838233641072500590e-01
2.700000000000000000e+03 2.038940631258558400e-01 1.841523739312463104e-01
2.710000000000000000e+03 2.009809506514433630e-01 1.884498550577982379e-01
2.720000000000000000e+03 2.012074053340169311e-01 1.902951682479963047e-01
2.730000000000000000e+03 2.003967174066635104e-01 1.957859500435401301e-01
2.740000000000000000e+03 1.944851605685097573e-01 1.958569683780756188e-01
2.750000000000000000e+03 1.913390188840598249e-01 1.945337374258900576e-01
2.760000000000000000e+03 1.892686189555011500e-01 1.940038490238157054e-01
2.770000000000000000e+03 1.857450987802152231e-01 1.989333443434763982e-01
2.780000000000000000e+03 1.854320400419582071e-01 1.988592776830401254e-01
2.790000000000000000e+03 1.852730063418431827e-01 1.946888273142809989e-01
2.800000000000000000e+03 1.826322539319186478e-01 1.910277843688327759e-01
2.810000000000000000e+03 1.795750620115984797e-01 1.915684880264135748e-01
2.820000000000000000e+03 1.759349634905907900e-01 1.908852341104610162e-01
2.830000000000000000e+03 1.743349632517013914e-01 1.898696414226172247e-01
2.840000000000000000e+03 1.727528884782767726e-01 1.865663326582552850e-01
2.850000000000000000e+03 1.728996109756820165e-01 1.820007668600015782e-01
2.860000000000000000e+03 1.757229952565168840e-01 1.759503887783259168e-01
2.870000000000000000e+03 1.768096944010103255e-01 1.705712416247833207e-01
2.880000000000000000e+03 1.778114893413253739e-01 1.674789312224211901e-01
2.890000000000000000e+03 1.799080157017494130e-01 1.624764564493890173e-01
2.900000000000000000e+03 1.792275770445325711e-01 1.553188474044865652e-01
2.910000000000000000e+03 1.781329643340640867e-01 1.516240643106726294e-01
2.920000000000000000e+03 1.780889185255446761e-01 1.462934897636573861e-01
2.930000000000000000e+03 1.783297816405744751e-01 1.424544863517652749e-01
2.940000000000000000e+03 1.805853555078587303e-01 1.424833641483385094e-01
2.950000000000000000e+03 1.851172237569243262e-01 1.416343235200359374e-01
2.960000000000000000e+03 1.884182768697946209e-01 1.436759670525213639e-01
2.970000000000000000e+03 1.873814007027456152e-01 1.417382590004458154e-01
2.980000000000000000e+03 1.835421939549376213e-01 1.449185925866320612e-01
2.990000000000000000e+03 1.795501847712572263e-01 1.435368625068977055e-01
3.000000000000000000e+03 1.748171535515683495e-01 1.407535390860797375e-01
3.010000000000000000e+03 1.710777879245433952e-01 1.466665337367293043e-01
3.020000000000000000e+03 1.646686960049318915e-01 1.523993207426730390e-01
3.030000000000000000e+03 1.576984715584332231e-01 1.548759511082101747e-01
3.040000000000000000e+03 1.527805947766005257e-01 1.612435136930579216e-01
3.050000000000000000e+03 1.481886349314031071e-01 1.642175744774065083e-01
3.060000000000000000e+03 1.444719328288589233e-01 1.616050118140149872e-01
3.070000000000000000e+03 1.411605653129924809e-01 1.572572612195213271e-01
3.080000000000000000e+03 1.405329929800149258e-01 1.600993581363248930e-01
3.090000000000000000e+03 1.398987496207202419e-01 1.575101474721878891e-01
3.100000000000000000e+03 1.378094489363076991e-01 1.556115342510934474e-01
3.110000000000000000e+03 1.370721357524459783e-01 1.539412482978745333e-01
3.120000000000000000e+03 1.356587076323516328e-01 1.559662690673377372e-01
3.130000000000000000e+03 1.350704233707622492e-01 1.519964113023738739e-01
3.140000000000000000e+03 1.369127505554404711e-01 1.537772446110104718e-01
3.150000000000000000e+03 1.401619550280135407e-01 1.535530648094627360e-01
3.160000000000000000e+03 1.424799873605899214e-01 1.506295660677738069e-01
3.170000000000000000e+03 1.439227756565727157e-01 1.533538879372488561e-01
3.180000000000000000e+03 1.441554317270303531e-01 1.473874060816247611e-01
3.190000000000000000e+03 1.442132506600619923e-01 1.439572932650234061e-01
3.200000000000000000e+03 1.465914155082129466e-01 1.371931103116230399e-01
3.210000000000000000e+03 1.512011256278204541e-01 1.367909494535044512e-01
3.220000000000000000e+03 1.576515479065943859e-01 1.311577058444871879e-01
3.230000000000000000e+03 1.648727123665432448e-01 1.237185701540930438e-01
3.240000000000000000e+03 1.709563937648009846e-01 1.218214587603079491e-01
3.250000000000000000e+03 1.750901835729135603e-01 1.193243512263623823e-01
3.260000000000000000e+03 1.767908991301703203e-01 1.170794484108615974e-01
3.270000000000000000e+03 1.757849197453766332e-01 1.127155991726695033e-01
3.280000000000000000e+03 1.741603580869196810e-01 1.096838578805336972e-01
3.290000000000000000e+03 1.731016708004304294e-01 1.108705197462791642e-01
3.300000000000000000e+03 1.725761015422272449e-01 1.081812694851372880e-01
3.310000000000000000e+03 1.717049260868327709e-01 1.089437904166445092e-01
3.320000000000000000e+03 1.693848977782964060e-01 1.084029059632528463e-01
3.330000000000000000e+03 1.639115685964945002e-01 1.095581646051348723e-01
3.340000000000000000e+03 1.562061370080981837e-01 1.069039908746941409e-01
3.350000000000000000e+03 1.502956372821691866e-01 1.089604157419834241e-01
3.360000000000000000e+03 1.451230297652269519e-01 1.115866130595881134e-01
3.370000000000000000e+03 1.418186241557520266e-01 1.144442849506373955e-01
3.380000000000000000e+03 1.389509384865952046e-01 1.146027192405403572e-01
3.390000000000000000e+03 1.357008866560013016e-01 1.195624833793556691e-01
3.400000000000000000e+03 1.339773701642388293e-01 1.225060625862784275e-01
3.410000000000000000e+03 1.308105109524837495e-01 1.275920289291734011e-01
3.420000000000000000e+03 1.267211767867049976e-01 1.312831561255455026e-01
3.430000000000000000e+03 1.241716217317575116e-01 1.331964660832758995e-01
3.440000000000000000e+03 1.211136530447913806e-01 1.372756664014898875e-01
3.450000000000000000e+03 1.195270206429005361e-01 1.337970648620038505e-01
3.460000000000000000e+03 1.196451986849426385e-01 1.313647526419709222e-01
3.470000000000000000e+03 1.197198156730918811e-01 1.303845715348550816e-01
3.480000000000000000e+03 1.208201491182853693e-01 1.333469101866635032e-01
3.490000000000000000e+03 1.202834592419971677e-01 1.330875195341176820e-01
3.500000000000000000e+03 1.182365454179856862e-01 1.336873896390476379e-01
3.510000000000000000e+03 1.174109002080622050e-01 1.400197638522285848e-01
3.520000000000000000e+03 1.183758843680212947e-01 1.365845758226968965e-01
3.530000000000000000e+03 1.204654386959399248e-01 1.396930631979170501e-01
3.540000000000000000e+03 1.232086744571315728e-01 1.371426594913830455e-01
3.550000000000000000e+03 1.231922479699126133e-01 1.357990361673714896e-01
3.560000000000000000e+03 1.239772933245894826e-01 1.367790467786797748e-01
3.570000000000000000e+03 1.256581796436991305e-01 1.354867437507454586e-01
3.580000000000000000e+03 1.271648720830354795e-01 1.349466821374148418e-01
3.590000000000000000e+03 1.291920843141597941e-01 1.254427040671372007e-01
3.600000000000000000e+03 1.315374969322140042e-01 1.243056720658583525e-01
3.610000000000000000e+03 1.315402965509315514e-01 1.260641213312364006e-01
3.620000000000000000e+03 1.320411895672688740e-01 1.238800824169969672e-01
3.630000000000000000e+03 1.330628802036274982e-01 1.239386944539377367e-01
3.640000000000000000e+03 1.335011831720359365e-01 1.220744212315079819e-01
3.650000000000000000e+03 1.348098876105570387e-01 1.222218980973765190e-01
3.660000000000000000e+03 1.331347211418618393e-01 1.186213799379176453e-01
3.670000000000000000e+03 1.330135645516560827e-01 1.173406001443650370e-01
3.680000000000000000e+03 1.368230782592237682e-01 1.152330357317798565e-01
3.690000000000000000e+03 1.351921532914029667e-01 1.136935785099590646e-01
3.700000000000000000e+03 1.318133130398086161e-01 1.130565022390018770e-01
3.710000000000000000e+03 1.314861419303590684e-01 1.117580749174529597e-01
3.720000000000000000e+03 1.328568761722906388e-01 1.093057265188467908e-01
3.730000000000000000e+03 1.344545354021994266e-01 1.050829289266291544e-01
3.740000000000000000e+03 1.326748912344374587e-01 1.055132774618729868e-01
3.750000000000000000e+03 1.311276259390823651e-01 1.075643539240666718e-01
3.760000000000000000e+03 1.308112278857583022e-01 1.079498262359051830e-01
3.770000000000000000e+03 1.288793434886026656e-01 1.066910451314603131e-01
3.780000000000000000e+03 1.278225094879425483e-01 1.074497441653251700e-01
3.790000000000000000e+03 1.261742664364082223e-01 1.044389759978971571e-01
3.800000000000000000e+03 1.243539913942312836e-01 1.029024389886915719e-01
3.810000000000000000e+03 1.202251332390452121e-01 1.048432466982925221e-01
3.820000000000000000e+03 1.161740824532493388e-01 1.049882101781445948e-01
3.830000000000000000e+03 1.142949264838121343e-01 1.077903711652915542e-01
3.840000000000000000e+03 1.109335623288514872e-01 1.072078442202402671e-01
3.850000000000000000e+03 1.072668762112892887e-01 1.106701785957365236e-01
3.860000000000000000e+03 1.069469504941360366e-01 1.101966414354878798e-01
3.870000000000000000e+03 1.079957219920072292e-01 1.175213723851034758e-01
3.880000000000000000e+03 1.082708093305335545e-01 1.182561208857216967e-01
3.890000000000000000e+03 1.063719348816121318e-01 1.189261360052901451e-01
3.900000000000000000e+03 1.034647823551555351e-01 1.221767785630158420e-01
3.910000000000000000e+03 1.000997277068518126e-01 1.174986047010878054e-01
3.920000000000000000e+03 9.871211956269061727e-02 1.232553379570011792e-01
3.930000000000000000e+03 9.738820051588001347e-02 1.231451295809547070e-01
3.940000000000000000e+03 9.561604471423594542e-02 1.263333818120476737e-01
3.950000000000000000e+03 9.499748135637428592e-02 1.202410393122754634e-01
3.960000000000000000e+03 9.554928954121280626e-02 1.166761366328619709e-01
3.970000000000000000e+03 9.829767967633584735e-02 1.091109369439800247e-01
3.980000000000000000e+03 1.006525458145400842e-01 1.078591839424893339e-01
3.990000000000000000e+03 1.020326654507414804e-01 1.029491593288764523e-01
4.000000000000000000e+03 1.046928739045426549e-01 1.022028543930642297e-01
4.010000000000000000e+03 1.081447603909964084e-01 1.015795323372059855e-01
4.020000000000000000e+03 1.131109591871886505e-01 9.712705078740062337e-02
4.030000000000000000e+03 1.163494009081264408e-01 9.070341428505337977e-02
4.040000000000000000e+03 1.181700869612011262e-01 8.915919657444851265e-02
4.050000000000000000e+03 1.200288243414877748e-01 8.692517462821042207e-02
4.060000000000000000e+03 1.218469535792541386e-01 8.365237068321572378e-02
4.070000000000000000e+03 1.209590460621289831e-01 8.410890002669836607e-02
4.080000000000000000e+03 1.200807014707900577e-01 8.346700127425503435e-02
4.090000000000000000e+03 1.192851976751813925e-01 8.202372502385917030e-02
4.100000000000000000e+03 1.186264727408910397e-01 8.237963231535311293e-02
4.110000000000000000e+03 1.192324360619803486e-01 8.104879741693511719e-02
4.120000000000000000e+03 1.179347670659593450e-01 8.226643427530672126e-02
4.130000000000000000e+03 1.161309698680491748e-01 8.263238726880250962e-02
4.140000000000000000e+03 1.164248893704462329e-01 8.241027350334644008e-02
4.150000000000000000e+03 1.153599210269945774e-01 8.146280572156730515e-02
4.160000000000000000e+03 1.117846425638941155e-01 8.324689909769564244e-02
4.170000000000000000e+03 1.085471490079933654e-01 8.750171422338055838e-02
4.180000000000000000e+03 1.070711439908860474e-01 8.852859654041578263e-02
4.190000000000000000e+03 1.067583036568614391e-01 8.913919481181195592e-02
4.200000000000000000e+03 1.067498935228868850e-01 9.080102754127652998e-02
4.210000000000000000e+03 1.059895651709198833e-01 8.902603346312477905e-02
4.220000000000000000e+03 1.045338697176631387e-01 8.907043126003691413e-02
4.230000000000000000e+03 1.034544309094858339e-01 9.313586647814586783e-02
4.240000000000000000e+03 1.015399337364843307e-01 9.904305045563209509e-02
4.250000000000000000e+03 9.831317510285837724e-02 1.013908806929531142e-01
4.260000000000000000e+03 9.768005752598803160e-02 1.002958781994742338e-01
4.270000000000000000e+03 9.866980629147950599e-02 1.034827848056321248e-01
4.280000000000000000e+03 9.710467788464724470e-02 1.036899442855752779e-01
4.290000000000000000e+03 9.529015165665542797e-02 1.075048047595958678e-01
4.300000000000000000e+03 9.731789826887346506e-02 1.110946918251156101e-01
4.310000000000000000e+03 9.876703519791937835e-02 1.094647279567755038e-01
4.320000000000000000e+03 9.765114204604447012e-02 1.071944023949475688e-01
4.330000000000000000e+03 9.904243775646232040e-02 1.029864988290095235e-01
4.340000000000000000e+03 1.019746450785900121e-01 1.038236098703685384e-01
4.350000000000000000e+03 1.031315355182041843e-01 1.019818570874490710e-01
4.360000000000000000e+03 1.066547097135506078e-01 1.031384612123557448e-01
4.370000000000000000e+03 1.098296449019549453e-01 1.055124134742940062e-01
4.380000000000000000e+03 1.105930022967060999e-01 1.102366915788162982e-01
4.390000000000000000e+03 1.100769578025616313e-01 1.089590290218363788e-01
4.400000000000000000e+03 1.092368762828412748e-01 1.078964257259291126e-01
4.410000000000000000e+03 1.102007485541183496e-01 1.054152464876780410e-01
4.420000000000000000e+03 1.132185545508508501e-01 1.028560480428324653e-01
4.430000000000000000e+03 1.170660625754840062e-01 1.041630867874503708e-01
4.440000000000000000e+03 1.193381041949105326e-01 1.033868152845239669e-01
4.450000000000000000e+03 1.200371664739610100e-01 1.050769771061524915e-01
4.460000000000000000e+03 1.188853815477949882e-01 1.030967036803405595e-01
4.470000000000000000e+03 1.169831278393635154e-01 1.037905627478090259e-01
4.480000000000000000e+03 1.148848886423961407e-01 1.029973578742864743e-01
4.490000000000000000e+03 1.151863050204901401e-01 1.058109732563527750e-01
4.500000000000000000e+03 1.178535579138206141e-01 1.105538129052529989e-01
4.510000000000000000e+03 1.188550207737432696e-01 1.102660887494775199e-01
4.520000000000000000e+03 1.185199605417079083e-01 1.078769423739808497e-01
4.530000000000000000e+03 1.166249940383143474e-01 1.117532579473055621e-01
4.540000000000000000e+03 1.141859063591101342e-01 1.153467138394431435e-01
4.550000000000000000e+03 1.134367837925136790e-01 1.178906696936781878e-01
4.560000000000000000e+03 1.141531485585291078e-01 1.186735095049511052e-01
4.570000000000000000e+03 1.163746019671566545e-01 1.199809098605955637e-01
4.580000000000000000e+03 1.175191778694353872e-01 1.148122524542092571e-01
4.590000000000000000e+03 1.151909628866501084e-01 1.175877820956022363e-01
4.600000000000000000e+03 1.141196753582909146e-01 1.136001796670678965e-01
4.610000000000000000e+03 1.168286960229520804e-01 1.125970961810213306e-01
4.620000000000000000e+03 1.195352761515387358e-01 1.070456223077718566e-01
4.630000000000000000e+03 1.207546469852135845e-01 1.056746845911423760e-01
4.640000000000000000e+03 1.229707474272086209e-01 1.015262149428382138e-01
4.650000000000000000e+03 1.237641322190945886e-01 9.960460878303353804e-02
4.660000000000000000e+03 1.222968562933854503e-01 9.700601380204976198e-02
4.670000000000000000e+03 1.247980183965101963e-01 9.473173733349654624e-02
4.680000000000000000e+03 1.281959018915803106e-01 9.102886744607648073e-02
4.690000000000000000e+03 1.276992910619422217e-01 9.153864648885109978e-02
4.700000000000000000e+03 1.239380043249382612e-01 8.835141187346123859e-02
4.710000000000000000e+03 1.230823647305633040e-01 8.713667525683028992e-02
4.720000000000000000e+03 1.222796825164440826e-01 8.742356974659167002e-02
4.730000000000000000e+03 1.171471363672956234e-01 8.774869693377308766e-02
4.740000000000000000e+03 1.126696317536380054e-01 8.574241513940254744e-02
4.750000000000000000e+03 1.071629193335550678e-01 8.685998817380788384e-02
4.760000000000000000e+03 1.020150715992868135e-01 9.219823271670812836e-02
4.770000000000000000e+03 9.890347418255407419e-02 9.560962922803370456e-02
4.780000000000000000e+03 9.258822695207823139e-02 9.562055809341396539e-02
4.790000000000000000e+03 8.676411713024713424e-02 9.713339707341586693e-02
4.800000000000000000e+03 8.395402750373924528e-02 9.938181820997871174e-02
4.810000000000000000e+03 8.178568420074272538e-02 1.015149090151825223e-01
4.820000000000000000e+03 7.848865279134936701e-02 1.024130200293429244e-01
4.830000000000000000e+03 7.645959167901474063e-02 1.035925955125126530e-01
4.840000000000000000e+03 7.829739009652499082e-02 9.972241107767333690e-02
4.850000000000000000e+03 7.970474041562623790e-02 1.016398507682648167e-01
4.860000000000000000e+03 8.093679302141668086e-02 1.050363718129039420e-01
4.870000000000000000e+03 8.501393304482210422e-02 1.038339041234281473e-01
4.880000000000000000e+03 8.876283404740299698e-02 9.822281960102524634e-02
4.890000000000000000e+03 9.092516357545288308e-02 1.023609297190717776e-01
4.900000000000000000e+03 9.346810475789539552e-02 9.857784367965238825e-02
4.910000000000000000e+03 9.358524012456945207e-02 9.479229413774888091e-02
4.920000000000000000e+03 9.256727054573640756e-02 9.189748658585958352e-02
4.930000000000000000e+03 9.275931748513610575e-02 8.792403305854264162e-02
4.940000000000000000e+03 9.389289902820457945e-02 8.707317540235964826e-02
4.950000000000000000e+03 9.645287642645170023e-02 8.212869428026750573e-02
4.960000000000000000e+03 9.853297308486744233e-02 8.058338808313871005e-02
4.970000000000000000e+03 9.863889395407124394e-02 7.642468036565817913e-02
4.980000000000000000e+03 9.947834542503947164e-02 7.592480910426102625e-02
4.990000000000000000e+03 1.003706922732284512e-01 7.758858047571655370e-02
