0.000000000000000000e+00 1.026067779430902105e+00 9.739322205690983392e-01
1.000000000000000000e+01 1.030295099948061566e+00 9.634079359802617537e-01
2.000000000000000000e+01 1.029766526341052701e+00 9.501412896066293579e-01
3.000000000000000000e+01 1.027729046513359279e+00 9.361198945519852987e-01
4.000000000000000000e+01 1.024673929844471809e+00 9.226541590316094110e-01
5.000000000000000000e+01 1.020794752465312927e+00 9.113305664853416088e-01
6.000000000000000000e+01 1.016087112567361395e+00 9.000537780848185676e-01
7.000000000000000000e+01 1.010258997049124030e+00 8.911733159583612451e-01
8.000000000000000000e+01 1.003261268689163987e+00 8.830836878875968354e-01
9.000000000000000000e+01 9.953267470783762061e-01 8.754093300036525083e-01
1.000000000000000000e+02 9.862644290592034180e-01 8.688296943887146018e-01
1.100000000000000000e+02 9.758943618392580399e-01 8.644118052381907225e-01
1.200000000000000000e+02 9.646350973157712394e-01 8.601016314086120662e-01
1.300000000000000000e+02 9.528298008342913628e-01 8.570447542063978075e-01
1.400000000000000000e+02 9.401636505181276693e-01 8.549462926198149182e-01
1.500000000000000000e+02 9.268322007512773686e-01 8.529893081738836313e-01
1.600000000000000000e+02 9.133208033221528188e-01 8.523106843261426535e-01
1.700000000000000000e+02 8.997705863441373131e-01 8.516575951129100597e-01
1.800000000000000000e+02 8.861944148944956856e-01 8.509911163803387524e-01
1.900000000000000000e+02 8.722962709939710013e-01 8.503463642745365814e-01
2.000000000000000000e+02 8.587386451253661290e-01 8.500619578491142025e-01
2.100000000000000000e+02 8.459796882068333357e-01 8.483337995117335995e-01
2.200000000000000000e+02 8.338592378055748044e-01 8.473636134358110139e-01
2.300000000000000000e+02 8.224923008502856847e-01 8.445602159238995155e-01
2.400000000000000000e+02 8.119652574267434142e-01 8.415589013296718157e-01
2.500000000000000000e+02 8.029133071436315161e-01 8.384958962502195856e-01
2.600000000000000000e+02 7.947165989813385067e-01 8.334781017640729983e-01
2.700000000000000000e+02 7.873107967653629746e-01 8.277873947036492597e-01
2.800000000000000000e+02 7.809680298029645362e-01 8.220631182107323021e-01
2.900000000000000000e+02 7.754981618817499145e-01 8.137831807141862051e-01
3.000000000000000000e+02 7.712468293109420170e-01 8.063439378136548763e-01
3.100000000000000000e+02 7.677990835560098981e-01 7.970576569450427140e-01
3.200000000000000000e+02 7.650958921437284177e-01 7.881955963617068850e-01
3.300000000000000000e+02 7.628901695461843824e-01 7.763009525692758928e-01
3.400000000000000000e+02 7.614536000232223767e-01 7.666185868604786791e-01
3.500000000000000000e+02 7.605004720184848077e-01 7.555329754726733960e-01
3.600000000000000000e+02 7.599397548342951003e-01 7.445633720482635054e-01
3.700000000000000000e+02 7.594300122429680222e-01 7.332687126926645815e-01
3.800000000000000000e+02 7.587257368539628288e-01 7.215156771902426769e-01
3.900000000000000000e+02 7.579288621144527616e-01 7.102376177350978592e-01
4.000000000000000000e+02 7.570476013990802278e-01 6.995687650395021606e-01
4.100000000000000000e+02 7.554521249435582897e-01 6.898459300001588135e-01
4.200000000000000000e+02 7.533054824310950748e-01 6.803708989386921813e-01
4.300000000000000000e+02 7.506300341494095418e-01 6.711075968917193935e-01
4.400000000000000000e+02 7.471317668181695071e-01 6.641111361844774796e-01
4.500000000000000000e+02 7.429592218089734468e-01 6.568945714360452381e-01
4.600000000000000000e+02 7.375338921464362762e-01 6.504553467784072174e-01
4.700000000000000000e+02 7.315392337638348952e-01 6.456757164243349667e-01
4.800000000000000000e+02 7.252000123157841260e-01 6.405060330834774218e-01
4.900000000000000000e+02 7.181571596279999747e-01 6.379951932269183335e-01
5.000000000000000000e+02 7.100976107828247397e-01 6.342040872517447081e-01
5.100000000000000000e+02 7.011087427165394459e-01 6.318724855850744726e-01
5.200000000000000000e+02 6.916735726108574900e-01 6.302990599486379963e-01
5.300000000000000000e+02 6.821101065561312460e-01 6.289031113871191847e-01
5.400000000000000000e+02 6.723049580195232799e-01 6.277651862297205509e-01
5.500000000000000000e+02 6.625509811706106200e-01 6.269917230623537341e-01
5.600000000000000000e+02 6.527776972895656948e-01 6.265488350374628368e-01
5.700000000000000000e+02 6.428132677970788134e-01 6.266846010513023035e-01
5.800000000000000000e+02 6.332078931262300481e-01 6.252659195608978315e-01
5.900000000000000000e+02 6.237404933163409604e-01 6.248426482272335658e-01
6.000000000000000000e+02 6.145714117209245542e-01 6.230681736197405396e-01
6.100000000000000000e+02 6.063267275436717840e-01 6.214753542434642286e-01
6.200000000000000000e+02 5.987560976278225588e-01 6.189584238562592100e-01
6.300000000000000000e+02 5.917801796038445472e-01 6.161683672641387055e-01
6.400000000000000000e+02 5.855153520709847070e-01 6.133680388638549363e-01
6.500000000000000000e+02 5.800563400407757753e-01 6.098769365480055660e-01
6.600000000000000000e+02 5.750903450056649158e-01 6.045820977542865071e-01
6.700000000000000000e+02 5.712673872905009720e-01 5.994439086836108599e-01
6.800000000000000000e+02 5.683552579179378395e-01 5.936193747312509261e-01
6.900000000000000000e+02 5.657368765704463565e-01 5.868518051724628259e-01
7.000000000000000000e+02 5.637142884662672548e-01 5.796295868613176028e-01
7.100000000000000000e+02 5.621311612857463613e-01 5.722206943355768738e-01
7.200000000000000000e+02 5.607137256818901516e-01 5.643421354734932116e-01
7.300000000000000000e+02 5.598893552794186323e-01 5.559058744944787023e-01
7.400000000000000000e+02 5.597774439512779310e-01 5.481668634348495495e-01
7.500000000000000000e+02 5.592719968286076204e-01 5.391337317098744419e-01
7.600000000000000000e+02 5.587672349033102615e-01 5.310160362646475507e-01
7.700000000000000000e+02 5.580835372885400991e-01 5.232612745792892817e-01
7.800000000000000000e+02 5.568503214321564032e-01 5.152067272917375540e-01
7.900000000000000000e+02 5.554603842483247789e-01 5.079539694585862852e-01
8.000000000000000000e+02 5.538059652039838410e-01 5.009698412867379380e-01
8.100000000000000000e+02 5.518405495897014124e-01 4.948251142602023700e-01
8.200000000000000000e+02 5.493638899092545547e-01 4.884005072233755795e-01
8.300000000000000000e+02 5.463390772978437004e-01 4.836937627360609060e-01
8.400000000000000000e+02 5.426582635675423205e-01 4.792454890816498780e-01
8.500000000000000000e+02 5.382941152250938499e-01 4.751052467488453002e-01
8.600000000000000000e+02 5.334946586154242221e-01 4.726134693616581561e-01
8.700000000000000000e+02 5.279290836237574558e-01 4.696241869509224509e-01
8.800000000000000000e+02 5.217966777465090633e-01 4.676822928007115521e-01
8.900000000000000000e+02 5.153929004180093365e-01 4.647928525828060042e-01
9.000000000000000000e+02 5.087984456380668652e-01 4.650618238452142172e-01
9.100000000000000000e+02 5.017226022565834942e-01 4.625766264009020801e-01
9.200000000000000000e+02 4.942981619939402771e-01 4.619069783977057253e-01
9.300000000000000000e+02 4.869424392525863454e-01 4.614715762073104410e-01
9.400000000000000000e+02 4.795690434123036083e-01 4.605237589998268932e-01
9.500000000000000000e+02 4.725253519314488448e-01 4.597056871680013090e-01
9.600000000000000000e+02 4.654223467397882730e-01 4.591714554880898524e-01
9.700000000000000000e+02 4.586580981344753893e-01 4.579387855306889521e-01
9.800000000000000000e+02 4.526688632471804197e-01 4.570784117668537649e-01
9.900000000000000000e+02 4.467736021207714958e-01 4.558638782289495817e-01
1.000000000000000000e+03 4.408914100557435045e-01 4.546468107958873128e-01
1.010000000000000000e+03 4.355234731523517921e-01 4.525654758747617024e-01
1.020000000000000000e+03 4.308740624877315240e-01 4.496734777090797275e-01
1.030000000000000000e+03 4.268087286978057837e-01 4.471081238439834626e-01
1.040000000000000000e+03 4.233794776546549454e-01 4.434338267013351875e-01
1.050000000000000000e+03 4.205655184969356308e-01 4.393664222481624693e-01
1.060000000000000000e+03 4.180887920605360630e-01 4.356962941778504406e-01
1.070000000000000000e+03 4.161156820038438009e-01 4.304050178878034427e-01
1.080000000000000000e+03 4.148182411042023454e-01 4.253039397043396064e-01
1.090000000000000000e+03 4.136490375225598259e-01 4.195198867177516999e-01
1.100000000000000000e+03 4.125936073466140996e-01 4.143719419542090665e-01
1.110000000000000000e+03 4.117567760388151643e-01 4.085123194881538633e-01
1.120000000000000000e+03 4.112402168887507314e-01 4.024335907837677806e-01
1.130000000000000000e+03 4.106807748655343371e-01 3.966660122046265502e-01
1.140000000000000000e+03 4.099765960001457987e-01 3.904039339108140716e-01
1.150000000000000000e+03 4.092727308312533729e-01 3.849053375719268533e-01
1.160000000000000000e+03 4.082816733541875243e-01 3.794680188661051501e-01
1.170000000000000000e+03 4.073112213462588005e-01 3.738099385251638096e-01
1.180000000000000000e+03 4.062392960844811163e-01 3.689626939350393875e-01
1.190000000000000000e+03 4.046845344605641270e-01 3.647330120666621989e-01
1.200000000000000000e+03 4.027940649627455016e-01 3.598596274723512844e-01
1.210000000000000000e+03 4.004482749880388104e-01 3.560454808940461402e-01
1.220000000000000000e+03 3.975290151534680017e-01 3.529710619778952396e-01
1.230000000000000000e+03 3.943396708807629381e-01 3.497238994881569640e-01
1.240000000000000000e+03 3.908591049568717057e-01 3.471188835163666608e-01
1.250000000000000000e+03 3.870257089784039373e-01 3.448798852669296422e-01
1.260000000000000000e+03 3.829496429316539552e-01 3.434342914752600007e-01
1.270000000000000000e+03 3.785519615956347561e-01 3.423951030524457484e-01
1.280000000000000000e+03 3.738950806062107945e-01 3.411780874688676857e-01
1.290000000000000000e+03 3.689305404462975280e-01 3.399118159636351777e-01
1.300000000000000000e+03 3.638000406300218037e-01 3.393619517624905102e-01
1.310000000000000000e+03 3.586330076751916840e-01 3.384335542120635587e-01
1.320000000000000000e+03 3.534808278059532460e-01 3.381241898565141013e-01
1.330000000000000000e+03 3.483711712150479589e-01 3.375125606195858996e-01
1.340000000000000000e+03 3.431985416056973492e-01 3.369472910840621838e-01
1.350000000000000000e+03 3.380901752129039095e-01 3.365922015433610581e-01
1.360000000000000000e+03 3.330836752706752835e-01 3.356507684554938531e-01
1.370000000000000000e+03 3.284827061451209285e-01 3.349038513817600426e-01
1.380000000000000000e+03 3.244145661768727540e-01 3.335956068134191543e-01
1.390000000000000000e+03 3.209114751684246647e-01 3.325606919131400274e-01
1.400000000000000000e+03 3.175388492726228251e-01 3.303084525901050506e-01
1.410000000000000000e+03 3.146827488429530528e-01 3.282770767704309978e-01
1.420000000000000000e+03 3.122381233132827671e-01 3.252543934134759507e-01
1.430000000000000000e+03 3.101159990583506332e-01 3.228529692619000468e-01
1.440000000000000000e+03 3.084049582176529580e-01 3.199928779592259853e-01
1.450000000000000000e+03 3.067099616233017190e-01 3.167134468723495355e-01
1.460000000000000000e+03 3.052657798644249909e-01 3.127506404713821797e-01
1.470000000000000000e+03 3.042754804969180493e-01 3.089963417397154077e-01
1.480000000000000000e+03 3.035946563588951541e-01 3.050068933955135675e-01
1.490000000000000000e+03 3.028629176825364810e-01 3.010030556591015705e-01
1.500000000000000000e+03 3.023309274665701429e-01 2.968210856500216877e-01
1.510000000000000000e+03 3.021041835684233900e-01 2.929982259516688559e-01
1.520000000000000000e+03 3.015769056633715306e-01 2.888681033798893849e-01
1.530000000000000000e+03 3.011609163520431731e-01 2.844827167890357500e-01
1.540000000000000000e+03 3.007276128759385214e-01 2.802563865049504388e-01
1.550000000000000000e+03 3.000020609726684606e-01 2.766134487312649770e-01
1.560000000000000000e+03 2.992444219019533280e-01 2.726650909952725299e-01
1.570000000000000000e+03 2.982625536916069242e-01 2.695411392286459762e-01
1.580000000000000000e+03 2.970237772639658380e-01 2.662353195646217086e-01
1.590000000000000000e+03 2.952783023451473476e-01 2.632034826516535531e-01
1.600000000000000000e+03 2.931732618179947458e-01 2.602090229888875395e-01
1.610000000000000000e+03 2.909192312426460703e-01 2.578639020808744520e-01
1.620000000000000000e+03 2.883537931462160087e-01 2.568207165787433355e-01
1.630000000000000000e+03 2.854980926651404793e-01 2.546688341363640418e-01
1.640000000000000000e+03 2.825441965723325399e-01 2.533339074136468638e-01
1.650000000000000000e+03 2.793013199911382749e-01 2.523861061393196104e-01
1.660000000000000000e+03 2.757095316055858114e-01 2.514970948365989334e-01
1.670000000000000000e+03 2.720867606369143377e-01 2.505934390678524748e-01
1.680000000000000000e+03 2.685362204582054102e-01 2.499186186858415315e-01
1.690000000000000000e+03 2.649095637840239714e-01 2.491462495010359490e-01
1.700000000000000000e+03 2.612753405158406150e-01 2.490473726919004982e-01
1.710000000000000000e+03 2.575254494165196695e-01 2.483283795374119918e-01
1.720000000000000000e+03 2.538734649985464609e-01 2.482327060725579848e-01
1.730000000000000000e+03 2.501757792723264817e-01 2.477004314720225309e-01
1.740000000000000000e+03 2.466589517138279009e-01 2.468565013566544064e-01
1.750000000000000000e+03 2.435214301153785788e-01 2.459520830413855219e-01
1.760000000000000000e+03 2.406447660066998728e-01 2.449290395175043877e-01
1.770000000000000000e+03 2.379963263699586273e-01 2.439105987657539387e-01
1.780000000000000000e+03 2.354332315828571165e-01 2.422357778579133092e-01
1.790000000000000000e+03 2.331572223965190094e-01 2.409021894283936982e-01
1.800000000000000000e+03 2.312939266379140657e-01 2.393658581258887863e-01
1.810000000000000000e+03 2.293374331308037639e-01 2.373499336489182099e-01
1.820000000000000000e+03 2.275910285544716638e-01 2.346639668346374163e-01
1.830000000000000000e+03 2.262149235605076525e-01 2.327042734495365084e-01
1.840000000000000000e+03 2.249955018185055278e-01 2.303029179939316828e-01
1.850000000000000000e+03 2.239603354609182306e-01 2.274688309067477154e-01
1.860000000000000000e+03 2.231303525214327621e-01 2.248993700806116158e-01
1.870000000000000000e+03 2.223454826934544715e-01 2.222033623579477979e-01
1.880000000000000000e+03 2.217270444756196113e-01 2.193198552222909437e-01
1.890000000000000000e+03 2.213903032881746891e-01 2.165240212985675705e-01
1.900000000000000000e+03 2.209894794972385168e-01 2.132231297407996828e-01
1.910000000000000000e+03 2.203618539514452246e-01 2.108681022019860407e-01
1.920000000000000000e+03 2.197787564667326443e-01 2.080446365587960145e-01
1.930000000000000000e+03 2.192681891604119082e-01 2.053770494605987318e-01
1.940000000000000000e+03 2.186210651414591533e-01 2.025771400283683521e-01
1.950000000000000000e+03 2.178636693590254580e-01 1.998554626783352328e-01
1.960000000000000000e+03 2.170628244938213325e-01 1.975806623487489089e-01
1.970000000000000000e+03 2.160977550951770354e-01 1.954999267317839573e-01
1.980000000000000000e+03 2.149337543576488874e-01 1.929564459998433235e-01
1.990000000000000000e+03 2.136518823476381557e-01 1.912095399457981737e-01
2.000000000000000000e+03 2.121201559467126296e-01 1.895743255524285631e-01
2.010000000000000000e+03 2.104904082660561115e-01 1.879590409088982839e-01
2.020000000000000000e+03 2.085179644700442814e-01 1.870464879158653670e-01
2.030000000000000000e+03 2.064130017298474729e-01 1.857522124648501582e-01
2.040000000000000000e+03 2.042534139933916137e-01 1.847560632831292404e-01
2.050000000000000000e+03 2.018280093818988763e-01 1.842825417228533547e-01
2.060000000000000000e+03 1.992419620587483065e-01 1.836598720182209266e-01
2.070000000000000000e+03 1.966289382620969861e-01 1.829306756560811764e-01
2.080000000000000000e+03 1.939916897915019423e-01 1.827042604110962754e-01
2.090000000000000000e+03 1.913606473046479683e-01 1.822636656234829788e-01
2.100000000000000000e+03 1.886750918443032832e-01 1.816481335787052953e-01
2.110000000000000000e+03 1.860053214492252416e-01 1.814503626941502412e-01
2.120000000000000000e+03 1.834264935398821905e-01 1.814513298285570231e-01
2.130000000000000000e+03 1.810638426339339913e-01 1.808879457469855234e-01
2.140000000000000000e+03 1.786354417032235964e-01 1.804708183093789720e-01
2.150000000000000000e+03 1.762876321594092077e-01 1.801376090522585072e-01
2.160000000000000000e+03 1.740362381511134648e-01 1.793380871072853266e-01
2.170000000000000000e+03 1.719248062212934414e-01 1.784928432461463654e-01
2.180000000000000000e+03 1.701755546457507373e-01 1.772696376179127287e-01
2.190000000000000000e+03 1.686162724641547261e-01 1.758888360450268362e-01
2.200000000000000000e+03 1.673639917596576598e-01 1.742721169165115935e-01
2.210000000000000000e+03 1.661518317225513519e-01 1.728302332965463706e-01
2.220000000000000000e+03 1.651342832495023283e-01 1.712397686089636439e-01
2.230000000000000000e+03 1.644757108947209057e-01 1.692986610665987712e-01
2.240000000000000000e+03 1.638364946023989355e-01 1.673274935613691117e-01
2.250000000000000000e+03 1.633795766549858697e-01 1.647734480725993600e-01
2.260000000000000000e+03 1.630303200988062196e-01 1.624106002186216091e-01
2.270000000000000000e+03 1.626235637054021244e-01 1.600135049596577430e-01
2.280000000000000000e+03 1.623941617160845896e-01 1.578492053679049489e-01
2.290000000000000000e+03 1.621212246718514161e-01 1.553008883866524026e-01
2.300000000000000000e+03 1.618311052099641878e-01 1.530413009703293081e-01
2.310000000000000000e+03 1.616340699478921450e-01 1.512756517234823128e-01
2.320000000000000000e+03 1.613478928718475869e-01 1.489753666683150957e-01
2.330000000000000000e+03 1.609963657196201436e-01 1.471336623241033814e-01
2.340000000000000000e+03 1.604902322899546818e-01 1.452957443278476701e-01
2.350000000000000000e+03 1.597819134027019528e-01 1.433894185906159080e-01
2.360000000000000000e+03 1.590222689021549840e-01 1.420864187331340456e-01
2.370000000000000000e+03 1.580809250968759905e-01 1.407879285529731184e-01
2.380000000000000000e+03 1.568806792582001786e-01 1.394406375361070261e-01
2.390000000000000000e+03 1.556158318594780821e-01 1.385955309923291023e-01
2.400000000000000000e+03 1.542835848523370079e-01 1.378436651788750300e-01
2.410000000000000000e+03 1.527290618199571570e-01 1.370052740359018750e-01
2.420000000000000000e+03 1.510577903076791018e-01 1.362608013173835786e-01
2.430000000000000000e+03 1.493224368439906025e-01 1.359208651530804113e-01
2.440000000000000000e+03 1.475816120534632625e-01 1.356959024590277119e-01
2.450000000000000000e+03 1.455883092235062126e-01 1.350304136141575739e-01
2.460000000000000000e+03 1.434167970031527128e-01 1.351480580165065060e-01
2.470000000000000000e+03 1.415070306072968853e-01 1.348150534214541674e-01
2.480000000000000000e+03 1.394650017992090096e-01 1.344391351264493384e-01
2.490000000000000000e+03 1.374658123316549185e-01 1.344384096742450019e-01
2.500000000000000000e+03 1.355805278586410534e-01 1.340247870570899225e-01
2.510000000000000000e+03 1.336405149690676197e-01 1.338003668383600242e-01
2.520000000000000000e+03 1.318642172847234451e-01 1.332889704536384112e-01
2.530000000000000000e+03 1.301105692343885734e-01 1.328646998347222108e-01
2.540000000000000000e+03 1.286342796165735880e-01 1.323847854213536235e-01
2.550000000000000000e+03 1.272105919270093422e-01 1.315544503453626168e-01
2.560000000000000000e+03 1.258433826616270346e-01 1.303749487486926262e-01
2.570000000000000000e+03 1.248714459452907322e-01 1.296178176971822804e-01
2.580000000000000000e+03 1.239010309694316275e-01 1.284413511395160745e-01
2.590000000000000000e+03 1.230977421401688032e-01 1.273456295582056919e-01
2.600000000000000000e+03 1.224428108223947487e-01 1.258824229091939639e-01
2.610000000000000000e+03 1.216831974152666612e-01 1.248959914255945852e-01
2.620000000000000000e+03 1.212349102727956762e-01 1.232271658509242473e-01
2.630000000000000000e+03 1.209233513003411531e-01 1.217957353885252836e-01
2.640000000000000000e+03 1.205797968286532601e-01 1.201066857215470490e-01
2.650000000000000000e+03 1.202207633741769893e-01 1.181073042623601022e-01
2.660000000000000000e+03 1.199411812752410600e-01 1.166739498060015978e-01
2.670000000000000000e+03 1.198592249095128681e-01 1.149824990458446217e-01
2.680000000000000000e+03 1.196363359389117365e-01 1.129790755430633148e-01
2.690000000000000000e+03 1.194494308903895491e-01 1.118284146396588546e-01
2.700000000000000000e+03 1.192923264541642936e-01 1.102957912540082214e-01
2.710000000000000000e+03 1.189848258674631176e-01 1.091450671462746436e-01
2.720000000000000000e+03 1.185068854146770212e-01 1.076637874273011636e-01
2.730000000000000000e+03 1.179186929745301704e-01 1.066494261055776077e-01
2.740000000000000000e+03 1.173986052422131138e-01 1.053734192701843431e-01
2.750000000000000000e+03 1.166770442747997599e-01 1.042052739010955326e-01
2.760000000000000000e+03 1.156981972190175567e-01 1.038908544992181299e-01
2.770000000000000000e+03 1.147073934457214922e-01 1.027140948208870863e-01
2.780000000000000000e+03 1.136451240468781265e-01 1.022257555807597335e-01
2.790000000000000000e+03 1.124546098251717474e-01 1.012599912522544748e-01
2.800000000000000000e+03 1.111240213905306529e-01 1.013015425196155950e-01
2.810000000000000000e+03 1.098653309456298216e-01 1.010658951748043266e-01
2.820000000000000000e+03 1.086293926665784226e-01 1.007960294084072478e-01
2.830000000000000000e+03 1.073266956112771259e-01 1.005435642992608403e-01
2.840000000000000000e+03 1.060209643342702734e-01 1.004859189377919210e-01
2.850000000000000000e+03 1.045381639829040116e-01 1.005524718051665906e-01
2.860000000000000000e+03 1.031323348626623365e-01 9.981312798470783065e-02
2.870000000000000000e+03 1.018557909934721256e-01 9.977319850554050573e-02
2.880000000000000000e+03 1.005460928508139645e-01 9.938330063904665668e-02
2.890000000000000000e+03 9.923041581028847757e-02 9.910080261031906090e-02
2.900000000000000000e+03 9.801208519924772822e-02 9.844544395764301403e-02
2.910000000000000000e+03 9.682578561485433166e-02 9.816426083531108737e-02
2.920000000000000000e+03 9.582116041290643371e-02 9.784179570149770244e-02
2.930000000000000000e+03 9.497418937300479425e-02 9.719092304830539986e-02
2.940000000000000000e+03 9.414197339935903575e-02 9.651609485103616881e-02
2.950000000000000000e+03 9.351319393972849781e-02 9.586695259061556174e-02
2.960000000000000000e+03 9.278183386997118642e-02 9.487918445450201077e-02
2.970000000000000000e+03 9.211589959732435773e-02 9.398399685660779879e-02
2.980000000000000000e+03 9.152462167608906018e-02 9.321616892361643536e-02
2.990000000000000000e+03 9.114358422940310733e-02 9.246288033799647532e-02
3.000000000000000000e+03 9.087132849676279878e-02 9.093157959204421770e-02
3.010000000000000000e+03 9.056338595297087901e-02 8.990056976815546941e-02
3.020000000000000000e+03 9.028772274969942835e-02 8.858717916247338398e-02
3.030000000000000000e+03 9.001951977778492597e-02 8.756170620380472613e-02
3.040000000000000000e+03 8.984303984435747237e-02 8.575804175009574259e-02
3.050000000000000000e+03 8.961422689838835498e-02 8.474759108848256561e-02
3.060000000000000000e+03 8.927070667620687350e-02 8.381692476273469583e-02
3.070000000000000000e+03 8.883381592665977322e-02 8.264791603250966345e-02
3.080000000000000000e+03 8.830106360354375572e-02 8.169778175682582133e-02
3.090000000000000000e+03 8.793043366228911473e-02 8.063867265038827947e-02
3.100000000000000000e+03 8.763343819668781287e-02 8.022126398743879838e-02
3.110000000000000000e+03 8.708658504488271668e-02 7.936708182479612628e-02
3.120000000000000000e+03 8.651207642456570923e-02 7.832517376646806750e-02
3.130000000000000000e+03 8.581253333429771091e-02 7.792178036932589924e-02
3.140000000000000000e+03 8.508539139579050781e-02 7.725266569729294375e-02
3.150000000000000000e+03 8.448664511417543210e-02 7.697858326722115119e-02
3.160000000000000000e+03 8.374712280055450486e-02 7.647043691432489632e-02
3.170000000000000000e+03 8.290294309308074427e-02 7.602649398990039831e-02
3.180000000000000000e+03 8.196934792548873916e-02 7.574304783598845292e-02
3.190000000000000000e+03 8.102702925973903625e-02 7.511806544169762068e-02
3.200000000000000000e+03 8.007034865285547753e-02 7.482473671604210341e-02
3.210000000000000000e+03 7.898963997376144686e-02 7.474469586617328576e-02
3.220000000000000000e+03 7.786663349281285063e-02 7.481896251652811469e-02
3.230000000000000000e+03 7.680458830427121242e-02 7.431461981370356129e-02
3.240000000000000000e+03 7.574053161297202019e-02 7.449260224147115361e-02
3.250000000000000000e+03 7.466994784190023049e-02 7.415137550159972557e-02
3.260000000000000000e+03 7.372369076149559719e-02 7.400329657065449207e-02
3.270000000000000000e+03 7.270514977450688587e-02 7.395520115403018957e-02
3.280000000000000000e+03 7.179742843658704077e-02 7.357966953992764458e-02
3.290000000000000000e+03 7.101647970189486903e-02 7.314023162700244995e-02
3.300000000000000000e+03 7.025109072959162537e-02 7.272850682920765919e-02
3.310000000000000000e+03 6.970971360944010209e-02 7.203110224124054106e-02
3.320000000000000000e+03 6.916888708673422925e-02 7.179420185764345819e-02
3.330000000000000000e+03 6.854837441201544479e-02 7.084756895749712291e-02
3.340000000000000000e+03 6.809098251725524686e-02 7.014385254159082039e-02
3.350000000000000000e+03 6.782359723692882314e-02 6.955582466550147558e-02
3.360000000000000000e+03 6.749416951936551556e-02 6.915482119472034228e-02
3.370000000000000000e+03 6.712023158459533290e-02 6.796107345614793571e-02
3.380000000000000000e+03 6.688185525394822750e-02 6.719482894666765904e-02
3.390000000000000000e+03 6.671933135392600633e-02 6.647971077781482385e-02
3.400000000000000000e+03 6.668177230128792543e-02 6.542546766106631384e-02
3.410000000000000000e+03 6.656081804067805197e-02 6.455829527731231365e-02
3.420000000000000000e+03 6.637930157223438654e-02 6.374131342376584963e-02
3.430000000000000000e+03 6.640628019842392815e-02 6.279200580747874849e-02
3.440000000000000000e+03 6.634511847684745889e-02 6.205561333623167003e-02
3.450000000000000000e+03 6.613009379727859127e-02 6.087353901565177583e-02
3.460000000000000000e+03 6.591903140340983625e-02 6.041444394211709090e-02
3.470000000000000000e+03 6.560142589695688864e-02 5.953601406909628246e-02
3.480000000000000000e+03 6.524695440624374287e-02 5.890071797346207311e-02
3.490000000000000000e+03 6.494951747807863052e-02 5.825027846680633226e-02
3.500000000000000000e+03 6.464329325936188364e-02 5.750359544926247901e-02
3.510000000000000000e+03 6.413849484813581581e-02 5.713482730370367246e-02
3.520000000000000000e+03 6.359872701273193429e-02 5.659623275169207296e-02
3.530000000000000000e+03 6.291508836817630290e-02 5.606238150285058203e-02
3.540000000000000000e+03 6.220599537653029310e-02 5.616327053736556996e-02
3.550000000000000000e+03 6.135683733040563081e-02 5.567254833404023523e-02
3.560000000000000000e+03 6.036957324660393448e-02 5.575928727282988828e-02
3.570000000000000000e+03 5.953780642286907177e-02 5.532969778307639253e-02
3.580000000000000000e+03 5.879436654942609558e-02 5.527635206435122656e-02
3.590000000000000000e+03 5.806151881649387891e-02 5.558295450216867856e-02
3.600000000000000000e+03 5.732015202289220124e-02 5.538191797313825326e-02
3.610000000000000000e+03 5.647450544417297741e-02 5.531512235104737302e-02
3.620000000000000000e+03 5.570129910761463521e-02 5.513920975683676146e-02
3.630000000000000000e+03 5.511588476755970023e-02 5.515196604866854507e-02
3.640000000000000000e+03 5.453714260081964083e-02 5.495922458755200801e-02
3.650000000000000000e+03 5.386009387603165471e-02 5.446294249456999637e-02
3.660000000000000000e+03 5.321149108757793761e-02 5.436016943527843120e-02
3.670000000000000000e+03 5.266673459115379236e-02 5.410478529727973801e-02
3.680000000000000000e+03 5.201001176583146951e-02 5.384732949918458189e-02
3.690000000000000000e+03 5.137513027325006643e-02 5.336545990864612066e-02
3.700000000000000000e+03 5.086227750726026592e-02 5.298315365905519048e-02
3.710000000000000000e+03 5.050843648572601180e-02 5.275208174915563958e-02
3.720000000000000000e+03 5.013247128907882821e-02 5.211547184432786112e-02
3.730000000000000000e+03 4.969429282757319849e-02 5.151575781626195616e-02
3.740000000000000000e+03 4.936438679064687751e-02 5.094610669218160859e-02
3.750000000000000000e+03 4.910542131303744645e-02 5.023018647450198937e-02
3.760000000000000000e+03 4.887945507863812600e-02 4.982596663176361990e-02
3.770000000000000000e+03 4.871044366871263992e-02 4.933058021435506035e-02
3.780000000000000000e+03 4.851193952151072047e-02 4.836765121291648761e-02
3.790000000000000000e+03 4.839024715249581193e-02 4.807788683300856514e-02
3.800000000000000000e+03 4.832894547269232094e-02 4.741182255996929246e-02
3.810000000000000000e+03 4.827269289820306647e-02 4.680591266959833324e-02
3.820000000000000000e+03 4.828143529244665472e-02 4.610671399662996661e-02
3.830000000000000000e+03 4.818780295317236229e-02 4.555054427673685402e-02
3.840000000000000000e+03 4.801539455639654286e-02 4.480300795744106279e-02
3.850000000000000000e+03 4.802491702830309628e-02 4.422446263462762039e-02
3.860000000000000000e+03 4.800133929171868097e-02 4.349035903216312560e-02
3.870000000000000000e+03 4.780447517478043917e-02 4.326658371202603964e-02
3.880000000000000000e+03 4.755076949207682341e-02 4.262429831528644769e-02
3.890000000000000000e+03 4.738139404939305244e-02 4.217045796276144148e-02
3.900000000000000000e+03 4.706848426286033144e-02 4.174866760751047567e-02
3.910000000000000000e+03 4.652818239398028716e-02 4.140561938677990439e-02
3.920000000000000000e+03 4.613435731613106661e-02 4.126565935513593769e-02
3.930000000000000000e+03 4.574509321659184224e-02 4.099419829420827832e-02
3.940000000000000000e+03 4.523253243466298507e-02 4.086706011658683413e-02
3.950000000000000000e+03 4.462727983894725081e-02 4.074002685102957877e-02
3.960000000000000000e+03 4.396556816768520948e-02 4.035531851523703473e-02
3.970000000000000000e+03 4.340147475495793189e-02 4.048415042125039914e-02
3.980000000000000000e+03 4.284050170772362581e-02 4.027986088497376160e-02
3.990000000000000000e+03 4.218584188388129624e-02 4.022077908214534425e-02
4.000000000000000000e+03 4.159782626278470813e-02 4.016513816809576948e-02
4.010000000000000000e+03 4.113431737230713314e-02 4.013760999612091956e-02
4.020000000000000000e+03 4.046757732842031635e-02 4.001078353472919263e-02
4.030000000000000000e+03 3.983397975836180244e-02 4.004670911202622835e-02
4.040000000000000000e+03 3.940898424757043744e-02 3.988602919578536354e-02
4.050000000000000000e+03 3.900551704775941098e-02 3.964399400285525260e-02
4.060000000000000000e+03 3.857947401022099321e-02 3.935633779248749742e-02
4.070000000000000000e+03 3.811129789621844899e-02 3.953690022960350964e-02
4.080000000000000000e+03 3.778093680343866390e-02 3.908673134133588967e-02
4.090000000000000000e+03 3.744525421658323472e-02 3.900289110700082967e-02
4.100000000000000000e+03 3.703815767966885802e-02 3.885745401870739635e-02
4.110000000000000000e+03 3.681976254707750029e-02 3.834592815902729962e-02
4.120000000000000000e+03 3.671636565444313244e-02 3.783798058287142496e-02
4.130000000000000000e+03 3.663104679642369826e-02 3.784009936957305476e-02
4.140000000000000000e+03 3.644335023245391658e-02 3.730369249064959675e-02
4.150000000000000000e+03 3.633302772126677932e-02 3.715693525342431830e-02
4.160000000000000000e+03 3.631533808030203148e-02 3.622578651009300543e-02
4.170000000000000000e+03 3.626602908246282647e-02 3.578672964924654171e-02
4.180000000000000000e+03 3.611870301926362048e-02 3.563788430802963120e-02
4.190000000000000000e+03 3.587134022544961887e-02 3.481610281313022442e-02
4.200000000000000000e+03 3.574497171092905212e-02 3.433792637360940508e-02
4.210000000000000000e+03 3.573674994626793028e-02 3.385819019604626584e-02
4.220000000000000000e+03 3.568104997441327864e-02 3.325224158554557219e-02
4.230000000000000000e+03 3.564198742128717179e-02 3.275475915872940597e-02
4.240000000000000000e+03 3.548955560013934696e-02 3.222837921734771072e-02
4.250000000000000000e+03 3.534507864904271740e-02 3.197764040380438738e-02
4.260000000000000000e+03 3.527588655440728332e-02 3.169970982783200386e-02
4.270000000000000000e+03 3.510317673729662635e-02 3.148481505817272291e-02
4.280000000000000000e+03 3.488015934729301465e-02 3.099721087918252960e-02
4.290000000000000000e+03 3.472141709388035236e-02 3.078996463736279054e-02
4.300000000000000000e+03 3.444671243990599097e-02 3.046558150142950408e-02
4.310000000000000000e+03 3.406890940720764399e-02 3.014595415964111194e-02
4.320000000000000000e+03 3.376884601408600139e-02 2.976942742119360191e-02
4.330000000000000000e+03 3.348150338982476548e-02 2.974659276607498695e-02
4.340000000000000000e+03 3.309334449535505929e-02 2.965427692346366342e-02
4.350000000000000000e+03 3.274310539140361936e-02 2.940388077728765467e-02
4.360000000000000000e+03 3.234673454785308433e-02 2.952051065156888199e-02
4.370000000000000000e+03 3.178098843570157511e-02 2.936580474434018553e-02
4.380000000000000000e+03 3.122655244862634558e-02 2.922696107701396387e-02
4.390000000000000000e+03 3.080291246805035368e-02 2.920793528014299992e-02
4.400000000000000000e+03 3.049755524395102169e-02 2.922327276430268864e-02
4.410000000000000000e+03 3.010674022679146050e-02 2.917940173387089178e-02
4.420000000000000000e+03 2.964860694597833829e-02 2.908341653419109843e-02
4.430000000000000000e+03 2.924411683258576478e-02 2.901368457721092281e-02
4.440000000000000000e+03 2.882150420061025189e-02 2.894105172129644854e-02
4.450000000000000000e+03 2.843843275741462368e-02 2.893269743355968843e-02
4.460000000000000000e+03 2.817516893338764192e-02 2.893335567829797769e-02
4.470000000000000000e+03 2.791015145422865232e-02 2.886473459000381270e-02
4.480000000000000000e+03 2.753713069222059329e-02 2.869447403627235771e-02
4.490000000000000000e+03 2.733538458597678869e-02 2.857932588943154842e-02
4.500000000000000000e+03 2.725173311324280423e-02 2.835128370868259667e-02
4.510000000000000000e+03 2.698363255653398948e-02 2.799044200325817924e-02
4.520000000000000000e+03 2.679456695868807914e-02 2.789365134474468960e-02
4.530000000000000000e+03 2.655528161041296326e-02 2.773603136093370086e-02
4.540000000000000000e+03 2.633724296744036075e-02 2.758977928103316032e-02
4.550000000000000000e+03 2.621093506518867508e-02 2.711076453018732013e-02
4.560000000000000000e+03 2.606747175570713407e-02 2.676620856063674156e-02
4.570000000000000000e+03 2.602655276860980915e-02 2.620613034216895398e-02
4.580000000000000000e+03 2.602329429401657387e-02 2.585762469037337918e-02
4.590000000000000000e+03 2.593556818227117991e-02 2.580267525512352014e-02
4.600000000000000000e+03 2.595186515222032420e-02 2.522879762820685531e-02
4.610000000000000000e+03 2.603046675588792380e-02 2.485949062823275199e-02
4.620000000000000000e+03 2.600832102959595854e-02 2.492634885093156921e-02
4.630000000000000000e+03 2.606648963812252529e-02 2.438658586847193208e-02
4.640000000000000000e+03 2.614217199439890574e-02 2.402564444238038111e-02
4.650000000000000000e+03 2.602516489712038833e-02 2.358527210842292082e-02
4.660000000000000000e+03 2.598355724405250478e-02 2.367563449937386613e-02
4.670000000000000000e+03 2.590204332138536236e-02 2.345763760688926100e-02
4.680000000000000000e+03 2.576456678984958074e-02 2.358019595360709084e-02
4.690000000000000000e+03 2.558861031736699154e-02 2.329842230258111213e-02
4.700000000000000000e+03 2.536951274773439902e-02 2.296389653025439348e-02
4.710000000000000000e+03 2.519590731229321215e-02 2.310488686324829732e-02
4.720000000000000000e+03 2.509460500215677375e-02 2.291023713440929616e-02
4.730000000000000000e+03 2.493477789358308425e-02 2.300756604492084148e-02
4.740000000000000000e+03 2.467160189277608009e-02 2.283322120256163490e-02
4.750000000000000000e+03 2.441250454576330067e-02 2.253247567882572799e-02
4.760000000000000000e+03 2.415351796998306544e-02 2.261033730162428576e-02
4.770000000000000000e+03 2.386882320184198839e-02 2.227974543476280919e-02
4.780000000000000000e+03 2.354918994005100394e-02 2.234153622346812459e-02
4.790000000000000000e+03 2.334568527691297316e-02 2.232964381453630964e-02
4.800000000000000000e+03 2.312166622482861658e-02 2.217006377532406217e-02
4.810000000000000000e+03 2.301390922994823313e-02 2.224217826355417635e-02
4.820000000000000000e+03 2.285535040301791415e-02 2.222687732145891062e-02
4.830000000000000000e+03 2.247598198810593292e-02 2.219956478551978266e-02
4.840000000000000000e+03 2.207258641051094289e-02 2.210108924507834735e-02
4.850000000000000000e+03 2.176661517269100343e-02 2.219180517840011607e-02
4.860000000000000000e+03 2.155833897073515873e-02 2.181861154547978104e-02
4.870000000000000000e+03 2.135864039407507284e-02 2.214103201729015341e-02
4.880000000000000000e+03 2.112519544605926877e-02 2.184000867643618587e-02
4.890000000000000000e+03 2.087765230023332433e-02 2.194517099402370705e-02
4.900000000000000000e+03 2.070140254382556166e-02 2.177736579855447593e-02
4.910000000000000000e+03 2.055784011316801052e-02 2.162442127355991561e-02
4.920000000000000000e+03 2.053713029920770095e-02 2.144669850083295165e-02
4.930000000000000000e+03 2.057407477019340333e-02 2.137076197160395902e-02
4.940000000000000000e+03 2.047418190137863941e-02 2.098878958549268287e-02
4.950000000000000000e+03 2.037531759778911031e-02 2.068756521261235978e-02
4.960000000000000000e+03 2.038711002708423758e-02 2.073188328189027457e-02
4.970000000000000000e+03 2.034992894675371339e-02 2.014554511654226623e-02
4.980000000000000000e+03 2.033733034369587800e-02 1.968055491297738060e-02
4.990000000000000000e+03 2.039514115506406433e-02 1.940834037886784297e-02
