0.000000000000000000e+00 9.547894682509343589e-01 1.045210531749065419e+00
1.000000000000000000e+01 9.602903016028533356e-01 1.032353014992915652e+00
2.000000000000000000e+01 9.650014520670787688e-01 1.017964127839501520e+00
3.000000000000000000e+01 9.691447682927923912e-01 1.000396875270487262e+00
4.000000000000000000e+01 9.739931735513484012e-01 9.748060923937393873e-01
5.000000000000000000e+01 9.776307595505379089e-01 9.587009512669885103e-01
6.000000000000000000e+01 9.790638993624054542e-01 9.363042537810321031e-01
7.000000000000000000e+01 9.767080925980818895e-01 9.209657930003136705e-01
8.000000000000000000e+01 9.764825347613368400e-01 8.915859003692693241e-01
9.000000000000000000e+01 9.761369618121937819e-01 8.829345845334076737e-01
1.000000000000000000e+02 9.763080458574023845e-01 8.609370015108885887e-01
1.100000000000000000e+02 9.812590844844614191e-01 8.488456178889366432e-01
1.200000000000000000e+02 9.794556237862236392e-01 8.361867125166629888e-01
1.300000000000000000e+02 9.762062857390541026e-01 8.251607520072384849e-01
1.400000000000000000e+02 9.719040275915614702e-01 8.165168637838391419e-01
1.500000000000000000e+02 9.653748499540563133e-01 8.094316621242012566e-01
1.600000000000000000e+02 9.559906675885622152e-01 8.038070819468970951e-01
1.700000000000000000e+02 9.437426560833673816e-01 8.004107799517933275e-01
1.800000000000000000e+02 9.320104598255104511e-01 8.000108636296404674e-01
1.900000000000000000e+02 9.155188761782206974e-01 7.969626494969666020e-01
2.000000000000000000e+02 8.960214530417952572e-01 8.001068103260647879e-01
2.100000000000000000e+02 8.789267281030307410e-01 8.039291652021951506e-01
2.200000000000000000e+02 8.642954604822704612e-01 8.092565358317340696e-01
2.300000000000000000e+02 8.496981272823131981e-01 8.054796843535094730e-01
2.400000000000000000e+02 8.344730789656925607e-01 8.096405182734808248e-01
2.500000000000000000e+02 8.173608002697779762e-01 8.037855669570640460e-01
2.600000000000000000e+02 8.015931669073032007e-01 8.120249302133633051e-01
2.700000000000000000e+02 7.887696232930423434e-01 8.101658949258992992e-01
2.800000000000000000e+02 7.754179134260305029e-01 8.076651222780530937e-01
2.900000000000000000e+02 7.622427437265891781e-01 8.040138884192420399e-01
3.000000000000000000e+02 7.508843161727192239e-01 8.011938656431190076e-01
3.100000000000000000e+02 7.420770595735173281e-01 7.976936426985576922e-01
3.200000000000000000e+02 7.351927670632076861e-01 7.914651902206055745e-01
3.300000000000000000e+02 7.294273795256204229e-01 7.918908859160594949e-01
3.400000000000000000e+02 7.249247444609859814e-01 7.762808900767940168e-01
3.500000000000000000e+02 7.226694614796517202e-01 7.655576602209562820e-01
3.600000000000000000e+02 7.209421141469589678e-01 7.602360571412106749e-01
3.700000000000000000e+02 7.191566260573892810e-01 7.497035278376550371e-01
3.800000000000000000e+02 7.175657125539198766e-01 7.398033604943855535e-01
3.900000000000000000e+02 7.171841392439640694e-01 7.252536992605979060e-01
4.000000000000000000e+02 7.168697647131377915e-01 7.150468847444807485e-01
4.100000000000000000e+02 7.172071045260319799e-01 6.996621911596753174e-01
4.200000000000000000e+02 7.189260568164814735e-01 6.883668985677083851e-01
4.300000000000000000e+02 7.205879822032120741e-01 6.765028211291600480e-01
4.400000000000000000e+02 7.197950487272047893e-01 6.675808647768270987e-01
4.500000000000000000e+02 7.201531587361595932e-01 6.536270773557478764e-01
4.600000000000000000e+02 7.238978387257622993e-01 6.454416996906259252e-01
4.700000000000000000e+02 7.265596458328880125e-01 6.359162588690624451e-01
4.800000000000000000e+02 7.250718743930137933e-01 6.284569178157662916e-01
4.900000000000000000e+02 7.239206868223927449e-01 6.189319908493120526e-01
5.000000000000000000e+02 7.232522477973936104e-01 6.122415680153709960e-01
5.100000000000000000e+02 7.217133913106974497e-01 6.077699000708882693e-01
5.200000000000000000e+02 7.199711175959833120e-01 6.029949057815201519e-01
5.300000000000000000e+02 7.137702293097890616e-01 5.997999301288453600e-01
5.400000000000000000e+02 7.058107859641250537e-01 5.960435795355228938e-01
5.500000000000000000e+02 6.944267625190075899e-01 5.936277668720769674e-01
5.600000000000000000e+02 6.821571476201678808e-01 5.944280337887561938e-01
5.700000000000000000e+02 6.694787767983824134e-01 5.946474918836845980e-01
5.800000000000000000e+02 6.573683933657866740e-01 5.977460235553146983e-01
5.900000000000000000e+02 6.463681668713096018e-01 5.974921808017614744e-01
6.000000000000000000e+02 6.352613787736239859e-01 5.984160611642485028e-01
6.100000000000000000e+02 6.244785939149066767e-01 5.995894765381514224e-01
6.200000000000000000e+02 6.129198879869268701e-01 5.977450029043304136e-01
6.300000000000000000e+02 6.001947418802989764e-01 5.951310612295847013e-01
6.400000000000000000e+02 5.876218392112022570e-01 5.945827527433519277e-01
6.500000000000000000e+02 5.768376510021913095e-01 5.928447416677609105e-01
6.600000000000000000e+02 5.676920098711725204e-01 5.902900546223305289e-01
6.700000000000000000e+02 5.597178073014729138e-01 5.920211589624585491e-01
6.800000000000000000e+02 5.526315663896919084e-01 5.917553577717741264e-01
6.900000000000000000e+02 5.463766237504040779e-01 5.951358738903193002e-01
7.000000000000000000e+02 5.404040498363826828e-01 5.882564350366655814e-01
7.100000000000000000e+02 5.349159388153129635e-01 5.899264281440407265e-01
7.200000000000000000e+02 5.300405003706825102e-01 5.814920957778808575e-01
7.300000000000000000e+02 5.260642682113187973e-01 5.707755369926327260e-01
7.400000000000000000e+02 5.234822471553490786e-01 5.656089944419402382e-01
7.500000000000000000e+02 5.212036077314186056e-01 5.628023256666806473e-01
7.600000000000000000e+02 5.191069405490406075e-01 5.534456872100704805e-01
7.700000000000000000e+02 5.173946266148757855e-01 5.426701614595991208e-01
7.800000000000000000e+02 5.177986674648373810e-01 5.240830387430962523e-01
7.900000000000000000e+02 5.192698947022070799e-01 5.171141345269204548e-01
8.000000000000000000e+02 5.204544682806812039e-01 5.054607362426907224e-01
8.100000000000000000e+02 5.222636936407958341e-01 4.985171491098203123e-01
8.200000000000000000e+02 5.213127026661454888e-01 4.912620041097289225e-01
8.300000000000000000e+02 5.212010173376375732e-01 4.802372826086006019e-01
8.400000000000000000e+02 5.226376526664113786e-01 4.734728808712535542e-01
8.500000000000000000e+02 5.210097819079707593e-01 4.676590818453007503e-01
8.600000000000000000e+02 5.188498640549560337e-01 4.606103378555829742e-01
8.700000000000000000e+02 5.164182807373357553e-01 4.551023824923826067e-01
8.800000000000000000e+02 5.135892083072109982e-01 4.503680112103089495e-01
8.900000000000000000e+02 5.107761535619280702e-01 4.457090057942033057e-01
9.000000000000000000e+02 5.053462071815469914e-01 4.415326208996020463e-01
9.100000000000000000e+02 5.000372145676283964e-01 4.382422926060172697e-01
9.200000000000000000e+02 4.971994705676019422e-01 4.365187875096751546e-01
9.300000000000000000e+02 4.932731754655398926e-01 4.330804797929139194e-01
9.400000000000000000e+02 4.875457237508591946e-01 4.306668141456163057e-01
9.500000000000000000e+02 4.818550159107943820e-01 4.292730774755734724e-01
9.600000000000000000e+02 4.770605510339105404e-01 4.306014722130451222e-01
9.700000000000000000e+02 4.711646886525893141e-01 4.276314684836775015e-01
9.800000000000000000e+02 4.612540666274287937e-01 4.262467853669387741e-01
9.900000000000000000e+02 4.514645468745200341e-01 4.314292716772893388e-01
1.000000000000000000e+03 4.455830786493260032e-01 4.387686748595571173e-01
1.010000000000000000e+03 4.401268074648698736e-01 4.348020388102840639e-01
1.020000000000000000e+03 4.329819339097508712e-01 4.339740551860540307e-01
1.030000000000000000e+03 4.260355511596822242e-01 4.343076035955568681e-01
1.040000000000000000e+03 4.193323035389862619e-01 4.306036962863342143e-01
1.050000000000000000e+03 4.129315170838671611e-01 4.255294995788835855e-01
1.060000000000000000e+03 4.069281706930625853e-01 4.207709984014483262e-01
1.070000000000000000e+03 4.018623893244313017e-01 4.180134586410933495e-01
1.080000000000000000e+03 3.973257596414065951e-01 4.142736554791876524e-01
1.090000000000000000e+03 3.932373985525989268e-01 4.151683039398221253e-01
1.100000000000000000e+03 3.896637300902192624e-01 4.148707348490515145e-01
1.110000000000000000e+03 3.864106335379015600e-01 4.082528504445737116e-01
1.120000000000000000e+03 3.834397524413672986e-01 4.037074740217643787e-01
1.130000000000000000e+03 3.807710689863632036e-01 3.978478478334963042e-01
1.140000000000000000e+03 3.787094907930676491e-01 3.947739223738238046e-01
1.150000000000000000e+03 3.765677403338460461e-01 3.959185716414081457e-01
1.160000000000000000e+03 3.749019440344760201e-01 3.877803336954348534e-01
1.170000000000000000e+03 3.743883204898488803e-01 3.831127371259286929e-01
1.180000000000000000e+03 3.736149040886639905e-01 3.785198622416627301e-01
1.190000000000000000e+03 3.721521191734897815e-01 3.734920048607512366e-01
1.200000000000000000e+03 3.705489393683443766e-01 3.684108319623992656e-01
1.210000000000000000e+03 3.691470900341378147e-01 3.637940294861154999e-01
1.220000000000000000e+03 3.677380454975107682e-01 3.589328591474638119e-01
1.230000000000000000e+03 3.655614692825099321e-01 3.547450825893883608e-01
1.240000000000000000e+03 3.634502121021475074e-01 3.485509460278819471e-01
1.250000000000000000e+03 3.632155681044995088e-01 3.412795944480319643e-01
1.260000000000000000e+03 3.643355717006248606e-01 3.374446803454331234e-01
1.270000000000000000e+03 3.650680804523779854e-01 3.334217897792708940e-01
1.280000000000000000e+03 3.653133354435878499e-01 3.315396390303354535e-01
1.290000000000000000e+03 3.650706173325851123e-01 3.271927715072535103e-01
1.300000000000000000e+03 3.645827316306134436e-01 3.226973520085648639e-01
1.310000000000000000e+03 3.632553558439701735e-01 3.184256570766171857e-01
1.320000000000000000e+03 3.609617676948380649e-01 3.159495783510844480e-01
1.330000000000000000e+03 3.573141493466629459e-01 3.134231254505174258e-01
1.340000000000000000e+03 3.552594824659273676e-01 3.102813651679025564e-01
1.350000000000000000e+03 3.548595857478539783e-01 3.084258148573851832e-01
1.360000000000000000e+03 3.518565009226639062e-01 3.070842218424259529e-01
1.370000000000000000e+03 3.500854622538643324e-01 3.045344864610493585e-01
1.380000000000000000e+03 3.467588551349726766e-01 3.031034451003465358e-01
1.390000000000000000e+03 3.406734327487516700e-01 3.020591008804195954e-01
1.400000000000000000e+03 3.360596339264249610e-01 3.013277277746125304e-01
1.410000000000000000e+03 3.286353290050804676e-01 2.993934357169211746e-01
1.420000000000000000e+03 3.218758411432544042e-01 2.992062555459215623e-01
1.430000000000000000e+03 3.182818909041024158e-01 2.980302190278522612e-01
1.440000000000000000e+03 3.156126684986268471e-01 2.981032251322798809e-01
1.450000000000000000e+03 3.134097176413155328e-01 2.979522060316475152e-01
1.460000000000000000e+03 3.096481115234698267e-01 2.986092224366901360e-01
1.470000000000000000e+03 3.065100084927191437e-01 3.001226213933683162e-01
1.480000000000000000e+03 3.017399598159499763e-01 2.954205701277582974e-01
1.490000000000000000e+03 2.969766326835147630e-01 2.984607095751523054e-01
1.500000000000000000e+03 2.950634987455790226e-01 2.999599155800949379e-01
1.510000000000000000e+03 2.939347546510869269e-01 3.015982907080568265e-01
1.520000000000000000e+03 2.917267675745687794e-01 2.995087041738183631e-01
1.530000000000000000e+03 2.888658552953354830e-01 3.023256050335386691e-01
1.540000000000000000e+03 2.865767097077694947e-01 3.023782037122521582e-01
1.550000000000000000e+03 2.822152147121810839e-01 2.991366312043730047e-01
1.560000000000000000e+03 2.779328337968039464e-01 3.006256505721603411e-01
1.570000000000000000e+03 2.741648912183842213e-01 2.947789116348095706e-01
1.580000000000000000e+03 2.711303768228051081e-01 2.948872773670341840e-01
1.590000000000000000e+03 2.687014219152402683e-01 2.861993688743015296e-01
1.600000000000000000e+03 2.665729921177171780e-01 2.806355555815048253e-01
1.610000000000000000e+03 2.651425014399728108e-01 2.750261168188394834e-01
1.620000000000000000e+03 2.642178174535242952e-01 2.744129640191794173e-01
1.630000000000000000e+03 2.637107671047806412e-01 2.627052185558610975e-01
1.640000000000000000e+03 2.639255929063035744e-01 2.609366023439506077e-01
1.650000000000000000e+03 2.634424480471864172e-01 2.563169599027220746e-01
1.660000000000000000e+03 2.629522460416848784e-01 2.492990144329007007e-01
1.670000000000000000e+03 2.618095442941321127e-01 2.480042932996452676e-01
1.680000000000000000e+03 2.594497659363384501e-01 2.434366781159984783e-01
1.690000000000000000e+03 2.582773930327236789e-01 2.373766142767444742e-01
1.700000000000000000e+03 2.579989133063894657e-01 2.358655082130561853e-01
1.710000000000000000e+03 2.566348808171251550e-01 2.339281296933896082e-01
1.720000000000000000e+03 2.551980200485057804e-01 2.302442936777434612e-01
1.730000000000000000e+03 2.541006475182950308e-01 2.276300431049133322e-01
1.740000000000000000e+03 2.527325499550894805e-01 2.260432493419203548e-01
1.750000000000000000e+03 2.501411663841862643e-01 2.250301789907815653e-01
1.760000000000000000e+03 2.463917445815063945e-01 2.234847470092304889e-01
1.770000000000000000e+03 2.431288012993124692e-01 2.220253235306425266e-01
1.780000000000000000e+03 2.396235907917565466e-01 2.210314375573032564e-01
1.790000000000000000e+03 2.360760416682771978e-01 2.196708103442440441e-01
1.800000000000000000e+03 2.344517880373469809e-01 2.186654409383454734e-01
1.810000000000000000e+03 2.312561774563994532e-01 2.177245581169341138e-01
1.820000000000000000e+03 2.282018813796059808e-01 2.166936206420171651e-01
1.830000000000000000e+03 2.260134184362736220e-01 2.152939668343518964e-01
1.840000000000000000e+03 2.229681585661165144e-01 2.144672581557035829e-01
1.850000000000000000e+03 2.219267713350297211e-01 2.138634921053938209e-01
1.860000000000000000e+03 2.209114342343137805e-01 2.120430145132966848e-01
1.870000000000000000e+03 2.189323562966695447e-01 2.107043295512385506e-01
1.880000000000000000e+03 2.163583643604394535e-01 2.098508112146954818e-01
1.890000000000000000e+03 2.131056272780267602e-01 2.089475029110089144e-01
1.900000000000000000e+03 2.108790037842299403e-01 2.101814746136849710e-01
1.910000000000000000e+03 2.098516398318715781e-01 2.082897645547983068e-01
1.920000000000000000e+03 2.077125932913026218e-01 2.056185946082219329e-01
1.930000000000000000e+03 2.051256147934734375e-01 2.075021411017196338e-01
1.940000000000000000e+03 2.037093057175896893e-01 2.093628830886548331e-01
1.950000000000000000e+03 2.023985492146843368e-01 2.042461862649543602e-01
1.960000000000000000e+03 2.002340741377830191e-01 2.004356916606623296e-01
1.970000000000000000e+03 1.985719346460516344e-01 2.012745059913774170e-01
1.980000000000000000e+03 1.971746456716699791e-01 1.966320742894886175e-01
1.990000000000000000e+03 1.956648258142138219e-01 1.950222373443877555e-01
2.000000000000000000e+03 1.940271306249387318e-01 1.912244541926358676e-01
2.010000000000000000e+03 1.928586717560054897e-01 1.954048953638481689e-01
2.020000000000000000e+03 1.919349054128797472e-01 1.949217086014839173e-01
2.030000000000000000e+03 1.914480518659066322e-01 1.938104338395695569e-01
2.040000000000000000e+03 1.909701310046637290e-01 1.988267112233439715e-01
2.050000000000000000e+03 1.901205195362207778e-01 1.951600866887985009e-01
2.060000000000000000e+03 1.895614416361829091e-01 1.932200313019722948e-01
2.070000000000000000e+03 1.890933203719958600e-01 1.881570858710236438e-01
2.080000000000000000e+03 1.886946655132940576e-01 1.855181230899427547e-01
2.090000000000000000e+03 1.898547099788544801e-01 1.757854948022342656e-01
2.100000000000000000e+03 1.910396961500620827e-01 1.781531461656987725e-01
2.110000000000000000e+03 1.897992547438366318e-01 1.755164946705179974e-01
2.120000000000000000e+03 1.898374708346920181e-01 1.725515302341500412e-01
2.130000000000000000e+03 1.909049371158250963e-01 1.689628422590713497e-01
2.140000000000000000e+03 1.896390057304835342e-01 1.688096316769519822e-01
2.150000000000000000e+03 1.888282163981512551e-01 1.644925495783323977e-01
2.160000000000000000e+03 1.917000962472724668e-01 1.630926574493949677e-01
2.170000000000000000e+03 1.922953230773048194e-01 1.625921513719620071e-01
2.180000000000000000e+03 1.901652247333091850e-01 1.610338524114446057e-01
2.190000000000000000e+03 1.871697592414056921e-01 1.599919145651976515e-01
2.200000000000000000e+03 1.832828114625180416e-01 1.590351217735414824e-01
2.210000000000000000e+03 1.816213369677596168e-01 1.585028859618447528e-01
2.220000000000000000e+03 1.797501632456951493e-01 1.579919848251733761e-01
2.230000000000000000e+03 1.774059816018851155e-01 1.590507961026995654e-01
2.240000000000000000e+03 1.755964972401238000e-01 1.585773212609837557e-01
2.250000000000000000e+03 1.722065104099721466e-01 1.577209797907370981e-01
2.260000000000000000e+03 1.689512963902133069e-01 1.575387556852581861e-01
2.270000000000000000e+03 1.656130864177809414e-01 1.563164579216777816e-01
2.280000000000000000e+03 1.612083062145486245e-01 1.551442394256722646e-01
2.290000000000000000e+03 1.579337803526063844e-01 1.572508495092863889e-01
2.300000000000000000e+03 1.546807985985882983e-01 1.545637597681242814e-01
2.310000000000000000e+03 1.522156212908349626e-01 1.570239201753673153e-01
2.320000000000000000e+03 1.509827368476303333e-01 1.537356279956560712e-01
2.330000000000000000e+03 1.491440208682465463e-01 1.524802934294606505e-01
2.340000000000000000e+03 1.474548604298586696e-01 1.509062184361201486e-01
2.350000000000000000e+03 1.454515334780319968e-01 1.471809560083504331e-01
2.360000000000000000e+03 1.442348288710560145e-01 1.493575339682537972e-01
2.370000000000000000e+03 1.435633710695497778e-01 1.469030041845072188e-01
2.380000000000000000e+03 1.426036669037973603e-01 1.427150815131841277e-01
2.390000000000000000e+03 1.417012389703300734e-01 1.434335147871914351e-01
2.400000000000000000e+03 1.411898541045756572e-01 1.398612537910931264e-01
2.410000000000000000e+03 1.415238756565046774e-01 1.392796558496564585e-01
2.420000000000000000e+03 1.415436472457417549e-01 1.394913690142621232e-01
2.430000000000000000e+03 1.420185367944753474e-01 1.363878375167936474e-01
2.440000000000000000e+03 1.427717115372733880e-01 1.355206463232958847e-01
2.450000000000000000e+03 1.437131237267174344e-01 1.310688215310457927e-01
2.460000000000000000e+03 1.447134619649728671e-01 1.302934506705734352e-01
2.470000000000000000e+03 1.440503197788114143e-01 1.284736724679371445e-01
2.480000000000000000e+03 1.415508640560491638e-01 1.274794693243455901e-01
2.490000000000000000e+03 1.389563883926190624e-01 1.247264624385997084e-01
2.500000000000000000e+03 1.389394868782308501e-01 1.222823786774036164e-01
2.510000000000000000e+03 1.396480209283237073e-01 1.215749971721664796e-01
2.520000000000000000e+03 1.384009370545200013e-01 1.209881170163922270e-01
2.530000000000000000e+03 1.377837483826901688e-01 1.197228487306208344e-01
2.540000000000000000e+03 1.382523244965081222e-01 1.192235922140462284e-01
2.550000000000000000e+03 1.373293718590613555e-01 1.185995039224621017e-01
2.560000000000000000e+03 1.352990456570059841e-01 1.179810352626431830e-01
2.570000000000000000e+03 1.319200180142972856e-01 1.174744422236155966e-01
2.580000000000000000e+03 1.289406101396815829e-01 1.174697872782801550e-01
2.590000000000000000e+03 1.284241523587388023e-01 1.171434357617687355e-01
2.600000000000000000e+03 1.271624569879872546e-01 1.156115969620745143e-01
2.610000000000000000e+03 1.256743725791321376e-01 1.153006312920993315e-01
2.620000000000000000e+03 1.269223630394256397e-01 1.149434660978439354e-01
2.630000000000000000e+03 1.263028883618018405e-01 1.136230370487999464e-01
2.640000000000000000e+03 1.234996194897676897e-01 1.141673073257580967e-01
2.650000000000000000e+03 1.213592759455416475e-01 1.149760191980890439e-01
2.660000000000000000e+03 1.182830728725707270e-01 1.145844798215354537e-01
2.670000000000000000e+03 1.158589217802867694e-01 1.160001229713174403e-01
2.680000000000000000e+03 1.147952975670882697e-01 1.166994267444654287e-01
2.690000000000000000e+03 1.138542242776499763e-01 1.156874012057190759e-01
2.700000000000000000e+03 1.124746054902496101e-01 1.124066300225266685e-01
2.710000000000000000e+03 1.111381632902079253e-01 1.108355890736172356e-01
2.720000000000000000e+03 1.103065945949750493e-01 1.102283775602589388e-01
2.730000000000000000e+03 1.091189377886357531e-01 1.079328065439743994e-01
2.740000000000000000e+03 1.077516363717614528e-01 1.074662887051117122e-01
2.750000000000000000e+03 1.065676075721940091e-01 1.056915947943554562e-01
2.760000000000000000e+03 1.055350274077777178e-01 1.048462782259984433e-01
2.770000000000000000e+03 1.047295975469875878e-01 1.046799856561706904e-01
2.780000000000000000e+03 1.041356416932335133e-01 1.063087503056187738e-01
2.790000000000000000e+03 1.032139472965885457e-01 1.020664531749856940e-01
2.800000000000000000e+03 1.023630189982988603e-01 1.054449817588007238e-01
2.810000000000000000e+03 1.016619465830101016e-01 1.017552896100291093e-01
2.820000000000000000e+03 1.011403329802092466e-01 1.016983795937671381e-01
2.830000000000000000e+03 1.004609971332062618e-01 1.005074174711669405e-01
2.840000000000000000e+03 9.972210336439372991e-02 9.742552231344996094e-02
2.850000000000000000e+03 9.894799080584036621e-02 9.584808282072691810e-02
2.860000000000000000e+03 9.806107108249273452e-02 9.496902679414044590e-02
2.870000000000000000e+03 9.715746666847567548e-02 9.510115472591253172e-02
2.880000000000000000e+03 9.619651227594289145e-02 9.415438480524779274e-02
2.890000000000000000e+03 9.540494073478529569e-02 9.275813555124144683e-02
2.900000000000000000e+03 9.472171592526335004e-02 9.330646574332172871e-02
2.910000000000000000e+03 9.427247664918310399e-02 9.265221597121298114e-02
2.920000000000000000e+03 9.403587644093486242e-02 9.369774222208930581e-02
2.930000000000000000e+03 9.391845498149843652e-02 9.172846220418424956e-02
2.940000000000000000e+03 9.400315230419420409e-02 9.162571990628413932e-02
2.950000000000000000e+03 9.438583290806089321e-02 8.937026547332878323e-02
2.960000000000000000e+03 9.390698247462325732e-02 9.050395376312431184e-02
2.970000000000000000e+03 9.181571049560703635e-02 8.854621182367528043e-02
2.980000000000000000e+03 9.053718988028887360e-02 8.700448782310776785e-02
2.990000000000000000e+03 9.054305820522655368e-02 8.511748270661095850e-02
3.000000000000000000e+03 9.080463259682584887e-02 8.535307404438120804e-02
3.010000000000000000e+03 9.039157224543011016e-02 8.479617657480159609e-02
3.020000000000000000e+03 8.926326885730932748e-02 8.456229741627531438e-02
3.030000000000000000e+03 8.877500614145909796e-02 8.211068560246198578e-02
3.040000000000000000e+03 8.980289063472486621e-02 8.122819310716010432e-02
3.050000000000000000e+03 8.989206744091458867e-02 8.044452605052747340e-02
3.060000000000000000e+03 9.066661769599937415e-02 8.000561081430167254e-02
3.070000000000000000e+03 9.053772256372727423e-02 7.903525817297928080e-02
3.080000000000000000e+03 8.968348005487125629e-02 7.901926482763341197e-02
3.090000000000000000e+03 8.885977157269907278e-02 7.778647140384356562e-02
3.100000000000000000e+03 8.781843717568427188e-02 7.731209443205992737e-02
3.110000000000000000e+03 8.606006517853835580e-02 7.629970194442645126e-02
3.120000000000000000e+03 8.444588321383056373e-02 7.688024937966357608e-02
3.130000000000000000e+03 8.387625061782948144e-02 7.641860642741739318e-02
3.140000000000000000e+03 8.329858501122618109e-02 7.568249191544004773e-02
3.150000000000000000e+03 8.245874525898544416e-02 7.370436958266068928e-02
3.160000000000000000e+03 8.068959356436632147e-02 7.239048523712453276e-02
3.170000000000000000e+03 7.917123212411579514e-02 7.226012454484896652e-02
3.180000000000000000e+03 7.761352374938475240e-02 7.088108003759023557e-02
3.190000000000000000e+03 7.701387205067772301e-02 7.217856434780005326e-02
3.200000000000000000e+03 7.666568861257457013e-02 6.989455046669838800e-02
3.210000000000000000e+03 7.614104916561278968e-02 7.081977505166356379e-02
3.220000000000000000e+03 7.579589251608641332e-02 7.018769510205637163e-02
3.230000000000000000e+03 7.512675106121023683e-02 7.057161495903276072e-02
3.240000000000000000e+03 7.418695974223647738e-02 6.999473809138483105e-02
3.250000000000000000e+03 7.353175586093051164e-02 7.392517026337176722e-02
3.260000000000000000e+03 7.324782549891446781e-02 7.508030544762128722e-02
3.270000000000000000e+03 7.184798432656709644e-02 7.494066608943036889e-02
3.280000000000000000e+03 6.992304147604426479e-02 7.466066845820916453e-02
3.290000000000000000e+03 6.822756717279651606e-02 7.440892629963639926e-02
3.300000000000000000e+03 6.716580485541125134e-02 7.608097204988824303e-02
3.310000000000000000e+03 6.652049939684008539e-02 7.630899022741792492e-02
3.320000000000000000e+03 6.598016192799847912e-02 7.632648397686077335e-02
3.330000000000000000e+03 6.565433680507944125e-02 7.281075271187698039e-02
3.340000000000000000e+03 6.601685277924142226e-02 7.136954092153617590e-02
3.350000000000000000e+03 6.727661268734838607e-02 7.032420041955879386e-02
3.360000000000000000e+03 6.758917094155293681e-02 7.326055478516636799e-02
3.370000000000000000e+03 6.755784743971300632e-02 6.760871283909429541e-02
3.380000000000000000e+03 6.754410192194838791e-02 6.839825786551413656e-02
3.390000000000000000e+03 6.820126132940267094e-02 6.356942315679044164e-02
3.400000000000000000e+03 6.940422036941250317e-02 6.415824851060981937e-02
3.410000000000000000e+03 6.981120865566885214e-02 6.172431462358099474e-02
3.420000000000000000e+03 6.937773570289354486e-02 6.149608198791534780e-02
3.430000000000000000e+03 6.832492566020920144e-02 5.942506765166386679e-02
3.440000000000000000e+03 6.853012346448401904e-02 5.860101471031192027e-02
3.450000000000000000e+03 6.950618876026712356e-02 5.818554949060822379e-02
3.460000000000000000e+03 7.039488321219873612e-02 5.763295636289966078e-02
3.470000000000000000e+03 6.984517718579172363e-02 5.745801082480661570e-02
3.480000000000000000e+03 6.744189712249676338e-02 5.630903970021094995e-02
3.490000000000000000e+03 6.590706119936806662e-02 5.690861506946830878e-02
3.500000000000000000e+03 6.498073790362908497e-02 5.619776486391133558e-02
3.510000000000000000e+03 6.384825510428217277e-02 5.727755496875433505e-02
3.520000000000000000e+03 6.234750049032303232e-02 5.599831588740294963e-02
3.530000000000000000e+03 6.130561759625369894e-02 5.826116743067382558e-02
3.540000000000000000e+03 6.089751954958664421e-02 5.604440309860237585e-02
3.550000000000000000e+03 6.030892175659808424e-02 5.700570681472605372e-02
3.560000000000000000e+03 5.972949554362131513e-02 5.493010996386052391e-02
3.570000000000000000e+03 5.858613581824212435e-02 5.537116807889719272e-02
3.580000000000000000e+03 5.668986418229016860e-02 5.316631500882034594e-02
3.590000000000000000e+03 5.543549389075377865e-02 5.555894348081871076e-02
3.600000000000000000e+03 5.511687725499217483e-02 5.370630456770795341e-02
3.610000000000000000e+03 5.401323618103553298e-02 5.114042365766607173e-02
3.620000000000000000e+03 5.290817466164779437e-02 5.133186313946480617e-02
3.630000000000000000e+03 5.228667384570812732e-02 5.222592648283513883e-02
3.640000000000000000e+03 5.171573592679379328e-02 5.151456546852398871e-02
3.650000000000000000e+03 5.112708120350619584e-02 5.045156954295456492e-02
3.660000000000000000e+03 5.054301086837382356e-02 4.940247901919705281e-02
3.670000000000000000e+03 5.010577366055618542e-02 4.960506834726816083e-02
3.680000000000000000e+03 4.979150190181522162e-02 5.011007956794891888e-02
3.690000000000000000e+03 4.931167639308628448e-02 5.014944225774969205e-02
3.700000000000000000e+03 4.871533121133068273e-02 4.918640918742771956e-02
3.710000000000000000e+03 4.847239514333228499e-02 4.776149375083139220e-02
3.720000000000000000e+03 4.796973522612763691e-02 4.897830703651150780e-02
3.730000000000000000e+03 4.715895152521710348e-02 4.780153402536851254e-02
3.740000000000000000e+03 4.681285687687280345e-02 4.752802559757068890e-02
3.750000000000000000e+03 4.683628569005460207e-02 4.766199890680461460e-02
3.760000000000000000e+03 4.707568916260476688e-02 4.647279714906073916e-02
3.770000000000000000e+03 4.720573700713292381e-02 4.529762233836350654e-02
3.780000000000000000e+03 4.653518276473436743e-02 4.481028174668896108e-02
3.790000000000000000e+03 4.547115555365190825e-02 4.429874442540954887e-02
3.800000000000000000e+03 4.463816710754400785e-02 4.388407845702874815e-02
3.810000000000000000e+03 4.408868588979817510e-02 4.348227958566122653e-02
3.820000000000000000e+03 4.363321287570211954e-02 4.306415065732024927e-02
3.830000000000000000e+03 4.318795402014488638e-02 4.261890321159950146e-02
3.840000000000000000e+03 4.276383645629380087e-02 4.218997906834778128e-02
3.850000000000000000e+03 4.248795704643259369e-02 4.185729263505463121e-02
3.860000000000000000e+03 4.225205514464987905e-02 4.123372240193894783e-02
3.870000000000000000e+03 4.205604185157636038e-02 4.078703221743656265e-02
3.880000000000000000e+03 4.194644184002197657e-02 4.029988868663320067e-02
3.890000000000000000e+03 4.177466336115845391e-02 3.987062839125123104e-02
3.900000000000000000e+03 4.159435682588619870e-02 3.935820514814355325e-02
3.910000000000000000e+03 4.133534559669801295e-02 3.915363645439870477e-02
3.920000000000000000e+03 4.106745213164583047e-02 3.859700715073598881e-02
3.930000000000000000e+03 4.084358346381591204e-02 3.806907959121280660e-02
3.940000000000000000e+03 4.061216300147748454e-02 3.772036350056993254e-02
3.950000000000000000e+03 4.036133345783723264e-02 3.730348800512118396e-02
3.960000000000000000e+03 4.006392355778484043e-02 3.695622300220764711e-02
3.970000000000000000e+03 3.976559685825170609e-02 3.680925903813284106e-02
3.980000000000000000e+03 3.944575785741057106e-02 3.635185586173798195e-02
3.990000000000000000e+03 3.910720450895111000e-02 3.624620854781770291e-02
4.000000000000000000e+03 3.884272530601813600e-02 3.627366646678110290e-02
4.010000000000000000e+03 3.867626244007767861e-02 3.560880965793181835e-02
4.020000000000000000e+03 3.823956439966642862e-02 3.537441198413868865e-02
4.030000000000000000e+03 3.762334263700481407e-02 3.555509330789937555e-02
4.040000000000000000e+03 3.716749694817688549e-02 3.507342423026445916e-02
4.050000000000000000e+03 3.674970167104362612e-02 3.520102397700750757e-02
4.060000000000000000e+03 3.633222760964787551e-02 3.516957427548380449e-02
4.070000000000000000e+03 3.597372862031040369e-02 3.485713295793393951e-02
4.080000000000000000e+03 3.574095435546909699e-02 3.470783067873692979e-02
4.090000000000000000e+03 3.531473868160934365e-02 3.504194317701921774e-02
4.100000000000000000e+03 3.487237394067135843e-02 3.428631731199063143e-02
4.110000000000000000e+03 3.453455735949689104e-02 3.422267113856802129e-02
4.120000000000000000e+03 3.425116984184791574e-02 3.384877931686888081e-02
4.130000000000000000e+03 3.400730217010756312e-02 3.383594686547570368e-02
4.140000000000000000e+03 3.392371576681650625e-02 3.328765196556767586e-02
4.150000000000000000e+03 3.391280004345440663e-02 3.316351022931075115e-02
4.160000000000000000e+03 3.359370236467559834e-02 3.281306563686332139e-02
4.170000000000000000e+03 3.358642889779869800e-02 3.267033410378827191e-02
4.180000000000000000e+03 3.338906565411017130e-02 3.229490166215005786e-02
4.190000000000000000e+03 3.268819620881319166e-02 3.199671210962967693e-02
4.200000000000000000e+03 3.202816841611317439e-02 3.167077918195652930e-02
4.210000000000000000e+03 3.177330122870480195e-02 3.177262202164698318e-02
4.220000000000000000e+03 3.160828774633480526e-02 3.116347095738645004e-02
4.230000000000000000e+03 3.127329913278154710e-02 3.087110905766296889e-02
4.240000000000000000e+03 3.103609938794410147e-02 3.048660023414537582e-02
4.250000000000000000e+03 3.094343215273427997e-02 3.042511628984380032e-02
4.260000000000000000e+03 3.093969849446994227e-02 3.026179541125406311e-02
4.270000000000000000e+03 3.075149570372225083e-02 3.061337267738745496e-02
4.280000000000000000e+03 3.060863638178930660e-02 2.910137001187283398e-02
4.290000000000000000e+03 3.044662819586727368e-02 2.911528891709691536e-02
4.300000000000000000e+03 3.026920656755935704e-02 2.841291133422162163e-02
4.310000000000000000e+03 3.015695936450468739e-02 2.832416291320731527e-02
4.320000000000000000e+03 2.999153140094263856e-02 2.783246727081819735e-02
4.330000000000000000e+03 2.976747857785960738e-02 2.770449243100364667e-02
4.340000000000000000e+03 2.945691329939369510e-02 2.730429133152560348e-02
4.350000000000000000e+03 2.922665614126048958e-02 2.696105518018322364e-02
4.360000000000000000e+03 2.907115425866723876e-02 2.671922455625262358e-02
4.370000000000000000e+03 2.889111960216213595e-02 2.693955993102403398e-02
4.380000000000000000e+03 2.853855807370820827e-02 2.650383305430199787e-02
4.390000000000000000e+03 2.829231809962952718e-02 2.616107019741159556e-02
4.400000000000000000e+03 2.802288316463736120e-02 2.619746958816853918e-02
4.410000000000000000e+03 2.769036008023119041e-02 2.601533740852856116e-02
4.420000000000000000e+03 2.735575128872091630e-02 2.587359801603717271e-02
4.430000000000000000e+03 2.703042088477428107e-02 2.561446986340752685e-02
4.440000000000000000e+03 2.671760195688292761e-02 2.548182587201885604e-02
4.450000000000000000e+03 2.640640777283871643e-02 2.575479375844318131e-02
4.460000000000000000e+03 2.610032443791373072e-02 2.538283406603505585e-02
4.470000000000000000e+03 2.580465608050036899e-02 2.564243589176882013e-02
4.480000000000000000e+03 2.550720805633785102e-02 2.611411131177165945e-02
4.490000000000000000e+03 2.522898166315758542e-02 2.523929160334026367e-02
4.500000000000000000e+03 2.495011528988565555e-02 2.552119973273895073e-02
4.510000000000000000e+03 2.468781282852605327e-02 2.651666377162383015e-02
4.520000000000000000e+03 2.445380442965277082e-02 2.738410528661558430e-02
4.530000000000000000e+03 2.422988547240559343e-02 2.660291576618115453e-02
4.540000000000000000e+03 2.400245498721097215e-02 2.636268047581375243e-02
4.550000000000000000e+03 2.383167917951070636e-02 2.703183891248867043e-02
4.560000000000000000e+03 2.373657138791310586e-02 2.563213877056543313e-02
4.570000000000000000e+03 2.367614550537368301e-02 2.706847623118102675e-02
4.580000000000000000e+03 2.347619609670064875e-02 2.625298789810432201e-02
4.590000000000000000e+03 2.363847518843556136e-02 2.470651617912982337e-02
4.600000000000000000e+03 2.389278828215380193e-02 2.539747407407522486e-02
4.610000000000000000e+03 2.391420182660217511e-02 2.388495996084900874e-02
4.620000000000000000e+03 2.412249031283731845e-02 2.325373397770907555e-02
4.630000000000000000e+03 2.475423037265184201e-02 2.231328747316159433e-02
4.640000000000000000e+03 2.519566253313459611e-02 2.252985022438408827e-02
4.650000000000000000e+03 2.491129018074212872e-02 2.200194078815447332e-02
4.660000000000000000e+03 2.474884019057421378e-02 2.174896629856885866e-02
4.670000000000000000e+03 2.481018877279930757e-02 2.126977808521014410e-02
4.680000000000000000e+03 2.446183089853300185e-02 2.152003986476197853e-02
4.690000000000000000e+03 2.381160744198523860e-02 2.098871949057440692e-02
4.700000000000000000e+03 2.407219046503402196e-02 2.043747521992012040e-02
4.710000000000000000e+03 2.385687197456256778e-02 2.042978897722505863e-02
4.720000000000000000e+03 2.351836876536967172e-02 2.001821194804102172e-02
4.730000000000000000e+03 2.426778495446911543e-02 1.984106611776214821e-02
4.740000000000000000e+03 2.447312213398085065e-02 2.023482187182037983e-02
4.750000000000000000e+03 2.460620042327027121e-02 1.959033614482790994e-02
4.760000000000000000e+03 2.509842432056069716e-02 1.945802775401306653e-02
4.770000000000000000e+03 2.457526678097643469e-02 1.921425840705591817e-02
4.780000000000000000e+03 2.390406311710492962e-02 1.922112054082872681e-02
4.790000000000000000e+03 2.388396414368819387e-02 1.943079726731760867e-02
4.800000000000000000e+03 2.409154883004845094e-02 1.962317588438470053e-02
4.810000000000000000e+03 2.392679110066955883e-02 1.994090803300125128e-02
4.820000000000000000e+03 2.339483507941119214e-02 2.025855558195940181e-02
4.830000000000000000e+03 2.257096105668906713e-02 2.038030704589750483e-02
4.840000000000000000e+03 2.167465003039288282e-02 2.045129990805133122e-02
4.850000000000000000e+03 2.065896349005169261e-02 2.036108654908583976e-02
4.860000000000000000e+03 1.966221140184578123e-02 2.016492937997361665e-02
4.870000000000000000e+03 1.889992606880250975e-02 2.026760217732648250e-02
4.880000000000000000e+03 1.855614389276609433e-02 2.165445982412783632e-02
4.890000000000000000e+03 1.846434429159941534e-02 2.141248909658545821e-02
4.900000000000000000e+03 1.829124703529529800e-02 2.071106466284775710e-02
4.910000000000000000e+03 1.838953870364369581e-02 2.115874121228392135e-02
4.920000000000000000e+03 1.861582127878367784e-02 1.973173557095629985e-02
4.930000000000000000e+03 1.791895587754658084e-02 1.865973546855547241e-02
4.940000000000000000e+03 1.744597450958954368e-02 1.991975574150220765e-02
4.950000000000000000e+03 1.727362786960029081e-02 1.922892685878988678e-02
4.960000000000000000e+03 1.713110989493889583e-02 1.888258762438653135e-02
4.970000000000000000e+03 1.701594431470168298e-02 1.793679855878427612e-02
4.980000000000000000e+03 1.702519433349605413e-02 1.789281031030076283e-02
4.990000000000000000e+03 1.717907450039782638e-02 1.784030738723421661e-02
