0.000000000000000000e+00 9.898290595208908416e-01 1.010170940479109269e+00
1.000000000000000000e+01 9.830784841410252772e-01 1.009856843276202287e+00
2.000000000000000000e+01 9.743854237909592708e-01 1.004723060670400070e+00
3.000000000000000000e+01 9.658728014580703070e-01 9.978954807208660904e-01
4.000000000000000000e+01 9.565826353133911608e-01 9.905933493054001060e-01
5.000000000000000000e+01 9.483858825074426013e-01 9.828938921058060219e-01
6.000000000000000000e+01 9.425541793904502752e-01 9.726597226564144272e-01
7.000000000000000000e+01 9.386446075697233438e-01 9.622149258221212031e-01
8.000000000000000000e+01 9.351719210855958808e-01 9.517889055751400651e-01
9.000000000000000000e+01 9.320594530951027412e-01 9.401162412524987078e-01
1.000000000000000000e+02 9.297360587918321873e-01 9.274304640419955836e-01
1.100000000000000000e+02 9.285299055180801231e-01 9.140831808628805399e-01
1.200000000000000000e+02 9.275332835999646752e-01 9.008137865348664342e-01
1.300000000000000000e+02 9.257071228751865277e-01 8.901214007539580697e-01
1.400000000000000000e+02 9.235063549234445723e-01 8.763963397076939277e-01
1.500000000000000000e+02 9.215777542592923366e-01 8.655384884276350332e-01
1.600000000000000000e+02 9.189594146224616678e-01 8.534801089027527210e-01
1.700000000000000000e+02 9.155610818527148975e-01 8.441858791949518048e-01
1.800000000000000000e+02 9.112025946692028366e-01 8.327178178429839317e-01
1.900000000000000000e+02 9.066813908220640039e-01 8.221664178561750580e-01
2.000000000000000000e+02 9.019703247884442998e-01 8.133184086919171829e-01
2.100000000000000000e+02 8.970060242912993864e-01 8.064021371328388144e-01
2.200000000000000000e+02 8.914126160469716398e-01 7.981039555571566302e-01
2.300000000000000000e+02 8.850755488715232877e-01 7.921624749403176624e-01
2.400000000000000000e+02 8.778539315005770005e-01 7.867850299918360824e-01
2.500000000000000000e+02 8.691403946107519873e-01 7.811885418306749873e-01
2.600000000000000000e+02 8.599900539226225105e-01 7.774419133986150143e-01
2.700000000000000000e+02 8.503669726636157167e-01 7.740712397630050701e-01
2.800000000000000000e+02 8.399641503317830660e-01 7.715057102002218503e-01
2.900000000000000000e+02 8.300334348500018056e-01 7.689452988702172309e-01
3.000000000000000000e+02 8.203474961114364250e-01 7.677123951770565835e-01
3.100000000000000000e+02 8.097402640309659949e-01 7.665531175409349141e-01
3.200000000000000000e+02 7.982515935635472459e-01 7.664557891625712882e-01
3.300000000000000000e+02 7.875020661483371764e-01 7.651540033113564121e-01
3.400000000000000000e+02 7.775814111874427281e-01 7.648948828792413446e-01
3.500000000000000000e+02 7.671037045460558090e-01 7.637071524862659722e-01
3.600000000000000000e+02 7.568410106859255748e-01 7.604796596811819187e-01
3.700000000000000000e+02 7.475277965983704309e-01 7.596325813304770636e-01
3.800000000000000000e+02 7.393376168302965290e-01 7.574255435416787918e-01
3.900000000000000000e+02 7.315781815185887771e-01 7.543161221212779655e-01
4.000000000000000000e+02 7.242860906726217296e-01 7.495558620395252891e-01
4.100000000000000000e+02 7.180160368615809974e-01 7.447481452089665943e-01
4.200000000000000000e+02 7.120942904803746476e-01 7.382712610006488818e-01
4.300000000000000000e+02 7.078391920989127728e-01 7.320664431649593906e-01
4.400000000000000000e+02 7.040898368487203962e-01 7.239674270016822621e-01
4.500000000000000000e+02 7.010380723533146119e-01 7.170455140923689408e-01
4.600000000000000000e+02 6.989232041293832465e-01 7.056866765475036107e-01
4.700000000000000000e+02 6.968741923838428498e-01 6.976575461934564348e-01
4.800000000000000000e+02 6.957112308330127837e-01 6.891411143579658782e-01
4.900000000000000000e+02 6.942648180634769517e-01 6.790955641420014510e-01
5.000000000000000000e+02 6.922990102061673534e-01 6.712527102920953226e-01
5.100000000000000000e+02 6.907800336338738578e-01 6.613367985293499007e-01
5.200000000000000000e+02 6.894944392114992215e-01 6.530019629540585457e-01
5.300000000000000000e+02 6.888052320836101083e-01 6.449218804997791654e-01
5.400000000000000000e+02 6.872068034994019969e-01 6.367036330562113600e-01
5.500000000000000000e+02 6.850321862123521788e-01 6.292390154005966796e-01
5.600000000000000000e+02 6.828975962684873391e-01 6.215393901009398370e-01
5.700000000000000000e+02 6.801488745231961675e-01 6.166848296970904864e-01
5.800000000000000000e+02 6.758402068460426237e-01 6.091564684968863164e-01
5.900000000000000000e+02 6.707308457872296348e-01 6.031095606965163336e-01
6.000000000000000000e+02 6.657058387645597985e-01 6.000257881932374859e-01
6.100000000000000000e+02 6.602550978329330134e-01 5.953248467578043934e-01
6.200000000000000000e+02 6.550518655121150280e-01 5.920446928436621237e-01
6.300000000000000000e+02 6.495794908906377119e-01 5.880642175506964886e-01
6.400000000000000000e+02 6.425884446003906625e-01 5.843467639765757005e-01
6.500000000000000000e+02 6.347474574365619127e-01 5.810974520420205680e-01
6.600000000000000000e+02 6.256896282021597866e-01 5.785430942252527409e-01
6.700000000000000000e+02 6.164880958493528240e-01 5.770056056065278050e-01
6.800000000000000000e+02 6.079587605170099218e-01 5.757322917645592009e-01
6.900000000000000000e+02 6.002030853942398325e-01 5.751473847187091870e-01
7.000000000000000000e+02 5.929743247036237674e-01 5.767064275220826763e-01
7.100000000000000000e+02 5.861866999514391274e-01 5.741900882842386755e-01
7.200000000000000000e+02 5.794236814246409573e-01 5.713140499069118139e-01
7.300000000000000000e+02 5.721154041862758222e-01 5.704912336772489656e-01
7.400000000000000000e+02 5.651121766242397371e-01 5.682817138030267223e-01
7.500000000000000000e+02 5.586559339775473143e-01 5.647372566378026093e-01
7.600000000000000000e+02 5.523928578004331236e-01 5.624361620951076057e-01
7.700000000000000000e+02 5.471168699274494562e-01 5.603685827904957284e-01
7.800000000000000000e+02 5.423705584685388770e-01 5.562647444141657349e-01
7.900000000000000000e+02 5.369252099912514842e-01 5.523611668375176809e-01
8.000000000000000000e+02 5.328526625907030745e-01 5.470376486663067750e-01
8.100000000000000000e+02 5.297346970849439174e-01 5.434836407377279244e-01
8.200000000000000000e+02 5.262547074310270911e-01 5.379660373578846189e-01
8.300000000000000000e+02 5.226832842326368800e-01 5.330029599102343862e-01
8.400000000000000000e+02 5.190477442323991886e-01 5.277124187650821252e-01
8.500000000000000000e+02 5.160821266237530791e-01 5.209536736781498201e-01
8.600000000000000000e+02 5.141453804018475404e-01 5.161130347277813613e-01
8.700000000000000000e+02 5.130365830352080492e-01 5.122681031300408971e-01
8.800000000000000000e+02 5.118755397925244255e-01 5.070204548796520827e-01
8.900000000000000000e+02 5.103266427326161869e-01 5.017971435922924384e-01
9.000000000000000000e+02 5.084711979788020253e-01 4.952845411302401746e-01
9.100000000000000000e+02 5.068600699702685564e-01 4.859219669500875471e-01
9.200000000000000000e+02 5.052253460164329857e-01 4.813558480625012015e-01
9.300000000000000000e+02 5.033957052178467118e-01 4.775111726688875957e-01
9.400000000000000000e+02 5.018536730987859240e-01 4.702701331487196268e-01
9.500000000000000000e+02 5.004907721745698312e-01 4.647582130893943009e-01
9.600000000000000000e+02 4.988055178719244531e-01 4.585440756909328064e-01
9.700000000000000000e+02 4.969230423922678663e-01 4.546586690169150957e-01
9.800000000000000000e+02 4.944320554693598657e-01 4.490292891161408173e-01
9.900000000000000000e+02 4.914135817426468766e-01 4.451670881562769244e-01
1.000000000000000000e+03 4.883662329631916488e-01 4.413007248218020484e-01
1.010000000000000000e+03 4.854894948030115120e-01 4.380035758561967030e-01
1.020000000000000000e+03 4.826865171244687502e-01 4.354158270172690526e-01
1.030000000000000000e+03 4.792855084071734884e-01 4.313043595584922785e-01
1.040000000000000000e+03 4.745327645444738507e-01 4.280982628761211828e-01
1.050000000000000000e+03 4.699248543745930262e-01 4.244799925229285065e-01
1.060000000000000000e+03 4.644631323993381744e-01 4.220458979420294021e-01
1.070000000000000000e+03 4.583489022786929601e-01 4.206799384364342531e-01
1.080000000000000000e+03 4.516227970784533752e-01 4.194333515711106686e-01
1.090000000000000000e+03 4.446240967048755710e-01 4.200629290110766134e-01
1.100000000000000000e+03 4.373640189994367211e-01 4.180498964677216711e-01
1.110000000000000000e+03 4.303910128504749855e-01 4.197413047212834591e-01
1.120000000000000000e+03 4.245374736020421369e-01 4.189830028303216380e-01
1.130000000000000000e+03 4.182273140980252157e-01 4.196037772149188716e-01
1.140000000000000000e+03 4.118492059434207819e-01 4.178604485504704980e-01
1.150000000000000000e+03 4.065589084683061127e-01 4.183362492115850206e-01
1.160000000000000000e+03 4.013582657134722731e-01 4.146167513122681614e-01
1.170000000000000000e+03 3.968667420329503592e-01 4.143465525943426098e-01
1.180000000000000000e+03 3.931023472523694773e-01 4.117801398107274191e-01
1.190000000000000000e+03 3.895941772101871869e-01 4.113186159009108445e-01
1.200000000000000000e+03 3.859525359589228710e-01 4.062238766801970491e-01
1.210000000000000000e+03 3.828794686278476633e-01 4.028588936843195967e-01
1.220000000000000000e+03 3.808541747719899617e-01 3.982957639948856432e-01
1.230000000000000000e+03 3.795493792923402276e-01 3.937782010039396208e-01
1.240000000000000000e+03 3.786855824419136929e-01 3.897075610717489758e-01
1.250000000000000000e+03 3.777677320749734946e-01 3.851556678426228952e-01
1.260000000000000000e+03 3.775341378479247778e-01 3.808348235930732462e-01
1.270000000000000000e+03 3.778279787120089606e-01 3.768769042978408756e-01
1.280000000000000000e+03 3.778859099182133030e-01 3.715655943036268449e-01
1.290000000000000000e+03 3.779194918635141454e-01 3.658504822169207360e-01
1.300000000000000000e+03 3.780067250557263003e-01 3.592736558396080193e-01
1.310000000000000000e+03 3.778658971252760734e-01 3.545768678873536528e-01
1.320000000000000000e+03 3.773247945303501161e-01 3.475129869909514002e-01
1.330000000000000000e+03 3.767715929982644596e-01 3.434068708183667384e-01
1.340000000000000000e+03 3.757207529840018156e-01 3.404363694852985955e-01
1.350000000000000000e+03 3.741993114002190590e-01 3.354474240021772524e-01
1.360000000000000000e+03 3.720946632864772785e-01 3.315435849474527297e-01
1.370000000000000000e+03 3.709444026327342603e-01 3.287137054937114278e-01
1.380000000000000000e+03 3.690119923925987422e-01 3.249668873758697618e-01
1.390000000000000000e+03 3.664155608040774448e-01 3.243268143653340041e-01
1.400000000000000000e+03 3.643302803294517500e-01 3.216652799470750002e-01
1.410000000000000000e+03 3.616409611661122181e-01 3.208005337107342481e-01
1.420000000000000000e+03 3.570221335692368436e-01 3.192477843231527612e-01
1.430000000000000000e+03 3.504195891711305300e-01 3.193372370720443665e-01
1.440000000000000000e+03 3.451475676741928011e-01 3.199766609413035034e-01
1.450000000000000000e+03 3.410861376084608487e-01 3.205272087592181962e-01
1.460000000000000000e+03 3.357702475117000374e-01 3.209067251982101743e-01
1.470000000000000000e+03 3.304425452993688950e-01 3.190010166274599990e-01
1.480000000000000000e+03 3.264033931663440358e-01 3.180459667794585665e-01
1.490000000000000000e+03 3.215444034270597551e-01 3.189815169270892592e-01
1.500000000000000000e+03 3.170183840309404588e-01 3.194085118274623269e-01
1.510000000000000000e+03 3.135901824991997877e-01 3.170659692941659724e-01
1.520000000000000000e+03 3.105224333343580279e-01 3.170152518502699079e-01
1.530000000000000000e+03 3.073107783668926341e-01 3.144887495575398040e-01
1.540000000000000000e+03 3.044053165170411135e-01 3.125626465293454004e-01
1.550000000000000000e+03 3.027672652260046671e-01 3.125663831955904359e-01
1.560000000000000000e+03 3.010318516000410893e-01 3.106122838979168965e-01
1.570000000000000000e+03 2.995075936598412536e-01 3.091118390617774159e-01
1.580000000000000000e+03 2.975257840162384704e-01 3.058654491151314159e-01
1.590000000000000000e+03 2.947377474846006318e-01 3.029003540880223500e-01
1.600000000000000000e+03 2.930594075872189341e-01 2.995543778755513364e-01
1.610000000000000000e+03 2.919023721947336947e-01 2.956461208382940020e-01
1.620000000000000000e+03 2.904561864350492795e-01 2.931410505840567060e-01
1.630000000000000000e+03 2.890540715436499264e-01 2.912294330884081517e-01
1.640000000000000000e+03 2.873839726002957451e-01 2.862350453120129368e-01
1.650000000000000000e+03 2.865816351023328656e-01 2.826363192374057309e-01
1.660000000000000000e+03 2.873809308536885987e-01 2.804221980714364792e-01
1.670000000000000000e+03 2.883063444203878833e-01 2.756593277673446418e-01
1.680000000000000000e+03 2.890739484409219906e-01 2.720247085561584566e-01
1.690000000000000000e+03 2.888002137660020674e-01 2.680050971178187802e-01
1.700000000000000000e+03 2.890653984238588659e-01 2.645037588876318346e-01
1.710000000000000000e+03 2.893165362325574308e-01 2.603913576031820498e-01
1.720000000000000000e+03 2.891403364712642476e-01 2.567306710494549615e-01
1.730000000000000000e+03 2.886132271044999364e-01 2.544062624884052548e-01
1.740000000000000000e+03 2.862259960384583302e-01 2.527369657791149193e-01
1.750000000000000000e+03 2.836393363642855658e-01 2.509979250611645285e-01
1.760000000000000000e+03 2.812733561899284918e-01 2.498627629188673038e-01
1.770000000000000000e+03 2.782442551222551463e-01 2.476624587403792044e-01
1.780000000000000000e+03 2.743015714742516042e-01 2.463544798219849397e-01
1.790000000000000000e+03 2.707844441827808590e-01 2.465463735324884831e-01
1.800000000000000000e+03 2.679887177062383330e-01 2.456470120422616366e-01
1.810000000000000000e+03 2.641302849418951104e-01 2.439492329054323838e-01
1.820000000000000000e+03 2.605980156637602296e-01 2.431931351302682176e-01
1.830000000000000000e+03 2.581829475064895130e-01 2.432874504939068483e-01
1.840000000000000000e+03 2.556213470859781678e-01 2.416730916440228694e-01
1.850000000000000000e+03 2.525769945967297758e-01 2.421053243376221076e-01
1.860000000000000000e+03 2.497768100842912564e-01 2.439325644977718421e-01
1.870000000000000000e+03 2.469307717690233384e-01 2.453342891307220552e-01
1.880000000000000000e+03 2.434845113352769319e-01 2.464565917952528662e-01
1.890000000000000000e+03 2.404352193553814243e-01 2.466442453858189165e-01
1.900000000000000000e+03 2.371266044233711623e-01 2.471814281064862451e-01
1.910000000000000000e+03 2.333807149387464031e-01 2.476143385386297413e-01
1.920000000000000000e+03 2.300882414676153620e-01 2.456291041143109088e-01
1.930000000000000000e+03 2.275853123411979706e-01 2.466585901809849601e-01
1.940000000000000000e+03 2.251713893262988486e-01 2.464760832328021511e-01
1.950000000000000000e+03 2.250751329660806710e-01 2.467789050795204664e-01
1.960000000000000000e+03 2.258913372937795261e-01 2.431173215899014028e-01
1.970000000000000000e+03 2.259402018660996714e-01 2.425893947798623274e-01
1.980000000000000000e+03 2.251500545809052845e-01 2.399943151494050575e-01
1.990000000000000000e+03 2.251183641580613570e-01 2.351906600456800944e-01
2.000000000000000000e+03 2.264839362254994493e-01 2.330831107568493710e-01
2.010000000000000000e+03 2.276720733401795260e-01 2.265316621897537075e-01
2.020000000000000000e+03 2.280912410596701023e-01 2.266154597346996535e-01
2.030000000000000000e+03 2.288059537963009760e-01 2.214110752355669398e-01
2.040000000000000000e+03 2.310599326269668630e-01 2.179596975266495373e-01
2.050000000000000000e+03 2.327154932921301211e-01 2.135837635171914939e-01
2.060000000000000000e+03 2.334848557049759576e-01 2.122668311345138337e-01
2.070000000000000000e+03 2.339302138441416434e-01 2.088497439746640205e-01
2.080000000000000000e+03 2.323221201292764160e-01 2.044340681616711175e-01
2.090000000000000000e+03 2.297443415004971623e-01 2.022017048662175520e-01
2.100000000000000000e+03 2.279437521705415248e-01 1.987626491652827454e-01
2.110000000000000000e+03 2.273508681491274719e-01 1.969525571955221266e-01
2.120000000000000000e+03 2.267738740177321632e-01 1.953799495538139919e-01
2.130000000000000000e+03 2.254393439594404580e-01 1.931305385914794115e-01
2.140000000000000000e+03 2.229813281119168156e-01 1.909544962654591282e-01
2.150000000000000000e+03 2.204679844425476709e-01 1.893055221749848360e-01
2.160000000000000000e+03 2.176288423106067793e-01 1.887699626201536085e-01
2.170000000000000000e+03 2.145335598517638109e-01 1.898418601153945007e-01
2.180000000000000000e+03 2.114016499037600916e-01 1.916090989524759092e-01
2.190000000000000000e+03 2.091018649483965264e-01 1.926892865229467566e-01
2.200000000000000000e+03 2.070769785309475586e-01 1.939692690922646678e-01
2.210000000000000000e+03 2.033405820955134502e-01 1.970313034076615621e-01
2.220000000000000000e+03 1.986091153780471796e-01 1.968288025949384568e-01
2.230000000000000000e+03 1.940343519414280959e-01 1.958850802509437272e-01
2.240000000000000000e+03 1.896716868315548032e-01 1.957499796653368318e-01
2.250000000000000000e+03 1.862139059761904192e-01 1.987074916944665537e-01
2.260000000000000000e+03 1.839432910717507252e-01 1.984680637041660034e-01
2.270000000000000000e+03 1.820031907359371259e-01 1.984627068629005731e-01
2.280000000000000000e+03 1.792434825281693234e-01 1.971061938058339957e-01
2.290000000000000000e+03 1.774839314995024231e-01 1.978852134660868123e-01
2.300000000000000000e+03 1.760544765434130798e-01 1.965050852220900368e-01
2.310000000000000000e+03 1.750812706869179780e-01 1.965026053830362662e-01
2.320000000000000000e+03 1.743939746675922109e-01 1.968812501163545170e-01
2.330000000000000000e+03 1.731326307686846533e-01 1.943843835939693676e-01
2.340000000000000000e+03 1.730123672074747598e-01 1.918508642118836871e-01
2.350000000000000000e+03 1.740807973203483405e-01 1.904886308565971464e-01
2.360000000000000000e+03 1.743908745093590007e-01 1.866514691845246321e-01
2.370000000000000000e+03 1.756478679203191118e-01 1.851644906361750997e-01
2.380000000000000000e+03 1.777882461544621762e-01 1.812849111426962645e-01
2.390000000000000000e+03 1.792936232239747962e-01 1.783306462442461049e-01
2.400000000000000000e+03 1.803050172928083172e-01 1.750206946376323403e-01
2.410000000000000000e+03 1.803435295262462990e-01 1.707422574834162043e-01
2.420000000000000000e+03 1.813684098201536754e-01 1.685991660777589329e-01
2.430000000000000000e+03 1.827678390509495931e-01 1.634469409517251282e-01
2.440000000000000000e+03 1.834330478711754253e-01 1.587988797503792626e-01
2.450000000000000000e+03 1.840459963234484519e-01 1.559020207272311387e-01
2.460000000000000000e+03 1.845318279982222365e-01 1.518143342770093551e-01
2.470000000000000000e+03 1.856105916973323222e-01 1.508827121582741737e-01
2.480000000000000000e+03 1.853846955957926812e-01 1.479401958191610411e-01
2.490000000000000000e+03 1.836747034210767515e-01 1.458624828700631482e-01
2.500000000000000000e+03 1.825035046681175721e-01 1.457551182911658860e-01
2.510000000000000000e+03 1.815440482834717595e-01 1.446543474142475139e-01
2.520000000000000000e+03 1.785239813624111549e-01 1.452394531318705606e-01
2.530000000000000000e+03 1.746104030506129001e-01 1.461647227659710335e-01
2.540000000000000000e+03 1.714400321914894831e-01 1.490934175515616356e-01
2.550000000000000000e+03 1.677266453639425781e-01 1.505419533701987389e-01
2.560000000000000000e+03 1.639178241101264533e-01 1.516737363328054256e-01
2.570000000000000000e+03 1.615533544711625358e-01 1.530710826628738364e-01
2.580000000000000000e+03 1.593296505913271155e-01 1.521209879289116829e-01
2.590000000000000000e+03 1.569042330851300460e-01 1.534352795382165346e-01
2.600000000000000000e+03 1.553486915081089270e-01 1.546327977483236693e-01
2.610000000000000000e+03 1.534874194724784868e-01 1.542190102060122525e-01
2.620000000000000000e+03 1.513962736068398263e-01 1.572945297427831013e-01
2.630000000000000000e+03 1.490285572224673838e-01 1.569270479874875224e-01
2.640000000000000000e+03 1.461674228381194263e-01 1.569624523003477490e-01
2.650000000000000000e+03 1.436207590624356545e-01 1.575422952081110828e-01
2.660000000000000000e+03 1.419548200460776788e-01 1.583381020657288751e-01
2.670000000000000000e+03 1.393742688857081691e-01 1.579570825043703219e-01
2.680000000000000000e+03 1.374663423287963149e-01 1.569565376683983993e-01
2.690000000000000000e+03 1.370055849848700047e-01 1.568769131424525565e-01
2.700000000000000000e+03 1.363548525676094858e-01 1.558176642356943475e-01
2.710000000000000000e+03 1.357700992228939307e-01 1.540667352046717342e-01
2.720000000000000000e+03 1.348831516498605332e-01 1.533671515987241607e-01
2.730000000000000000e+03 1.354078248925741634e-01 1.498321014202399770e-01
2.740000000000000000e+03 1.364937961541336509e-01 1.481148188243254782e-01
2.750000000000000000e+03 1.368924828179112485e-01 1.467640571354620616e-01
2.760000000000000000e+03 1.377928763679130142e-01 1.441836367178611633e-01
2.770000000000000000e+03 1.391088352599532674e-01 1.421922208384888975e-01
2.780000000000000000e+03 1.399991694052329094e-01 1.395468434308378414e-01
2.790000000000000000e+03 1.410538453604560649e-01 1.374515990404142907e-01
2.800000000000000000e+03 1.431934650281209420e-01 1.361041993083893231e-01
2.810000000000000000e+03 1.449284924899620075e-01 1.325779185323718579e-01
2.820000000000000000e+03 1.451397692619996738e-01 1.303976017416196009e-01
2.830000000000000000e+03 1.438892006668109624e-01 1.283108610587900267e-01
2.840000000000000000e+03 1.420006730035967557e-01 1.263963421111064522e-01
2.850000000000000000e+03 1.408480618419200581e-01 1.270780804946023690e-01
2.860000000000000000e+03 1.414448362106469070e-01 1.253390169421578770e-01
2.870000000000000000e+03 1.421748781679560980e-01 1.222840140306784007e-01
2.880000000000000000e+03 1.415700699434543353e-01 1.205109258908113601e-01
2.890000000000000000e+03 1.398692957710829798e-01 1.197062888354294558e-01
2.900000000000000000e+03 1.363437835419443467e-01 1.185521687857166995e-01
2.910000000000000000e+03 1.336937297888456666e-01 1.174372738189727455e-01
2.920000000000000000e+03 1.329266696953957938e-01 1.189702322344169949e-01
2.930000000000000000e+03 1.313323570484094538e-01 1.195519646676836412e-01
2.940000000000000000e+03 1.298832194195775058e-01 1.201755181899690494e-01
2.950000000000000000e+03 1.296213986205740076e-01 1.206559625853565604e-01
2.960000000000000000e+03 1.293676283940398131e-01 1.192480105140661800e-01
2.970000000000000000e+03 1.282846091127394783e-01 1.217063512624008553e-01
2.980000000000000000e+03 1.268561132162474847e-01 1.230267234791588282e-01
2.990000000000000000e+03 1.254194889908837596e-01 1.228136673384119110e-01
3.000000000000000000e+03 1.239722409054808128e-01 1.217699894782087039e-01
3.010000000000000000e+03 1.232915818812103659e-01 1.218523556640914579e-01
3.020000000000000000e+03 1.225666414402446502e-01 1.219595653917689010e-01
3.030000000000000000e+03 1.222779834175505009e-01 1.209251496490512112e-01
3.040000000000000000e+03 1.230261615320998453e-01 1.193968245413726675e-01
3.050000000000000000e+03 1.226380603508637479e-01 1.159886773175377722e-01
3.060000000000000000e+03 1.214925472211665358e-01 1.171830530469562814e-01
3.070000000000000000e+03 1.213538313528353257e-01 1.145394763085497702e-01
3.080000000000000000e+03 1.204440306649203069e-01 1.142667801634529023e-01
3.090000000000000000e+03 1.195553599920643195e-01 1.133450830224730782e-01
3.100000000000000000e+03 1.187730883139377219e-01 1.116926683579525098e-01
3.110000000000000000e+03 1.187277215832129862e-01 1.134174820382224946e-01
3.120000000000000000e+03 1.181933817205628595e-01 1.133877132550642347e-01
3.130000000000000000e+03 1.175363375239193431e-01 1.125612807846977925e-01
3.140000000000000000e+03 1.175478300039767970e-01 1.136353080084944317e-01
3.150000000000000000e+03 1.161230146786877554e-01 1.123607137985739302e-01
3.160000000000000000e+03 1.150568347579793010e-01 1.113362220519207996e-01
3.170000000000000000e+03 1.140145047066937201e-01 1.104876417324100191e-01
3.180000000000000000e+03 1.123986454421859044e-01 1.085985955492712596e-01
3.190000000000000000e+03 1.106993475047916287e-01 1.086884158892347380e-01
3.200000000000000000e+03 1.087565924907465814e-01 1.071990291791896227e-01
3.210000000000000000e+03 1.077540444725874624e-01 1.074816985406109177e-01
3.220000000000000000e+03 1.070233686403196105e-01 1.053526401453808159e-01
3.230000000000000000e+03 1.071919557848088483e-01 1.058355669508235092e-01
3.240000000000000000e+03 1.074268828335526865e-01 1.042179636875195936e-01
3.250000000000000000e+03 1.066228820673904704e-01 1.043665326263557014e-01
3.260000000000000000e+03 1.058713009980552927e-01 1.050494810720330741e-01
3.270000000000000000e+03 1.059273920800553326e-01 1.044082174788018430e-01
3.280000000000000000e+03 1.058403991756604601e-01 1.021281609845255123e-01
3.290000000000000000e+03 1.051756364633755630e-01 1.008343799870532881e-01
3.300000000000000000e+03 1.051100467924034332e-01 1.010668926356054348e-01
3.310000000000000000e+03 1.059953024005466232e-01 1.006355338343038197e-01
3.320000000000000000e+03 1.058755384111653847e-01 9.990823262764668422e-02
3.330000000000000000e+03 1.055025760093697695e-01 9.930540142568455853e-02
3.340000000000000000e+03 1.051291014056563999e-01 9.971788284808821845e-02
3.350000000000000000e+03 1.048641591746917318e-01 9.878567245468238001e-02
3.360000000000000000e+03 1.039294920762329766e-01 9.872301364259385148e-02
3.370000000000000000e+03 1.028325882127097690e-01 9.587178371263113674e-02
3.380000000000000000e+03 1.039331480811547526e-01 9.693076517227373901e-02
3.390000000000000000e+03 1.045656855197279883e-01 9.592423117661670606e-02
3.400000000000000000e+03 1.032684496761920728e-01 9.569074788283435384e-02
3.410000000000000000e+03 1.025289153325109198e-01 9.256125194962613878e-02
3.420000000000000000e+03 1.018021625331011065e-01 9.381191254448266459e-02
3.430000000000000000e+03 1.013937386978973204e-01 9.305366217962025843e-02
3.440000000000000000e+03 1.010565526669652131e-01 9.389270915217048930e-02
3.450000000000000000e+03 9.962409364578592164e-02 9.199562815476403088e-02
3.460000000000000000e+03 9.923862757150431202e-02 9.257370933215729181e-02
3.470000000000000000e+03 9.910564599952467746e-02 9.231340431507843725e-02
3.480000000000000000e+03 9.754148559832416521e-02 9.221783982812621627e-02
3.490000000000000000e+03 9.632680177645444597e-02 9.102099416832680479e-02
3.500000000000000000e+03 9.618717751720422260e-02 9.052160592625387026e-02
3.510000000000000000e+03 9.600961117223250074e-02 9.057592444051469627e-02
3.520000000000000000e+03 9.553540735203015777e-02 8.985912989436223297e-02
3.530000000000000000e+03 9.471091791308981767e-02 8.972158417337314229e-02
3.540000000000000000e+03 9.333549395391790848e-02 9.061537853261490694e-02
3.550000000000000000e+03 9.067950366426866249e-02 9.122915240552161020e-02
3.560000000000000000e+03 8.799506989281789815e-02 9.078834217164988285e-02
3.570000000000000000e+03 8.622690873841595827e-02 9.201899209813045599e-02
3.580000000000000000e+03 8.457460722255781549e-02 9.220130038484006252e-02
3.590000000000000000e+03 8.301403050124385452e-02 9.215938767280645871e-02
3.600000000000000000e+03 8.175919337503682882e-02 9.120643020074277463e-02
3.610000000000000000e+03 8.099738000489502265e-02 9.158944164200634452e-02
3.620000000000000000e+03 7.995054585608708797e-02 8.985777255137961106e-02
3.630000000000000000e+03 7.960888983819168485e-02 9.157086403615005699e-02
3.640000000000000000e+03 8.006034791874003242e-02 8.831670507232303180e-02
3.650000000000000000e+03 8.066258574834947459e-02 8.886010067301031157e-02
3.660000000000000000e+03 8.150888736898728726e-02 8.922386823197654693e-02
3.670000000000000000e+03 8.172038501733308591e-02 8.912685565679970279e-02
3.680000000000000000e+03 8.266608822867908823e-02 8.755930394313921061e-02
3.690000000000000000e+03 8.369167801662345807e-02 8.631390230241561823e-02
3.700000000000000000e+03 8.529330578458008127e-02 8.430549347952850936e-02
3.710000000000000000e+03 8.803210485440329802e-02 8.268892665187281554e-02
3.720000000000000000e+03 8.928855329372870075e-02 8.130049439911506137e-02
3.730000000000000000e+03 9.026099375744625619e-02 8.196375867550818872e-02
3.740000000000000000e+03 9.136685972281480272e-02 8.027285258834734871e-02
3.750000000000000000e+03 9.206981999156545193e-02 7.880217518069052018e-02
3.760000000000000000e+03 9.266700598283957035e-02 7.822830019789371592e-02
3.770000000000000000e+03 9.350398464283980748e-02 7.363457107686394165e-02
3.780000000000000000e+03 9.445726886893748842e-02 7.269254645289703609e-02
3.790000000000000000e+03 9.480016789513909248e-02 7.193617442669947293e-02
3.800000000000000000e+03 9.393104201057012048e-02 7.177477987073634103e-02
3.810000000000000000e+03 9.289705688205619760e-02 7.262050562224636741e-02
3.820000000000000000e+03 9.207302937168834744e-02 7.237854119735098735e-02
3.830000000000000000e+03 9.067055392133108183e-02 7.316315264129340246e-02
3.840000000000000000e+03 8.822002649953020192e-02 7.275121892122632383e-02
3.850000000000000000e+03 8.569682544134167579e-02 7.472458715647406491e-02
3.860000000000000000e+03 8.399977503636563148e-02 7.483150888775133569e-02
3.870000000000000000e+03 8.296956858674003898e-02 7.636020969118445523e-02
3.880000000000000000e+03 8.285224471118858569e-02 7.852256471312472896e-02
3.890000000000000000e+03 8.155406190994388127e-02 7.763172262415705960e-02
3.900000000000000000e+03 8.017800116582547709e-02 7.981118505677997632e-02
3.910000000000000000e+03 7.873598221035311984e-02 8.207180202861910634e-02
3.920000000000000000e+03 7.645147084906832313e-02 8.291304030761038890e-02
3.930000000000000000e+03 7.490378934939012634e-02 8.518546044263655692e-02
3.940000000000000000e+03 7.361419942604278954e-02 8.556359616857393824e-02
3.950000000000000000e+03 7.221113977093950032e-02 8.583541574640939087e-02
3.960000000000000000e+03 7.047908652499695892e-02 8.667577758816409628e-02
3.970000000000000000e+03 6.974421960123336484e-02 8.810974380557330676e-02
3.980000000000000000e+03 6.884080569659936644e-02 8.844549980047534954e-02
3.990000000000000000e+03 6.834506419630577423e-02 8.871155685062837026e-02
4.000000000000000000e+03 6.992125429499312927e-02 8.621840871851435550e-02
4.010000000000000000e+03 7.215476213576836606e-02 8.433453989896780301e-02
4.020000000000000000e+03 7.342494686869530107e-02 8.386109507452461920e-02
4.030000000000000000e+03 7.504669275912387305e-02 8.054877264594387243e-02
4.040000000000000000e+03 7.720133238690291000e-02 7.951240606586246207e-02
4.050000000000000000e+03 7.882655355305653866e-02 7.669646661076597038e-02
4.060000000000000000e+03 8.049809787358873370e-02 7.327347254855225145e-02
4.070000000000000000e+03 8.322183440144721722e-02 7.159432433707808852e-02
4.080000000000000000e+03 8.615361482393865677e-02 7.005886911074718504e-02
4.090000000000000000e+03 8.705441214093458113e-02 6.789720773326478331e-02
4.100000000000000000e+03 8.732933906069628716e-02 6.581624989991419206e-02
4.110000000000000000e+03 8.921368022700452982e-02 6.522351169425079365e-02
4.120000000000000000e+03 9.069673057510253822e-02 6.359754387971129630e-02
4.130000000000000000e+03 9.079659677258687667e-02 6.293281765646735471e-02
4.140000000000000000e+03 8.983615150124424353e-02 6.182873904756972655e-02
4.150000000000000000e+03 8.986191243224465885e-02 6.220612287201523344e-02
4.160000000000000000e+03 9.087423391622233282e-02 6.136289695838536423e-02
4.170000000000000000e+03 9.151896496602593412e-02 6.041188074501561978e-02
4.180000000000000000e+03 9.189820856366295865e-02 5.981393932874297381e-02
4.190000000000000000e+03 8.983977296751634312e-02 6.027430543492459658e-02
4.200000000000000000e+03 8.591862320138217435e-02 6.014233852456774693e-02
4.210000000000000000e+03 8.314375114105039544e-02 6.208729632629137601e-02
4.220000000000000000e+03 8.109403219695518472e-02 6.339295572474795692e-02
4.230000000000000000e+03 8.006433255962074058e-02 6.408851801161864759e-02
4.240000000000000000e+03 7.850268083742829861e-02 6.565154685619720154e-02
4.250000000000000000e+03 7.586885863498363247e-02 6.962016683217168989e-02
4.260000000000000000e+03 7.253116389233565942e-02 7.347878475931504672e-02
4.270000000000000000e+03 6.839974904985797466e-02 7.580339866511642821e-02
4.280000000000000000e+03 6.530783269050692563e-02 8.191237035627635388e-02
4.290000000000000000e+03 6.280099945250595950e-02 8.258327185939480508e-02
4.300000000000000000e+03 6.101469064716949497e-02 8.524303035908703530e-02
4.310000000000000000e+03 5.984591136959609148e-02 8.509700643016390731e-02
4.320000000000000000e+03 5.820507899885857261e-02 8.439739796724843313e-02
4.330000000000000000e+03 5.648582400673436005e-02 8.191842136460075752e-02
4.340000000000000000e+03 5.419090306150772113e-02 8.131627358856829968e-02
4.350000000000000000e+03 5.189654507998913563e-02 8.040663040558392038e-02
4.360000000000000000e+03 5.093673968154319165e-02 8.068714408556157403e-02
4.370000000000000000e+03 4.964715668315199115e-02 8.036510244245198553e-02
4.380000000000000000e+03 4.844327112274530306e-02 7.917359087395557660e-02
4.390000000000000000e+03 4.874110650045924975e-02 7.835505266730839746e-02
4.400000000000000000e+03 4.957418541540403040e-02 7.458709285655674981e-02
4.410000000000000000e+03 5.119923590966864169e-02 7.216365932459928301e-02
4.420000000000000000e+03 5.396450507057536788e-02 7.082024287470059520e-02
4.430000000000000000e+03 5.671835439214829855e-02 6.974113953610570904e-02
4.440000000000000000e+03 5.891491588552110609e-02 6.597180947098997550e-02
4.450000000000000000e+03 6.077928765704252584e-02 6.496218489651214845e-02
4.460000000000000000e+03 6.237628972507855418e-02 6.276280550369187083e-02
4.470000000000000000e+03 6.407062044572058024e-02 5.809456255773232103e-02
4.480000000000000000e+03 6.478397574584891794e-02 5.524637590274301263e-02
4.490000000000000000e+03 6.616475885821504477e-02 5.205390572054659215e-02
4.500000000000000000e+03 6.819130277017938779e-02 4.968689528611855422e-02
4.510000000000000000e+03 6.958588474865176621e-02 4.703927309603793405e-02
4.520000000000000000e+03 7.063706597482218019e-02 4.544928356459912444e-02
4.530000000000000000e+03 7.032876491573596123e-02 4.523022753824376685e-02
4.540000000000000000e+03 6.991441834962823509e-02 4.477932255515532783e-02
4.550000000000000000e+03 7.019231702891082225e-02 4.336702534922674129e-02
4.560000000000000000e+03 7.018290665087699443e-02 4.315261984734365674e-02
4.570000000000000000e+03 6.892612693148231218e-02 4.460767605148864556e-02
4.580000000000000000e+03 6.753427719706096843e-02 4.502489020970673606e-02
4.590000000000000000e+03 6.745186339582988355e-02 4.644075283472758747e-02
4.600000000000000000e+03 6.607538060691227344e-02 4.783216157328490370e-02
4.610000000000000000e+03 6.403251109622620785e-02 5.095299967285817772e-02
4.620000000000000000e+03 6.223928252284716134e-02 5.379411859096534104e-02
4.630000000000000000e+03 5.963619068104505233e-02 5.413239434701706820e-02
4.640000000000000000e+03 5.710912729823847123e-02 5.497357401970878049e-02
4.650000000000000000e+03 5.478360361986588795e-02 5.605617543580932588e-02
4.660000000000000000e+03 5.239682103106299560e-02 5.722003212087548724e-02
4.670000000000000000e+03 5.046594172482540136e-02 5.971661192493410431e-02
4.680000000000000000e+03 4.915157248518448735e-02 6.095264433026117978e-02
4.690000000000000000e+03 4.792676997573736691e-02 6.212223761632579278e-02
4.700000000000000000e+03 4.743389273313964455e-02 6.177295981072602332e-02
4.710000000000000000e+03 4.713251380711149657e-02 6.464413058634098375e-02
4.720000000000000000e+03 4.664468134396466958e-02 6.188402712380323273e-02
4.730000000000000000e+03 4.695341688275617847e-02 6.259849709922919725e-02
4.740000000000000000e+03 4.724174740828050723e-02 6.148257844837801828e-02
4.750000000000000000e+03 4.748119833358230291e-02 6.253209641698347088e-02
4.760000000000000000e+03 4.824414410403231324e-02 6.130432722650330790e-02
4.770000000000000000e+03 4.916218492764817816e-02 6.087836830370803309e-02
4.780000000000000000e+03 5.036180075604178991e-02 6.049744007950726143e-02
4.790000000000000000e+03 5.126419036878467062e-02 6.371893600229319721e-02
4.800000000000000000e+03 5.197454176357026862e-02 6.127270324725798273e-02
4.810000000000000000e+03 5.354677576330282851e-02 5.814511790022790227e-02
4.820000000000000000e+03 5.514514776718473094e-02 5.525271699604628745e-02
4.830000000000000000e+03 5.679693401150592846e-02 5.384200037748648748e-02
4.840000000000000000e+03 5.896044521739964017e-02 4.915678786444695192e-02
4.850000000000000000e+03 6.064860901647894931e-02 4.699476410653775221e-02
4.860000000000000000e+03 6.221833056944441748e-02 4.456803664247467600e-02
4.870000000000000000e+03 6.396208851721431332e-02 4.532292879375064004e-02
4.880000000000000000e+03 6.544246626224024810e-02 4.270454602616172157e-02
4.890000000000000000e+03 6.668941205889780677e-02 4.438088531152691724e-02
4.900000000000000000e+03 6.676515302617433423e-02 4.245704858004317045e-02
4.910000000000000000e+03 6.587773139345447226e-02 4.366485824160255130e-02
4.920000000000000000e+03 6.492629823961301727e-02 4.272993170599597573e-02
4.930000000000000000e+03 6.507410147900420661e-02 4.185984726359280594e-02
4.940000000000000000e+03 6.583872734363441226e-02 4.376847187401142897e-02
4.950000000000000000e+03 6.503325230490691888e-02 4.424692467552236719e-02
4.960000000000000000e+03 6.217250023991943014e-02 4.444362453429448467e-02
4.970000000000000000e+03 5.960602049975457367e-02 4.626716646352278112e-02
4.980000000000000000e+03 5.635945620813210405e-02 4.733043314884341490e-02
4.990000000000000000e+03 5.321623333308021786e-02 4.827773704407243432e-02
