1.000000000000000000e+00 2.000000000000000000e+00 0.000000000000000000e+00
1.099999999999988987e+00 1.997600966486976715e+00 1.999200209281773357e-03
1.199999999999977973e+00 1.990415456540080674e+00 7.987208593848597882e-03
1.299999999999966960e+00 1.978478185171296255e+00 1.793529492744734555e-02
1.399999999999955946e+00 1.961846821514980910e+00 3.179573028418765379e-02
1.499999999999944933e+00 1.940601705655354170e+00 4.950201841906585326e-02
1.599999999999933920e+00 1.914845453980582590e+00 7.096921811001077884e-02
1.699999999999922906e+00 1.884702455031485480e+00 9.609435487823850264e-02
1.799999999999911893e+00 1.850318258354410883e+00 1.247569200640198800e-01
1.899999999999900879e+00 1.811858859409265943e+00 1.568194548053728210e-01
1.999999999999889866e+00 1.769509884102759889e+00 1.921282160499797886e-01
2.099999999999878852e+00 1.723475677013972529e+00 2.305139213273158794e-01
2.199999999999867839e+00 1.673978297864750830e+00 2.717925686218903292e-01
2.299999999999856826e+00 1.621256431244204599e+00 3.157663273194676878e-01
2.399999999999845812e+00 1.565564215026364447e+00 3.622244958506821710e-01
2.499999999999834799e+00 1.507169993324168455e+00 4.109445213291859633e-01
2.599999999999823785e+00 1.446355000202409036e+00 4.616930761798029859e-01
2.699999999999812772e+00 1.383411980707156985e+00 5.142271864725287411e-01
2.799999999999801759e+00 1.318643756084693530e+00 5.682954064289039708e-01
2.899999999999790745e+00 1.252361740333642892e+00 6.236390333412872300e-01
2.999999999999779732e+00 1.184884415475647046e+00 6.799933569511757980e-01
3.099999999999768718e+00 1.116535773125013176e+00 7.370889371682252111e-01
3.199999999999757705e+00 1.047643730104798276e+00 7.946529038738427975e-01
3.299999999999746692e+00 9.785385259787818812e-01 8.524102724521077645e-01
3.399999999999735678e+00 9.095511104476099451e-01 9.100852686167542061e-01
3.499999999999724665e+00 8.410115286067129103e-01 9.674026560622160931e-01
3.599999999999713651e+00 7.732473120602209038e-01 1.024089060460302347e+00
3.699999999999702638e+00 7.065818838509552169e-01 1.079874283344631092e+00
3.799999999999691624e+00 6.413329850868773052e-01 1.134492599484612896e+00
3.899999999999680611e+00 5.778111310280354962e-01 1.187684031433815735e+00
3.999999999999669598e+00 5.163181042400274423e-01 1.239195595059879418e+00
4.099999999999658584e+00 4.571454922282644495e-01 1.288782510010009430e+00
4.199999999999647571e+00 4.005732767322739418e-01 1.336209369244306888e+00
4.299999999999636557e+00 3.468684815956871725e-01 1.381251261979714817e+00
4.399999999999625544e+00 2.962838858234156936e-01 1.423694844618830668e+00
4.499999999999614531e+00 2.490568081044946813e-01 1.463339354503628176e+00
4.599999999999603517e+00 2.054079687131896148e-01 1.499997561615932229e+00
4.699999999999592504e+00 1.655404343073839935e-01 1.533496653665232135e+00
4.799999999999581490e+00 1.296386507208133476e-01 1.563679050328543152e+00
4.899999999999570477e+00 9.786756840068004670e-02 1.590403142764564182e+00
4.999999999999559464e+00 7.037186467245656885e-02 1.613543954900251043e+00
5.099999999999548450e+00 4.727526652579761707e-02 1.632993723365758321e+00
5.199999999999537437e+00 2.867997710841186862e-02 1.648662393370183388e+00
5.299999999999526423e+00 1.466620859391857927e-02 1.660478028217655888e+00
5.399999999999515410e+00 5.291823555726988919e-03 1.668387130590982981e+00
5.499999999999504396e+00 5.920864360287671517e-04 1.672354874173921369e+00
5.599999999999493383e+00 5.795261487430469803e-04 1.672365244610663382e+00
5.699999999999482370e+00 5.243910301345381872e-03 1.668421089261330037e+00
5.799999999999471356e+00 1.455233096515225200e-02 1.660544075651974705e+00
5.899999999999460343e+00 2.844940136997395341e-02 1.648774558963368220e+00
5.999999999999449329e+00 4.685756234970338274e-02 1.633171359357675545e+00
6.099999999999438316e+00 6.967749682322932347e-02 1.613811450370576051e+00
6.199999999999427303e+00 9.678865006262697690e-02 1.590789560037139561e+00
6.299999999999416289e+00 1.280498529808893060e-01 1.564217686842673150e+00
6.399999999999405276e+00 1.633000451662777464e-01 1.534224533000239976e+00
6.499999999999394262e+00 2.023590939036664926e-01 1.500954857960094202e+00
6.599999999999383249e+00 2.450287049553789565e-01 1.464568755438347969e+00
6.699999999999372235e+00 2.910934204296271588e-01 1.425240857620688972e+00
6.799999999999361222e+00 3.403216986432581193e-01 1.383159470547490333e+00
6.899999999999350209e+00 3.924670704924423381e-01 1.338525645012430543e+00
6.999999999999339195e+00 4.472693664781686174e-01 1.291552187617191816e+00
7.099999999999328182e+00 5.044560081983816557e-01 1.242462616901929939e+00
7.199999999999317168e+00 5.637433578144521729e-01 1.191490069737190627e+00
7.299999999999306155e+00 6.248381187287993521e-01 1.138876163387660290e+00
7.399999999999295142e+00 6.874387804747791320e-01 1.084869818867898239e+00
7.499999999999284128e+00 7.512371006172847698e-01 1.029726051385110308e+00
7.599999999999273115e+00 8.159196163005032476e-01 9.737047338126484375e-01
7.699999999999262101e+00 8.811691779489948528e-01 9.170693392561084512e-01
7.799999999999251088e+00 9.466664975409803118e-01 8.600856688615425849e-01
7.899999999999240075e+00 1.012091703818288169e+00 8.030205710765435656e-01
7.999999999999229061e+00 1.077125896785399162e+00 7.461406585962291338e-01
8.099999999999218048e+00 1.141452693873489022e+00 6.897110292304123869e-01
8.199999999999207034e+00 1.204759760205765140e+00 6.339939968873030685e-01
8.299999999999196021e+00 1.266740315502798531e+00 5.792478388102815234e-01
8.399999999999185007e+00 1.327094610298333865e+00 5.257255651064660640e-01
8.499999999999173994e+00 1.385531364311532787e+00 4.736737164848613957e-01
8.599999999999162981e+00 1.441769160025050844e+00 4.233311959683301873e-01
8.699999999999151967e+00 1.495537784761509892e+00 3.749281401638902556e-01
8.799999999999140954e+00 1.546579514822503443e+00 3.286848354692806229e-01
8.899999999999129940e+00 1.594650335556229814e+00 2.848106843606900695e-01
8.999999999999118927e+00 1.639521091558071575e+00 2.435032266501581388e-01
9.099999999999107914e+00 1.680978561564621554e+00 2.049472203192436170e-01
9.199999999999096900e+00 1.718826452988305498e+00 1.693137862350750644e-01
9.299999999999085887e+00 1.752886311455413626e+00 1.367596207311754797e-01
9.399999999999074873e+00 1.782998341133448683e+00 1.074262796953674159e-01
9.499999999999063860e+00 1.809022132093565549e+00 8.143953744849762033e-02
9.599999999999052847e+00 1.830837291415829293e+00 5.890882332562601825e-02
9.699999999999041833e+00 1.848343975230823943e+00 3.992673848468084735e-02
9.799999999999030820e+00 1.861463319385938675e+00 2.456865507090810405e-02
9.899999999999019806e+00 1.870137766927660650e+00 1.289239945868471404e-02
9.999999999999008793e+00 1.874331291107020014e+00 4.938020878757611379e-03
1.009999999999899778e+01 1.874029513126000746e+00 7.276463202476870715e-04
1.019999999999898677e+01 1.869239714367743499e+00 2.654221748160630681e-04
1.029999999999897575e+01 1.859990743366920940e+00 3.537542667618012379e-03
1.039999999999896474e+01 1.846332818292957700e+00 1.051236469784905259e-02
1.049999999999895373e+01 1.828337226228514689e+00 2.114060829308072112e-02
1.059999999999894271e+01 1.806095921027008888e+00 3.535564146812798098e-02
1.069999999999893170e+01 1.779721022022860755e+00 5.307384787290896078e-02
1.079999999999892069e+01 1.749344216344957292e+00 7.419507521669484185e-02
1.089999999999890967e+01 1.715116068049151510e+00 9.860316207004257705e-02
1.099999999999889866e+01 1.677205237728237819e+00 1.261665402725681284e-01
1.109999999999888765e+01 1.635797616683159150e+00 1.567389098164392036e-01
1.119999999999887663e+01 1.591095380143542792e+00 1.901599827331658943e-01
1.129999999999886562e+01 1.543315964407619090e+00 2.262562921874961275e-01
1.139999999999885461e+01 1.492690973122184239e+00 2.648420626776792353e-01
1.149999999999884359e+01 1.439465018255438045e+00 3.057201369576141858e-01
1.159999999999883258e+01 1.383894501613248007e+00 3.486829550356890794e-01
1.169999999999882156e+01 1.326246343018708362e+00 3.935135803665393284e-01
1.179999999999881055e+01 1.266796661514026257e+00 4.399867681394455943e-01
1.189999999999879954e+01 1.205829416152060185e+00 4.878700703789972115e-01
1.199999999999878852e+01 1.143635013114851606e+00 5.369249724118845268e-01
1.209999999999877751e+01 1.080508886039616590e+00 5.869080551201636409e-01
1.219999999999876650e+01 1.016750056538203717e+00 6.375721772933654607e-01
1.229999999999875548e+01 9.526596819660068105e-01 6.886676723137870049e-01
1.239999999999874447e+01 8.885395975337964103e-01 7.399435533582002789e-01
1.249999999999873346e+01 8.246908598571160987e-01 7.911487212775263345e-01
1.259999999999872244e+01 7.614122990053157070e-01 8.420331693218942037e-01
1.269999999999871143e+01 6.989990860456080091e-01 8.923491789123435547e-01
1.279999999999870042e+01 6.377413229736970113e-01 9.418525007248075287e-01
1.289999999999868940e+01 5.779226617919644982e-01 9.903035154406883978e-01
1.299999999999867839e+01 5.198189593255401197e-01 1.037468368634420823e+00
1.309999999999866738e+01 4.636969741708009130e-01 1.083120074416311196e+00
1.319999999999865636e+01 4.098131119407926182e-01 1.127039582611642610e+00
1.329999999999864535e+01 3.584122247142765838e-01 1.169016804457144953e+00
1.339999999999863434e+01 3.097264703101541006e-01 1.208851592009683174e+00
1.349999999999862332e+01 2.639742366956148167e-01 1.246354666701827707e+00
1.359999999999861231e+01 2.213591365020882995e-01 1.281348492742865330e+00
1.369999999999860130e+01 1.820690762616560265e-01 1.313668091342160116e+00
1.379999999999859028e+01 1.462754045974130612e-01 1.343161792032645963e+00
1.389999999999857927e+01 1.141321432017754073e-01 1.369691917687626770e+00
1.399999999999856826e+01 8.577530402037918111e-02 1.393135400157944348e+00
1.409999999999855724e+01 6.132229562756394414e-02 1.413384323799028897e+00
1.419999999999854623e+01 4.087142133627823942e-02 1.430346394515600528e+00
1.429999999999853522e+01 2.450147112999626758e-02 1.443945332322850161e+00
1.439999999999852420e+01 1.227140904193995893e-02 1.454121185791310111e+00
1.449999999999851319e+01 4.220157138150924282e-03 1.460830567132657576e+00
1.459999999999850218e+01 3.664767885226719274e-04 1.464046807064631972e+00
1.469999999999849116e+01 7.089474363095594730e-04 1.463760028986631712e+00
1.479999999999848015e+01 5.226042603921240461e-03 1.459977142385921800e+00
1.489999999999846914e+01 1.387630240336081185e-02 1.452721755782609980e+00
1.499999999999845812e+01 2.659860135577252899e-02 1.442034009913194526e+00
1.509999999999844711e+01 4.331250986843209611e-02 1.427970332224639316e+00
1.519999999999843610e+01 6.391874727131312273e-02 1.410603114136394831e+00
1.529999999999842508e+01 8.829972388119931848e-02 1.390020312884670650e+00
1.539999999999841407e+01 1.163201691414526839e-01 1.366324980127037847e+00
1.549999999999840306e+01 1.478278424812783376e-01 1.339634719823297182e+00
1.559999999999839204e+01 1.826543231528595379e-01 1.310081078246184694e+00
1.569999999999838103e+01 2.206158749380756900e-01 1.277808869283033166e+00
1.579999999999837001e+01 2.615143812722546812e-01 1.242975438498741481e+00
1.589999999999835900e+01 3.051383460099577616e-01 1.205749869702683386e+00
1.599999999999834799e+01 3.512639547618619518e-01 1.166312138030981771e+00
1.609999999999833875e+01 3.996561914585739506e-01 1.124852213794341305e+00
1.619999999999832596e+01 4.500700045545168448e-01 1.081569121563771052e+00
1.629999999999831317e+01 5.022515170676116192e-01 1.036669959164557842e+00
1.639999999999830393e+01 5.559392744628655070e-01 9.903688814229557602e-01
1.649999999999829470e+01 6.108655242319550593e-01 9.428860536627295952e-01
1.659999999999828191e+01 6.667575208906136863e-01 8.944465800734392458e-01
1.669999999999826912e+01 7.233388500228555840e-01 8.452794121755595746e-01
1.679999999999825988e+01 7.803307649321599149e-01 7.956162426808113253e-01
1.689999999999825064e+01 8.374535294289581211e-01 7.456903900988560707e-01
1.699999999999823785e+01 8.944277602781801617e-01 6.957356794628672958e-01
1.709999999999822506e+01 9.509757628625145065e-01 6.459853245473822225e-01
1.719999999999821583e+01 1.006822853672426854e+00 5.966708169219349100e-01
1.729999999999820659e+01 1.061698663328980219e+00 5.480208271326111324e-01
1.739999999999819380e+01 1.115338413960954345e+00 5.002601232231488337e-01
1.749999999999818101e+01 1.167484164909648126e+00 4.536085117076960049e-01
1.759999999999817177e+01 1.217886020911768119e+00 4.082798059754633169e-01
1.769999999999816254e+01 1.266303297114063531e+00 3.644808269615129603e-01
1.779999999999814975e+01 1.312505635508500079e+00 3.224104407415691043e-01
1.789999999999813696e+01 1.356274067627507796e+00 2.822586375158037675e-01
1.799999999999812772e+01 1.397402018622878606e+00 2.442056562300771727e-01
1.809999999999811848e+01 1.435696248153330634e+00 2.084211588489183475e-01
1.819999999999810569e+01 1.470977723824837380e+00 1.750634580408289009e-01
1.829999999999809290e+01 1.503082423275858170e+00 1.442788017671380041e-01
1.839999999999808367e+01 1.531862061352182947e+00 1.162007179784154964e-01
1.849999999999807443e+01 1.557184739193840706e+00 9.094942232432101648e-02
1.859999999999806164e+01 1.578935512443884415e+00 6.863129146828964022e-02
1.869999999999804885e+01 1.597016876190635370e+00 4.933840427601320078e-02
1.879999999999803961e+01 1.611349164657410293e+00 3.314815281257210006e-02
1.889999999999803038e+01 1.621870864079123509e+00 2.012292474217550198e-02
1.899999999999801759e+01 1.628538837624456947e+00 1.030985837681448573e-02
1.909999999999800480e+01 1.631328461643511307e+00 3.740671268294955797e-03
1.919999999999799556e+01 1.630233672958639302e+00 4.315628831913604041e-04
1.929999999999798632e+01 1.625266927333990363e+00 3.831915443298352861e-04
1.939999999999797353e+01 1.616459069688174877e+00 3.580725467062884776e-03
1.949999999999796074e+01 1.603859117035547177e+00 9.993967365512649095e-03
1.959999999999795151e+01 1.587533955550499920e+00 1.957755175485036830e-02
1.969999999999794227e+01 1.567567953558385740e+00 3.227121373221121525e-02
1.979999999999792948e+01 1.544062492648994089e+00 4.800012768254190848e-02
1.989999999999791669e+01 1.517135419489962445e+00 6.667531402831898546e-02
1.999999999999790745e+01 1.486920421287673211e+00 8.819411182492692403e-02
2.009999999999789821e+01 1.453566328190845303e+00 1.124407146981824951e-01
2.019999999999788542e+01 1.417236346274910463e+00 1.392867673285058394e-01
2.029999999999787264e+01 1.378107225051742102e+00 1.685920194087193735e-01
2.039999999999786340e+01 1.336368363751264443e+00 2.002050337406407199e-01
2.049999999999785416e+01 1.292220860894748968e+00 2.339639448911783326e-01
2.059999999999784137e+01 1.245876511927389352e+00 2.696972646019393238e-01
2.069999999999782858e+01 1.197556759910175295e+00 3.072247299387231290e-01
2.079999999999781934e+01 1.147491604466881032e+00 3.463581899801230768e-01
2.089999999999781011e+01 1.095918474366944784e+00 3.869025266775158456e-01
2.099999999999779732e+01 1.043081069265823446e+00 4.286566053737105308e-01
2.109999999999778453e+01 9.892281762559017588e-01 4.714142503445493682e-01
2.119999999999777529e+01 9.346124669707700505e-01 5.149652406267681837e-01
2.129999999999776605e+01 8.794892810556118601e-01 5.590963213192882142e-01
2.139999999999775326e+01 8.241154018572285356e-01 6.035922254893636429e-01
2.149999999999774047e+01 7.687478301963882599e-01 6.482367017850521052e-01
2.159999999999773124e+01 7.136425620697600669e-01 6.928135428488564340e-01
2.169999999999772200e+01 6.590533760863203083e-01 7.371076096412871870e-01
2.179999999999770921e+01 6.052306363674081480e-01 7.809058468253748941e-01
2.189999999999769642e+01 5.524201165451577689e-01 8.239982844223174840e-01
2.199999999999768718e+01 5.008618503662990440e-01 8.661790210358601971e-01
2.209999999999767795e+01 4.507890142577807291e-01 9.072471840476787897e-01
2.219999999999766516e+01 4.024268470370709894e-01 9.470078623151674257e-01
2.229999999999765237e+01 3.559916117478673647e-01 9.852730070529107653e-01
2.239999999999764313e+01 3.116896043815903794e-01 1.021862296744830312e+00
2.249999999999763389e+01 2.697162140003260822e-01 1.056603962125745477e+00
2.259999999999762110e+01 2.302550385129532029e-01 1.089335567473713740e+00
2.269999999999760831e+01 1.934770600725675138e-01 1.119904744679973030e+00
2.279999999999759908e+01 1.595398837626295085e-01 1.148169876798916800e+00
2.289999999999758984e+01 1.285870429222152334e-01 1.174000728038077090e+00
2.299999999999757705e+01 1.007473741294138969e-01 1.197279017409679902e+00
2.309999999999756426e+01 7.613446451730905562e-02 1.217898933550379148e+00
2.319999999999755502e+01 5.484617374169376003e-02 1.235767588498257297e+00
2.329999999999754579e+01 3.696423255503196448e-02 1.250805408521510120e+00
2.339999999999753300e+01 2.255391956811802004e-02 1.262946460394270831e+00
2.349999999999752021e+01 1.166381740309040300e-02 1.272138711832666802e+00
2.359999999999751097e+01 4.325649058815409995e-03 1.278344225117024058e+00
2.369999999999750173e+01 5.541949253009745540e-04 1.281539283252037364e+00
2.379999999999748894e+01 3.472904989247905237e-04 1.281714448334580814e+00
2.389999999999747615e+01 3.685904466967160949e-03 1.278874552125332853e+00
2.399999999999746692e+01 1.053429644991886807e-02 1.273038619139552630e+00
2.409999999999745768e+01 2.084025331513516752e-02 1.264239722891496553e+00
2.419999999999744489e+01 3.453540260733755501e-02 1.252524776243262083e+00
2.429999999999743210e+01 5.153560128202719359e-02 1.237954257112050316e+00
2.439999999999742286e+01 7.174139757855481359e-02 1.220601871097769520e+00
2.449999999999741362e+01 9.503856353222810138e-02 1.200554152879550029e+00
2.459999999999740083e+01 1.212986953008809848e-01 1.177910008514706508e+00
2.469999999999738804e+01 1.503798781720157018e-01 1.152780201046289310e+00
2.479999999999737881e+01 1.821274128238189738e-01 1.125286782078990688e+00
2.489999999999736957e+01 2.163745991381774147e-01 1.095562472234500095e+00
2.499999999999735678e+01 2.529435736068219587e-01 1.063749993622011614e+00
2.509999999999734399e+01 2.916461961357611488e-01 1.030001357676193496e+00
2.519999999999733475e+01 3.322849818367510366e-01 9.944771119123413383e-01
2.529999999999732552e+01 3.746540732014343456e-01 9.573455493277938100e-01
2.539999999999731273e+01 4.185402478821060313e-01 9.187818843397498325e-01
2.549999999999729994e+01 4.637239571558366968e-01 8.789673992917544920e-01
2.559999999999729070e+01 5.099803900243390364e-01 8.380885656852107291e-01
2.569999999999728146e+01 5.570805578032165251e-01 7.963361443912653215e-01
2.579999999999726867e+01 6.047923939796112647e-01 7.539042691846579158e-01
2.589999999999725588e+01 6.528818640674707297e-01 7.109895179971633672e-01
2.599999999999724665e+01 7.011140801660629140e-01 6.677899763321886173e-01
2.609999999999723741e+01 7.492544149274787957e-01 6.245042972980356932e-01
2.619999999999722462e+01 7.970696096655944807e-01 5.813307627154287172e-01
2.629999999999721183e+01 8.443288713888221775e-01 5.384663497319760461e-01
2.639999999999720259e+01 8.908049536155560055e-01 4.961058073309020933e-01
2.649999999999719336e+01 9.362752159285760989e-01 4.544407470569051810e-01
2.659999999999718057e+01 9.805226573483506458e-01 4.136587521957432179e-01
2.669999999999716778e+01 1.023336918751550861e+00 3.739425095409631972e-01
2.679999999999715854e+01 1.064515249724811152e+00 3.354689677556374483e-01
2.689999999999714930e+01 1.103863435436768237e+00 2.984085261953067225e-01
2.699999999999713651e+01 1.141196679315282125e+00 2.629242578983268519e-01
2.709999999999712372e+01 1.176340437547464868e+00 2.291711702724921473e-01
2.719999999999711449e+01 1.209131201662291044e+00 1.972955068143287805e-01
2.729999999999710525e+01 1.239417225719380733e+00 1.674340929896660779e-01
2.739999999999709246e+01 1.267059194904813779e+00 1.397137291824024075e-01
2.749999999999707967e+01 1.291930832621838610e+00 1.142506333837580990e-01
2.759999999999707043e+01 1.313919443473116511e+00 9.114993604865952170e-02
2.769999999999706120e+01 1.332926389839939718e+00 7.050522928898303454e-02
2.779999999999704841e+01 1.348867500091728955e+00 5.239817230803384129e-02
2.789999999999703562e+01 1.361673406788701746e+00 3.689815470722060398e-02
2.799999999999702638e+01 1.371289813577276862e+00 2.406201901552555700e-02
2.809999999999701714e+01 1.377677689821772855e+00 1.393384350756305887e-02
2.819999999999700435e+01 1.380813392362144620e+00 6.544786086738265361e-03
2.829999999999699156e+01 1.380688714130456685e+00 1.912989718700178719e-03
2.839999999999698233e+01 1.377310859709725444e+00 4.354960775594980010e-05
2.849999999999697309e+01 1.370702348259648540e+00 9.285420167388388048e-04
2.859999999999696030e+01 1.360900844576808932e+00 4.547114340418391062e-03
2.869999999999694751e+01 1.347958919392539867e+00 1.086563575514800338e-02
2.879999999999693827e+01 1.331943740338519699e+00 1.983790748451980113e-02
2.889999999999692903e+01 1.312936695335457760e+00 3.140543144357479249e-02
2.899999999999691624e+01 1.291032950465733853e+00 4.549773575395483355e-02
2.909999999999690345e+01 1.266340944697240012e+00 6.203275536040565863e-02
2.919999999999689422e+01 1.238981824107367791e+00 8.091726572664016681e-02
2.929999999999688498e+01 1.209088818535616783e+00 1.020473673466712056e-01
2.939999999999687219e+01 1.176806563845244291e+00 1.253090185775875831e-01
2.949999999999685940e+01 1.142290373225933520e+00 1.505786140823652253e-01
2.959999999999685016e+01 1.105705461186352379e+00 1.777236059675189606e-01
2.969999999999684093e+01 1.067226124097976570e+00 2.066031645115335713e-01
2.979999999999682814e+01 1.027034881338927397e+00 2.370688752059369742e-01
2.989999999999681535e+01 9.853215812525695227e-01 2.689654686741594358e-01
2.999999999999680611e+01 9.422824762868405868e-01 3.021315798916605622e-01
3.009999999999679687e+01 8.981192718026825839e-01 3.364005330088568058e-01
3.019999999999678408e+01 8.530381531493418379e-01 3.716011479723485555e-01
3.029999999999677129e+01 8.072487956819566213e-01 4.075585650532503879e-01
3.039999999999676206e+01 7.609633624607066160e-01 4.440950833238714313e-01
3.049999999999675282e+01 7.143954944085626479e-01 4.810310090741594102e-01
3.059999999999674003e+01 6.677592977151334264e-01 5.181855101297981880e-01
3.069999999999672724e+01 6.212683332737284347e-01 5.553774720222718342e-01
3.079999999999671800e+01 5.751346129011590813e-01 5.924263519704969783e-01
3.089999999999670877e+01 5.295676070440099581e-01 6.291530266594272947e-01
3.099999999999669598e+01 4.847732685947607201e-01 6.653806298489280957e-01
3.109999999999668319e+01 4.409530773515459301e-01 7.009353759082639357e-01
3.119999999999667395e+01 3.983031095328902205e-01 7.356473654563777664e-01
3.129999999999666471e+01 3.570131366264181483e-01 7.693513693881813831e-01
3.139999999999665192e+01 3.172657576912733535e-01 8.018875876816642378e-01
3.149999999999663913e+01 2.792355690600468732e-01 8.331023795194050230e-01
3.159999999999662990e+01 2.430883751928932801e-01 8.628489614025172116e-01
3.169999999999662066e+01 2.089804442263266115e-01 8.909880701037823370e-01
3.179999999999660787e+01 1.770578115340938896e-01 9.173885874821983144e-01
3.189999999999659508e+01 1.474556343770258571e-01 9.419281243760667666e-01
3.199999999999658584e+01 1.202976004655257891e-01 9.644935609944693677e-01
3.209999999999657661e+01 9.569539299172752367e-02 9.849815414418109372e-01
3.219999999999656382e+01 7.374821441283062329e-02 1.003298920238467451e+00
3.229999999999655103e+01 5.454237097983501148e-02 1.019363158933171976e+00
3.239999999999653824e+01 3.815091971213776384e-02 1.033102671146435947e+00
3.249999999999653255e+01 2.463337921708058653e-02 1.044457114634673944e+00
3.259999999999651976e+01 1.403550544731111543e-02 1.053377629219355738e+00
3.269999999999650697e+01 6.389133178446824123e-03 1.059827019683928340e+00
3.279999999999650129e+01 1.712083677114983968e-03 1.063779883007964333e+00
3.289999999999648850e+01 8.138715939522060295e-06 1.065222679566571129e+00
3.299999999999647571e+01 1.267080779273845612e-03 1.064153748195482585e+00
3.309999999999646292e+01 5.464798992731954679e-03 1.060583265279692933e+00
3.319999999999645013e+01 1.256346000237228144e-02 1.054533148292342792e+00
3.329999999999644444e+01 2.251174272713785812e-02 1.046036904466467243e+00
3.339999999999643165e+01 3.524513561227003711e-02 1.035139425538859292e+00
3.349999999999641886e+01 5.068629472324612945e-02 1.021896729755506383e+00
3.359999999999641318e+01 6.874546074064301349e-02 1.006375652569930779e+00
3.369999999999640039e+01 8.932093264750444461e-02 9.886534877039482305e-01
3.379999999999638760e+01 1.122995956435787201e-01 9.688175804626526499e-01
3.389999999999637481e+01 1.375575005759349101e-01 9.469648754170547633e-01
3.399999999999636202e+01 1.649604919451189977e-01 9.232014207703430619e-01
3.409999999999635634e+01 1.943648813293597510e-01 8.976418319189175543e-01
3.419999999999634355e+01 2.256181628697470909e-01 8.704087169014165237e-01
3.429999999999633076e+01 2.585597672750735154e-01 8.416320665965066894e-01
3.439999999999632507e+01 2.930218506393203470e-01 8.114486126844443481e-01
3.449999999999631228e+01 3.288301142163094215e-01 7.800011565256662616e-01
3.459999999999629949e+01 3.658046511669598710e-01 7.474378722353743898e-01
3.469999999999628670e+01 4.037608161844389310e-01 7.139115873388219846e-01
3.479999999999627391e+01 4.425101138122043976e-01 6.795790444844164169e-01
3.489999999999626823e+01 4.818611011993756410e-01 6.446001477665209700e-01
3.499999999999625544e+01 5.216203009882494079e-01 6.091371972667399826e-01
3.509999999999624265e+01 5.615931199989300238e-01 5.733541154647600058e-01
3.519999999999623697e+01 6.015847693670376417e-01 5.374156691899294458e-01
3.529999999999622418e+01 6.414011818017685274e-01 5.014866907940583873e-01
3.539999999999621139e+01 6.808499216633518980e-01 4.657313022109143552e-01
3.549999999999619860e+01 7.197410836104281007e-01 4.303121455427840192e-01
3.559999999999618581e+01 7.578881756401700809e-01 3.953896237649117129e-01
3.569999999999618012e+01 7.951089824330179745e-01 3.611211550792508551e-01
3.579999999999616733e+01 8.312264050255762093e-01 3.276604443691075730e-01
3.589999999999615454e+01 8.660692729624598352e-01 2.951567751104071657e-01
3.599999999999614886e+01 8.994731252207882610e-01 2.637543249879946705e-01
3.609999999999613607e+01 9.312809563688972947e-01 2.335915083373784340e-01
3.619999999999612328e+01 9.613439245913476539e-01 2.048003483958498461e-01
3.629999999999611049e+01 9.895220184131744423e-01 1.775058821930318165e-01
3.639999999999609770e+01 1.015684679156994896e+00 1.518256007461939172e-01
3.649999999999609201e+01 1.039711376392460140e+00 1.278689270487175234e-01
3.659999999999607923e+01 1.061492133864258225e+00 1.057367341520372844e-01
3.669999999999606644e+01 1.080928003634335610e+00 8.552090544362266067e-02
3.679999999999606075e+01 1.097931486419803093e+00 6.730393901604557472e-02
3.689999999999604796e+01 1.112426896375210417e+00 5.115859780769915072e-02
3.699999999999603517e+01 1.124350668832319045e+00 3.714760697316031590e-02
3.709999999999602238e+01 1.133651609785989889e+00 2.532339971327954645e-02
3.719999999999600959e+01 1.140291086193386816e+00 1.572791256226281284e-02
3.729999999999600391e+01 1.144243156435414521e+00 8.392430892317916807e-03
3.739999999999599112e+01 1.145494640574270084e+00 3.337485157229215602e-03
3.749999999999597833e+01 1.144045130322243864e+00 5.727981555846067352e-04
3.759999999999597264e+01 1.139906938924152069e+00 9.728335331132219853e-05
3.769999999999595985e+01 1.133104991435499365e+00 1.899094065022604314e-03
3.779999999999594706e+01 1.123676656154829923e+00 5.955723055365448777e-03
3.789999999999593427e+01 1.111671518246152957e+00 1.223415188634010067e-02
3.799999999999592148e+01 1.097151096849712681e+00 2.069104910544966591e-02
3.809999999999591580e+01 1.080188507243017071e+00 3.127301614363405674e-02
3.819999999999590301e+01 1.060868069865773755e+00 4.391687957229761796e-02
3.829999999999589022e+01 1.039284868259805927e+00 5.855002815630108021e-02
3.839999999999588454e+01 1.015544258213597173e+00 7.509079293555472046e-02
3.849999999999587175e+01 9.897613306156929358e-01 9.344886837294553994e-02
3.859999999999585896e+01 9.620603307293625894e-01 1.135257724210168295e-01
3.869999999999584617e+01 9.325740367962678246e-01 1.352153431859039745e-01
3.879999999999583338e+01 9.014431010541428257e-01 1.584042697041967984e-01
3.889999999999582769e+01 8.688153564175851162e-01 1.829726541985184918e-01
3.899999999999581490e+01 8.348450922203454194e-01 2.087946030396815311e-01
3.909999999999580211e+01 7.996923025471583957e-01 2.357388435207213306e-01
3.919999999999579643e+01 7.635219107987724074e-01 2.636693634370793626e-01
3.929999999999578364e+01 7.265029742293335202e-01 2.924460703737029044e-01
3.939999999999577085e+01 6.888078722761465933e-01 3.219254675187810943e-01
3.949999999999575806e+01 6.506114825597855145e-01 3.519613427591902211e-01
3.959999999999574527e+01 6.120903484761571756e-01 3.824054677641015032e-01
3.969999999999573959e+01 5.734218423258254926e-01 4.131083037284570270e-01
3.979999999999572680e+01 5.347833279299536446e-01 4.439197104316882636e-01
3.989999999999571401e+01 4.963513266688990844e-01 4.746896552631107991e-01
3.999999999999570832e+01 4.583006908476364716e-01 5.052689188814826204e-01
4.009999999999569553e+01 4.208037882417283160e-01 5.355097942027424729e-01
4.019999999999568274e+01 3.840297016092791282e-01 5.652667754576001791e-01
4.029999999999566995e+01 3.481434468694367679e-01 5.943972341177269358e-01
4.039999999999565716e+01 3.133052135437968122e-01 6.227620785660470393e-01
4.049999999999565148e+01 2.796696309401345837e-01 6.502263944745008128e-01
4.059999999999563869e+01 2.473850634208166477e-01 6.766600629557477653e-01
4.069999999999562590e+01 2.165929379495412921e-01 7.019383536716685690e-01
4.079999999999562021e+01 1.874271069452750627e-01 7.259424902110310773e-01
4.089999999999560742e+01 1.600132492938009798e-01 7.485601851885166358e-01
4.099999999999559464e+01 1.344683121773702639e-01 7.696861426712122700e-01
4.109999999999558185e+01 1.108999961797407507e-01 7.892225257016737272e-01
4.119999999999556906e+01 8.940628591180040108e-02 8.070793868577760266e-01
4.129999999999556337e+01 7.007502817913292825e-02 8.231750599754361630e-01
4.139999999999555058e+01 5.298355948243125418e-02 8.374365113456310183e-01
4.149999999999553779e+01 3.819838440240628380e-02 8.497996488981235386e-01
4.159999999999553211e+01 2.577490617571093906e-02 8.602095880858062760e-01
4.169999999999551932e+01 1.575721051837563821e-02 8.686208733927432979e-01
4.179999999999550653e+01 8.177903498767836316e-03 8.749976546016373646e-01
4.189999999999549374e+01 3.058004005276153230e-03 8.793138171725390917e-01
4.199999999999548095e+01 4.068910954159245014e-04 8.815530663041368786e-01
4.209999999999547526e+01 2.223062542212013773e-04 8.817089644646580737e-01
4.219999999999546247e+01 2.490410331943359711e-03 8.797849224045146688e-01
4.229999999999544968e+01 7.185894675293753170e-03 8.757941438760118436e-01
4.239999999999544400e+01 1.427214571400649452e-02 8.697595245050655510e-01
4.249999999999543121e+01 2.370146201650972020e-02 8.617135054733013888e-01
4.259999999999541842e+01 3.541532258612252460e-02 8.516978828779436794e-01
4.269999999999540563e+01 4.934470493357429738e-02 8.397635738413216089e-01
4.279999999999539284e+01 6.541045123378809445e-02 8.259703406428804406e-01
4.289999999999538716e+01 8.352368065593664126e-02 8.103864743357036549e-01
4.299999999999537437e+01 1.035862457466351916e-01 7.930884394977023577e-01
4.309999999999536158e+01 1.254912305477092482e-01 7.741604819395925263e-01
4.319999999999535589e+01 1.491234879434882865e-01 7.536942013632720316e-01
4.329999999999534310e+01 1.743602135581026891e-01 7.317880911164006408e-01
4.339999999999533031e+01 2.010715533625791196e-01 7.085470473385384604e-01
4.349999999999531752e+01 2.291212420045051490e-01 6.840818499280633125e-01
4.359999999999530473e+01 2.583672687405469959e-01 6.585086178793061462e-01
4.369999999999529905e+01 2.886625677351706276e-01 6.319482416552812953e-01
4.379999999999528626e+01 3.198557293870086804e-01 6.045257953521101513e-01
4.389999999999527347e+01 3.517917292593552570e-01 5.763699315004982004e-01
4.399999999999526779e+01 3.843126711211968249e-01 5.476122614178697834e-01
4.409999999999525500e+01 4.172585405546903048e-01 5.183867240804527210e-01
4.419999999999524221e+01 4.504679655463166843e-01 4.888289465288839231e-01
4.429999999999522942e+01 4.837789804642944613e-01 4.590755988468719351e-01
4.439999999999521663e+01 5.170297898190094887e-01 4.292637467671329699e-01
4.449999999999521094e+01 5.500595282218483373e-01 3.995302049576425207e-01
4.459999999999519815e+01 5.827090129876068003e-01 3.700108940258004520e-01
4.469999999999518536e+01 6.148214858754605938e-01 3.408402042491966433e-01
4.479999999999517968e+01 6.462433405273055875e-01 3.121503689976628526e-01
4.489999999999516689e+01 6.768248322434972097e-01 2.840708507545747219e-01
4.499999999999515410e+01 7.064207668325356293e-01 2.567277425747532260e-01
4.509999999999514131e+01 7.348911653811510680e-01 2.302431877320195996e-01
4.519999999999512852e+01 7.621019019172764475e-01 2.047348202142984241e-01
4.529999999999512283e+01 7.879253110786368364e-01 1.803152286146882111e-01
4.539999999999511004e+01 8.122407630485669605e-01 1.570914458478636921e-01
4.549999999999509726e+01 8.349352031898288340e-01 1.351644669897538731e-01
4.559999999999509157e+01 8.559036539772477692e-01 1.146287973977827834e-01
4.569999999999507878e+01 8.750496770224396315e-01 9.557203311771303444e-02
4.579999999999506599e+01 8.922857931745310500e-01 7.807447542424540698e-02
4.589999999999505320e+01 9.075338588880377255e-01 6.220878117440515470e-02
4.599999999999504041e+01 9.207253972626430194e-01 4.803965047813126693e-02
4.609999999999503473e+01 9.318018823741607282e-01 3.562355300941640046e-02
4.619999999999502194e+01 9.407149757465288475e-01 2.500849409435981427e-02
4.629999999999500915e+01 9.474267140382941488e-01 1.623382152141995133e-02
4.639999999999500346e+01 9.519096472527436292e-01 9.330073824004159536e-03
4.649999999999499067e+01 9.541469270161034855e-01 4.318870587824167641e-03
4.659999999999497788e+01 9.541323447010646719e-01 1.212845135793861988e-03
4.669999999999496509e+01 9.518703194142479340e-01 1.561974281552576152e-05
4.679999999999495230e+01 9.473758360957390545e-01 7.218233323436072961e-04
4.689999999999494662e+01 9.406743342167591670e-01 3.317151407217667526e-03
4.699999999999493383e+01 9.318015477893336618e-01 7.778467769772875497e-03
4.709999999999492104e+01 9.208032976275294379e-01 1.407394739160782761e-02
4.719999999999491536e+01 9.077352370201795528e-01 2.216325960252870861e-02
4.729999999999490257e+01 8.926625521916694561e-01 3.199779058196253884e-02
4.739999999999488978e+01 8.756596191294037101e-01 4.352090395538152356e-02
4.749999999999487699e+01 8.568096185606343118e-01 5.666823812389205905e-02
4.759999999999486420e+01 8.362041110467545169e-01 7.136803878785275002e-02
4.769999999999485851e+01 8.139425743449444361e-01 8.754152496589984178e-02
4.779999999999484572e+01 7.901319053548833127e-01 1.051032866600335736e-01
4.789999999999483293e+01 7.648858891266181459e-01 1.239617121757606577e-01
4.799999999999482725e+01 7.383246375488227153e-01 1.440194429747120308e-01
4.809999999999481446e+01 7.105740004707908897e-01 1.651738538158165348e-01
4.819999999999480167e+01 6.817649521297540760e-01 1.873175558311128142e-01
4.829999999999478888e+01 6.520329558588677799e-01 2.103389200834185346e-01
4.839999999999477609e+01 6.215173101429004587e-01 2.341226190663322770e-01
4.849999999999477041e+01 5.903604791649285088e-01 2.585501835324154896e-01
4.859999999999475762e+01 5.587074110456052844e-01 2.835005719736856666e-01
4.869999999999474483e+01 5.267048470249567904e-01 3.088507500287136498e-01
4.879999999999473914e+01 4.945006248644859825e-01 3.344762770553802445e-01
4.889999999999472635e+01 4.622429797634335369e-01 3.602518970842203405e-01
4.899999999999471356e+01 4.300798460806440904e-01 3.860521313581808944e-01
4.909999999999470077e+01 3.981581631388982356e-01 4.117518696675747658e-01
4.919999999999468798e+01 3.666231883543373815e-01 4.372269577047240841e-01
4.929999999999468230e+01 3.356178208897873660e-01 4.623547776932155351e-01
4.939999999999466951e+01 3.052819389666105998e-01 4.870148195882595399e-01
4.949999999999465672e+01 2.757517538949928460e-01 5.110892401985435152e-01
4.959999999999465103e+01 2.471591837920174006e-01 5.344634076477461360e-01
4.969999999999463824e+01 2.196312498530758606e-01 5.570264286727532044e-01
4.979999999999462545e+01 1.932894979254903001e-01 5.786716563445508665e-01
4.989999999999461266e+01 1.682494480038314033e-01 5.992971759001232135e-01
4.999999999999459988e+01 1.446200741254458078e-01 6.188062664849313110e-01
5.009999999999459419e+01 1.225033169926690590e-01 6.371078367266520548e-01
5.019999999999458140e+01 1.019936314853342740e-01 6.541168321921153606e-01
5.029999999999456861e+01 8.317757105577594512e-02 6.697546129196189080e-01
5.039999999999456293e+01 6.613341081722695636e-02 6.839492993640350349e-01
5.049999999999455014e+01 5.093081094847504153e-02 6.966360852493902467e-01
5.059999999999453735e+01 3.763052184188591526e-02 7.077575159826380302e-01
5.069999999999452456e+01 2.628413222073033156e-02 7.172637314513385931e-01
5.079999999999451177e+01 1.693386124544811119e-02 7.251126721969413103e-01
5.089999999999450608e+01 9.612395417956791713e-03 7.312702481347225225e-01
5.099999999999449329e+01 4.342770879919300754e-03 7.357104691668742147e-01
5.109999999999448050e+01 1.138301485508602922e-03 7.384155372195152500e-01
5.119999999999447482e+01 2.552812912625794482e-06 7.393758994162586973e-01
5.129999999999446203e+01 9.293620625765439732e-04 7.385902622841220566e-01
5.139999999999444924e+01 3.902903575002589047e-03 7.360655670722766608e-01
5.149999999999443645e+01 8.897799487814580036e-03 7.318169264451634959e-01
5.159999999999442366e+01 1.587927484174102635e-02 7.258675229931995654e-01
5.169999999999441798e+01 2.480335623915453855e-02 7.182484701807005933e-01
5.179999999999440519e+01 3.561711295778555164e-02 7.089986365263033496e-01
5.189999999999439240e+01 4.825893922707218120e-02 6.981644339787710374e-01
5.199999999999438671e+01 6.265887618635870848e-02 6.857995716182478940e-01
5.209999999999437392e+01 7.873897186337379395e-02 6.719647759692275457e-01
5.219999999999436113e+01 9.641367733947812935e-02 6.567274793648613107e-01
5.229999999999434834e+01 1.155902771048447214e-01 6.401614779467573735e-01
5.239999999999433555e+01 1.361693514543453609e-01 6.223465610204762521e-01
5.249999999999432987e+01 1.580452686320086564e-01 6.033681136159433356e-01
5.259999999999431708e+01 1.811067043015587019e-01 5.833166942197551830e-01
5.269999999999430429e+01 2.052371858009144623e-01 5.622875897565736691e-01
5.279999999999429861e+01 2.303156585320519367e-01 5.403803499958472756e-01
5.289999999999428582e+01 2.562170717436718648e-01 5.176983036476675570e-01
5.299999999999427303e+01 2.828129808833980130e-01 4.943480584897720909e-01
5.309999999999426024e+01 3.099721636290562743e-01 4.704389879341358549e-01
5.319999999999424745e+01 3.375612466553565838e-01 4.460827064960996013e-01
5.329999999999424176e+01 3.654453401529672574e-01 4.213925366707659270e-01
5.339999999999422897e+01 3.934886770915605458e-01 3.964829697548261089e-01
5.349999999999421618e+01 4.215552542080729381e-01 3.714691231678069472e-01
5.359999999999421050e+01 4.495094717038785048e-01 3.464661968372493295e-01
5.369999999999419771e+01 4.772167686526297414e-01 3.215889312029581171e-01
5.379999999999418492e+01 5.045442511516295969e-01 2.969510693822128289e-01
5.389999999999417213e+01 5.313613102945692335e-01 2.726648260066872331e-01
5.399999999999415934e+01 5.575402271030363011e-01 2.488403652006474509e-01
5.409999999999415365e+01 5.829567616251343232e-01 2.255852901202659300e-01
5.419999999999414086e+01 6.074907234949316059e-01 2.030041464075673929e-01
5.429999999999412807e+01 6.310265213438325249e-01 1.811979418408656284e-01
5.439999999999412239e+01 6.534536885634858461e-01 1.602636843776241438e-01
5.449999999999410960e+01 6.746673830398278726e-01 1.402939406913391585e-01
5.459999999999409681e+01 6.945688586113182295e-01 1.213764172004469094e-01
5.469999999999408402e+01 7.130659061418286315e-01 1.035935654735435502e-01
5.479999999999407123e+01 7.300732622526817650e-01 8.702221377427793447e-02
5.489999999999406555e+01 7.455129839147004445e-01 7.173322637962085968e-02
5.499999999999405276e+01 7.593147872710243051e-01 5.779119216870737263e-02
5.509999999999403997e+01 7.714163492321435278e-01 4.525414383680113894e-02
5.519999999999403428e+01 7.817635705673513513e-01 3.417330893960125737e-02
5.529999999999402149e+01 7.903107994011560056e-01 2.459289381946843864e-02
5.539999999999400870e+01 7.970210142141386234e-01 1.654990130679154237e-02
5.549999999999399591e+01 8.018659656388054113e-01 1.007398292772881954e-02
5.559999999999398312e+01 8.048262765403252361e-01 5.187326184884577182e-03
5.569999999999397744e+01 8.058915000678408269e-01 1.904577310666128202e-03
5.579999999999396465e+01 8.050601355594161346e-01 2.327997250390522388e-04
5.589999999999395186e+01 8.023396023856967929e-01 1.714682608816566964e-04
5.599999999999394618e+01 7.977461720092869912e-01 1.712499051984656085e-03
5.609999999999393339e+01 7.913048587374912346e-01 4.840314811677371223e-03
5.619999999999392060e+01 7.830492698331471546e-01 9.531945064914277080e-03
5.629999999999390781e+01 7.730214158401083058e-01 1.575716073416860707e-02
5.639999999999389502e+01 7.612714821620530925e-01 2.347864232042025379e-02
5.649999999999388933e+01 7.478575631105276456e-01 3.265218076559624205e-02
5.659999999999387654e+01 7.328453598120712176e-01 4.322690993280828980e-02
5.669999999999386375e+01 7.163078435260264998e-01 5.514556949617875625e-02
5.679999999999385807e+01 6.983248860829008864e-01 6.834479689388216206e-02
5.689999999999384528e+01 6.789828593007457558e-01 8.275544686636462921e-02
5.699999999999383249e+01 6.583742053758169233e-01 9.830293697794492691e-02
5.709999999999381970e+01 6.365969803712375752e-01 1.149076174037868964e-01
5.719999999999380691e+01 6.137543730486106908e-01 1.324851631566160981e-01
5.729999999999380123e+01 5.899542013911006633e-01 1.509469868292979688e-01
5.739999999999378844e+01 5.653083892661231458e-01 1.702006698398186024e-01
5.749999999999377565e+01 5.399324257571150865e-01 1.901504100860742230e-01
5.759999999999376996e+01 5.139448097674894633e-01 2.106974838484951817e-01
5.769999999999375717e+01 4.874664825580010685e-01 2.317407197197745017e-01
5.779999999999374438e+01 4.606202509269425871e-01 2.531769822924640478e-01
5.789999999999373159e+01 4.335302037746658899e-01 2.749016632982043129e-01
5.799999999999371880e+01 4.063211248161380240e-01 2.968091778654981527e-01
5.809999999999371312e+01 3.791179042127363896e-01 3.187934635479526269e-01
5.819999999999370033e+01 3.520449518883536077e-01 3.407484797701343937e-01
5.829999999999368754e+01 3.252256152777945886e-01 3.625687053457480880e-01
5.839999999999368185e+01 2.987816042240087899e-01 3.841496317390918347e-01
5.849999999999366906e+01 2.728324256961935923e-01 4.053882497715623479e-01
5.859999999999365627e+01 2.474948309467201180e-01 4.261835275117396016e-01
5.869999999999364348e+01 2.228822776540802797e-01 4.464368771396867164e-01
5.879999999999363069e+01 1.991044095216381871e-01 4.660526086338698248e-01
5.889999999999362501e+01 1.762665557093330559e-01 4.849383682012745611e-01
5.899999999999361222e+01 1.544692523738111500e-01 5.030055594478016756e-01
5.909999999999359943e+01 1.338077884808160090e-01 5.201697453773240776e-01
5.919999999999359375e+01 1.143717779309765814e-01 5.363510294027733494e-01
5.929999999999358096e+01 9.624475990918360258e-02 5.514744136585084666e-01
5.939999999999356817e+01 7.950382922856867596e-02 5.654701330165822215e-01
5.949999999999355538e+01 6.421929829203600060e-02 5.782739633287480308e-01
5.959999999999354259e+01 5.045439214056628152e-02 5.898275025423030948e-01
5.969999999999353690e+01 3.826497789606290306e-02 6.000784234719606092e-01
5.979999999999352411e+01 2.769932974077670210e-02 6.089806971441966699e-01
5.989999999999351132e+01 1.879793040391080847e-02 6.164947857766986949e-01
5.999999999999350564e+01 1.159330995124006197e-02 6.225878045976647179e-01
6.009999999999349285e+01 6.109922495448890517e-03 6.272336518610984735e-01
6.019999999999348006e+01 2.364061264646725741e-03 6.304131065662840205e-01
6.029999999999346727e+01 3.638122848351489354e-04 6.321138935407095705e-01
6.039999999999345448e+01 1.090467499304476285e-04 6.323307157022246550e-01
6.049999999999344880e+01 1.591451971084993471e-03 6.310652534702821947e-01
6.059999999999343601e+01 4.794600616387227274e-03 6.283261314499477557e-01
6.069999999999342322e+01 9.694057773386581187e-03 6.241288526660530023e-01
6.079999999999341753e+01 1.625752519111937217e-02 6.184957007760022440e-01
6.089999999999340474e+01 2.444502188620328170e-02 6.114556108373107035e-01
6.099999999999339195e+01 3.420910012996201260e-02 6.030440093541025171e-01
6.109999999999337916e+01 4.549509567111111041e-02 5.933026244645757119e-01
6.119999999999336637e+01 5.824141089217715200e-02 5.822792672718108964e-01
6.129999999999336069e+01 7.237982944809577546e-02 5.700275854491558825e-01
6.139999999999334790e+01 8.783586079306374139e-02 5.566067903797162764e-01
6.149999999999333511e+01 1.045291128674246117e-01 5.420813592070313769e-01
6.159999999999332942e+01 1.223736910906341319e-01 5.265207132876866813e-01
6.169999999999331664e+01 1.412786216898619385e-01 5.099988746417015717e-01
6.179999999999330385e+01 1.611482972868421015e-01 4.925941020936412951e-01
6.189999999999329106e+01 1.818829425688510693e-01 4.743885088862290766e-01
6.199999999999327827e+01 2.033790977838381420e-01 4.554676636288039204e-01
6.209999999999327258e+01 2.255301177239028843e-01 4.359201765146003549e-01
6.219999999999325979e+01 2.482266837981896290e-01 4.158372728017016295e-01
6.229999999999324700e+01 2.713573267430555713e-01 3.953123556061727273e-01
6.239999999999324132e+01 2.948089574766761256e-01 3.744405600969082926e-01
6.249999999999322853e+01 3.184674035773033540e-01 3.533183012160570069e-01
6.259999999999321574e+01 3.422179488456983387e-01 3.320428170695778891e-01
6.269999999999320295e+01 3.659458734088920639e-01 3.107117101464239028e-01
6.279999999999319016e+01 3.895369918285803701e-01 2.894224885254745305e-01
6.289999999999318447e+01 4.128781866964125746e-01 2.682721092227184356e-01
6.299999999999317168e+01 4.358579352287962339e-01 2.473565258122049082e-01
6.309999999999315889e+01 4.583668264168293538e-01 2.267702424268839001e-01
6.319999999999315321e+01 4.802980663393248140e-01 2.066058762070068500e-01
6.329999999999314042e+01 5.015479693124690330e-01 1.869537302173398252e-01
6.339999999999312763e+01 5.220164326234058016e-01 1.679013787967289228e-01
6.349999999999311484e+01 5.416073926824807039e-01 1.495332672390493334e-01
6.359999999999310205e+01 5.602292605222742861e-01 1.319303276291238780e-01
6.369999999999309637e+01 5.777953346773769816e-01 1.151696125755588412e-01
6.379999999999308358e+01 5.942241895919192496e-01 9.932394849138849457e-02
6.389999999999307079e+01 6.094400378240103500e-01 8.446160997576999951e-02
6.399999999999306510e+01 6.233730644448768343e-01 7.064601674525709807e-02
6.409999999999305942e+01 6.359597321686397686e-01 5.793545445175401348e-02
6.419999999999303952e+01 6.471430558889712525e-01 4.638282060752250968e-02
6.429999999999301963e+01 6.568728454503063308e-01 3.603539671491727547e-02
6.439999999999301394e+01 6.651059156323110289e-01 2.693464757179912100e-02
6.449999999999300826e+01 6.718062624858480714e-01 1.911604859231582840e-02
6.459999999999300258e+01 6.769452053176613360e-01 1.260894184815608207e-02
6.469999999999298268e+01 6.805014937881425086e-01 7.436421398114763728e-03
6.479999999999297700e+01 6.824613797487693034e-01 3.615248334218228339e-03
6.489999999999295710e+01 6.828186536146769736e-01 1.155795831676796051e-03
6.499999999999295142e+01 6.815746452346082007e-01 6.202434811247481460e-05
6.509999999999294573e+01 6.787381893879599337e-01 3.314869755326797329e-04
6.519999999999292584e+01 6.743255562018966032e-01 1.955364807058649745e-03
6.529999999999292015e+01 6.683603469484163950e-01 4.918532040142150653e-03
6.539999999999290026e+01 6.608733558384745077e-01 9.199650399551466753e-03
6.549999999999289457e+01 6.519023985908914964e-01 1.477129232743185257e-02
6.559999999999288889e+01 6.414921087037618319e-01 2.160009225488578391e-02
6.569999999999286899e+01 6.296937025065446614e-01 2.964692514032792742e-02
6.579999999999286331e+01 6.165647142118682034e-01 3.886711133508438665e-02
6.589999999999285762e+01 6.021687023235292591e-01 4.921064671664601708e-02
6.599999999999283773e+01 5.865749288854947840e-01 6.062245691552741594e-02
6.609999999999283204e+01 5.698580131791205483e-01 7.304267435300028366e-02
6.619999999999282636e+01 5.520975615902457001e-01 8.640693670482643696e-02
6.629999999999280647e+01 5.333777754711543917e-01 1.006467053107879123e-01
6.639999999999280078e+01 5.137870389219189038e-01 1.156896019618382093e-01
6.649999999999278089e+01 4.934174884997505339e-01 1.314597624164026979e-01
6.659999999999277520e+01 4.723645669440831307e-01 1.478782049249502684e-01
6.669999999999276952e+01 4.507265630712833926e-01 1.648632119782328931e-01
6.679999999999274962e+01 4.286041400505449794e-01 1.823307234392350928e-01
6.689999999999274394e+01 4.060998543178883091e-01 2.001947391720901859e-01
6.699999999999272404e+01 3.833176674213221169e-01 2.183677292443778617e-01
6.709999999999271836e+01 3.603624531141076393e-01 2.367610497503125910e-01
6.719999999999271267e+01 3.373395020278166512e-01 2.552853622838236469e-01
6.729999999999269278e+01 3.143540262577840805e-01 2.738510550803189281e-01
6.739999999999268709e+01 2.915106661867293836e-01 2.923686638463240395e-01
6.749999999999268141e+01 2.689130018520726750e-01 3.107492903041785826e-01
6.759999999999266151e+01 2.466630711332884196e-01 3.289050164980062418e-01
6.769999999999265583e+01 2.248608969940109614e-01 3.467493129339778712e-01
6.779999999999265015e+01 2.036040259639127492e-01 3.641974386637297778e-01
6.789999999999263025e+01 1.829870799833204220e-01 3.811668314662045032e-01
6.799999999999262457e+01 1.631013236634158980e-01 3.975774863342788068e-01
6.809999999999260467e+01 1.440342489349130117e-01 4.133523205365174369e-01
6.819999999999259899e+01 1.258691789683436257e-01 4.284175235924276848e-01
6.829999999999259330e+01 1.086848931524272838e-01 4.427028905771823730e-01
6.839999999999257341e+01 9.255527481068480389e-02 4.561421372559117393e-01
6.849999999999256772e+01 7.754898322394666865e-02 4.686731956382202413e-01
6.859999999999254783e+01 6.372915140595418471e-02 4.802384886422728094e-01
6.869999999999254214e+01 5.115311095344929337e-02 4.907851826578782384e-01
6.879999999999253646e+01 3.987214515949203536e-02 5.002654169096152348e-01
6.889999999999251656e+01 2.993127144213909505e-02 5.086365086313887618e-01
6.899999999999251088e+01 2.136905399870238018e-02 5.158611331828701907e-01
6.909999999999250520e+01 1.421744745063979742e-02 5.219074783576438392e-01
6.919999999999248530e+01 8.501672095827512640e-03 5.267493722579036364e-01
6.929999999999247962e+01 4.240121234146885382e-03 5.303663842369864545e-01
6.939999999999247393e+01 1.444300880132151329e-03 5.327438985376159453e-01
6.949999999999245404e+01 1.188020231718871981e-04 5.338731603859786512e-01
6.959999999999244835e+01 2.613054423887045869e-04 5.337512944292924777e-01
6.969999999999242846e+01 1.862618930489111238e-03 5.323812955364022326e-01
6.979999999999242277e+01 4.906746629302337695e-03 5.297719921096190054e-01
6.989999999999241709e+01 9.370990030119645542e-03 5.259379821852919745e-01
6.999999999999239719e+01 1.522608004500388204e-02 5.208995427260374456e-01
7.009999999999239151e+01 2.243633941163381343e-02 5.146825126327404520e-01
7.019999999999237161e+01 3.095987455463956178e-02 5.073181501261623261e-01
7.029999999999236593e+01 4.074879589145651709e-02 4.988429652639767009e-01
7.039999999999236024e+01 5.174946544098809470e-02 4.892985284744988395e-01
7.049999999999234035e+01 6.390277046955300522e-02 4.787312560973635556e-01
7.059999999999233466e+01 7.714442179115095499e-02 4.671921740245981169e-01
7.069999999999232898e+01 9.140527522851794873e-02 4.547366606348078877e-01
7.079999999999230909e+01 1.066116746385202957e-01 4.414241703063016553e-01
7.089999999999230340e+01 1.226858148099638640e-01 4.273179388797879730e-01
7.099999999999229772e+01 1.395461224553462831e-01 4.124846725222544030e-01
7.109999999999227782e+01 1.571076534396147195e-01 3.969942215152530429e-01
7.119999999999227214e+01 1.752825043198658894e-01 3.809192405558720629e-01
7.129999999999225224e+01 1.939802362099983801e-01 3.643348372156656190e-01
7.139999999999224656e+01 2.131083089341279657e-01 3.473182102527795356e-01
7.149999999999224087e+01 2.325725233917084189e-01 3.299482795132444024e-01
7.159999999999222098e+01 2.522774700268630155e-01 3.123053091898854161e-01
7.169999999999221529e+01 2.721269812734562477e-01 2.944705262326580697e-01
7.179999999999219540e+01 2.920245858373386461e-01 2.765257357193520726e-01
7.189999999999218971e+01 3.118739626759199357e-01 2.585529350030453255e-01
7.199999999999218403e+01 3.315793925453655588e-01 2.406339284522777122e-01
7.209999999999216413e+01 3.510462050048751004e-01 2.228499445889258468e-01
7.219999999999215845e+01 3.701812187968339107e-01 2.052812574118665634e-01
7.229999999999215277e+01 3.888931735610570706e-01 1.880068136671833590e-01
7.239999999999213287e+01 4.070931508883002814e-01 1.711038677913902517e-01
7.249999999999212719e+01 4.246949827785058140e-01 1.546476262117788547e-01
7.259999999999212150e+01 4.416156456319723089e-01 1.387109026367790710e-01
7.269999999999210161e+01 4.577756379809586607e-01 1.233637859127737768e-01
7.279999999999209592e+01 4.730993402479075072e-01 1.086733219572386111e-01
7.289999999999207603e+01 4.875153549111437834e-01 9.470321120758540268e-02
7.299999999999207034e+01 5.009568255547764970e-01 8.151352294595430592e-02
7.309999999999206466e+01 5.133617333847044772e-01 6.916042777602043889e-02
7.319999999999204476e+01 5.246731699047331166e-01 5.769594943780005647e-02
7.329999999999203908e+01 5.348395845628786116e-01 4.716773705119315513e-02
7.339999999999201918e+01 5.438150062996948142e-01 3.761885877877586826e-02
7.349999999999201350e+01 5.515592380580442988e-01 2.908761779415473467e-02
7.359999999999200782e+01 5.580380234434705322e-01 2.160739133396519240e-02
7.369999999999198792e+01 5.632231848580899758e-01 1.520649350041499218e-02
7.379999999999198224e+01 5.670927325681976994e-01 9.908062367043344101e-03
7.389999999999197655e+01 5.696309443029128339e-01 5.729971824257677239e-03
7.399999999999195666e+01 5.708284151230560433e-01 2.684768483378635433e-03
7.409999999999195097e+01 5.706820774376158978e-01 7.796338390013841631e-04
7.419999999999194529e+01 5.691951911884131077e-01 1.637177017994804928e-05
7.429999999999192539e+01 5.663773043608320013e-01 3.914213416205941502e-04
7.439999999999191971e+01 5.622441841195821022e-01 1.895894747442878172e-03
7.449999999999189981e+01 5.568177190041253555e-01 4.515640122603568375e-03
7.459999999999189413e+01 5.501257927521746582e-01 8.231328831361829634e-03
7.469999999999188844e+01 5.422021304521862373e-01 1.301856672871456143e-02
7.479999999999186855e+01 5.330861178513484067e-01 1.884802878009788143e-02
7.489999999999186286e+01 5.228225947701278242e-01 2.568561631727605404e-02
7.499999999999184297e+01 5.114616236911238012e-01 3.349263610487161064e-02
7.509999999999183729e+01 4.990582347030779187e-01 4.222600029259115234e-02
7.519999999999183160e+01 4.856721480877912445e-01 5.183844623383044442e-02
7.529999999999181171e+01 4.713674759367277312e-01 6.227877506173035843e-02
7.539999999999180602e+01 4.562124042787585876e-01 7.349210783009595127e-02
7.549999999999180034e+01 4.402788572850550031e-01 8.542015794850542354e-02
7.559999999999178044e+01 4.236421451960541429e-01 9.800151856935578054e-02
7.569999999999177476e+01 4.063805976862724378e-01 1.111719635193808148e-01
7.579999999999176907e+01 3.885751844425143764e-01 1.248647603101233211e-01
7.589999999999174918e+01 3.703091247874744085e-01 1.390109937105257487e-01
7.599999999999174349e+01 3.516674882221174081e-01 1.535398983209584345e-01
7.609999999999172360e+01 3.327367877977934763e-01 1.683791985519891288e-01
7.619999999999171791e+01 3.136045682553295078e-01 1.834554543820722250e-01
7.629999999999171223e+01 2.943589908841197644e-01 1.986944112477468938e-01
7.639999999999169233e+01 2.750884170643863036e-01 2.140213524065790740e-01
7.649999999999168665e+01 2.558809924528393509e-01 2.293614521079762048e-01
7.659999999999166675e+01 2.368242337623383820e-01 2.446401279093659287e-01
7.669999999999166107e+01 2.180046200664808032e-01 2.597833904857902443e-01
7.679999999999165539e+01 1.995071905313343663e-01 2.747181892988216356e-01
7.689999999999163549e+01 1.814151504396042669e-01 2.893727525165659120e-01
7.699999999999162981e+01 1.638094873257511519e-01 3.036769196096729129e-01
7.709999999999162412e+01 1.467685989870029795e-01 3.175624650882224453e-01
7.719999999999160423e+01 1.303679350723821739e-01 3.309634118927603508e-01
7.729999999999159854e+01 1.146796538818027206e-01 3.438163330060883816e-01
7.739999999999159286e+01 9.977229592936955049e-02 3.560606399134060296e-01
7.749999999999157296e+01 8.571047574105430944e-02 3.676388566062687158e-01
7.759999999999156728e+01 7.255459326503857498e-02 3.784968778970842496e-01
7.769999999999154738e+01 6.036056617611505748e-02 3.885842108913870052e-01
7.779999999999154170e+01 4.917958425255235938e-02 3.978541985460177788e-01
7.789999999999153601e+01 3.905788689542047387e-02 4.062642243326536895e-01
7.799999999999151612e+01 3.003656474802548007e-02 4.137758971158115862e-01
7.809999999999151044e+01 2.215138625597035463e-02 4.203552154524692885e-01
7.819999999999149054e+01 1.543264988823262775e-02 4.259727106198169522e-01
7.829999999999148486e+01 9.905062616339431816e-03 4.306035677799336936e-01
7.839999999999147917e+01 5.587645123117300668e-03 4.342277247954809405e-01
7.849999999999145928e+01 2.493664085183584182e-03 4.368299483171262931e-01
7.859999999999145359e+01 6.305917448784117800e-04 4.383998868717365327e-01
7.869999999999144791e+01 9.285832273765793874e-08 4.389321007899755767e-01
7.879999999999142801e+01 5.980389773794998797e-04 4.384260689197341798e-01
7.889999999999142233e+01 2.414549895048509042e-03 4.368861721840414658e-01
7.899999999999141664e+01 5.434061956869571872e-03 4.343216541473406411e-01
7.909999999999139675e+01 9.635422815832066223e-03 4.307465588639185494e-01
7.919999999999139106e+01 1.499201208564468653e-02 4.261796463868052776e-01
7.929999999999137117e+01 2.147188722764247285e-02 4.206442864196730524e-01
7.939999999999136548e+01 2.903795389053208040e-02 4.141683306940259768e-01
7.949999999999135980e+01 3.764815981027544445e-02 4.067839647538890047e-01
7.959999999999133991e+01 4.725571127008341976e-02 3.985275399209909364e-01
7.969999999999133422e+01 5.780931101825959040e-02 3.894393863080033436e-01
7.979999999999131433e+01 6.925341644500546123e-02 3.795636078290257065e-01
7.989999999999130864e+01 8.152851672858160703e-02 3.689478602402359586e-01
7.999999999999130296e+01 9.457142757704968539e-02 3.576431133183178290e-01
8.009999999999128306e+01 1.083156021141807174e-01 3.457033983552259548e-01
8.019999999999127738e+01 1.226914563879079878e-01 3.331855422113744747e-01
8.029999999999127169e+01 1.376267079165028329e-01 3.201488892293872235e-01
8.039999999999125180e+01 1.530467256326158432e-01 3.066550123610361500e-01
8.049999999999124611e+01 1.688748895377340520e-01 2.927674149068557607e-01
8.059999999999124043e+01 1.850329583404570488e-01 2.785512243059424242e-01
8.069999999999122053e+01 2.014414433207462329e-01 2.640728794457369299e-01
8.079999999999121485e+01 2.180199866402177111e-01 2.493998129865918623e-01
8.089999999999119495e+01 2.346877423033846832e-01 2.346001302131039690e-01
8.099999999999118927e+01 2.513637579703406066e-01 2.197422859358118818e-01
8.109999999999118359e+01 2.679673558226333685e-01 2.048947609691831317e-01
8.119999999999116369e+01 2.844185106968204479e-01 1.901257397087882661e-01
8.129999999999115801e+01 3.006382237184677675e-01 1.755027903194396888e-01
8.139999999999113811e+01 3.165488896977517452e-01 1.610925490278454775e-01
8.149999999999113243e+01 3.320746565839277631e-01 1.469604099889311177e-01
8.159999999999112674e+01 3.471417753187390765e-01 1.331702221624426197e-01
8.169999999999110685e+01 3.616789384813025032e-01 1.197839945990608335e-01
8.179999999999110116e+01 3.756176061745823413e-01 1.068616114895614838e-01
8.189999999999109548e+01 3.888923176704115470e-01 9.446055827996888143e-02
8.199999999999107558e+01 4.014409874018003421e-01 8.263566009889410091e-02
8.209999999999106990e+01 4.132051839701474383e-01 7.143883368007668266e-02
8.219999999999106421e+01 4.241303909200496713e-01 6.091885389601440354e-02
8.229999999999104432e+01 4.341662481253029116e-01 5.112113594492507379e-02
8.239999999999103864e+01 4.432667727233732813e-01 4.208753415639078510e-02
8.249999999999101874e+01 4.513905586377656709e-01 3.385615829880483929e-02
8.259999999999101306e+01 4.585009538311622390e-01 2.646120818649711978e-02
8.269999999999100737e+01 4.645662145388477215e-01 1.993282729507455178e-02
8.279999999999098748e+01 4.695596358456040065e-01 1.429697600174127323e-02
8.289999999999098179e+01 4.734596580801940791e-01 9.575324972587472006e-03
8.299999999999096190e+01 4.762499486186373976e-01 5.785169122274299788e-03
8.309999999999095621e+01 4.779194588043844671e-01 2.939362473152406629e-03
8.319999999999095053e+01 4.784624558111359449e-01 1.046274141415181247e-03
8.329999999999093063e+01 4.778785293931619438e-01 1.097655776619824337e-04
8.339999999999092495e+01 4.761725735853722385e-01 1.291890888727762301e-04
8.349999999999091926e+01 4.733547435333659292e-01 1.099407568622200486e-03
8.359999999999089937e+01 4.694403877505538003e-01 3.010835262928837023e-03
8.369999999999089368e+01 4.644499562123001191e-01 5.849499300886525956e-03
8.379999999999088800e+01 4.584088848104990732e-01 9.597121622609441557e-03
8.389999999999086810e+01 4.513474568006017873e-01 1.423122084250723340e-02
8.399999999999086242e+01 4.433006419788213526e-01 1.972523349390981756e-02
8.409999999999084253e+01 4.343079144292600335e-01 2.604865401202257832e-02
8.419999999999083684e+01 4.244130497782235278e-01 3.316719272648924188e-02
8.429999999999083116e+01 4.136639029867686390e-01 4.104295105292861401e-02
8.439999999999081126e+01 4.021121677977832487e-01 4.963461299495086632e-02
8.449999999999080558e+01 3.898131190390807244e-01 5.889765199486889091e-02
8.459999999999078568e+01 3.768253390575999062e-01 6.878455210264176889e-02
8.469999999999078000e+01 3.632104296309222047e-01 7.924504236931054213e-02
8.479999999999077431e+01 3.490327107652919647e-01 9.022634331296537635e-02
8.489999999999075442e+01 3.343589078453647057e-01 1.016734242528783277e-01
8.499999999999074873e+01 3.192578286508853669e-01 1.135292702608707988e-01
8.509999999999074305e+01 3.038000317969420383e-01 1.257351574385882631e-01
8.519999999999072315e+01 2.880574881887716931e-01 1.382309351946343634e-01
8.529999999999071747e+01 2.721032371102950487e-01 1.509553141682025978e-01
8.539999999999071179e+01 2.560110385826303014e-01 1.638461584238382340e-01
8.549999999999069189e+01 2.398550236422470894e-01 1.768407805272391442e-01
8.559999999999068621e+01 2.237093441912789693e-01 1.898762381037467917e-01
8.569999999999066631e+01 2.076478240676469800e-01 2.028896304794448879e-01
8.579999999999066063e+01 1.917436129723327498e-01 2.158183940094464404e-01
8.589999999999065494e+01 1.760688448701044906e-01 2.286005947095695878e-01
8.599999999999063505e+01 1.606943024540908593e-01 2.411752168254015782e-01
8.609999999999062936e+01 1.456890892291035910e-01 2.534824459971690702e-01
8.619999999999060947e+01 1.311203107280235480e-01 2.654639457087654142e-01
8.629999999999060378e+01 1.170527663263979251e-01 2.770631257465167030e-01
8.639999999999059810e+01 1.035486530648993819e-01 2.882254014349749927e-01
8.649999999999057820e+01 9.066728282837786812e-02 2.988984424653986505e-01
8.659999999999057252e+01 7.846481416159645228e-02 3.090324101859870387e-01
8.669999999999056683e+01 6.699399992852418662e-02 3.185801822812587836e-01
8.679999999999054694e+01 5.630395194321065333e-02 3.274975638311445336e-01
8.689999999999054126e+01 4.643992361580397132e-02 3.357434838091759577e-01
8.699999999999053557e+01 3.744311156911781652e-02 3.432801761493835535e-01
8.709999999999051568e+01 2.935047708817097728e-02 3.500733445895299889e-01
8.719999999999050999e+01 2.219458816859499681e-02 3.560923105757118345e-01
8.729999999999049010e+01 1.600348283025710902e-02 3.613101435968241737e-01
8.739999999999048441e+01 1.080055425979886685e-02 3.657037734020858744e-01
8.749999999999047873e+01 6.604458241111577435e-03 3.692540836420591388e-01
8.759999999999045883e+01 3.429043226214937515e-03 3.719459865625045492e-01
8.769999999999045315e+01 1.283303291215204039e-03 3.737684784717067443e-01
8.779999999999043325e+01 1.713541134557027858e-04 3.747146757924611493e-01
8.789999999999042757e+01 9.243199720598850296e-05 3.747818316020661844e-01
8.799999999999042188e+01 1.040915866712222504e-03 3.739713326571307284e-01
8.809999999999040199e+01 3.006372037697603496e-03 3.722886769896004977e-01
8.819999999999039630e+01 5.973621471962297508e-03 3.697434322537802021e-01
8.829999999999039062e+01 9.922829115061475302e-03 3.663491750919282142e-01
8.839999999999037072e+01 1.482961481465774715e-02 3.621234118764960486e-01
8.849999999999036504e+01 2.066518521746191217e-02 3.570874812710451152e-01
8.859999999999035936e+01 2.739648594626259426e-02 3.512664391377025019e-01
8.869999999999033946e+01 3.498637326567261702e-02 3.446889263988974772e-01
8.879999999999033378e+01 4.339380435652977208e-02 3.373870205398362132e-01
8.889999999999031388e+01 5.257404523454734663e-02 3.293960715119492733e-01
8.899999999999030820e+01 6.247889526940692689e-02 3.207545228683255090e-01
8.909999999999030251e+01 7.305692718625773907e-02 3.115037190289149938e-01
8.919999999999028262e+01 8.425374136282240412e-02 3.016876996346435358e-01
8.929999999999027693e+01 9.601223317249572842e-02 2.913529820068229137e-01
8.939999999999025704e+01 1.082728720670563388e-01 2.805483327809926708e-01
8.949999999999025135e+01 1.209739910421679110e-01 2.693245298304867696e-01
8.959999999999024567e+01 1.340520850850229484e-01 2.577341156371984465e-01
8.969999999999022577e+01 1.474421171664064556e-01 2.458311433022517256e-01
8.979999999999022009e+01 1.610778303092768593e-01 2.336709164205662548e-01
8.989999999999021441e+01 1.748920642425965399e-01 2.213097240661872356e-01
8.999999999999019451e+01 1.888170751335414010e-01 2.088045721549739997e-01
9.009999999999018883e+01 2.027848568815784069e-01 1.962129124625562604e-01
9.019999999999018314e+01 2.167274624568877595e-01 1.835923705823017393e-01
9.029999999999016325e+01 2.305773237702523626e-01 1.710004741080399793e-01
9.039999999999015756e+01 2.442675685748529335e-01 1.584943823203879831e-01
9.049999999999013767e+01 2.577323329188723755e-01 1.461306186439527977e-01
9.059999999999013198e+01 2.709070676952569090e-01 1.339648071243925986e-01
9.069999999999012630e+01 2.837288378671364852e-01 1.220514141513208556e-01
9.079999999999010640e+01 2.961366129878776898e-01 1.104434966235312704e-01
9.089999999999010072e+01 3.080715476802350916e-01 9.919245771791908306e-02
9.099999999999008082e+01 3.194772507915500381e-01 8.834781138409865398e-02
9.109999999999007514e+01 3.303000419996648951e-01 7.795695664064344887e-02
9.119999999999006945e+01 3.404891947080770365e-01 6.806496269929973586e-02
9.129999999999004956e+01 3.499971641371400488e-01 5.871436588847437493e-02
9.139999999999004388e+01 3.587797995927805572e-01 4.994497928821319682e-02
9.149999999999003819e+01 3.667965399707863727e-01 4.179371592559284754e-02
9.159999999999001830e+01 3.740105916388090090e-01 3.429442631245207401e-02
9.169999999999001261e+01 3.803890879229416822e-01 2.747775103702556482e-02
9.179999999999000693e+01 3.859032295160001458e-01 2.137098904742461974e-02
9.189999999998998703e+01 3.905284052162796837e-01 1.599798218868923178e-02
9.199999999998998135e+01 3.942442925005855692e-01 1.137901647651695138e-02
9.209999999998996145e+01 3.970349375323390384e-01 7.530740510156651475e-03
9.219999999998995577e+01 3.988888143030649980e-01 4.466101344762536327e-03
9.229999999998995008e+01 3.997988627053491451e-01 2.194298060078524095e-03
9.239999999998993019e+01 3.997625054353268204e-01 7.207531781174835199e-04
9.249999999998992450e+01 3.987816437223788424e-01 4.710199786568286019e-05
9.259999999998990461e+01 3.968626319836178751e-01 1.711998304123092543e-04
9.269999999998989892e+01 3.940162315994997222e-01 1.087147033649919770e-03
9.279999999998989324e+01 3.902575441043984461e-01 2.785331662233733394e-03
9.289999999998987334e+01 3.856059241816123251e-01 5.252489466196050456e-03
9.299999999998986766e+01 3.800848729465798326e-01 8.471780890882412915e-03
9.309999999998986198e+01 3.737219120919236803e-01 1.242288465207058885e-02
9.319999999998984208e+01 3.665484395567963904e-01 1.708210738363581324e-02
9.329999999998983640e+01 3.585995674675022116e-01 2.242250878125929756e-02
9.339999999998983071e+01 3.499139431764870523e-01 2.841404159480552874e-02
9.349999999998981082e+01 3.405335543039080259e-01 3.502370575443031903e-02
9.359999999998980513e+01 3.305035187575250943e-01 4.221571585152279066e-02
9.369999999998978524e+01 3.198718607740982378e-01 4.995168113553542788e-02
9.379999999998977955e+01 3.086892740874339625e-01 5.819079713186024044e-02
9.389999999998977387e+01 2.970088733845865914e-01 6.689004793451830411e-02
9.399999999998975397e+01 2.848859352628062558e-01 7.600441818038670971e-02
9.409999999998974829e+01 2.723776299444998772e-01 8.548711367010496109e-02
9.419999999998972839e+01 2.595427450469398600e-01 9.528978956342323836e-02
9.429999999998972271e+01 2.464414027357030579e-01 1.053627850452031611e-01
9.439999999998971703e+01 2.331347716169999140e-01 1.156553633319946373e-01
9.449999999998969713e+01 2.196847747444510002e-01 1.261159558675839232e-01
9.459999999998969145e+01 2.061537951286847303e-01 1.366924095409610684e-01
9.469999999998968576e+01 1.926043801448300841e-01 1.473322357497905688e-01
9.479999999998966587e+01 1.790989462334674764e-01 1.579828601279767153e-01
9.489999999998966018e+01 1.656994852837706256e-01 1.685918717575463077e-01
9.499999999998965450e+01 1.524672740748854727e-01 1.791072706913568457e-01
9.509999999998963460e+01 1.394625881320001315e-01 1.894777126253635313e-01
9.519999999998962892e+01 1.267444213279182996e-01 1.996527495773532113e-01
9.529999999998960902e+01 1.143702125293964145e-01 2.095830654511558200e-01
9.539999999998960334e+01 1.023955805489735194e-01 2.192207053942528128e-01
9.549999999998959765e+01 9.087406862011201958e-02 2.285192978896448401e-01
9.559999999998957776e+01 7.985689956372730991e-02 2.374342685606082581e-01
9.569999999998957207e+01 6.939274275983695062e-02 2.459230447103200323e-01
9.579999999998955218e+01 5.952749397859628117e-02 2.539452496647526814e-01
9.589999999998954650e+01 5.030406906028878772e-02 2.614628860394907495e-01
9.599999999998954081e+01 4.176221236554049365e-02 2.684405071057202607e-01
9.609999999998952092e+01 3.393832084386431275e-02 2.748453754900228030e-01
9.619999999998951523e+01 2.686528449225986451e-02 2.806476085052759806e-01
9.629999999998950955e+01 2.057234389556396661e-02 2.858203094747613915e-01
9.639999999998948965e+01 1.508496545748332432e-02 2.903396844807667465e-01
9.649999999998948397e+01 1.042473484571806303e-02 2.941851440388451033e-01
9.659999999998947828e+01 6.609269087010985304e-03 2.973393892722573373e-01
9.669999999998945839e+01 3.652147658664629901e-03 2.997884822354908163e-01
9.679999999998945270e+01 1.562862832399589943e-03 3.015219001114328168e-01
9.689999999998943281e+01 3.467894349221944668e-04 3.025325730844868888e-01
9.699999999998942712e+01 5.174097648776334582e-06 3.028169057682422172e-01
9.709999999998942144e+01 5.351439760452777724e-04 3.023747821455320950e-01
9.719999999998940154e+01 1.929734827528824985e-03 3.012095540559893148e-01
9.729999999998939586e+01 4.177938246192344253e-03 2.993280133431421297e-01
9.739999999998937597e+01 7.264767763217599462e-03 2.967403478503150005e-01
9.749999999998937028e+01 1.117134343412855453e-02 2.934600815299389098e-01
9.759999999998936460e+01 1.587499444844795576e-02 2.895039990042955202e-01
9.769999999998934470e+01 2.134937921417411413e-02 2.848920549880550879e-01
9.779999999998933902e+01 2.756462228931694583e-02 2.796472690531484617e-01
9.789999999998933333e+01 3.448746745564925525e-02 2.737956062829970394e-01
9.799999999998931344e+01 4.208144615659021454e-02 2.673658444285933466e-01
9.809999999998930775e+01 5.030706045142780553e-02 2.603894282393989235e-01
9.819999999998930207e+01 5.912197957313326813e-02 2.529003117008384871e-01
9.829999999998928217e+01 6.848124911610467547e-02 2.449347889642037590e-01
9.839999999998927649e+01 7.833751182437299898e-02 2.365313148050093572e-01
9.849999999998925659e+01 8.864123889991827598e-02 2.277303154924591455e-01
9.859999999998925091e+01 9.934097070519117001e-02 2.185739909948440640e-01
9.869999999998924523e+01 1.103835656937807441e-01 2.091061094829453904e-01
9.879999999998922533e+01 1.217144563686029801e-01 1.993717951264786514e-01
9.889999999998921965e+01 1.332779110384194887e-01 1.894173102066930015e-01
9.899999999998919975e+01 1.450173001205101453e-01 1.792898325913940827e-01
9.909999999998919407e+01 1.568753657204681740e-01 1.690372296369027916e-01
9.919999999998918838e+01 1.687944932094583017e-01 1.587078295943196438e-01
9.929999999998916849e+01 1.807169835139864345e-01 1.483501916055200154e-01
9.939999999998916280e+01 1.925853248352651370e-01 1.380128753773822714e-01
9.949999999998915712e+01 2.043424625219477098e-01 1.277442116198354294e-01
9.959999999998913722e+01 2.159320658333165610e-01 1.175920743266358204e-01
9.969999999998913154e+01 2.272987903497651063e-01 1.076036559647020607e-01
9.979999999998912585e+01 2.383885348117448233e-01 9.782524662082156541e-02
9.989999999998910596e+01 2.491486911991851183e-01 8.830201813199829719e-02
