1.000000000000000000e+00 2.000000000000000000e+00 0.000000000000000000e+00
1.099999999999988987e+00 1.997600966614318629e+00 1.999200209303004204e-03
1.199999999999977973e+00 1.990415460598249808e+00 7.987208596562858989e-03
1.299999999999966960e+00 1.978478215561177311e+00 1.793529497341490864e-02
1.399999999999955946e+00 1.961846947368106164e+00 3.179573062449037729e-02
1.499999999999944933e+00 1.940602082269757167e+00 4.950202002012833724e-02
1.599999999999933920e+00 1.914846371269131042e+00 7.096922376470829463e-02
1.699999999999922906e+00 1.884704392493301128e+00 9.609437126240955029e-02
1.799999999999911893e+00 1.850321943935735014e+00 1.247569611275977236e-01
1.899999999999900879e+00 1.811865329531835433e+00 1.568195469224103744e-01
1.999999999999889866e+00 1.769520542085045500e+00 1.921284053710910766e-01
2.099999999999878852e+00 1.723492347123832813e+00 2.305142837826035795e-01
2.199999999999867839e+00 1.674003272290180755e+00 2.717932230111735348e-01
2.299999999999856826e+00 1.621292507364950009e+00 3.157674519016215875e-01
2.399999999999845812e+00 1.565614720508619273e+00 3.622263488037130719e-01
2.499999999999834799e+00 1.507238796744325926e+00 4.109474654009933059e-01
2.599999999999823785e+00 1.446446505111131930e+00 4.616976077834367698e-01
2.699999999999812772e+00 1.383531101303588695e+00 5.142339694058158939e-01
2.799999999999801759e+00 1.318795872941366687e+00 5.683053103101208814e-01
2.899999999999790745e+00 1.252552634921348718e+00 6.236531767604759358e-01
2.999999999999779732e+00 1.185120182557018564e+00 6.800131552350285880e-01
3.099999999999768718e+00 1.116822710433718280e+00 7.371161545487926459e-01
3.199999999999757705e+00 1.047988205079176005e+00 7.946897097428401446e-01
3.299999999999746692e+00 9.789468196813786438e-01 8.524593012691745741e-01
3.399999999999735678e+00 9.100292391755635535e-01 9.101496829269425382e-01
3.499999999999724665e+00 8.415650440592941095e-01 9.674862119672601457e-01
3.599999999999713651e+00 7.738810812988488053e-01 1.024196174778628121e+00
3.699999999999702638e+00 7.072998506366687810e-01 1.080010101593279259e+00
3.799999999999691624e+00 6.421379145251506770e-01 1.134663063715801501e+00
3.899999999999680611e+00 5.787043397721629567e-01 1.187895946871930342e+00
3.999999999999669598e+00 5.172991788093911358e-01 1.239456694403543002e+00
4.099999999999658584e+00 4.582119982745859743e-01 1.289101514192828812e+00
4.199999999999647571e+00 4.017204623396556373e-01 1.336596043394374655e+00
4.299999999999636557e+00 3.480889779183637955e-01 1.381716465269057004e+00
4.399999999999625544e+00 2.975674085521424761e-01 1.424250572667941084e+00
4.499999999999614531e+00 2.503898634026912040e-01 1.463998772989403285e+00
4.599999999999603517e+00 2.067735673762172988e-01 1.500775029734213506e+00
4.699999999999592504e+00 1.669178179705034515e-01 1.534407736113249099e+00
4.799999999999581490e+00 1.310030339739902683e-01 1.564740516510020774e+00
4.899999999999570477e+00 9.918990065776295273e-02 1.591632951972762111e+00
4.999999999999559464e+00 7.161861559117913001e-02 1.614961226295354546e+00
5.099999999999548450e+00 4.840823868065052132e-02 1.634618689658397850e+00
5.199999999999537437e+00 2.965614948344232754e-02 1.650516337213614904e+00
5.299999999999526423e+00 1.543761428626555868e-02 1.662583200437891984e+00
5.399999999999515410e+00 5.805464865305961196e-03 1.670766649510823765e+00
5.499999999999504396e+00 7.898902634302366237e-04 1.675032605435371247e+00
5.599999999999493383e+00 3.983423344671107886e-04 1.675365661063437539e+00
5.699999999999482370e+00 4.615555217051516002e-03 1.671769110652004509e+00
5.799999999999471356e+00 1.340367831457434100e-02 1.664264888037085388e+00
5.899999999999460343e+00 2.670252177644983835e-02 1.652893413959213742e+00
5.999999999999449329e+00 4.442991290224438533e-02 1.637713353539743677e+00
6.099999999999438316e+00 6.648216132715284443e-02 1.618801285342670093e+00
6.199999999999427303e+00 9.273463029796091828e-02 1.596251283901444218e+00
6.299999999999416289e+00 1.230424108154530433e-01 1.570174418011448969e+00
6.399999999999405276e+00 1.572410949054824647e-01 1.540698167506403315e+00
6.499999999999394262e+00 1.951476437885611981e-01 1.507965761632899415e+00
6.599999999999383249e+00 2.365613462499133457e-01 1.472135442519662218e+00
6.699999999999372235e+00 2.812648620702808966e-01 1.433379657599851864e+00
6.799999999999361222e+00 3.290253449649390149e-01 1.391884185184745659e+00
6.899999999999350209e+00 3.795956390958979965e-01 1.347847197711078637e+00
6.999999999999339195e+00 4.327155428727565978e-01 1.301478267472731432e+00
7.099999999999328182e+00 4.881131334408714273e-01 1.252997319923026209e+00
7.199999999999317168e+00 5.455061449764281312e-01 1.202633539873650959e+00
7.299999999999306155e+00 6.046033936628757433e-01 1.150624236133027667e+00
7.399999999999295142e+00 6.651062420177584755e-01 1.097213670314466816e+00
7.499999999999284128e+00 7.267100950718951013e-01 1.042651855699613384e+00
7.599999999999273115e+00 7.891059207731966341e-01 9.871933321716571674e-01
7.699999999999262101e+00 8.519817868996140131e-01 9.310959233303069960e-01
7.799999999999251088e+00 9.150244067159790662e-01 8.746194819618712257e-01
7.899999999999240075e+00 9.779206856012867544e-01 8.180246300766503831e-01
7.999999999999229061e+00 1.040359260900449723e+00 7.615714997268091535e-01
8.099999999999218048e+00 1.102032027327646935e+00 7.055184807895916732e-01
8.199999999999207034e+00 1.162635640352914557e+00 6.501209818429145582e-01
8.299999999999196021e+00 1.221872990151369631e+00 5.956302101699244567e-01
8.399999999999185007e+00 1.279454638875874073e+00 5.422919768123609652e-01
8.499999999999173994e+00 1.335100214232288529e+00 4.903455324417804739e-01
8.599999999999162981e+00 1.388539752590208121e+00 4.400224396436814844e-01
8.699999999999151967e+00 1.439514985144207726e+00 3.915454870051444103e-01
8.799999999999140954e+00 1.487780560960899834e+00 3.451276501684805709e-01
8.899999999999129940e+00 1.533105201092564318e+00 3.009711047577738330e-01
8.999999999999118927e+00 1.575272778307415633e+00 2.592662958095477976e-01
9.099999999999107914e+00 1.614083317392579264e+00 2.201910680387912655e-01
9.199999999999096900e+00 1.649353911403500295e+00 1.839098609526228223e-01
9.299999999999085887e+00 1.680919549679315228e+00 1.505729724858774488e-01
9.399999999999074873e+00 1.708633853905184408e+00 1.203158944785465978e-01
9.499999999999063860e+00 1.732369718982141205e+00 9.325872294544930441e-02
9.599999999999052847e+00 1.752019855958263150e+00 6.950564570637525474e-02
9.699999999999041833e+00 1.767497234777715365e+00 4.914450955128307069e-02
9.799999999999030820e+00 1.778735425117140112e+00 3.224646871317718433e-02
9.899999999999019806e+00 1.785688834098869693e+00 1.886571601190926983e-02
9.999999999999008793e+00 1.788332840192605744e+00 9.039297618276593074e-03
1.009999999999899778e+01 1.786663823136310336e+00 2.787011971009610654e-03
1.019999999999898677e+01 1.780699090235101423e+00 1.113929619800404326e-04
1.029999999999897575e+01 1.770476699905467521e+00 9.977770890947652415e-04
1.039999999999896474e+01 1.756055183847929690e+00 5.414453864032094631e-03
1.049999999999895373e+01 1.737513169727564755e+00 1.331289835528504280e-02
1.059999999999894271e+01 1.714948906727356226e+00 2.462808434785829573e-02
1.069999999999893170e+01 1.688479696818484310e+00 3.927887621138012597e-02
1.079999999999892069e+01 1.658241235039867867e+00 5.716849719032969512e-02
1.089999999999890967e+01 1.624386862518798269e+00 7.818507146515624173e-02
1.099999999999889866e+01 1.587086736384208274e+00 1.022022369833464894e-01
1.109999999999888765e+01 1.546526921107113761e+00 1.290798257263421900e-01
1.119999999999887663e+01 1.502908406176638012e+00 1.586646077632658525e-01
1.129999999999886562e+01 1.456446055358779246e+00 1.907910951475134398e-01
1.139999999999885461e+01 1.407367493091414623e+00 2.252824014380539475e-01
1.149999999999884359e+01 1.355911933859580865e+00 2.619511523756726246e-01
1.159999999999883258e+01 1.302328960636140787e+00 3.006004430161509089e-01
1.169999999999882156e+01 1.246877258698196878e+00 3.410248364187981607e-01
1.179999999999881055e+01 1.189823311311525522e+00 3.830113988101703781e-01
1.189999999999879954e+01 1.131440063927088957e+00 4.263407659906235381e-01
1.199999999999878852e+01 1.072005563652826510e+00 4.707882356254018963e-01
1.209999999999877751e+01 1.011801580844049697e+00 5.161248799647459862e-01
1.219999999999876650e+01 9.511122197045136506e-01 5.621186734638272675e-01
1.229999999999875548e+01 8.902225248040671612e-01 6.085356297336913522e-01
1.239999999999874447e+01 8.294170903964069863e-01 6.551409422352162393e-01
1.249999999999873346e+01 7.689786793639661333e-01 7.017001231422322904e-01
1.259999999999872244e+01 7.091868585289512472e-01 7.479801348388426252e-01
1.269999999999871143e+01 6.503166569456766410e-01 7.937505085820254491e-01
1.279999999999870042e+01 5.926372536357565890e-01 8.387844449530463820e-01
1.289999999999868940e+01 5.364107010415640753e-01 8.828598908419494906e-01
1.299999999999867839e+01 4.818906902574063844e-01 9.257605878506084407e-01
1.309999999999866738e+01 4.293213638542047739e-01 9.672770871697928818e-01
1.319999999999865636e+01 3.789361818417087413e-01 1.007207726177067109e+00
1.329999999999864535e+01 3.309568460157293335e-01 1.045359562215241844e+00
1.339999999999863434e+01 2.855922876155577717e-01 1.081549259245094374e+00
1.349999999999862332e+01 2.430377228753761998e-01 1.115603923323931879e+00
1.359999999999861231e+01 2.034737806884664157e-01 1.147361883128588778e+00
1.369999999999860130e+01 1.670657062219155498e-01 1.176673412036019162e+00
1.379999999999859028e+01 1.339626439211879239e-01 1.203401388576944786e+00
1.389999999999857927e+01 1.042970029317284719e-01 1.227421892397160486e+00
1.399999999999856826e+01 7.818390753964556128e-02 1.248624733190806912e+00
1.409999999999855724e+01 5.572073480017157576e-02 1.266913910413100197e+00
1.419999999999854623e+01 3.698674107955915447e-02 1.282208001927303664e+00
1.429999999999853522e+01 2.204277878931953580e-02 1.294440480098699942e+00
1.439999999999852420e+01 1.093110414069643939e-02 1.303559954208175498e+00
1.449999999999851319e+01 3.675276295892461031e-03 1.309530338426268647e+00
1.459999999999850218e+01 2.801478422596817715e-04 1.312330944948862932e+00
1.469999999999849116e+01 7.319460690633012223e-04 1.311956502269059133e+00
1.479999999999848015e+01 4.998444085447463665e-03 1.308417098915922505e+00
1.489999999999846914e+01 1.302922038520670095e-02 1.301738053356110481e+00
1.499999999999845812e+01 2.475600504089889298e-02 1.291959711106868802e+00
1.509999999999844711e+01 4.009311029872809906e-02 1.279137170452495864e+00
1.519999999999843610e+01 5.893794294857200577e-02 1.263339938500812165e+00
1.529999999999842508e+01 8.117159546208840837e-02 1.244651519635264991e+00
1.539999999999841407e+01 1.066595125283300305e-01 1.223168938741921341e+00
1.549999999999840306e+01 1.352522292715434837e-01 1.199002201882659158e+00
1.559999999999839204e+01 1.667861771124424242e-01 1.172273697381867041e+00
1.569999999999838103e+01 2.010845529327447700e-01 1.143117540556592981e+00
1.579999999999837001e+01 2.379582469248566201e-01 1.111678865578315856e+00
1.589999999999835900e+01 2.772068242555881801e-01 1.078113068184118006e+00
1.599999999999834799e+01 3.186195554455933387e-01 1.042585003174281377e+00
1.609999999999833875e+01 3.619764901652867128e-01 1.005268140824080003e+00
1.619999999999832596e+01 4.070495689753730328e-01 9.663436865125353270e-01
1.629999999999831317e+01 4.536037673944710580e-01 9.259996680204278796e-01
1.639999999999830393e+01 5.013982665599487909e-01 8.844299950799374699e-01
1.649999999999829470e+01 5.501876446610534099e-01 8.418334958623205910e-01
1.659999999999828191e+01 5.997230832631582631e-01 7.984129351726098056e-01
1.669999999999826912e+01 6.497535826136442427e-01 7.543740191802558170e-01
1.679999999999825988e+01 7.000271800186511628e-01 7.099243915466331156e-01
1.689999999999825064e+01 7.502921654072319813e-01 6.652726258250648561e-01
1.699999999999823785e+01 8.002982882560295552e-01 6.206272189935859718e-01
1.709999999999822506e+01 8.497979501309520511e-01 5.761955909482247007e-01
1.719999999999821583e+01 8.985473772125432967e-01 5.321830947227910169e-01
1.729999999999820659e+01 9.463077673094526521e-01 4.887920421227429091e-01
1.739999999999819380e+01 9.928464060242713218e-01 4.462207493562319605e-01
1.749999999999818101e+01 1.037937746926207216e+00 4.046626071225075116e-01
1.759999999999817177e+01 1.081364450788853793e+00 3.643051794709004088e-01
1.769999999999816254e+01 1.122918379187922922e+00 3.253293355817275523e-01
1.779999999999814975e+01 1.162401538002221457e+00 2.879084184348091324e-01
1.789999999999813696e+01 1.199626966632455272e+00 2.522074541323058861e-01
1.799999999999812772e+01 1.234419569043023079e+00 2.183824054231546519e-01
1.809999999999811848e+01 1.266616883034619834e+00 1.865794727446543899e-01
1.819999999999810569e+01 1.296069784475408326e+00 1.569344458482792304e-01
1.829999999999809290e+01 1.322643123553462141e+00 1.295721088169664026e-01
1.839999999999808367e+01 1.346216290451932807e+00 1.046057010087166061e-01
1.849999999999807443e+01 1.366683708206464232e+00 8.213643617901081329e-02
1.859999999999806164e+01 1.383955250864313591e+00 6.225308174333348682e-02
1.869999999999804885e+01 1.397956585428835385e+00 4.503159984221844631e-02
1.879999999999803961e+01 1.408629436451553918e+00 3.053485156663740541e-02
1.889999999999803038e+01 1.415931772499307906e+00 1.881236539233036367e-02
1.899999999999801759e+01 1.419837914107574983e+00 9.900170559491019290e-03
1.909999999999800480e+01 1.420338563201340110e+00 3.820695820493861476e-03
1.919999999999799556e+01 1.417440754335101083e+00 5.827336646890675593e-04
1.929999999999798632e+01 1.411167728474572280e+00 1.814698170332511068e-04
1.939999999999797353e+01 1.401558730402517439e+00 2.598577498030607124e-03
1.949999999999796074e+01 1.388668731183446692e+00 7.802375627525129365e-03
1.959999999999795151e+01 1.372568077469175085e+00 1.574804985574187674e-02
1.969999999999794227e+01 1.353342069759146504e+00 2.637793501296841273e-02
1.979999999999792948e+01 1.331090472052010698e+00 3.962185728577953536e-02
1.989999999999791669e+01 1.305926955633031294e+00 5.539753415388374430e-02
1.999999999999790745e+01 1.277978480034683173e+00 7.361102985905175478e-02
2.009999999999789821e+01 1.247384614485782306e+00 9.415726392674476919e-02
2.019999999999788542e+01 1.214296803423175364e+00 1.169205700239721035e-01
2.029999999999787264e+01 1.178877579882313675e+00 1.417753022136038488e-01
2.039999999999786340e+01 1.141299730803934542e+00 1.685864854578096594e-01
2.049999999999785416e+01 1.101745418497100060e+00 1.972105070312180075e-01
2.059999999999784137e+01 1.060405262677204918e+00 2.274958453301246242e-01
2.069999999999782858e+01 1.017477387659246224e+00 2.592838324067205380e-01
2.079999999999781934e+01 9.731664394198160650e-01 2.924094464184439079e-01
2.089999999999781011e+01 9.276825773561783173e-01 3.267021300625572167e-01
2.099999999999779732e+01 8.812404456619395976e-01 3.619866309659569015e-01
2.109999999999778453e+01 8.340581293023648923e-01 3.980838599180814286e-01
2.119999999999777529e+01 7.863560996186759189e-01 4.348117627744369496e-01
2.129999999999776605e+01 7.383561546071827353e-01 4.719862018169920792e-01
2.139999999999775326e+01 6.902803589152847197e-01 5.094218423365449722e-01
2.149999999999774047e+01 6.423499885681887012e-01 5.469330402015489812e-01
2.159999999999773124e+01 5.947844853891742778e-01 5.843347261966505002e-01
2.169999999999772200e+01 5.478004259994133651e-01 6.214432829544097592e-01
2.179999999999770921e+01 5.016105101901519037e-01 6.580774103595288249e-01
2.189999999999769642e+01 4.564225733366898408e-01 6.940589753870076706e-01
2.199999999999768718e+01 4.124386273879045994e-01 7.292138424260706797e-01
2.209999999999767795e+01 3.698539348002006233e-01 7.633726802617447627e-01
2.219999999999766516e+01 3.288561196081127291e-01 7.963717420147956583e-01
2.229999999999765237e+01 2.896243196219467353e-01 8.280536144881684990e-01
2.239999999999764313e+01 2.523283835278876674e-01 8.582679335368649243e-01
2.249999999999763389e+01 2.171281164320369439e-01 8.868720622538344145e-01
2.259999999999762110e+01 1.841725771408846135e-01 9.137317289586841529e-01
2.269999999999760831e+01 1.535994302081305218e-01 9.387216221859319143e-01
2.279999999999759908e+01 1.255343555017364443e-01 9.617259400855171503e-01
2.289999999999758984e+01 1.000905177575721616e-01 9.826388918786127524e-01
2.299999999999757705e+01 7.736809828851036464e-02 1.001365149253124365e+00
2.309999999999756426e+01 5.745389071148570420e-02 1.017820245831710935e+00
2.319999999999755502e+01 4.042096224166841223e-02 1.031930923099072084e+00
2.329999999999754579e+01 2.632838178348615235e-02 1.043635421440740840e+00
2.339999999999753300e+01 1.522101572517023903e-02 1.052883715209015358e+00
2.349999999999752021e+01 7.129392017429105055e-03 1.059637691006766191e+00
2.359999999999751097e+01 2.069632790123882623e-03 1.063871268649106083e+00
2.369999999999750173e+01 4.345543442356103133e-05 1.065570464538766471e+00
2.379999999999748894e+01 1.038241753845527745e-03 1.064733397465681630e+00
2.389999999999747615e+01 5.027174467135851407e-03 1.061370237110448755e+00
2.399999999999746692e+01 1.196944003076769354e-02 1.055503095805620628e+00
2.409999999999745768e+01 2.181049644039438629e-02 1.047165864368264643e+00
2.419999999999744489e+01 3.448240437036540623e-02 1.036403993081689734e+00
2.429999999999743210e+01 4.990421971980960048e-02 1.023274219154254761e+00
2.439999999999742286e+01 6.798244535414484091e-02 1.007844242232032173e+00
2.449999999999741362e+01 8.861153956352241234e-02 9.901923497740963143e-01
2.459999999999740083e+01 1.116744785060126283e-01 9.704069943303004209e-01
2.469999999999738804e+01 1.370433696638374277e-01 9.485863249751577131e-01
2.479999999999737881e+01 1.645801131179541743e-01 9.248376753537104200e-01
2.489999999999736957e+01 1.941371072393273389e-01 8.992770109899167474e-01
2.499999999999735678e+01 2.255579952058547610e-01 8.720283386815165239e-01
2.509999999999734399e+01 2.586784485840106784e-01 8.432230809705707486e-01
2.519999999999733475e+01 2.933269840617661606e-01 8.129994188261095989e-01
2.529999999999732552e+01 3.293258092879010057e-01 7.815016058073070981e-01
2.539999999999731273e+01 3.664916936612520049e-01 7.488792570912249369e-01
2.549999999999729994e+01 4.046368598216305568e-01 7.152866168485711995e-01
2.559999999999729070e+01 4.435698915250539387e-01 6.808818075337690345e-01
2.569999999999728146e+01 4.830966535347588908e-01 6.458260647194193904e-01
2.579999999999726867e+01 5.230212191332617166e-01 6.102829611533376886e-01
2.589999999999725588e+01 5.631468008523413671e-01 5.744176237458981094e-01
2.599999999999724665e+01 6.032766800314373068e-01 5.383959472082834319e-01
2.609999999999723741e+01 6.432151308500244635e-01 5.023838080547700091e-01
2.619999999999722462e+01 6.827683345340455068e-01 4.665462826628701265e-01
2.629999999999721183e+01 7.217452795097694107e-01 4.310468730411470273e-01
2.639999999999720259e+01 7.599586433745538772e-01 3.960467439012580471e-01
2.649999999999719336e+01 7.972256526643227703e-01 3.617039745547588336e-01
2.659999999999718057e+01 8.333689165294354551e-01 3.281728290669439496e-01
2.669999999999716778e+01 8.682172305784554567e-01 2.956030479952833079e-01
2.679999999999715854e+01 9.016063473127370331e-01 2.641391649192319502e-01
2.689999999999714930e+01 9.333797097556278954e-01 2.339198508347075656e-01
2.699999999999713651e+01 9.633891450730995842e-01 2.050772893388878026e-01
2.709999999999712372e+01 9.914955151919349063e-01 1.777365853698004983e-01
2.719999999999711449e+01 1.017569321639267166e+00 1.520152100939258788e-01
2.729999999999710525e+01 1.041491262062392398e+00 1.280224843509026877e-01
2.739999999999709246e+01 1.063152736124309161e+00 1.058591028708821963e-01
2.749999999999707967e+01 1.082456298725935184e+00 8.561670127804385522e-02
2.759999999999707043e+01 1.099316058759550074e+00 6.737746768246154205e-02
2.769999999999706120e+01 1.113658021865797654e+00 5.121380044489848987e-02
2.779999999999704841e+01 1.125420375933119832e+00 3.718801347521574763e-02
2.789999999999703562e+01 1.134553718355172824e+00 2.535209019603861316e-02
2.799999999999702638e+01 1.141021224333463424e+00 1.574748707081565641e-02
2.809999999999701714e+01 1.144798755793577261e+00 8.404987359671812347e-03
2.819999999999700435e+01 1.145874910758718279e+00 3.344605529457082404e-03
2.829999999999699156e+01 1.144251013298376751e+00 5.755425065308808919e-04
2.839999999999698233e+01 1.139941044447824181e+00 9.619172370803352485e-05
2.849999999999697309e+01 1.132971514757595388e+00 1.894195677214938634e-03
2.859999999999696030e+01 1.123381279402240196e+00 5.946552476654408566e-03
2.869999999999694751e+01 1.111221297032487065e+00 1.221977164190156742e-02
2.879999999999693827e+01 1.096554333807211457e+00 2.067007817655752699e-02
2.889999999999692903e+01 1.079454614283767766e+00 3.124366372909398795e-02
2.899999999999691624e+01 1.060007421079989687e+00 4.387698344106535919e-02
2.909999999999690345e+01 1.038308645443066114e+00 5.849709687771812577e-02
2.919999999999689422e+01 1.014464291071207391e+00 7.502205124087230059e-02
2.929999999999688498e+01 9.885899337356585104e-01 9.336130487776220233e-02
2.939999999999687219e+01 9.608101394355806901e-01 1.134161889238764764e-01
2.949999999999685940e+01 9.312578439918830497e-01 1.350804047526087126e-01
2.959999999999685016e+01 9.000736971429971200e-01 1.582405547515578215e-01
2.969999999999684093e+01 8.674053743518639337e-01 1.827767038040961634e-01
2.979999999999682814e+01 8.334068596570450849e-01 2.085629687264824728e-01
2.989999999999681535e+01 7.982377030171429189e-01 2.354681327963523418e-01
2.999999999999680611e+01 7.620622556903489109e-01 2.633562824067212094e-01
3.009999999999679687e+01 7.250488872694114129e-01 2.920874627932360523e-01
3.019999999999678408e+01 6.873691880579618774e-01 3.215183497093220821e-01
3.029999999999677129e+01 6.491971605133247669e-01 3.515029338665272562e-01
3.039999999999676206e+01 6.107084035152231527e-01 3.818932149142650334e-01
3.049999999999675282e+01 5.720792932245344353e-01 4.125399017048057004e-01
3.059999999999674003e+01 5.334861642945710747e-01 4.432931155772399934e-01
3.069999999999672724e+01 4.951044951717402665e-01 4.740030933947865788e-01
3.079999999999671800e+01 4.571081011838553088e-01 5.045208870887285535e-01
3.089999999999670877e+01 4.196683390579206141e-01 5.346990564914000377e-01
3.099999999999669598e+01 3.829533264371246526e-01 5.643923522889011668e-01
3.109999999999668319e+01 3.471271798804330677e-01 5.934583859836169983e-01
3.119999999999667395e+01 3.123492747242466727e-01 6.217582838303316040e-01
3.129999999999666471e+01 2.787735300692348317e-01 6.491573217985975308e-01
3.139999999999665192e+01 2.465477220255375412e-01 6.755255387130771894e-01
3.149999999999663913e+01 2.158128282039798174e-01 7.007383248381496843e-01
3.159999999999662990e+01 1.867024062855771882e-01 7.246769832970595404e-01
3.169999999999662066e+01 1.593420093334393661e-01 7.472292618515438134e-01
3.179999999999660787e+01 1.338486403312177386e-01 7.682898527165713531e-01
3.189999999999659508e+01 1.103302482441112925e-01 7.877608582389747927e-01
3.199999999999658584e+01 8.888526769931147375e-02 8.055522204371750039e-01
3.209999999999657661e+01 6.960220417635189227e-02 8.215821125695444982e-01
3.219999999999656382e+01 5.255926638392423300e-02 8.357772910854334159e-01
3.229999999999655103e+01 3.782404727911743703e-02 8.480734064967698771e-01
3.239999999999653824e+01 2.545325495920840522e-02 8.584152719036520773e-01
3.249999999999653255e+01 1.549249442613143471e-02 8.667570881078201506e-01
3.259999999999651976e+01 7.976100990013888434e-03 8.730626244478082443e-01
3.269999999999650697e+01 2.927025842276648367e-03 8.773053546975071448e-01
3.279999999999650129e+01 3.567740916938465495e-04 8.794685475781445216e-01
3.289999999999648850e+01 2.653953192624041411e-04 8.795453116393383564e-01
3.299999999999647571e+01 2.641526471136316102e-03 8.775385944807015948e-01
3.309999999999646292e+01 7.462486674036464609e-03 8.734611364854557580e-01
3.319999999999645013e+01 1.469442332560385103e-02 8.673353794535927364e-01
3.329999999999644444e+01 2.429250858408091990e-02 8.591933307186413460e-01
3.339999999999643165e+01 3.620118515850387353e-02 8.490763835379304680e-01
3.349999999999641886e+01 5.035446008325925038e-02 8.370350947402583897e-01
3.359999999999641318e+01 6.667624495028744158e-02 8.231289208072247732e-01
3.369999999999640039e+01 8.508074086938889613e-02 8.074259137483779103e-01
3.379999999999638760e+01 1.054728662329313948e-01 7.900023783097338548e-01
3.389999999999637481e+01 1.277487251763365916e-01 7.709424922247910539e-01
3.399999999999636202e+01 1.517961144513148841e-01 7.503378913800126115e-01
3.409999999999635634e+01 1.774950662651236521e-01 7.282872219180308582e-01
3.419999999999634355e+01 2.047184244874101500e-01 7.048956614478528726e-01
3.429999999999633076e+01 2.333324514863761023e-01 6.802744116610027758e-01
3.439999999999632507e+01 2.631974627294762503e-01 6.545401647761820429e-01
3.449999999999631228e+01 2.941684861707137832e-01 6.278145463460708120e-01
3.459999999999629949e+01 3.260959433468991753e-01 6.002235370554039884e-01
3.469999999999628670e+01 3.588263490202325823e-01 5.718968762303110465e-01
3.479999999999627391e+01 3.922030261340997970e-01 5.429674498472391031e-01
3.489999999999626823e+01 4.260668327927917831e-01 5.135706658955612181e-01
3.499999999999625544e+01 4.602568979354472734e-01 4.838438199916143545e-01
3.509999999999624265e+01 4.946113623489242217e-01 4.539254541785748831e-01
3.519999999999623697e+01 5.289681216527227781e-01 4.239547118665978331e-01
3.529999999999622418e+01 5.631655678947392607e-01 3.940706918751916144e-01
3.539999999999621139e+01 5.970433264159648035e-01 3.644118045343436307e-01
3.549999999999619860e+01 6.304429846750096988e-01 3.351151327808225555e-01
3.559999999999618581e+01 6.632088097746836608e-01 3.063158011550589088e-01
3.569999999999618012e+01 6.951884514937217707e-01 2.781463555572105673e-01
3.579999999999616733e+01 7.262336277047412025e-01 2.507361565636848644e-01
3.589999999999615454e+01 7.562007891505623247e-01 2.242107890350553689e-01
3.599999999999614886e+01 7.849517606524059055e-01 1.986914906631082611e-01
3.609999999999613607e+01 8.123543559434432959e-01 1.742946020110635319e-01
3.619999999999612328e+01 8.382829634433617283e-01 1.511310404956094089e-01
3.629999999999611049e+01 8.626191004347965041e-01 1.293058006427841300e-01
3.639999999999609770e+01 8.852519332476733727e-01 1.089174828248070243e-01
3.649999999999609201e+01 9.060787612200031926e-01 9.005785254782791571e-02
3.659999999999607923e+01 9.250054623703232171e-01 7.281143221741639970e-02
3.669999999999606644e+01 9.419468988963245470e-01 5.725512715504883082e-02
3.679999999999606075e+01 9.568272807982914907e-01 4.345788747898938348e-02
3.689999999999604796e+01 9.695804861157362176e-01 3.148040729609247884e-02
3.699999999999603517e+01 9.801503364666731555e-01 2.137486247797460576e-02
3.709999999999602238e+01 9.884908267790221137e-01 1.318468811690820877e-02
3.719999999999600959e+01 9.945663083103293278e-01 6.944396574372184612e-03
3.729999999999600391e+01 9.983516242641119476e-01 2.679436848911588478e-03
3.739999999999599112e+01 9.998321975208334100e-01 4.060958012603933017e-04
3.749999999999597833e+01 9.990040702180882359e-01 1.314415838089054791e-04
3.759999999999597264e+01 9.958738951271054463e-01 1.853309429754287745e-03
3.769999999999595985e+01 9.904588789870968357e-01 5.560329765219228400e-03
3.779999999999594706e+01 9.827866781734437840e-01 1.123199841627369432e-02
3.789999999999593427e+01 9.728952472846286170e-01 1.883878849289348512e-02
3.799999999999592148e+01 9.608326414402580395e-01 2.834230334437427487e-02
3.809999999999591580e+01 9.466567732899644483e-01 3.969546979625703659e-02
3.819999999999590301e+01 9.304351259261139928e-01 5.284277069844380004e-02
3.829999999999589022e+01 9.122444230924882103e-01 6.772051563842808319e-02
3.839999999999588454e+01 8.921702582649453372e-01 8.425714850348810236e-02
3.849999999999587175e+01 8.703066843600139046e-01 1.023735904115541107e-01
3.859999999999585896e+01 8.467557660015336829e-01 1.219836163739005247e-01
3.869999999999584617e+01 8.216270964355630868e-01 1.429942639030984675e-01
3.879999999999583338e+01 7.950372813400611305e-01 1.653062716390527598e-01
3.889999999999582769e+01 7.671093919200272504e-01 1.888145459337237930e-01
3.899999999999581490e+01 7.379723898077504840e-01 2.134086532125934466e-01
3.909999999999580211e+01 7.077605264168504995e-01 2.389733358185171241e-01
3.919999999999579643e+01 6.766127195014454143e-01 2.653890489414586495e-01
3.929999999999578364e+01 6.446719097759752160e-01 2.925325161466754698e-01
3.939999999999577085e+01 6.120844005324717063e-01 3.202773009342075317e-01
3.949999999999575806e+01 5.789991832662250149e-01 3.484943916944236997e-01
3.959999999999574527e+01 5.455672523791926798e-01 3.770527973684674183e-01
3.969999999999573959e+01 5.119409120756973630e-01 4.058201510785863220e-01
3.979999999999572680e+01 4.782730785971328058e-01 4.346633189619238391e-01
3.989999999999571401e+01 4.447165809581500873e-01 4.634490114226327839e-01
3.999999999999570832e+01 4.114234633517304118e-01 4.920443940105969638e-01
4.009999999999569553e+01 3.785442923792423087e-01 5.203176951418777563e-01
4.019999999999568274e+01 3.462274722362596036e-01 5.481388078945579334e-01
4.029999999999566995e+01 3.146185709466929326e-01 5.753798831452237028e-01
4.039999999999565716e+01 2.838596606837561209e-01 6.019159113554944929e-01
4.049999999999565148e+01 2.540886751519792486e-01 6.276252903734812483e-01
4.059999999999563869e+01 2.254387869223307417e-01 6.523903766826745221e-01
4.069999999999562590e+01 1.980378075212602673e-01 6.760980176115937157e-01
4.079999999999562021e+01 1.720076129683829336e-01 6.986400621055953719e-01
4.089999999999560742e+01 1.474635973397035726e-01 7.199138477664569491e-01
4.099999999999559464e+01 1.245141568045044084e-01 7.398226619747996224e-01
4.109999999999558185e+01 1.032602064427120409e-01 7.582761750331845629e-01
4.119999999999556906e+01 8.379473199906146974e-02 7.751908433979216584e-01
4.129999999999556337e+01 6.620237856953739564e-02 7.904902812072122087e-01
4.139999999999555058e+01 5.055907804522512955e-02 8.041055984606370055e-01
4.149999999999553779e+01 3.693171696058103470e-02 8.159757043597440918e-01
4.159999999999553211e+01 2.537784620721337051e-02 8.260475744809664400e-01
4.169999999999551932e+01 1.594543388142417167e-02 8.342764806186669935e-01
4.179999999999550653e+01 8.672662335445750423e-03 8.406261823104188569e-01
4.189999999999549374e+01 3.587770298700638117e-03 8.450690792298589660e-01
4.199999999999548095e+01 7.089407280567131420e-04 8.475863238165293190e-01
4.209999999999547526e+01 4.423483551753421136e-05 8.481678936927322665e-01
4.219999999999546247e+01 1.591572529258561105e-03 8.468126236016816355e-01
4.229999999999544968e+01 5.338759290312467855e-03 8.435281967892941379e-01
4.239999999999544400e+01 1.126355929355351941e-02 8.383310959345192659e-01
4.249999999999543121e+01 1.933381436893700372e-02 8.312465139217116716e-01
4.259999999999541842e+01 2.950760818822449963e-02 8.223082249290298851e-01
4.269999999999540563e+01 4.173347485466542828e-02 8.115584164900153663e-01
4.279999999999539284e+01 5.595065086936557713e-02 7.990474833608903760e-01
4.289999999999538716e+01 7.208936924919852329e-02 7.848337842033896727e-01
4.299999999999537437e+01 9.007119437816815677e-02 7.689833622583185369e-01
4.309999999999536158e+01 1.098093959880962478e-01 7.515696313491360137e-01
4.319999999999535589e+01 1.312093604861004903e-01 7.326730287131827390e-01
4.329999999999534310e+01 1.541690376763587000e-01 7.123806363058000635e-01
4.339999999999533031e+01 1.785794207635429953e-01 6.907857723644922343e-01
4.349999999999531752e+01 2.043250573746149545e-01 6.679875551552059143e-01
4.359999999999530473e+01 2.312845891965873979e-01 6.440904409453011015e-01
4.369999999999529905e+01 2.593313176995920011e-01 6.192037383623899549e-01
4.379999999999528626e+01 2.883337932991768549e-01 5.934411014050005040e-01
4.389999999999527347e+01 3.181564252077259680e-01 5.669200034607684291e-01
4.399999999999526779e+01 3.486601091358353943e-01 5.397611947752530837e-01
4.409999999999525500e+01 3.797028699264925478e-01 5.120881458818553611e-01
4.419999999999524221e+01 4.111405161431719302e-01 4.840264795659751096e-01
4.429999999999522942e+01 4.428273035832444027e-01 4.557033939825283486e-01
4.439999999999521663e+01 4.746166046534404104e-01 4.272470795825442091e-01
4.449999999999521094e+01 5.063615805246205470e-01 3.987861325273267532e-01
4.459999999999519815e+01 5.379158529751751905e-01 3.704489672805620915e-01
4.469999999999518536e+01 5.691341728431568159e-01 3.423632310659758260e-01
4.479999999999517968e+01 5.998730820270681274e-01 3.146552228661529949e-01
4.489999999999516689e+01 6.299915660142871854e-01 2.874493196106053250e-01
4.499999999999515410e+01 6.593516939634042062e-01 2.608674121645346844e-01
4.509999999999514131e+01 6.878192434337337957e-01 2.350283536788476957e-01
4.519999999999512852e+01 7.152643069293876943e-01 2.100474228009270028e-01
4.529999999999512283e+01 7.415618775172077015e-01 1.860358041726604683e-01
4.539999999999511004e+01 7.665924108771535739e-01 1.631000885583935300e-01
4.549999999999509726e+01 7.902423612599208669e-01 1.413417948514290035e-01
4.559999999999509157e+01 8.124046889495305512e-01 1.208569161027513716e-01
4.569999999999507878e+01 8.329793369655499324e-01 1.017354916019713867e-01
4.579999999999506599e+01 8.518736748822027804e-01 8.406120691751137186e-02
4.589999999999505320e+01 8.690029077995361506e-01 6.791102367106700843e-02
4.599999999999504041e+01 8.842904486621764315e-01 5.335484068247702688e-02
4.609999999999503473e+01 8.976682522936476616e-01 4.045518797430248253e-02
4.619999999999502194e+01 9.090771096898199177e-01 2.926695497227163600e-02
4.629999999999500915e+01 9.184669013027555451e-01 1.983715407907682068e-02
4.639999999999500346e+01 9.257968082312948432e-01 1.220472063477091341e-02
4.649999999999499067e+01 9.310354804311407051e-01 6.400350108892631854e-03
4.659999999999497788e+01 9.341611612551554700e-01 2.446373197504545221e-03
4.669999999999496509e+01 9.351617678318524529e-01 3.566693237750635597e-04
4.679999999999495230e+01 9.340349269964974832e-01 1.366188641239150000e-04
4.689999999999494662e+01 9.307879666891246684e-01 1.783094244229272264e-03
4.699999999999493383e+01 9.254378629373849474e-01 5.284489871113933444e-03
4.709999999999492104e+01 9.180111427485928566e-01 1.062079068989408605e-02
4.719999999999491536e+01 9.085437434294447723e-01 1.776367897741442867e-02
4.729999999999490257e+01 8.970808290571830046e-01 2.667667881070911323e-02
4.739999999999488978e+01 8.836765650161890751e-01 3.731533747677082125e-02
4.749999999999487699e+01 8.683938517062795848e-01 4.962744292234406301e-02
4.759999999999486420e+01 8.513040187148729343e-01 6.355327617900288772e-02
4.769999999999485851e+01 8.324864809230330120e-01 7.902589754056844884e-02
4.779999999999484572e+01 8.120283581899321312e-01 9.597146511746429409e-02
4.789999999999483293e+01 7.900240604232712238e-01 1.143095842467380663e-01
4.799999999999482725e+01 7.665748400017315944e-01 1.339536860978327304e-01
4.809999999999481446e+01 7.417883136611671535e-01 1.548114336834104932e-01
4.819999999999480167e+01 7.157779560962543863e-01 1.767851533620080628e-01
4.829999999999478888e+01 6.886625676540355512e-01 1.997722898059918761e-01
4.839999999999477609e+01 6.605657186144667792e-01 2.236658823043163602e-01
4.849999999999477041e+01 6.316151726574988912e-01 2.483550601756497611e-01
4.859999999999475762e+01 6.019422922065628123e-01 2.737255549838404356e-01
4.869999999999474483e+01 5.716814284232897281e-01 2.996602271747404456e-01
4.879999999999473914e+01 5.409692986900829226e-01 3.260396046919494251e-01
4.889999999999472635e+01 5.099443544763937464e-01 3.527424310785898798e-01
4.899999999999471356e+01 4.787461425218943467e-01 3.796462205330288220e-01
4.909999999999470077e+01 4.475146622976560185e-01 4.066278173601194368e-01
4.919999999999468798e+01 4.163897227209575891e-01 4.335639572438839129e-01
4.929999999999468230e+01 3.855103010957092735e-01 4.603318277641987311e-01
4.939999999999466951e+01 3.550139072394745132e-01 4.868096255894066027e-01
4.949999999999465672e+01 3.250359557256382592e-01 5.128771077961339353e-01
4.959999999999465103e+01 2.957091491309812858e-01 5.384161348011002879e-01
4.969999999999463824e+01 2.671628751198710239e-01 5.633112024331038414e-01
4.979999999999462545e+01 2.395226201290846235e-01 5.874499607275333046e-01
4.989999999999461266e+01 2.129094023353987064e-01 6.107237170943672355e-01
4.999999999999459988e+01 1.874392264922863371e-01 6.330279215860017406e-01
5.009999999999459419e+01 1.632225631170694247e-01 6.542626320779728610e-01
5.019999999999458140e+01 1.403638543905571801e-01 6.743329572765751623e-01
5.029999999999456861e+01 1.189610490028991108e-01 6.931494755694942445e-01
5.039999999999456293e+01 9.910516803927141294e-02 7.106286278562434777e-01
5.049999999999455014e+01 8.087990385053049625e-02 7.266930826154467393e-01
5.059999999999453735e+01 6.436125369525576290e-02 7.412720716013653233e-01
5.069999999999452456e+01 4.961718977374099393e-02 7.543016946990359628e-01
5.079999999999451177e+01 3.670736710088307736e-02 7.657251926148124221e-01
5.089999999999450608e+01 2.568287048457482818e-02 7.754931862305064483e-01
5.099999999999449329e+01 1.658600169077559250e-02 7.835638816043112298e-01
5.109999999999448050e+01 9.450107685804452415e-03 7.899032397658620752e-01
5.119999999999447482e+01 4.299450652398691293e-03 7.944851106150957465e-01
5.129999999999446203e+01 1.149120278890984961e-03 7.972913304024594749e-01
5.139999999999444924e+01 4.988622106872591652e-06 7.983117824386983807e-01
5.149999999999443645e+01 8.637076447395843288e-04 7.975444208509667732e-01
5.159999999999442366e+01 3.712749328247611814e-03 7.949952573765282082e-01
5.169999999999441798e+01 8.530488063620389472e-03 7.906783113510424954e-01
5.179999999999440519e+01 1.528632482562695266e-02 7.846155232234063304e-01
5.189999999999439240e+01 2.394085244233015025e-02 7.768366320922417412e-01
5.199999999999438671e+01 3.444606108166715225e-02 7.673790179272205192e-01
5.209999999999437392e+01 4.674558289159898294e-02 7.562875092958804002e-01
5.219999999999436113e+01 6.077497455062778192e-02 7.436141575780729207e-01
5.229999999999434834e+01 7.646203631229928077e-02 7.294179787979194751e-01
5.239999999999433555e+01 9.372716596103969344e-02 7.137646643525553669e-01
5.249999999999432987e+01 1.124837459388475236e-01 6.967262620550941365e-01
5.259999999999431708e+01 1.326385617528612060e-01 6.783808290416115661e-01
5.269999999999430429e+01 1.540922496336624703e-01 6.588120582209741061e-01
5.279999999999429861e+01 1.767397712844332724e-01 6.381088800576247833e-01
5.289999999999428582e+01 2.004709134415490757e-01 6.163650415917983905e-01
5.299999999999427303e+01 2.251708098583961315e-01 5.936786646975582560e-01
5.309999999999426024e+01 2.507204832282803886e-01 5.701517856687812191e-01
5.319999999999424745e+01 2.769974044763303112e-01 5.458898783061592042e-01
5.329999999999424176e+01 3.038760667787590575e-01 5.210013627436181904e-01
5.339999999999422897e+01 3.312285716071622921e-01 4.955971023146980570e-01
5.349999999999421618e+01 3.589252240488714496e-01 4.697898908064978563e-01
5.359999999999421050e+01 3.868351346201339691e-01 4.436939324851629229e-01
5.369999999999419771e+01 4.148268247679430254e-01 4.174243173040467769e-01
5.379999999999418492e+01 4.427688332482598299e-01 3.910964937199128411e-01
5.389999999999417213e+01 4.705303205745275386e-01 3.648257415450516516e-01
5.399999999999415934e+01 4.979816687474733494e-01 3.387266472578835952e-01
5.409999999999415365e+01 5.249950735099858656e-01 3.129125841719159751e-01
5.419999999999414086e+01 5.514451264139086373e-01 2.874951998369792983e-01
5.429999999999412807e+01 5.772093840422949373e-01 2.625839130025286461e-01
5.439999999999412239e+01 6.021689218001181620e-01 2.382854224229050411e-01
5.449999999999410960e+01 6.262088697660410652e-01 2.147032297225422437e-01
5.459999999999409681e+01 6.492189281898996800e-01 1.919371784663857494e-01
5.469999999999408402e+01 6.710938603246165979e-01 1.700830115001258913e-01
5.479999999999407123e+01 6.917339603913408297e-01 1.492319485333430951e-01
5.489999999999406555e+01 7.110454946039089785e-01 1.294702858393938227e-01
5.499999999999405276e+01 7.289411133058405490e-01 1.108790198378310082e-01
5.509999999999403997e+01 7.453402324185846028e-01 9.353349620946208032e-02
5.519999999999403428e+01 7.601693825433206708e-01 7.750308607120590110e-02
5.529999999999402149e+01 7.733625242181507708e-01 6.285089060838784658e-02
5.539999999999400870e+01 7.848613279920880759e-01 4.963347542664205830e-02
5.549999999999399591e+01 7.946154181440158171e-01 3.790063574468998525e-02
5.559999999999398312e+01 8.025825790488730904e-01 2.769519340370795932e-02
5.569999999999397744e+01 8.087289233680955425e-01 1.905282651955471709e-02
5.579999999999396465e+01 8.130290214192121834e-01 1.200193245129173997e-02
5.589999999999395186e+01 8.154659912631365692e-01 6.563524604124919629e-03
5.599999999999394618e+01 8.160315492272738336e-01 2.751163427665180659e-03
5.609999999999393339e+01 8.147260207693410861e-01 5.709218122016615623e-04
5.619999999999392060e+01 8.115583117655659207e-01 2.138492695692885884e-05
5.629999999999390781e+01 8.065458404907863699e-01 1.093684386067249065e-03
5.639999999999389502e+01 7.997144307378336592e-01 3.771566470796799617e-03
5.649999999999388933e+01 7.910981666989769234e-01 8.031493981116659062e-03
5.659999999999387654e+01 7.807392104054494686e-01 1.384278113688970288e-02
5.669999999999386375e+01 7.686875826910318787e-01 2.116776079923044299e-02
5.679999999999385807e+01 7.550009088088397435e-01 2.996198313680212277e-02
5.689999999999384528e+01 7.397441299862579367e-01 4.017444472053365023e-02
5.699999999999383249e+01 7.229891823573564302e-01 5.174784689411615624e-02
5.709999999999381970e+01 7.048146448542118581e-01 6.461888213735002273e-02
5.719999999999380691e+01 6.853053577747408864e-01 7.871854701525661524e-02
5.729999999999380123e+01 6.645520138724634318e-01 9.397248018890995425e-02
5.739999999999378844e+01 6.426507239335138566e-01 1.103013238539810176e-01
5.749999999999377565e+01 6.197025589150013669e-01 1.276211068713258567e-01
5.759999999999376996e+01 5.958130708170136236e-01 1.458436477600859871e-01
5.769999999999375717e+01 5.710917945518718675e-01 1.648769756391349761e-01
5.779999999999374438e+01 5.456517331524538550e-01 1.846257671266346156e-01
5.789999999999373159e+01 5.196088287272964124e-01 2.049917971409051243e-01
5.799999999999371880e+01 4.930814216288350593e-01 2.258744014893208918e-01
5.809999999999371312e+01 4.661897003452183941e-01 2.471709490844082313e-01
5.819999999999370033e+01 4.390551446594004870e-01 2.687773215894029288e-01
5.829999999999368754e+01 4.117999646417784820e-01 2.905883982693838741e-01
5.839999999999368185e+01 3.845465380519739740e-01 3.124985438060162157e-01
5.849999999999366906e+01 3.574168487249375636e-01 3.344020968294195706e-01
5.859999999999365627e+01 3.305319285022942366e-01 3.561938569228329521e-01
5.869999999999364348e+01 3.040113052461113075e-01 3.777695678716404548e-01
5.879999999999363069e+01 2.779724594356588474e-01 3.990263949508501273e-01
5.889999999999362501e+01 2.525302918011191888e-01 4.198633940809212151e-01
5.899999999999361222e+01 2.277966043897620696e-01 4.401819707250068103e-01
5.909999999999359943e+01 2.038795973920750904e-01 4.598863264544563179e-01
5.919999999999359375e+01 1.808833839759854678e-01 4.788838911721453040e-01
5.929999999999358096e+01 1.589075252892368229e-01 4.970857390555932787e-01
5.939999999999356817e+01 1.380465876916538437e-01 5.144069863615829963e-01
5.949999999999355538e+01 1.183897241725098554e-01 5.307671693230971988e-01
5.959999999999354259e+01 1.000202817923029897e-01 5.460906004654197954e-01
5.969999999999353690e+01 8.301543686596334071e-02 5.603067017729453925e-01
5.979999999999352411e+01 6.744585947299711060e-02 5.733503132474377928e-01
5.989999999999351132e+01 5.337540874396323742e-02 5.851619755167325465e-01
5.999999999999350564e+01 4.086086022853756272e-02 5.956881852750949280e-01
6.009999999999349285e+01 2.995166650227225336e-02 6.048816224637707517e-01
6.019999999999348006e+01 2.068975201549196410e-02 6.127013482343175443e-01
6.029999999999346727e+01 1.310934303016254680e-02 6.191129728722493120e-01
6.039999999999345448e+01 7.236833329738748266e-03 6.240887929995957428e-01
6.049999999999344880e+01 3.090686223150574882e-03 6.276078975163457141e-01
6.059999999999343601e+01 6.813731985594757021e-04 6.296562418882925005e-01
6.069999999999342322e+01 1.134941549922508770e-05 6.302266905302701394e-01
6.079999999999341753e+01 1.075066056543817978e-03 6.293190271869660846e-01
6.089999999999340474e+01 3.859019392327010713e-03 6.269399333537558627e-01
6.099999999999339195e+01 8.341836247307204272e-03 6.231029349328905953e-01
6.109999999999337916e+01 1.449439538884511429e-02 6.178283174608671935e-01
6.119999999999336637e+01 2.227998419969006230e-02 6.111430103892367960e-01
6.129999999999336069e+01 3.165448983444605485e-02 6.030804410401999771e-01
6.139999999999334790e+01 4.256662390492221837e-02 5.936803589977600604e-01
6.149999999999333511e+01 5.495817958784370710e-02 5.829886318277383017e-01
6.159999999999332942e+01 6.876431990214758316e-02 5.710570131498952096e-01
6.169999999999331664e+01 8.391389576254205951e-02 5.579428842115659037e-01
6.179999999999330385e+01 1.003297922817690396e-01 5.437089702287193349e-01
6.189999999999329106e+01 1.179293016667201932e-01 5.284230328763164231e-01
6.199999999999327827e+01 1.366245209338436128e-01 5.121575404136878840e-01
6.209999999999327258e+01 1.563227725576391558e-01 4.949893170325804226e-01
6.219999999999325979e+01 1.769270460628675490e-01 4.769991731051636541e-01
6.229999999999324700e+01 1.983364584774686967e-01 4.582715180962115276e-01
6.239999999999324132e+01 2.204467314784315513e-01 4.388939579756891973e-01
6.249999999999322853e+01 2.431506829884064746e-01 4.189568790393151665e-01
6.259999999999321574e+01 2.663387309174828910e-01 3.985530200992328242e-01
6.269999999999320295e+01 2.898994066900150157e-01 3.777770350586690529e-01
6.279999999999319016e+01 3.137198761548893322e-01 3.567250479220545611e-01
6.289999999999318447e+01 3.376864654458485160e-01 3.354942023234749326e-01
6.299999999999317168e+01 3.616851893390023998e-01 3.141822076757680993e-01
6.309999999999315889e+01 3.856022796453839052e-01 2.928868840534737950e-01
6.319999999999315321e+01 4.093247111812772787e-01 2.717057079232327310e-01
6.329999999999314042e+01 4.327407228714961751e-01 2.507353608258903188e-01
6.339999999999312763e+01 4.557403315699002366e-01 2.300712830960213728e-01
6.349999999999311484e+01 4.782158362161227361e-01 2.098072346750550210e-01
6.359999999999310205e+01 5.000623099997301146e-01 1.900348650368035575e-01
6.369999999999309637e+01 5.211780782604782392e-01 1.708432941955504436e-01
6.379999999999308358e+01 5.414651799262574228e-01 1.523187067112613535e-01
6.389999999999307079e+01 5.608298103702467063e-01 1.345439605395871152e-01
6.399999999999306510e+01 5.791827436617041913e-01 1.175982125013000229e-01
6.409999999999305942e+01 5.964397322845749194e-01 1.015565620630017457e-01
6.419999999999303952e+01 6.125218825091008901e-01 8.648971503083441315e-02
6.429999999999301963e+01 6.273560037207822626e-01 7.246366866190431799e-02
6.439999999999301394e+01 6.408749301364585760e-01 5.953941959391382405e-02
6.449999999999300826e+01 6.530178134726852823e-01 4.777269588269822398e-02
6.459999999999300258e+01 6.637303852727879372e-01 3.721371432155130832e-02
6.469999999999298268e+01 6.729651877428706186e-01 2.790696409444000381e-02
6.479999999999297700e+01 6.806817721033522339e-01 1.989101768919766464e-02
6.489999999999295710e+01 6.868468636152341711e-01 1.319836986668643936e-02
6.499999999999295142e+01 6.914344926019402315e-01 7.855305348360680506e-03
6.509999999999294573e+01 6.944260909512570690e-01 3.881795748489126098e-03
6.519999999999292584e+01 6.958105537448774358e-01 1.291426138896180397e-03
6.529999999999292015e+01 6.955842658308684090e-01 9.135149436922901194e-05
6.539999999999290026e+01 6.937510933200925489e-01 2.822831263833423571e-04
6.549999999999289457e+01 6.903223401538938209e-01 1.858505072192998637e-03
6.559999999999288889e+01 6.853166700551112100e-01 4.807920266360946569e-03
6.569999999999286899e+01 6.787599943379695189e-01 9.112126183041965172e-03
6.579999999999286331e+01 6.706853262104882640e-01 1.474651950049897693e-02
6.589999999999285762e+01 6.611326023615350378e-01 2.168042920503587476e-02
6.599999999999283773e+01 6.501484727763628957e-01 2.987727742040186332e-02
6.609999999999283204e+01 6.377860598686156957e-01 3.929476712138583322e-02
6.619999999999282636e+01 6.241046881629389587e-01 4.988509576736550877e-02
6.629999999999280647e+01 6.091695858923107387e-01 6.159519377352541680e-02
6.639999999999280078e+01 5.930515600056528447e-01 7.436698662490101586e-02
6.649999999999278089e+01 5.758266461987191498e-01 8.813767933188107473e-02
6.659999999999277520e+01 5.575757356966937195e-01 1.028400618257094001e-01
6.669999999999276952e+01 5.383841806171126843e-01 1.184028337992474450e-01
6.679999999999274962e+01 5.183413798383974536e-01 1.347509474125612450e-01
6.689999999999274394e+01 4.975403473848352132e-01 1.518059662047906710e-01
6.699999999999272404e+01 4.760772654117254588e-01 1.694864384833571491e-01
6.709999999999271836e+01 4.540510239428131034e-01 1.877082834002978817e-01
6.719999999999271267e+01 4.315627495645930067e-01 2.063851878721728317e-01
6.729999999999269278e+01 4.087153253277605591e-01 2.254290124554328145e-01
6.739999999999268709e+01 3.856129041387547085e-01 2.447502042544346113e-01
6.749999999999268141e+01 3.623604179485874766e-01 2.642582149126528890e-01
6.759999999999266151e+01 3.390630850557624365e-01 2.838619217209617518e-01
6.769999999999265583e+01 3.158259178436916281e-01 3.034700498691311754e-01
6.779999999999265015e+01 2.927532332603672294e-01 3.229915938683163290e-01
6.789999999999263025e+01 2.699481683295856249e-01 3.423362361835079470e-01
6.799999999999262457e+01 2.475122029500297915e-01 3.614147611342816702e-01
6.809999999999260467e+01 2.255446921974427754e-01 3.801394621522169448e-01
6.819999999999259899e+01 2.041424102922183292e-01 3.984245405202107571e-01
6.829999999999259330e+01 1.833991083335161920e-01 4.161864937667313358e-01
6.839999999999257341e+01 1.634050878278128782e-01 4.333444919417616670e-01
6.849999999999256772e+01 1.442467919599153270e-01 4.498207400659945399e-01
6.859999999999254783e+01 1.260064164633277473e-01 4.655408251135163544e-01
6.869999999999254214e+01 1.087615418489562835e-01 4.804340459692006404e-01
6.879999999999253646e+01 9.258478864404846853e-02 4.944337248854410172e-01
6.889999999999251656e+01 7.754349717982546297e-02 5.074774990557432419e-01
6.899999999999251088e+01 6.369943334463287754e-02 5.195075910211041093e-01
6.909999999999250520e+01 5.110852159292370717e-02 5.304710567288567491e-01
6.919999999999248530e+01 3.982060636693532385e-02 5.403200101717855475e-01
6.929999999999247962e+01 2.987924295012450368e-02 5.490118236513431560e-01
6.939999999999247393e+01 2.132151862915565577e-02 5.565093028239276318e-01
6.949999999999245404e+01 1.417790489502123059e-02 5.627808358126459298e-01
6.959999999999244835e+01 8.472141264960269744e-03 5.678005157899409516e-01
6.969999999999242846e+01 4.221151155465645809e-03 5.715482365638689943e-01
6.979999999999242277e+01 1.434990083888335001e-03 5.740097608288370346e-01
6.989999999999241709e+01 1.168263224783314146e-04 5.751767608707979429e-01
6.999999999999239719e+01 2.629539749972455522e-04 5.750468316480444875e-01
7.009999999999239151e+01 1.862838293011551778e-03 5.736234762970749967e-01
7.019999999999237161e+01 4.899192897337202070e-03 5.709160642425953336e-01
7.029999999999236593e+01 9.348088420590670855e-03 5.669397622205010201e-01
7.039999999999236024e+01 1.517909194011302261e-02 5.617154386446339132e-01
7.049999999999234035e+01 2.235543642738945999e-02 5.552695418756897761e-01
7.059999999999233466e+01 3.083421930106092917e-02 5.476339530680389700e-01
7.069999999999232898e+01 4.056662903657938524e-02 5.388458143879685247e-01
7.079999999999230909e+01 5.149819865680194814e-02 5.289473335095198347e-01
7.089999999999230340e+01 6.356908480526617111e-02 5.179855654010004917e-01
7.099999999999229772e+01 7.671437098786992870e-02 5.060121725189399289e-01
7.109999999999227782e+01 9.086439345983095273e-02 4.930831646216449760e-01
7.119999999999227214e+01 1.059450881336306410e-01 4.792586195071876776e-01
7.129999999999225224e+01 1.218783567903741483e-01 4.646023860634413971e-01
7.139999999999224656e+01 1.385824507925635662e-01 4.491817710952560327e-01
7.149999999999224087e+01 1.559723704202313488e-01 4.330672114659798178e-01
7.159999999999222098e+01 1.739602778861237820e-01 4.163319331501028620e-01
7.169999999999221529e+01 1.924559220278790894e-01 3.990515988518831825e-01
7.179999999999219540e+01 2.113670726285342416e-01 3.813039458894990630e-01
7.189999999999218971e+01 2.305999622779539571e-01 3.631684160841027187e-01
7.199999999999218403e+01 2.500597336614485688e-01 3.447257794230220163e-01
7.209999999999216413e+01 2.696508901429979788e-01 3.260577532889853414e-01
7.219999999999215845e+01 2.892777475041183322e-01 3.072466190592397783e-01
7.229999999999215277e+01 3.088448847016339038e-01 2.883748378849297911e-01
7.239999999999213287e+01 3.282575915202323724e-01 2.695246674563110956e-01
7.249999999999212719e+01 3.474223110190123309e-01 2.507777815472508331e-01
7.259999999999212150e+01 3.662470747030716067e-01 2.322148941121156551e-01
7.269999999999210161e+01 3.846419283936740596e-01 2.139153896793603016e-01
7.279999999999209592e+01 4.025193468222668103e-01 1.959569617486029147e-01
7.289999999999207603e+01 4.197946350336678734e-01 1.784152608532985074e-01
7.299999999999207034e+01 4.363863147539120968e-01 1.613635538990978724e-01
7.309999999999206466e+01 4.522164939555955443e-01 1.448723963267949111e-01
7.319999999999204476e+01 4.672112179398466014e-01 1.290093185829909450e-01
7.329999999999203908e+01 4.813008003468376983e-01 1.138385283070636189e-01
7.339999999999201918e+01 4.944201326089579518e-01 9.942062956313305055e-02
7.349999999999201350e+01 5.065089704664902381e-01 8.581236035960379538e-02
7.359999999999200782e+01 5.175121962802219366e-01 7.306634960726343664e-02
7.369999999999198792e+01 5.273800559939444410e-01 6.123089457018950077e-02
7.379999999999198224e+01 5.360683697249398749e-01 5.034975976245731344e-02
7.389999999999197655e+01 5.435387150876080931e-01 4.046199813809451401e-02
7.399999999999195666e+01 5.497585824896128459e-01 3.160179531289521865e-02
7.409999999999195097e+01 5.547015017737897402e-01 2.379833744453168157e-02
7.419999999999194529e+01 5.583471397195258756e-01 1.707570328272181581e-02
7.429999999999192539e+01 5.606813680546975931e-01 1.145278078482192714e-02
7.439999999999191971e+01 5.616963017734234453e-01 6.943208573971908389e-03
7.449999999999189981e+01 5.613903076950877979e-01 3.555342398277212389e-03
7.459999999999189413e+01 5.597679833426149054e-01 1.292246630224951152e-03
7.469999999999188844e+01 5.568401063592274269e-01 1.517107267440100191e-04
7.479999999999186855e+01 5.526235548224328609e-01 1.262904522911960988e-04
7.489999999999186286e+01 5.471411989521983710e-01 1.203373550736968386e-03
7.499999999999184297e+01 5.404217648441295152e-01 3.365269437182361219e-03
7.509999999999183729e+01 5.324996709916774984e-01 6.589322368688507563e-03
7.519999999999183160e+01 5.234148384866105230e-01 1.084804744378598147e-02
7.529999999999181171e+01 5.132124759132017378e-01 1.610928867503302886e-02
7.539999999999180602e+01 5.019428400652442557e-01 2.233639827738176376e-02
7.549999999999180034e+01 4.896609737306805710e-01 2.948843621800793444e-02
7.559999999999178044e+01 4.764264218922577565e-01 3.752038898126262151e-02
7.569999999999177476e+01 4.623029277911441248e-01 4.638340641560442790e-02
7.579999999999176907e+01 4.473581103934787806e-01 5.602505544859006509e-02
7.589999999999174918e+01 4.316631248822283551e-01 6.638958938103431406e-02
7.599999999999174349e+01 4.152923078726191153e-01 7.741823140344379628e-02
7.609999999999172360e+01 3.983228091170454288e-01 8.904947091610242171e-02
7.619999999999171791e+01 3.808342115227085767e-01 1.012193711799241613e-01
7.629999999999171223e+01 3.629081413553448821e-01 1.138618867781184263e-01
7.639999999999169233e+01 3.446278705411379706e-01 1.269091893288654960e-01
7.649999999999168665e+01 3.260779130102093304e-01 1.402919998577671634e-01
7.659999999999166675e+01 3.073436170451098182e-01 1.539399262140514202e-01
7.669999999999166107e+01 2.885107556090400482e-01 1.677818038988504179e-01
7.679999999999165539e+01 2.696651166295306878e-01 1.817460386652234305e-01
7.689999999999163549e+01 2.508920952048020458e-01 1.957609492491768910e-01
7.699999999999162981e+01 2.322762896822755940e-01 2.097551085985819574e-01
7.709999999999162412e+01 2.139011035303745589e-01 2.236576819821039785e-01
7.719999999999160423e+01 1.958483548889228265e-01 2.373987603834102345e-01
7.729999999999159854e+01 1.781978956359465960e-01 2.509096876161244771e-01
7.739999999999159286e+01 1.610272417554873547e-01 2.641233796337110751e-01
7.749999999999157296e+01 1.444112167260455937e-01 2.769746345528595888e-01
7.759999999999156728e+01 1.284216095792723722e-01 2.894004319613658338e-01
7.769999999999154738e+01 1.131268491980693819e-01 3.013402201402927139e-01
7.779999999999154170e+01 9.859169633790547393e-02 3.127361898946528496e-01
7.789999999999153601e+01 8.487695476068793377e-02 3.235335337586489612e-01
7.799999999999151612e+01 7.203920277203172684e-02 3.336806894167165249e-01
7.809999999999151044e+01 6.013054634651147923e-02 3.431295662647142475e-01
7.819999999999149054e+01 4.919839491547953192e-02 3.518357541211910022e-01
7.829999999999148486e+01 3.928526077650474485e-02 3.597587131888509981e-01
7.839999999999147917e+01 3.042858296439607257e-02 3.668619444630079607e-01
7.849999999999145928e+01 2.266057630120556568e-02 3.731131398788046227e-01
7.859999999999145359e+01 1.600810621701479960e-02 3.784843115926170287e-01
7.869999999999144791e+01 1.049258980597491016e-02 3.829518998938891139e-01
7.879999999999142801e+01 6.129923452884957630e-03 3.864968593505862526e-01
7.889999999999142233e+01 2.930437235745546060e-03 3.891047228966943439e-01
7.899999999999141664e+01 8.988761796084717088e-04 3.907656436772719566e-01
7.909999999999139675e+01 3.440830729489258226e-05 3.914744145753027982e-01
7.919999999999139106e+01 3.306593039259525676e-04 3.912304654498108270e-01
7.929999999999137117e+01 1.775773485173997787e-03 3.900378382240002328e-01
7.939999999999136548e+01 4.352500634403897069e-03 3.879051400641320702e-01
7.949999999999135980e+01 8.038308151964941584e-03 3.848454749963817201e-01
7.959999999999133991e+01 1.280551784141525234e-02 3.808763544086862796e-01
7.969999999999133422e+01 1.862146654292231099e-02 3.760195869830019189e-01
7.979999999999131433e+01 2.544868971404703334e-02 3.703011486994602364e-01
7.989999999999130864e+01 3.324512695310453264e-02 3.637510336461610150e-01
7.999999999999130296e+01 4.196434836059811935e-02 3.564030864544086574e-01
8.009999999999128306e+01 5.155580054069436313e-02 3.482948172645523033e-01
8.019999999999127738e+01 6.196507095707703971e-02 3.394672002045724390e-01
8.029999999999127169e+01 7.313416927713302373e-02 3.299644564384257017e-01
8.039999999999125180e+01 8.500182426437430383e-02 3.198338229076109207e-01
8.049999999999124611e+01 9.750379471306959422e-02 3.091253079528537007e-01
8.059999999999124043e+01 1.105731928599017339e-01 2.978914350582050896e-01
8.069999999999122053e+01 1.241408186570908401e-01 2.861869760102909721e-01
8.079999999999121485e+01 1.381355032479532063e-01 2.740686748082798996e-01
8.089999999999119495e+01 1.524844599518732913e-01 2.615949636976985793e-01
8.099999999999118927e+01 1.671136410386154236e-01 2.488256727306301375e-01
8.109999999999118359e+01 1.819480985546990948e-01 2.358217342780849490e-01
8.119999999999116369e+01 1.969123474540274421e-01 2.226448839369810084e-01
8.129999999999115801e+01 2.119307292847338320e-01 2.093573592829472696e-01
8.139999999999113811e+01 2.269277746907664428e-01 1.960215979225957139e-01
8.149999999999113243e+01 2.418285630023524480e-01 1.826999362938855620e-01
8.159999999999112674e+01 2.565590772129648922e-01 1.694543106522667653e-01
8.169999999999110685e+01 2.710465526724101237e-01 1.563459616610845537e-01
8.179999999999110116e+01 2.852198178641495163e-01 1.434351439800697070e-01
8.189999999999109548e+01 2.990096256827452503e-01 1.307808422140687710e-01
8.199999999999107558e+01 3.123489736808939266e-01 1.184404945460966474e-01
8.209999999999106990e+01 3.251734118166776932e-01 1.064697253348416278e-01
8.219999999999106421e+01 3.374213362995966969e-01 9.492208790677443553e-02
8.229999999999104432e+01 3.490342682079294323e-01 8.384881871748674220e-02
8.239999999999103864e+01 3.599571156297863839e-01 7.329860399608945087e-02
8.249999999999101874e+01 3.701384181653983307e-01 6.331735992054571271e-02
8.259999999999101306e+01 3.795305727189710598e-01 5.394802730159763138e-02
8.269999999999100737e+01 3.880900396035258937e-01 4.523038167801016890e-02
8.279999999999098748e+01 3.957775280803463858e-01 3.720085964727488231e-02
8.289999999999098179e+01 4.025581605585256684e-01 2.989240217378568570e-02
8.299999999999096190e+01 4.084016147846852296e-01 2.333431553128152008e-02
8.309999999999095621e+01 4.132822434631918673e-01 1.755215044842115685e-02
8.319999999999095053e+01 4.171791708547530897e-01 1.256759993613698785e-02
8.329999999999093063e+01 4.200763660164725244e-01 8.398416183631246187e-03
8.339999999999092495e+01 4.219626924570930582e-01 5.058346816383143402e-03
8.349999999999091926e+01 4.228319340957185091e-01 2.557090715476384012e-03
8.359999999999089937e+01 4.226827975256577385e-01 9.002735028354592970e-04
8.369999999999089368e+01 4.215188906966654270e-01 8.944270232221571278e-05
8.379999999999088800e+01 4.193486782429310944e-01 1.220824924575968648e-04
8.389999999999086810e+01 4.161854137911682461e-01 9.916478732270299790e-04
8.399999999999086242e+01 4.120470496936537996e-01 2.687617977469694379e-03
8.409999999999084253e+01 4.069561247339141818e-01 5.195568167158411479e-03
8.419999999999083684e+01 4.009396304576267056e-01 8.497260466875201229e-03
8.429999999999083116e+01 3.940288568764179211e-01 1.257075180136192800e-02
8.439999999999081126e+01 3.862592183897650688e-01 1.739051942161299463e-02
8.449999999999080558e+01 3.776700608577507334e-01 2.292760282491663679e-02
8.459999999999078568e+01 3.683044508447567145e-01 2.914976139888377990e-02
8.469999999999078000e+01 3.582089481317070612e-01 3.602164694824239871e-02
8.479999999999077431e+01 3.474333626708477896e-01 4.350499019630705427e-02
8.489999999999075442e+01 3.360304972241095478e-01 5.155880029070732118e-02
8.499999999999074873e+01 3.240558769887532109e-01 6.013957628583856824e-02
8.509999999999074305e+01 3.115674675700278451e-01 6.920152952221757248e-02
8.519999999999072315e+01 2.986253827089813129e-01 7.869681577648408866e-02
8.529999999999071747e+01 2.852915832163482879e-01 8.857577601458777039e-02
8.539999999999071179e+01 2.716295685981669483e-01 9.878718454544932470e-02
8.549999999999069189e+01 2.577040628870449490e-01 1.092785033431482311e-01
8.559999999999068621e+01 2.435806962133587605e-01 1.199961412822859869e-01
8.569999999999066631e+01 2.293256836643944585e-01 1.308857170140352577e-01
8.579999999999066063e+01 2.150055029852206145e-01 1.418923241993224893e-01
8.589999999999065494e+01 2.006865726734766153e-01 1.529607978108787347e-01
8.599999999999063505e+01 1.864349320119944586e-01 1.640359802171369730e-01
8.609999999999062936e+01 1.723159245670277673e-01 1.750629857686441526e-01
8.619999999999060947e+01 1.583938866563746606e-01 1.859874626210699933e-01
8.629999999999060378e+01 1.447318422622693446e-01 1.967558505488680443e-01
8.639999999999059810e+01 1.313912058257696580e-01 2.073156335287767438e-01
8.649999999999057820e+01 1.184314943171155404e-01 2.176155859039425877e-01
8.659999999999057252e+01 1.059100499246813099e-01 2.276060109759460715e-01
8.669999999999056683e+01 9.388177465038240188e-02 2.372389709149321790e-01
8.679999999999054694e+01 8.239887803580417391e-02 2.464685069240764859e-01
8.689999999999054126e+01 7.151063917623057264e-02 2.552508486484602601e-01
8.699999999999053557e+01 6.126318410598705078e-02 2.635446118742579835e-01
8.709999999999051568e+01 5.169927956075161951e-02 2.713109836254259943e-01
8.719999999999050999e+01 4.285814403932847877e-02 2.785138938310162127e-01
8.729999999999049010e+01 3.477527700068958061e-02 2.851201728044868156e-01
8.739999999999048441e+01 2.748230694133759269e-02 2.910996938492183550e-01
8.749999999999047873e+01 2.100685900386874833e-02 2.964255003793239140e-01
8.759999999999045883e+01 1.537244267079068173e-02 3.010739170234749684e-01
8.769999999999045315e+01 1.059835999826484569e-02 3.050246442586910245e-01
8.779999999999043325e+01 6.699634743046772867e-03 3.082608362043383066e-01
8.789999999999042757e+01 3.686962633204055387e-03 3.107691612887037436e-01
8.799999999999042188e+01 1.566682929374229065e-03 3.125398455864649150e-01
8.809999999999040199e+01 3.407713191405393202e-04 3.135666987092211588e-01
8.819999999999039630e+01 6.854082909582244406e-06 3.138471222173302988e-01
8.829999999999039062e+01 5.582433660524631228e-04 3.133821006067206150e-01
8.839999999999037072e+01 1.983993289502553742e-03 3.121761750077577391e-01
8.849999999999036504e+01 4.268976529997916929e-03 3.102373998180226189e-01
8.859999999999035936e+01 7.393980902218619776e-03 3.075772825716383552e-01
8.869999999999033946e+01 1.133582537868606417e-02 3.042107074293203817e-01
8.879999999999033378e+01 1.606749488994326999e-02 3.001558427497376669e-01
8.889999999999031388e+01 2.155829315771032664e-02 2.954340332795867829e-01
8.899999999999030820e+01 2.777401272779115443e-02 2.900696775712546804e-01
8.909999999999030251e+01 3.467712128805570948e-02 2.840900913059030142e-01
8.919999999999028262e+01 4.222696328005872551e-02 2.775253572663159418e-01
8.929999999999027693e+01 5.037997574142045326e-02 2.704081627638645902e-01
8.939999999999025704e+01 5.908991724998863271e-02 2.627736253822003931e-01
8.949999999999025135e+01 6.830810878085721849e-02 2.546591079527526502e-01
8.959999999999024567e+01 7.798368523323008505e-02 2.461040237247209828e-01
8.969999999999022577e+01 8.806385633661924228e-02 2.371496327356876210e-01
8.979999999999022009e+01 9.849417560520400128e-02 2.278388304264786224e-01
8.989999999999021441e+01 1.092188159749672427e-01 2.182159295765135620e-01
8.999999999999019451e+01 1.201808507313396057e-01 2.083264366629016817e-01
9.009999999999018883e+01 1.313225383154521253e-01 1.982168237678214595e-01
9.019999999999018314e+01 1.425856095841393500e-01 1.879342971745925350e-01
9.029999999999016325e+01 1.539115560937562854e-01 1.775265638030418536e-01
9.039999999999015756e+01 1.652419179797708082e-01 1.670415966385075945e-01
9.049999999999013767e+01 1.765185700131592372e-01 1.565274003080457943e-01
9.059999999999013198e+01 1.876840044307511168e-01 1.460317779499495927e-01
9.069999999999012630e+01 1.986816091604768353e-01 1.356021005097996779e-01
9.079999999999010640e+01 2.094559400921294501e-01 1.252850795780821591e-01
9.089999999999010072e+01 2.199529860811364756e-01 1.151265448609456316e-01
9.099999999999008082e+01 2.301204254168983110e-01 1.051712273459788627e-01
9.109999999999007514e+01 2.399078725354563402e-01 9.546254919157901031e-02
9.119999999999006945e+01 2.492671138127595110e-01 8.604242132877555627e-02
9.129999999999004956e+01 2.581523313356139937e-01 7.695104972126867726e-02
9.139999999999004388e+01 2.665203136126565453e-01 6.822675118089326085e-02
9.149999999999003819e+01 2.743306522600773012e-01 5.990577958361829186e-02
9.159999999999001830e+01 2.815459237713292540e-01 5.202216327515452737e-02
9.169999999999001261e+01 2.881318555599419740e-01 4.460755439527358535e-02
9.179999999999000693e+01 2.940574755473341351e-01 3.769109078712165606e-02
9.189999999998998703e+01 2.992952446545593115e-01 3.129927109188192225e-02
9.199999999998998135e+01 3.038211716443484089e-01 2.545584356061959472e-02
9.209999999998996145e+01 3.076149098521910319e-01 2.018170904454263948e-02
9.219999999998995577e+01 3.106598354375202375e-01 1.549483855228574007e-02
9.229999999998995008e+01 3.129431068792862813e-01 1.141020568888883625e-02
9.239999999998993019e+01 3.144557055361397180e-01 7.939734216003349263e-03
9.249999999998992450e+01 3.151924571853873536e-01 5.092260897061572089e-03
9.259999999998990461e+01 3.151520345498873832e-01 2.873513714956287598e-03
9.269999999998989892e+01 3.143369409159413319e-01 1.286105473706547356e-03
9.279999999998989324e+01 3.127534750381074091e-01 3.295427198553042142e-04
9.289999999998987334e+01 3.104116776177904824e-01 2.498444791833230373e-07
9.299999999998986766e+01 3.073252597314500845e-01 2.916081529212774786e-04
9.309999999998986198e+01 3.035115136713127382e-01 1.194009617144744595e-03
9.319999999998984208e+01 2.989912067442150878e-01 2.694924955224658070e-03
9.329999999998983640e+01 2.937884586555102873e-01 4.778985614320184483e-03
9.339999999998983071e+01 2.879306031808255839e-01 7.428079167794656400e-03
9.349999999998981082e+01 2.814480349020009320e-01 1.062145757431415607e-02
9.359999999998980513e+01 2.743740418508223700e-01 1.433585768700219171e-02
9.369999999998978524e+01 2.667446249692950744e-01 1.854563334436625313e-02
9.379999999998977955e+01 2.585983053526645925e-01 2.322289832198925000e-02
9.389999999998977387e+01 2.499759202967652971e-01 2.833767937512567808e-02
9.399999999998975397e+01 2.409204092180445289e-01 3.385807855753025092e-02
9.409999999998974829e+01 2.314765905590517037e-01 3.975044396139560537e-02
9.419999999998972839e+01 2.216909308285278657e-01 4.597954798711921531e-02
9.429999999998972271e+01 2.116113069570779992e-01 5.250877222029260577e-02
9.439999999998971703e+01 2.012867631745932917e-01 5.930029796639989942e-02
9.449999999998969713e+01 1.907672636357339024e-01 6.631530147188006985e-02
9.459999999998969145e+01 1.801034420324175711e-01 7.351415284314949394e-02
9.469999999998968576e+01 1.693463494402036029e-01 8.085661766301639741e-02
9.479999999998966587e+01 1.585472016465556966e-01 8.830206029698982328e-02
9.489999999998966018e+01 1.477571272041059425e-01 9.580964787960512263e-02
9.499999999998965450e+01 1.370269174412678537e-01 1.033385539739982012e-01
9.509999999998963460e+01 1.264067796457245541e-01 1.108481609055051581e-01
9.519999999998962892e+01 1.159460946140349752e-01 1.182982597828558385e-01
9.529999999998960902e+01 1.056931797316750105e-01 1.256492472378112346e-01
9.539999999998960334e+01 9.569505871476734205e-02 1.328623179362065365e-01
9.549999999998959765e+01 8.599723910487207246e-02 1.398996519399905991e-01
9.559999999998957776e+01 7.664349856434198027e-02 1.467245960305904040e-01
9.569999999998957207e+01 6.767568097002336913e-02 1.533018381393891350e-01
9.579999999998955218e+01 5.913350324956862664e-02 1.595975740700804613e-01
9.589999999998954650e+01 5.105437384571609449e-02 1.655796657403814376e-01
9.599999999998954081e+01 4.347322363195917083e-02 1.712177902175583688e-01
9.609999999998952092e+01 3.642235003626125706e-02 1.764835788716383469e-01
9.619999999998951523e+01 2.993127506016315595e-02 1.813507460229322188e-01
9.629999999998950955e+01 2.402661780750707868e-02 1.857952065165996702e-01
9.639999999998948965e+01 1.873198206170394522e-02 1.897951817142475850e-01
9.649999999998948397e+01 1.406785937248144526e-02 1.933312934537652350e-01
9.659999999998947828e+01 1.005154803330626442e-02 1.963866455896972063e-01
9.669999999998945839e+01 6.697088249392302295e-03 1.989468927906728468e-01
9.679999999998945270e+01 4.015213713769086486e-03 2.010002963354629579e-01
9.689999999998943281e+01 2.013319725824600469e-03 2.025377667140589311e-01
9.699999999998942712e+01 6.954479034362432126e-04 2.035528929074522930e-01
9.709999999998942144e+01 6.228745666198080800e-05 2.040419582855406144e-01
9.719999999998940154e+01 1.111929084790568229e-04 2.040039431295667671e-01
9.729999999998939586e+01 8.362180666021688845e-04 2.034405138505664123e-01
9.739999999998937597e+01 2.228165970438824618e-03 2.023559990414704191e-01
9.749999999998937028e+01 4.274654459146297499e-03 2.007573525636864864e-01
9.759999999998936460e+01 6.960196930949021088e-03 1.986541039317453738e-01
9.769999999998934470e+01 1.026629779073956125e-02 1.960582963211586760e-01
9.779999999998933902e+01 1.417156201290152573e-02 1.929844125822762768e-01
9.789999999998933333e+01 1.865181817958714086e-02 1.894492897005351506e-01
9.799999999998931344e+01 2.368025429174923716e-02 1.854720221971928595e-01
9.809999999998930775e+01 2.922756559126518314e-02 1.810738550151017867e-01
9.819999999998930207e+01 3.526211357792842505e-02 1.762780664833616395e-01
9.829999999998928217e+01 4.175009535504526498e-02 1.711098419984120877e-01
9.839999999998927649e+01 4.865572239222317602e-02 1.655961391009737327e-01
9.849999999998925659e+01 5.594140775365086249e-02 1.597655446659435041e-01
9.859999999998925091e+01 6.356796080538554272e-02 1.536481249554341733e-01
9.869999999998924523e+01 7.149478838527807689e-02 1.472752693162122373e-01
9.879999999998922533e+01 7.968010139520247115e-02 1.406795283272107011e-01
9.889999999998921965e+01 8.808112575639089059e-02 1.338944472251671070e-01
9.899999999998919975e+01 9.665431665581339371e-02 1.269543954535606034e-01
9.909999999998919407e+01 1.053555750036937605e-01 1.198943931926475109e-01
9.919999999998918838e+01 1.141404650208894395e-01 1.127499357374959071e-01
9.929999999998916849e+01 1.229644318778791018e-01 1.055568165947992354e-01
9.939999999998916280e+01 1.317830183165595581e-01 9.835095016941719503e-02
9.949999999998915712e+01 1.405520792005164332e-01 9.116819490700492357e-02
9.959999999998913722e+01 1.492279929587589926e-01 8.404417775082424769e-02
9.969999999998913154e+01 1.577678689129844158e-01 7.701412075762900655e-02
9.979999999998912585e+01 1.661297495076781150e-01 7.011267070115172195e-02
9.989999999998910596e+01 1.742728064969409629e-01 6.337373247064859161e-02
