1.000000000000000000e+00 2.000000000000000000e+00 0.000000000000000000e+00
1.099999999999988987e+00 1.997600966511144271e+00 1.999200209285843886e-03
1.199999999999977973e+00 1.990415457318337911e+00 7.987208594367274997e-03
1.299999999999966960e+00 1.978478191078387516e+00 1.793529493633119407e-02
1.399999999999955946e+00 1.961846846297091052e+00 3.179573035070266257e-02
1.499999999999944933e+00 1.940601780753640204e+00 4.950201873545172909e-02
1.599999999999933920e+00 1.914845639126195431e+00 7.096921923937520027e-02
1.699999999999922906e+00 1.884702850679288888e+00 9.609435818438978594e-02
1.799999999999911893e+00 1.850319019430591627e+00 1.247569284329867190e-01
1.899999999999900879e+00 1.811860209753345163e+00 1.568194737594655330e-01
1.999999999999889866e+00 1.769512130910697589e+00 1.921282553625056067e-01
2.099999999999878852e+00 1.723479224533993381e+00 2.305139972493891187e-01
2.199999999999867839e+00 1.673983659558870851e+00 2.717927068306290050e-01
2.299999999999856826e+00 1.621264239615379799e+00 3.157665666910061675e-01
2.399999999999845812e+00 1.565575228324625146e+00 3.622248931494277957e-01
2.499999999999834799e+00 1.507185098384494548e+00 4.109451568878039196e-01
2.599999999999823785e+00 1.446375210730821648e+00 4.616940606232595723e-01
2.699999999999812772e+00 1.383438430425057097e+00 5.142286685132456681e-01
2.799999999999801759e+00 1.318677686254921433e+00 5.682975817290014664e-01
2.899999999999790745e+00 1.252404481331150343e+00 6.236421544053870614e-01
2.999999999999779732e+00 1.184937362217210355e+00 6.799977439761555331e-01
3.099999999999768718e+00 1.116600354346833912e+00 7.370949897381254834e-01
3.199999999999757705e+00 1.047721371650822908e+00 7.946611133506845670e-01
3.299999999999746692e+00 9.786306084485328904e-01 8.524212348731916578e-01
3.399999999999735678e+00 9.096589217354535961e-01 9.100996978736975995e-01
3.499999999999724665e+00 8.411362120401103537e-01 9.674213971023449821e-01
3.599999999999713651e+00 7.733898110120810410e-01 1.024113102219150750e+00
3.699999999999702638e+00 7.067428838513314382e-01 1.079904771094752913e+00
3.799999999999691624e+00 6.415128545906300106e-01 1.134530846261893267e+00
3.899999999999680611e+00 5.780098621026060757e-01 1.187731528192085717e+00
3.999999999999669598e+00 5.165352545188631739e-01 1.239254019193563261e+00
4.099999999999658584e+00 4.573801295270296663e-01 1.288853731886176579e+00
4.199999999999647571e+00 4.008239277509421661e-01 1.336295456393709280e+00
4.299999999999636557e+00 3.471330861192405970e-01 1.381354480609522373e+00
4.399999999999625544e+00 2.965597577995043310e-01 1.423817658134348019e+00
4.499999999999614531e+00 2.493406049105599820e-01 1.463484418754861460e+00
4.599999999999603517e+00 2.056956698338590350e-01 1.500167716625029346e+00
4.699999999999592504e+00 1.658273305273496867e-01 1.533694911630384849e+00
4.799999999999581490e+00 1.299193448020898034e-01 1.563908579752016470e+00
4.899999999999570477e+00 9.813598805903335498e-02 1.590667248607610995e+00
4.999999999999559464e+00 7.062128850010047920e-02 1.613846054722218648e+00
5.099999999999548450e+00 4.749836332906984260e-02 1.633337319471592997e+00
5.199999999999537437e+00 2.886885894493374308e-02 1.649051041050005439e+00
5.299999999999526423e+00 1.481249760574858583e-02 1.660915300229251823e+00
5.399999999999515410e+00 5.386732507636961091e-03 1.668876578103634989e+00
5.499999999999504396e+00 6.265126832347008793e-04 1.672899984450051392e+00
5.599999999999493383e+00 5.441585791240170691e-04 1.672969395777250234e+00
5.699999999999482370e+00 5.129348625053853014e-03 1.669087502571097170e+00
5.799999999999471356e+00 1.434921656115840244e-02 1.661275765703066343e+00
5.899999999999460343e+00 2.814855874551366530e-02 1.649574282397219260e+00
5.999999999999449329e+00 4.645015012543726035e-02 1.634041562605005105e+00
6.099999999999438316e+00 6.915516702452158271e-02 1.614754217063266717e+00
6.199999999999427303e+00 9.614371437579125046e-02 1.591806558744821798e+00
6.299999999999416289e+00 1.272754545220551592e-01 1.565310119827237445e+00
6.399999999999405276e+00 1.623903342102572256e-01 1.535393086710889365e+00
6.499999999999394262e+00 2.013094059294641969e-01 1.502199656018066376e+00
6.599999999999383249e+00 2.438357392848055361e-01 1.465889314872154126e+00
6.699999999999372235e+00 2.897554176647252899e-01 1.426636049129260675e+00
6.799999999999361222e+00 3.388386150481870196e-01 1.384627483565542772e+00
6.899999999999350209e+00 3.908407474152744698e-01 1.340063958353631124e+00
6.999999999999339195e+00 4.455036928696874954e-01 1.293157546454523743e+00
7.099999999999328182e+00 5.025570742576691563e-01 1.244131016831605541e+00
7.199999999999317168e+00 5.617195977781431759e-01 1.193216748637984104e+00
7.299999999999306155e+00 6.227004408210781161e-01 1.140655601759718696e+00
7.399999999999295142e+00 6.852006820516257646e-01 1.086695749287128754e+00
7.499999999999284128e+00 7.489147665720076175e-01 1.031591477660951384e+00
7.599999999999273115e+00 8.135319988498280752e-01 9.756019603767729365e-01
7.699999999999262101e+00 8.787380559897436383e-01 9.189900112410112065e-01
7.799999999999251088e+00 9.442165138609880382e-01 8.620208232553521199e-01
7.899999999999240075e+00 1.009650378557317874e+00 8.049606992536187944e-01
7.999999999999229061e+00 1.074723615679146649e+00 7.480757804358332264e-01
8.099999999999218048e+00 1.139122669968847257e+00 6.916307789350193413e-01
8.199999999999207034e+00 1.202537967917154615e+00 6.358877205107666963e-01
8.299999999999196021e+00 1.264665396076335435e+00 5.811047033935200501e-01
8.399999999999185007e+00 1.325207747969700645e+00 5.275346792055641831e-01
8.499999999999173994e+00 1.383876132680912585e+00 4.754242617557095651e-01
8.599999999999162981e+00 1.440391338421241674e+00 4.250125693495188650e-01
8.699999999999151967e+00 1.494485144635618434e+00 3.765301060761054308e-01
8.799999999999140954e+00 1.545901576481451878e+00 3.301976873221181830e-01
8.899999999999129940e+00 1.594398095835342977e+00 2.862254145330801469e-01
8.999999999999118927e+00 1.639746723311416909e+00 2.448117039854591226e-01
9.099999999999107914e+00 1.681735086147366776e+00 2.061423740546538264e-01
9.199999999999096900e+00 1.720167387189112551e+00 1.703897951663819466e-01
9.299999999999085887e+00 1.754865290620644780e+00 1.377121063005646295e-01
9.399999999999074873e+00 1.785668720504045348e+00 1.082525015832502685e-01
9.499999999999063860e+00 1.812436568641614620e+00 8.213859015035039624e-02
9.599999999999052847e+00 1.835047308724233828e+00 5.948183210370037305e-02
9.699999999999041833e+00 1.853399514206186316e+00 4.037705300301299566e-02
9.799999999999030820e+00 1.867412277820247990e+00 2.490203895093924188e-02
9.899999999999019806e+00 1.877025531138339920e+00 1.311721393365771794e-02
9.999999999999008793e+00 1.882200263078314340e+00 5.065400678283099242e-03
1.009999999999899778e+01 1.882918636751458541e+00 7.716658830077453108e-04
1.019999999999898677e+01 1.879184004545116249e+00 2.432502682573691485e-04
1.029999999999897575e+01 1.871020821831162140e+00 3.469583489103201992e-03
1.039999999999896474e+01 1.858474460179736054e+00 1.042238354294758654e-02
1.049999999999895373e+01 1.841610921446205085e+00 2.105583990392342897e-02
1.059999999999894271e+01 1.820516454570673570e+00 3.530687921857178502e-02
1.069999999999893170e+01 1.795297077390865859e+00 5.309551200801294890e-02
1.079999999999892069e+01 1.766078006220260788e+00 7.432525844200252307e-02
1.089999999999890967e+01 1.733002996369235271e+00 9.888365088171034711e-02
1.099999999999889866e+01 1.696233597198989251e+00 1.266428105323583186e-01
1.109999999999888765e+01 1.655948325687952805e+00 1.574600952059949377e-01
1.119999999999887663e+01 1.612341762853242155e+00 1.911788148701695500e-01
1.129999999999886562e+01 1.565623577710992143e+00 2.276290113506290458e-01
1.139999999999885461e+01 1.516017483773241858e+00 2.666282982689729408e-01
1.149999999999884359e+01 1.463760133361922344e+00 3.079827570276461035e-01
1.159999999999883258e+01 1.409099955279535132e+00 3.514878844088137333e-01
1.169999999999882156e+01 1.352295941600922813e+00 3.969295871291861344e-01
1.179999999999881055e+01 1.293616389547907142e+00 4.440852184921746382e-01
1.189999999999879954e+01 1.233337604573498059e+00 4.927246521022155545e-01
1.199999999999878852e+01 1.171742570919667381e+00 5.426113874530117398e-01
1.209999999999877751e+01 1.109119596017122511e+00 5.935036820745352992e-01
1.219999999999876650e+01 1.045760935170167105e+00 6.451557048221013835e-01
1.229999999999875548e+01 9.819614030152878925e-01 6.973187048135933708e-01
1.239999999999874447e+01 9.180169782619694852e-01 7.497421904717428420e-01
1.249999999999873346e+01 8.542234082072468482e-01 8.021751131016721104e-01
1.259999999999872244e+01 7.908748194811326959e-01 8.543670494377835212e-01
1.269999999999871143e+01 7.282623414100851678e-01 9.060693776164472357e-01
1.279999999999870042e+01 6.666727482964495133e-01 9.570364410873912764e-01
1.289999999999868940e+01 6.063871267909390905e-01 1.007026695048509390e+00
1.299999999999867839e+01 5.476795743949665063e-01 1.055803830093748452e+00
1.309999999999866738e+01 4.908159349627310708e-01 1.103137867884012691e+00
1.319999999999865636e+01 4.360525768828519833e-01 1.148806223802271154e+00
1.329999999999864535e+01 3.836352194081264488e-01 1.192594731723155332e+00
1.339999999999863434e+01 3.337978123685234055e-01 1.234298626216214556e+00
1.349999999999862332e+01 2.867614742475473322e-01 1.273723477718818442e+00
1.359999999999861231e+01 2.427334933279731433e-01 1.310686076441953007e+00
1.369999999999860130e+01 2.019063963192595790e-01 1.345015261026986542e+00
1.379999999999859028e+01 1.644570885661236770e-01 1.376552688234683686e+00
1.389999999999857927e+01 1.305460696089353889e-01 1.405153540237630283e+00
1.399999999999856826e+01 1.003167275201236747e-01 1.430687166381501729e+00
1.409999999999855724e+01 7.389471507991690613e-02 1.453037656595856708e+00
1.419999999999854623e+01 5.138741047959241581e-02 1.472104343963005046e+00
1.429999999999853522e+01 3.288346485305276151e-02 1.487802234282403102e+00
1.439999999999852420e+01 1.845243853894321800e-02 1.500062360824326424e+00
1.449999999999851319e+01 8.144527567671443202e-03 1.508832062807080598e+00
1.459999999999850218e+01 1.990381452176080267e-03 1.514075186505098092e+00
1.469999999999849116e+01 1.012939917121455346e-06 1.515772208244804853e+00
1.479999999999848015e+01 2.167799958316783768e-03 1.513920278926312424e+00
1.489999999999846914e+01 8.462579558631857374e-03 1.508533190064449858e+00
1.499999999999845812e+01 1.883783323611446306e-02 1.499641261718024809e+00
1.509999999999844711e+01 3.322696257933014513e-02 1.487291153038214020e+00
1.519999999999843610e+01 5.154465378070643977e-02 1.471545596526053545e+00
1.529999999999842508e+01 7.368732912590547635e-02 1.452483057450402404e+00
1.539999999999841407e+01 9.953368317355468231e-02 1.430197320217785339e+00
1.549999999999840306e+01 1.289453009409459172e-01 1.404797003831812496e+00
1.559999999999839204e+01 1.617673550280932238e-01 1.376405008901067539e+00
1.569999999999838103e+01 1.978293782434125958e-01 1.345157898979332245e+00
1.579999999999837001e+01 2.369461079410548066e-01 1.311205219315840553e+00
1.589999999999835900e+01 2.789183979450730044e-01 1.274708756385249719e+00
1.599999999999834799e+01 3.235341936201334145e-01 1.235841741839986518e+00
1.609999999999833875e+01 3.705695653536299483e-01 1.194788004776039525e+00
1.619999999999832596e+01 4.197897954433016388e-01 1.151741076441179290e+00
1.629999999999831317e+01 4.709505131360477437e-01 1.106903251728769133e+00
1.639999999999830393e+01 5.237988723419423343e-01 1.060484611994035431e+00
1.649999999999829470e+01 5.780747663516873081e-01 1.012702013898706399e+00
1.659999999999828191e+01 6.335120737181386685e-01 9.637780491432963448e-01
1.669999999999826912e+01 6.898399293226589180e-01 9.139399800676687446e-01
1.679999999999825988e+01 7.467840145373126903e-01 8.634186562044728896e-01
1.689999999999825064e+01 8.040678603151569792e-01 8.124474169467108542e-01
1.699999999999823785e+01 8.614141569885248595e-01 7.612609855415886084e-01
1.709999999999822506e+01 9.185460645417574677e-01 7.100943596526415602e-01
1.719999999999821583e+01 9.751885171326624135e-01 6.591817037313518757e-01
1.729999999999820659e+01 1.031069515683755267e+00 6.087552484194350688e-01
1.739999999999819380e+01 1.085921402439763428e+00 5.590442021525835470e-01
1.749999999999818101e+01 1.139482111490619287e+00 5.102736800667088124e-01
1.759999999999817177e+01 1.191496389397505684e+00 4.626636552088959076e-01
1.769999999999816254e+01 1.241716980221971411e+00 4.164279369372266837e-01
1.779999999999814975e+01 1.289905769451715978e+00 3.717731812483046627e-01
1.789999999999813696e+01 1.335834881538515040e+00 3.288979376087858286e-01
1.799999999999812772e+01 1.379287726002664582e+00 2.879917366781230004e-01
1.809999999999811848e+01 1.420059987337481067e+00 2.492342231051444812e-01
1.819999999999810569e+01 1.457960554228389549e+00 2.127943373537242722e-01
1.829999999999809290e+01 1.492812383922258679e+00 1.788295502699949746e-01
1.839999999999808367e+01 1.524453297908268334e+00 1.474851538428032793e-01
1.849999999999807443e+01 1.552736705417379515e+00 1.188936113332248329e-01
1.859999999999806164e+01 1.577532251614323311e+00 9.317396966002088055e-02
1.869999999999804885e+01 1.598726387723096831e+00 7.043133662526455951e-02
1.879999999999803961e+01 1.616222860711810982e+00 5.075642525249796089e-02
1.889999999999803038e+01 1.629943120556981651e+00 3.422516718693306703e-02
1.899999999999801759e+01 1.639826643493417668e+00 2.089839677837315030e-02
1.909999999999800480e+01 1.645831170068138283e+00 1.082160713112047257e-02
1.919999999999799556e+01 1.647932857204865931e+00 4.024779065409603111e-03
1.929999999999798632e+01 1.646126343891408661e+00 5.222835916400828593e-04
1.939999999999797353e+01 1.640424730500370076e+00 3.128581544375725991e-04
1.949999999999796074e+01 1.630859472139126076e+00 3.379656559614473664e-03
1.959999999999795151e+01 1.617480186821036670e+00 9.690372154978900421e-03
1.969999999999794227e+01 1.600354379619625567e+00 1.919743349724244152e-02
1.979999999999792948e+01 1.579567084345397499e+00 3.183827140344391154e-02
1.989999999999791669e+01 1.555220424640083587e+00 4.753565595777728414e-02
1.999999999999790745e+01 1.527433096734965412e+00 6.619810172497644918e-02
2.009999999999789821e+01 1.496339776454410408e+00 8.772033911049209598e-02
2.019999999999788542e+01 1.462090453371266641e+00 1.119838495076253548e-01
2.029999999999787264e+01 1.424849695329261756e+00 1.388574615825174108e-01
2.039999999999786340e+01 1.384795846841397671e+00 1.681980057722977651e-01
2.049999999999785416e+01 1.342120165153153355e+00 1.998510238093868796e-01
2.059999999999784137e+01 1.297025898022071466e+00 2.336515298374420013e-01
2.069999999999782858e+01 1.249727307509185259e+00 2.694248194539659025e-01
2.079999999999781934e+01 1.200448644308842905e+00 3.069873227993105136e-01
2.089999999999781011e+01 1.149423077348232347e+00 3.461474976160510697e-01
2.099999999999779732e+01 1.096891583584274077e+00 3.867067580241591584e-01
2.109999999999778453e+01 1.043101803093988700e+00 4.284604345988337060e-01
2.119999999999777529e+01 9.883068647032005050e-01 4.711987611997302539e-01
2.129999999999776605e+01 9.327641875370189517e-01 5.147078838807798151e-01
2.139999999999775326e+01 8.767342639744570842e-01 5.587708871143397538e-01
2.149999999999774047e+01 8.204794295877602117e-01 6.031688324870335682e-01
2.159999999999773124e+01 7.642626257029919712e-01 6.476818049708827907e-01
2.169999999999772200e+01 7.083461602684830716e-01 6.920899618423985711e-01
2.179999999999770921e+01 6.529904727310800183e-01 7.361745793136997840e-01
2.189999999999769642e+01 5.984529086199310566e-01 7.797190919514040974e-01
2.199999999999768718e+01 5.449865095036586782e-01 8.225101199973470223e-01
2.209999999999767795e+01 4.928388239388035164e-01 8.643384797624550364e-01
2.219999999999766516e+01 4.422507449432684368e-01 9.050001723455166625e-01
2.229999999999765237e+01 3.934553794291555939e-01 9.442973460322309220e-01
2.239999999999764313e+01 3.466769548986979310e-01 9.820392278547844800e-01
2.249999999999763389e+01 3.021297685531127430e-01 1.018043019936158755e+00
2.259999999999762110e+01 2.600171837867696345e-01 1.052134756411619243e+00
2.269999999999760831e+01 2.205306788338669000e-01 1.084150116905532757e+00
2.279999999999759908e+01 1.838489521092459555e-01 1.113935192747251168e+00
2.289999999999758984e+01 1.501370885319476267e-01 1.141347202333978350e+00
2.299999999999757705e+01 1.195457908474076986e-01 1.166255152289522146e+00
2.309999999999756426e+01 9.221067966802203031e-02 1.188540441327281316e+00
2.319999999999755502e+01 6.825166563510266793e-02 1.208097403996037933e+00
2.329999999999754579e+01 4.777239676974506799e-02 1.224833791777208747e+00
2.339999999999753300e+01 3.085978372596646924e-02 1.238671189299236808e+00
2.349999999999752021e+01 1.758360528960383265e-02 1.249545363747647686e+00
2.359999999999751097e+01 7.996196081889157467e-03 1.257406545868435144e+00
2.369999999999750173e+01 2.132218029560472086e-03 1.262219641292138483e+00
2.379999999999748894e+01 8.516756069840066226e-06 1.263964371240372975e+00
2.389999999999747615e+01 1.624063632809320595e-03 1.262635342019021722e+00
2.399999999999746692e+01 6.959983807881569250e-03 1.258242043042028691e+00
2.409999999999745768e+01 1.597967010499063908e-02 1.250808773479402225e+00
2.419999999999744489e+01 2.862898225903116184e-02 1.240374497964240375e+00
2.429999999999743210e+01 4.483653053030766528e-02 1.226992632138719896e+00
2.439999999999742286e+01 6.451404231851642912e-02 1.210730759156871450e+00
2.449999999999741362e+01 8.755680998299084083e-02 1.191670278597362298e+00
2.459999999999740083e+01 1.138442176697164326e-01 1.169905989564085536e+00
2.469999999999738804e+01 1.432403445505941175e-01 1.145545610073570586e+00
2.479999999999737881e+01 1.755946414980769921e-01 1.118709235132295365e+00
2.489999999999736957e+01 2.107426778517832999e-01 1.089528736205288562e+00
2.499999999999735678e+01 2.485069545837946259e-01 1.058147105059097592e+00
2.509999999999734399e+01 2.886977798382409088e-01 1.024717745229547283e+00
2.519999999999733475e+01 3.311142025111959986e-01 9.894037146156386964e-01
2.529999999999732552e+01 3.755449992481851296e-01 9.523769229363100441e-01
2.539999999999731273e+01 4.217697099734542543e-01 9.138172880007002785e-01
2.549999999999729994e+01 4.695597168237401475e-01 8.739118549389665036e-01
2.559999999999729070e+01 5.186793611478792698e-01 8.328538827161527935e-01
2.569999999999728146e+01 5.688870930455112163e-01 7.908419024052494306e-01
2.579999999999726867e+01 6.199366477593091229e-01 7.480787518259158775e-01
2.589999999999725588e+01 6.715782431067373048e-01 7.047705912661966776e-01
2.599999999999724665e+01 7.235597920323343368e-01 6.611259050884388255e-01
2.609999999999723741e+01 7.756281242946466703e-01 6.173544940822185412e-01
2.619999999999722462e+01 8.275302112560903867e-01 5.736664634656268857e-01
2.629999999999721183e+01 8.790143877342938561e-01 5.302712114485060857e-01
2.639999999999720259e+01 9.298315648925379318e-01 4.873764232606083713e-01
2.649999999999719336e+01 9.797364281948736098e-01 4.451870755136457247e-01
2.659999999999718057e+01 1.028488614530798539e+00 4.039044557044009220e-01
2.669999999999716778e+01 1.075853862724628351e+00 3.637252015862740273e-01
2.679999999999715854e+01 1.121605131780879727e+00 3.248403650275141219e-01
2.689999999999714930e+01 1.165523681387772736e+00 2.874345048476322773e-01
2.699999999999713651e+01 1.207400109393762078e+00 2.516848129708931237e-01
2.709999999999712372e+01 1.247035341195899205e+00 2.177602780639618096e-01
2.719999999999711449e+01 1.284241566231715481e+00 1.858208906318298270e-01
2.729999999999710525e+01 1.318843117034360413e+00 1.560168933334589447e-01
2.739999999999709246e+01 1.350677286616387862e+00 1.284880800480828200e-01
2.749999999999707967e+01 1.379595080264154783e+00 1.033631469751638138e-01
2.759999999999707043e+01 1.405461898166212364e+00 8.075909878695829158e-02
2.769999999999706120e+01 1.428158145661519551e+00 6.078071257471092531e-02
2.779999999999704841e+01 1.447579768267107214e+00 4.352006203762927988e-02
2.789999999999703562e+01 1.463638709037697661e+00 2.905610406156213660e-02
2.799999999999702638e+01 1.476263286211641157e+00 1.745432952088773679e-02
2.809999999999701714e+01 1.485398489511688735e+00 8.766479816472449310e-03
2.819999999999700435e+01 1.491006193889333309e+00 3.030330334705923917e-03
2.829999999999699156e+01 1.493065289925626926e+00 2.695416800697706121e-04
2.839999999999698233e+01 1.491571730532088802e+00 4.935791980484930362e-04
2.849999999999697309e+01 1.486538494019012946e+00 3.697700968030411418e-03
2.859999999999696030e+01 1.477995464027123562e+00 9.863014109111460995e-03
2.869999999999694751e+01 1.465989227237843417e+00 1.895659890700342534e-02
2.879999999999693827e+01 1.450582790189434146e+00 3.093169993933954712e-02
2.889999999999692903e+01 1.431855216932947039e+00 4.572798305120390899e-02
2.899999999999691624e+01 1.409901189647714492e+00 6.327185671435112124e-02
2.909999999999690345e+01 1.384830494722924632e+00 8.347685599389360889e-02
2.919999999999689422e+01 1.356767437167981427e+00 1.062440870467117326e-01
2.929999999999688498e+01 1.325850186560737276e+00 1.314627297880179291e-01
2.939999999999687219e+01 1.292230058072760146e+00 1.590105960877960800e-01
2.949999999999685940e+01 1.256070732413270941e+00 1.887547405981999105e-01
2.959999999999685016e+01 1.217547418818571758e+00 2.205521210684056044e-01
2.969999999999684093e+01 1.176845965476745581e+00 2.542503047748920775e-01
2.979999999999682814e+01 1.134161922011408752e+00 2.896882174852949965e-01
2.989999999999681535e+01 1.089699558865961926e+00 3.266969311813455179e-01
2.999999999999680611e+01 1.043670848609656643e+00 3.651004865953403344e-01
3.009999999999679687e+01 9.962944143521902385e-01 4.047167464616510668e-01
3.019999999999678408e+01 9.477944505851944035e-01 4.453582752543182033e-01
3.029999999999677129e+01 8.983996218721451710e-01 4.868332410720624392e-01
3.039999999999676206e+01 8.483419448905460403e-01 5.289463352442184130e-01
3.049999999999675282e+01 7.978556593759519311e-01 5.714997051654792104e-01
3.059999999999674003e+01 7.471760935411525528e-01 6.142938958238844949e-01
3.069999999999672724e+01 6.965385295392694243e-01 6.571287954661090280e-01
3.079999999999671800e+01 6.461770745027034524e-01 6.998045808448526417e-01
3.089999999999670877e+01 5.963235426320516730e-01 7.421226575177156670e-01
3.099999999999669598e+01 5.472063537187371596e-01 7.838865907112865239e-01
3.109999999999668319e+01 4.990494533730436277e-01 8.249030223334570255e-01
3.119999999999667395e+01 4.520712600890214872e-01 8.649825698039392829e-01
3.129999999999666471e+01 4.064836441127607225e-01 9.039407024820323988e-01
3.139999999999665192e+01 3.624909428947380996e-01 9.415985916009165235e-01
3.149999999999663913e+01 3.202890176954729662e-01 9.777839297641713889e-01
3.159999999999662990e+01 2.800643556829202629e-01 1.012331716228800582e+00
3.169999999999662066e+01 2.419932216097441802e-01 1.045085004379835425e+00
3.179999999999660787e+01 2.062408628885212536e-01 1.075895608005054571e+00
3.189999999999659508e+01 1.729607715971751003e-01 1.104624763191581316e+00
3.199999999999658584e+01 1.422940066464293829e-01 1.131143742894883397e+00
3.209999999999657661e+01 1.143685790251541823e-01 1.155334421476575057e+00
3.219999999999656382e+01 8.929890271455405426e-02 1.177089786756407630e+00
3.229999999999655103e+01 6.718531352478809837e-02 1.196314397392443940e+00
3.239999999999653824e+01 4.811365776355399498e-02 1.212924783672444384e+00
3.249999999999653255e+01 3.215495229523546855e-02 1.226849790085413394e+00
3.259999999999651976e+01 1.936511719349221991e-02 1.238030858320896765e+00
3.269999999999650697e+01 9.784781832068233098e-03 1.246422249645085634e+00
3.279999999999650129e+01 3.439164899097060888e-03 1.251991205887869052e+00
3.289999999999648850e+01 3.380284615116187804e-04 1.254718048577739165e+00
3.299999999999647571e+01 4.757058500058041189e-04 1.254596216055380742e+00
3.309999999999646292e+01 3.831202782816195244e-03 1.251632238693791699e+00
3.319999999999645013e+01 1.036837080028612905e-02 1.245845652644645307e+00
3.329999999999644444e+01 2.003615174320095074e-02 1.237268852821516329e+00
3.339999999999643165e+01 3.276889167787435525e-02 1.225946886113858714e+00
3.349999999999641886e+01 4.848672235135530195e-02 1.211937186103408504e+00
3.359999999999641318e+01 6.709600795252797234e-02 1.195309250824265979e+00
3.369999999999640039e+01 8.848985466038798708e-02 1.176144265370526520e+00
3.379999999999638760e+01 1.125486801810479942e-01 1.154534671401960866e+00
3.389999999999637481e+01 1.391408402110425047e-01 1.130583685843258746e+00
3.399999999999636202e+01 1.681233085174507480e-01 1.104404771293091114e+00
3.409999999999635634e+01 1.993424070963707717e-01 1.076121060877582858e+00
3.419999999999634355e+01 2.326345826615385803e-01 1.045864740479558685e+00
3.429999999999633076e+01 2.678272255238517974e-01 1.013776391459938919e+00
3.439999999999632507e+01 3.047395267541312402e-01 9.800042971553785121e-01
3.449999999999631228e+01 3.431833693713314815e-01 9.447037165891638555e-01
3.459999999999629949e+01 3.829642491726037434e-01 9.080361289650795698e-01
3.469999999999628670e+01 4.238822207155623634e-01 8.701684526336093128e-01
3.479999999999627391e+01 4.657328638801639387e-01 8.312722423158911411e-01
3.489999999999626823e+01 5.083082663770482901e-01 7.915228684546635751e-01
3.499999999999625544e+01 5.513980175292918506e-01 7.510986826212016076e-01
3.509999999999624265e+01 5.947902086388071607e-01 7.101801729515784256e-01
3.519999999999623697e+01 6.382724352512619825e-01 6.689491136112484249e-01
3.529999999999622418e+01 6.816327966613907607e-01 6.275877122918882556e-01
3.539999999999621139e+01 7.246608880454278312e-01 5.862777597317341272e-01
3.549999999999619860e+01 7.671487806744096138e-01 5.451997852219402363e-01
3.559999999999618581e+01 8.088919857488688914e-01 5.045322220102924637e-01
3.569999999999618012e+01 8.496903975000715814e-01 4.644505864484669289e-01
3.579999999999616733e+01 8.893492113260934584e-01 4.251266746449627876e-01
3.589999999999615454e+01 9.276798128726537751e-01 3.867277802853554824e-01
3.599999999999614886e+01 9.645006341247632786e-01 3.494159371642792111e-01
3.609999999999613607e+01 9.996379727487444411e-01 3.133471898426043456e-01
3.619999999999612328e+01 1.032926771113856335e+00 2.786708956949376925e-01
3.629999999999611049e+01 1.064211351622541102e+00 2.455290614516744130e-01
3.639999999999609770e+01 1.093346105196359774e+00 2.140557171660484037e-01
3.649999999999609201e+01 1.120196129990788103e+00 1.843763303486545546e-01
3.659999999999607923e+01 1.144637817654299061e+00 1.566072628141489398e-01
3.669999999999606644e+01 1.166559384693456547e+00 1.308552725753316104e-01
3.679999999999606075e+01 1.185861346769343738e+00 1.072170629013338566e-01
3.689999999999604796e+01 1.202456934016610246e+00 8.577888042901857246e-02
3.699999999999603517e+01 1.216272445751813036e+00 6.661616398196203159e-02
3.709999999999602238e+01 1.227247543220560067e+00 4.979324551007754951e-02
3.719999999999600959e+01 1.235335479318869778e+00 3.536310431611899840e-02
3.729999999999600391e+01 1.240503264514392745e+00 2.336717548443129067e-02
3.739999999999599112e+01 1.242731768487826960e+00 1.383521317348689224e-02
3.749999999999597833e+01 1.242015757303761125e+00 6.785209177765733068e-03
3.759999999999597264e+01 1.238363866220305365e+00 2.223366908111119779e-03
3.769999999999595985e+01 1.231798508531512848e+00 1.441306835922622951e-04
3.779999999999594706e+01 1.222355721129556594e+00 5.302699734931014394e-04
3.789999999999593427e+01 1.210084947752877893e+00 3.353017976404266704e-03
3.799999999999592148e+01 1.195048761168284512e+00 8.572263675700129634e-03
3.809999999999591580e+01 1.177322525798115915e+00 1.613679626800273992e-02
3.819999999999590301e+01 1.156994002571249736e+00 2.598460062469427900e-02
3.829999999999589022e+01 1.134162898021397581e+00 3.804320221711035566e-02
3.839999999999588454e+01 1.108940359898787253e+00 5.223005971483376392e-02
3.849999999999587175e+01 1.081448421788218983e+00 6.845300325432213118e-02
3.859999999999585896e+01 1.051819399439867464e+00 8.661071617290629077e-02
3.869999999999584617e+01 1.020195241719793477e+00 1.065932578119021812e-01
3.879999999999583338e+01 9.867268392736034954e-01 1.282826248128507429e-01
3.889999999999582769e+01 9.515732941678570755e-01 1.515533481634138702e-01
3.899999999999581490e+01 9.149011539286961980e-01 1.762731230949025896e-01
3.909999999999580211e+01 8.768836135381701258e-01 2.023034687929304298e-01
3.919999999999579643e+01 8.376996890719994315e-01 2.295004147552356655e-01
3.929999999999578364e+01 7.975333667732346088e-01 2.577152105190971820e-01
3.939999999999577085e+01 7.565727314452153074e-01 2.867950553828677029e-01
3.949999999999575806e+01 7.150090781271964957e-01 3.165838446647152304e-01
3.959999999999574527e+01 6.730360110745422508e-01 3.469229289745416889e-01
3.969999999999573959e+01 6.308485341108411859e-01 3.776518829246238163e-01
3.979999999999572680e+01 5.886421364487028907e-01 4.086092796703780783e-01
3.989999999999571401e+01 5.466118780880871997e-01 4.396334676524956131e-01
3.999999999999570832e+01 5.049514789000293380e-01 4.705633459104565097e-01
4.009999999999569553e+01 4.638524154847862291e-01 5.012391343500440799e-01
4.019999999999568274e+01 4.235030298597237119e-01 5.315031353777398548e-01
4.029999999999566995e+01 3.840876539833303904e-01 5.612004833586478059e-01
4.039999999999565716e+01 3.457857540566116050e-01 5.901798784182931135e-01
4.049999999999565148e+01 3.087710984629370436e-01 6.182943011820091206e-01
4.059999999999563869e+01 2.732109531107288491e-01 6.454017051406135685e-01
4.069999999999562590e+01 2.392653078325741589e-01 6.713656834351866554e-01
4.079999999999562021e+01 2.070861373665482952e-01 6.960561069767422504e-01
4.089999999999560742e+01 1.768167003038619844e-01 7.193497309495522352e-01
4.099999999999559464e+01 1.485908792288862246e-01 7.411307668990538833e-01
4.109999999999558185e+01 1.225325651056101417e-01 7.612914177613622213e-01
4.119999999999556906e+01 9.875508877825987797e-02 7.797323733709006222e-01
4.129999999999556337e+01 7.736070225211992557e-02 7.963632641635709497e-01
4.139999999999555058e+01 5.844011220746825330e-02 8.111030709910067582e-01
4.149999999999553779e+01 4.207206797177327068e-02 8.238804891661717367e-01
4.159999999999553211e+01 2.832300593657944079e-02 8.346342450772792354e-01
4.169999999999551932e+01 1.724675215515683938e-02 8.433133639280625538e-01
4.179999999999550653e+01 8.884284596205251072e-03 8.498773873939713397e-01
4.189999999999549374e+01 3.263556259065947436e-03 8.542965402209138359e-01
4.199999999999548095e+01 3.993800775806705811e-04 8.565518450327660460e-01
4.209999999999547526e+01 2.933762544746038015e-04 8.566351848626225784e-01
4.219999999999546247e+01 2.933982376905878812e-03 8.545493131668955300e-01
4.229999999999544968e+01 8.296526368027910478e-03 8.503078113367372737e-01
4.239999999999544400e+01 1.634336203031514292e-02 8.439349939678812973e-01
4.249999999999543121e+01 2.702406663541278078e-02 8.354657624019975470e-01
4.259999999999541842e+01 4.027569971378405778e-02 8.249454073011289745e-01
4.269999999999540563e+01 5.602312189694286931e-02 8.124293612620512306e-01
4.279999999999539284e+01 7.417937236712644766e-02 7.979829027171914113e-01
4.289999999999538716e+01 9.464610317519420168e-02 7.816808126058887307e-01
4.299999999999537437e+01 1.173140683995355232e-01 7.636069855290711361e-01
4.309999999999536158e+01 1.420636658374402062e-01 7.438539973184102871e-01
4.319999999999535589e+01 1.687655286487908524e-01 7.225226311686046010e-01
4.329999999999534310e+01 1.972811641101088476e-01 6.997213646773684514e-01
4.339999999999533031e+01 2.274636363883936474e-01 6.755658203340434431e-01
4.349999999999531752e+01 2.591582900089377528e-01 6.501781821723442434e-01
4.359999999999530473e+01 2.922035104721668053e-01 6.236865814710153000e-01
4.369999999999529905e+01 3.264315182730397891e-01 5.962244545354968839e-01
4.379999999999528626e+01 3.616691923934042818e-01 5.679298757317383650e-01
4.389999999999527347e+01 3.977389191755641984e-01 5.389448690617418825e-01
4.399999999999526779e+01 4.344594623452397442e-01 5.094147016766388258e-01
4.409999999999525500e+01 4.716468498354579042e-01 4.794871628079453996e-01
4.419999999999524221e+01 5.091152729687620226e-01 4.493118316683226698e-01
4.429999999999522942e+01 5.466779934896268678e-01 4.190393379236579952e-01
4.439999999999521663e+01 5.841482538962902149e-01 3.888206183707929031e-01
4.449999999999521094e+01 6.213401865063773455e-01 3.588061734703775207e-01
4.459999999999519815e+01 6.580697167025810757e-01 3.291453273790257983e-01
4.469999999999518536e+01 6.941554558422233789e-01 2.999854951025245908e-01
4.479999999999517968e+01 7.294195793797879634e-01 2.714714603499804313e-01
4.489999999999516689e+01 7.636886858404693390e-01 2.437446676101561738e-01
4.499999999999515410e+01 7.967946323975110268e-01 2.169425318923456358e-01
4.509999999999514131e+01 8.285753429453942553e-01 1.911977694811678730e-01
4.519999999999512852e+01 8.588755847195527204e-01 1.666377529425585591e-01
4.529999999999512283e+01 8.875477096974532243e-01 1.433838934906919715e-01
4.539999999999511004e+01 9.144523572110477838e-01 1.215510536843755068e-01
4.549999999999509726e+01 9.394591144238944036e-01 1.012469932632822367e-01
4.559999999999509157e+01 9.624471315543625671e-01 8.257185076546694202e-02
4.569999999999507878e+01 9.833056889734062000e-01 6.561766338451816005e-02
4.579999999999506599e+01 1.001934713563775947e+00 5.046792733109747159e-02
4.589999999999505320e+01 1.018245241991328154e+00 3.719720075952279853e-02
4.599999999999504041e+01 1.032159828817651226e+00 2.587075110692894225e-02
4.609999999999503473e+01 1.043612897656200689e+00 1.654424847114910682e-02
4.619999999999502194e+01 1.052551033867064723e+00 9.263506425612740708e-03
4.629999999999500915e+01 1.058933217563207352e+00 4.064271435544479331e-03
4.639999999999500346e+01 1.062730995996353123e+00 9.720618014769495619e-04
4.649999999999499067e+01 1.063928594674044215e+00 2.056814238440840971e-06
4.659999999999497788e+01 1.062522966850198758e+00 1.159036561420507313e-03
4.669999999999496509e+01 1.058523781314752110e+00 4.437372580005483069e-03
4.679999999999495230e+01 1.051953348692082235e+00 9.821069304379934431e-03
4.689999999999494662e+01 1.042846486738931322e+00 1.728385601448730047e-02
4.699999999999493383e+01 1.031250325405692170e+00 2.678932874643927958e-02
4.709999999999492104e+01 1.017224052700423265e+00 3.829114138855539695e-02
4.719999999999491536e+01 1.000838602658248089e+00 5.173324495054397454e-02
4.729999999999490257e+01 9.821762869821341058e-01 6.705017376344546420e-02
4.739999999999488978e+01 9.613303721760712017e-01 8.416737714384237012e-02
4.749999999999487699e+01 9.384046042384233122e-01 1.030015948391495711e-01
4.759999999999486420e+01 9.135126832261049046e-01 1.234612743614903474e-01
4.769999999999485851e+01 8.867776902312107801e-01 1.454470281183103120e-01
4.779999999999484572e+01 8.583314695362698199e-01 1.688521280571681493e-01
4.789999999999483293e+01 8.283139689248754101e-01 1.935630353636346723e-01
4.799999999999482725e+01 7.968725413308670458e-01 2.194599625827289846e-01
4.809999999999481446e+01 7.641612111929759754e-01 2.464174653800240422e-01
4.819999999999480167e+01 7.303399090621287559e-01 2.743050610156747005e-01
4.829999999999478888e+01 6.955736781665273760e-01 3.029878704771442610e-01
4.839999999999477609e+01 6.600318567886919174e-01 3.323272811026141138e-01
4.849999999999477041e+01 6.238872404305754182e-01 3.621816264292999632e-01
4.859999999999475762e+01 5.873152278594993003e-01 3.924068799174102451e-01
4.869999999999474483e+01 5.504929552131865300e-01 4.228573591359406358e-01
4.879999999999473914e+01 5.135984224149092725e-01 4.533864369450648635e-01
4.889999999999472635e+01 4.768096161991658977e-01 4.838472561791353765e-01
4.899999999999471356e+01 4.403036340754836186e-01 5.140934443169077328e-01
4.909999999999470077e+01 4.042558135651844187e-01 5.439798246307813168e-01
4.919999999999468798e+01 3.688388710280343097e-01 5.733631203218007011e-01
4.929999999999468230e+01 3.342220543587762216e-01 6.021026481885040083e-01
4.939999999999466951e+01 3.005703137700966865e-01 6.300609984285352461e-01
4.949999999999465672e+01 2.680434947967910153e-01 6.571046972446769052e-01
4.959999999999465103e+01 2.367955575496100973e-01 6.831048490130386952e-01
4.969999999999463824e+01 2.069738261205177066e-01 7.079377548775471762e-01
4.979999999999462545e+01 1.787182718934845205e-01 7.314855047514523534e-01
4.989999999999461266e+01 1.521608343474923630e-01 7.536365398447704145e-01
4.999999999999459988e+01 1.274247827515736786e-01 7.742861829823880493e-01
5.009999999999459419e+01 1.046241219469567357e-01 7.933371341443934410e-01
5.019999999999458140e+01 8.386304518953806297e-02 8.106999288334150178e-01
5.029999999999456861e+01 6.523543678796693557e-02 8.262933570629699132e-01
5.039999999999456293e+01 4.882442702040266230e-02 8.400448409602752076e-01
5.049999999999455014e+01 3.470200154675298632e-02 8.518907691864006093e-01
5.059999999999453735e+01 2.292866725543477036e-02 8.617767865935623828e-01
5.069999999999452456e+01 1.355317619478679618e-02 8.696580377688938324e-01
5.079999999999451177e+01 6.612308941433283661e-03 8.754993633422748500e-01
5.089999999999450608e+01 2.130718451930152350e-03 8.792754481800816313e-01
5.099999999999449329e+01 1.208351321640373276e-04 8.809709208246482293e-01
5.109999999999448050e+01 5.828335422351110275e-04 8.805804037897386749e-01
5.119999999999447482e+01 3.504660834947161043e-03 8.781085145666988057e-01
5.129999999999446203e+01 8.862126705076491667e-03 8.735698174467104726e-01
5.139999999999444924e+01 1.661905430608342712e-02 8.669887265127761422e-01
5.149999999999443645e+01 2.672749127261474580e-02 8.583993603979244158e-01
5.159999999999442366e+01 3.912797967282790473e-02 8.478453496525700794e-01
5.169999999999441798e+01 5.374988340607269460e-02 8.353795977989658672e-01
5.179999999999440519e+01 7.051177126046985488e-02 8.210639973829637617e-01
5.189999999999439240e+01 8.932185355350570621e-02 8.049691025600964611e-01
5.199999999999438671e+01 1.100784699983084619e-01 7.871737599668295893e-01
5.209999999999437392e+01 1.326706261707839840e-01 7.677646998376986831e-01
5.219999999999436113e+01 1.569785756996716908e-01 7.468360895235783836e-01
5.229999999999434834e+01 1.828744450647800668e-01 7.244890517516158202e-01
5.239999999999433555e+01 2.102228976687035567e-01 7.008311501421691236e-01
5.249999999999432987e+01 2.388818336473326476e-01 6.759758446525537812e-01
5.259999999999431708e+01 2.687031217026180641e-01 6.500419197672577809e-01
5.269999999999430429e+01 2.995333590825265402e-01 6.231528883796904061e-01
5.279999999999429861e+01 3.312146556944247089e-01 5.954363744267535674e-01
5.289999999999428582e+01 3.635854382229131709e-01 5.670234774346779583e-01
5.299999999999427303e+01 3.964812700320403671e-01 5.380481222151975995e-01
5.309999999999426024e+01 4.297356825619259024e-01 5.086463970154921910e-01
5.319999999999424745e+01 4.631810138864940196e-01 4.789558834714535140e-01
5.329999999999424176e+01 4.966492500778001973e-01 4.491149817426148272e-01
5.339999999999422897e+01 5.299728650247697015e-01 4.192622342192121598e-01
5.349999999999421618e+01 5.629856543823946735e-01 3.895356511839131453e-01
5.359999999999421050e+01 5.955235593767146396e-01 3.600720417894098246e-01
5.369999999999419771e+01 6.274254762624116299e-01 3.310063536687541386e-01
5.379999999999418492e+01 6.585340473279572837e-01 3.024710244404705817e-01
5.389999999999417213e+01 6.886964294567262668e-01 2.745953482933690126e-01
5.399999999999415934e+01 7.177650363919392262e-01 2.475048607466795725e-01
5.409999999999415365e+01 7.455982510098398963e-01 2.213207445735801970e-01
5.419999999999414086e+01 7.720611040819630455e-01 1.961592597562540063e-01
5.429999999999412807e+01 7.970259162012131027e-01 1.721312002037901911e-01
5.439999999999412239e+01 8.203728997593207062e-01 1.493413798164066331e-01
5.449999999999410960e+01 8.419907180857507667e-01 1.278881503172885903e-01
5.459999999999409681e+01 8.617769991051431600e-01 1.078629531004591247e-01
5.469999999999408402e+01 8.796388011182767475e-01 8.934990715957945306e-02
5.479999999999407123e+01 8.954930285810975832e-01 7.242543496858767915e-02
5.489999999999406555e+01 9.092667960317128983e-01 5.715792798335445069e-02
5.499999999999405276e+01 9.208977385967701546e-01 4.360745322409385200e-02
5.509999999999403997e+01 9.303342678038714064e-01 3.182550218217754939e-02
5.519999999999403428e+01 9.375357717199195307e-01 2.185478307430888806e-02
5.529999999999402149e+01 9.424727587369979842e-01 1.372905724190413151e-02
5.539999999999400870e+01 9.451269446299168653e-01 7.473020266136389325e-03
5.549999999999399591e+01 9.454912828100540123e-01 3.102228139847797248e-03
5.559999999999398312e+01 9.435699380016770998e-01 6.230686083497223278e-04
5.569999999999397744e+01 9.393782038637747966e-01 3.277756270516238123e-05
5.579999999999396465e+01 9.329423653724233656e-01 1.319500142993871011e-03
5.589999999999395186e+01 9.242995070621905507e-01 4.462395986285230647e-03
5.599999999999394618e+01 9.134972685037636708e-01 9.431787835847105575e-03
5.609999999999393339e+01 9.005935486584356608e-01 1.618935251559620522e-02
5.619999999999392060e+01 8.856561610062446688e-01 2.468835306806338448e-02
5.629999999999390781e+01 8.687624415851621373e-01 3.487391065616062685e-02
5.639999999999389502e+01 8.499988123044169841e-01 4.668331463997406339e-02
5.649999999999388933e+01 8.294603021088250427e-01 6.004636906023284176e-02
5.659999999999387654e+01 8.072500287617002668e-01 7.488577359143282208e-02
5.669999999999386375e+01 7.834786441935679413e-01 9.111753686985739342e-02
5.679999999999385807e+01 7.582637465206961691e-01 1.086514199564379834e-01
5.689999999999384528e+01 7.317292619766259110e-01 1.273914075617077757e-01
5.699999999999383249e+01 7.040048001206157258e-01 1.472362045402075270e-01
5.709999999999381970e+01 6.752249857843108938e-01 1.680797550566228704e-01
5.719999999999380691e+01 6.455287713002522132e-01 1.898117817333249968e-01
5.729999999999380123e+01 6.150587326130751986e-01 2.123183420126251997e-01
5.739999999999378844e+01 5.839603529136005999e-01 2.354823989037019283e-01
5.749999999999377565e+01 5.523812974575691426e-01 2.591844032364208350e-01
5.759999999999376996e+01 5.204706832272056882e-01 2.833028845114990424e-01
5.769999999999375717e+01 4.883783470771401181e-01 3.077150474174163430e-01
5.779999999999374438e+01 4.562541159672400815e-01 3.322973710816108928e-01
5.789999999999373159e+01 4.242470828291988183e-01 3.569262081334744208e-01
5.799999999999371880e+01 3.925048915411045169e-01 3.814783806821208101e-01
5.809999999999371312e+01 3.611730343951650712e-01 4.058317703508083074e-01
5.819999999999370033e+01 3.303941653390444211e-01 4.298658995619727419e-01
5.829999999999368754e+01 3.003074321530168067e-01 4.534625013323017040e-01
5.839999999999368185e+01 2.710478305925078657e-01 4.765060749154811925e-01
5.849999999999366906e+01 2.427455833817467601e-01 4.988844247195824977e-01
5.859999999999365627e+01 2.155255467888504139e-01 5.204891800283534264e-01
5.869999999999364348e+01 1.895066473472147850e-01 5.412162931656167020e-01
5.879999999999363069e+01 1.648013511140048182e-01 5.609665138663980644e-01
5.889999999999362501e+01 1.415151676748731824e-01 5.796458377479580815e-01
5.899999999999361222e+01 1.197461909156675580e-01 5.971659269139509840e-01
5.909999999999359943e+01 9.958467838788311044e-02 6.134445008728968141e-01
5.919999999999359375e+01 8.111267089694207399e-02 6.284056961061935676e-01
5.929999999999358096e+01 6.440365374026899015e-02 6.419803927826704948e-01
5.939999999999356817e+01 4.952226081841705485e-02 6.541065072810121617e-01
5.949999999999355538e+01 3.652402263692621637e-02 6.647292493536678393e-01
5.959999999999354259e+01 2.545515901019825694e-02 6.738013429401099597e-01
5.969999999999353690e+01 1.635241707234533909e-02 6.812832098141257120e-01
5.979999999999352411e+01 9.242954994508461100e-03 6.871431154299203481e-01
5.989999999999351132e+01 4.144271603611530269e-03 6.913572765131439368e-01
5.999999999999350564e+01 1.064181895221061108e-03 6.939099301244052720e-01
6.009999999999349285e+01 8.382329681681622208e-07 6.947933641040444641e-01
6.019999999999348006e+01 9.427968297422501453e-04 6.940079089881517893e-01
6.029999999999346727e+01 3.869128911775962347e-03 6.915618916646089076e-01
6.039999999999345448e+01 8.749575776337149835e-03 6.874715512150831875e-01
6.049999999999344880e+01 1.554474676736526326e-02 6.817609175603225324e-01
6.059999999999343601e+01 2.420635901147810687e-02 6.744616536999922252e-01
6.069999999999342322e+01 3.467751757970805038e-02 6.656128624984505304e-01
6.079999999999341753e+01 4.689303456863639502e-02 6.552608591333098920e-01
6.089999999999340474e+01 6.077978542866931122e-02 6.434589104728584141e-01
6.099999999999339195e+01 7.625710070769485538e-02 6.302669428005790442e-01
6.109999999999337916e+01 9.323719122567461493e-02 6.157512194438330422e-01
6.119999999999336637e+01 1.116256045507697525e-01 5.999839899960232037e-01
6.129999999999336069e+01 1.313217105109173721e-01 5.830431129494909603e-01
6.139999999999334790e+01 1.522192133465570807e-01 5.650116536691509594e-01
6.149999999999333511e+01 1.742066879928073908e-01 5.459774597461543033e-01
6.159999999999332942e+01 1.971681378710623822e-01 5.260327158666066039e-01
6.169999999999331664e+01 2.209835714743243751e-01 5.052734804173960592e-01
6.179999999999330385e+01 2.455295949458817517e-01 4.837992061273063138e-01
6.189999999999329106e+01 2.706800177797979989e-01 4.617122471060856603e-01
6.199999999999327827e+01 2.963064687132099806e-01 4.391173546983707099e-01
6.209999999999327258e+01 3.222790188373993447e-01 4.161211646106994788e-01
6.219999999999325979e+01 3.484668089240846589e-01 3.928316777999024123e-01
6.229999999999324700e+01 3.747386779508340426e-01 3.693577376288823544e-01
6.239999999999324132e+01 4.009637898088599384e-01 3.458085058028137482e-01
6.249999999999322853e+01 4.270122551952222900e-01 3.222929395907014327e-01
6.259999999999321574e+01 4.527557457225759863e-01 2.989192728197089810e-01
6.269999999999320295e+01 4.780680973284824886e-01 2.757945031000432756e-01
6.279999999999319016e+01 5.028259001298690523e-01 2.530238876938828985e-01
6.289999999999318447e+01 5.269090719461975159e-01 2.307104503901934722e-01
6.299999999999317168e+01 5.502014128095900070e-01 2.089545016803094901e-01
6.309999999999315889e+01 5.725911378847488020e-01 1.878531744548550819e-01
6.319999999999315321e+01 5.939713863449519460e-01 1.674999773545528814e-01
6.329999999999314042e+01 6.142407038802770725e-01 1.479843678124386497e-01
6.339999999999312763e+01 6.333034966601917004e-01 1.293913467180613230e-01
6.349999999999311484e+01 6.510704547270087517e-01 1.118010765205429136e-01
6.359999999999310205e+01 6.674589429592278078e-01 9.528852446385972785e-02
6.369999999999309637e+01 6.823933579185030851e-01 7.992313251796143159e-02
6.379999999999308358e+01 6.958054490717664464e-01 6.576851543175681047e-02
6.389999999999307079e+01 7.076346030656389674e-01 5.288218819138653520e-02
6.399999999999306510e+01 7.178280899220099709e-01 4.131532401826103207e-02
6.409999999999305942e+01 7.263412702159416368e-01 3.111254388895069029e-02
6.419999999999303952e+01 7.331377624968180573e-01 2.231173840190848329e-02
6.429999999999301963e+01 7.381895704079554088e-01 1.494392265692548287e-02
6.439999999999301394e+01 7.414771691648939234e-01 9.033124651257939952e-03
6.449999999999300826e+01 7.429895512442005190e-01 4.596307533674990481e-03
6.459999999999300258e+01 7.427242313396542617e-01 1.643325894176149308e-03
6.469999999999298268e+01 7.406872108295441404e-01 1.769161040791619266e-04
6.479999999999297700e+01 7.368929021985715089e-01 1.927205591653049447e-04
6.489999999999295710e+01 7.313640140375811116e-01 1.679345518422081362e-03
6.499999999999295142e+01 7.241313974341084814e-01 4.618452073392769613e-03
6.509999999999294573e+01 7.152338547375656219e-01 8.984879628933458567e-03
6.519999999999292584e+01 7.047179118580798596e-01 1.474680112601609375e-02
6.529999999999292015e+01 6.926375554170843829e-01 2.186590909176720429e-02
6.539999999999290026e+01 6.790539362270752166e-01 3.029763146186336201e-02
6.549999999999289457e+01 6.640350407203780003e-01 3.999137598629087798e-02
6.559999999999288889e+01 6.476553320882602049e-01 5.089080190197143444e-02
6.569999999999286899e+01 6.299953630160228801e-01 6.293411743529299385e-02
6.579999999999286331e+01 6.111413620210255360e-01 7.605440158482489055e-02
6.589999999999285762e+01 5.911847955030676838e-01 9.017994852970913355e-02
6.599999999999283773e+01 5.702219077173366069e-01 1.052346329130400687e-01
6.609999999999283204e+01 5.483532409602905888e-01 1.211382941620712944e-01
6.619999999999282636e+01 5.256831383346014519e-01 1.378071379290085330e-01
6.629999999999280647e+01 5.023192315197776425e-01 1.551541526674168059e-01
6.639999999999280078e+01 4.783719160231291179e-01 1.730895393001787019e-01
6.649999999999278089e+01 4.539538164252809316e-01 1.915211518859254725e-01
6.659999999999277520e+01 4.291792441580365991e-01 2.103549471516567571e-01
6.669999999999276952e+01 4.041636503675648528e-01 2.294954407303138044e-01
6.679999999999274962e+01 3.790230764176370504e-01 2.488461679231018797e-01
6.689999999999274394e+01 3.538736045785521589e-01 2.683101467978297183e-01
6.699999999999272404e+01 3.288308114284740902e-01 2.877903414354229250e-01
6.709999999999271836e+01 3.040092264619397855e-01 3.071901231485206218e-01
6.719999999999271267e+01 2.795217983608258017e-01 3.264137275168574881e-01
6.729999999999269278e+01 2.554793713317196624e-01 3.453667051150845491e-01
6.739999999999268709e+01 2.319901738540008640e-01 3.639563638488170771e-01
6.749999999999268141e+01 2.091593221133650482e-01 3.820922008641297052e-01
6.759999999999266151e+01 1.870883403188779437e-01 3.996863220543199757e-01
6.769999999999265583e+01 1.658747000143420969e-01 4.166538472538814375e-01
6.779999999999265015e+01 1.456113804029902647e-01 4.329132992864109797e-01
6.789999999999263025e+01 1.263864516015805739e-01 4.483869751146314364e-01
6.799999999999262457e+01 1.082826826336436982e-01 4.630012974319814290e-01
6.809999999999260467e+01 9.137717585566118572e-02 4.766871451340708998e-01
6.819999999999259899e+01 7.574102938957355535e-02 4.893801612108932275e-01
6.829999999999259330e+01 6.143902900760403463e-02 5.010210367123183461e-01
6.839999999999257341e+01 4.852937078274911081e-02 5.115557695561639973e-01
6.849999999999256772e+01 3.706341567990957542e-02 5.209358970690539659e-01
6.859999999999254783e+01 2.708547711973374392e-02 5.291187012765065090e-01
6.869999999999254214e+01 1.863264239931589072e-02 5.360673860900476706e-01
6.879999999999253646e+01 1.173462870175530359e-02 5.417512256721430663e-01
6.889999999999251656e+01 6.413674270987252887e-03 5.461456833982125669e-01
6.899999999999251088e+01 2.684465168967681455e-03 5.492325009728644680e-01
6.909999999999250520e+01 5.540978705125432658e-04 5.509997574002601928e-01
6.919999999999248530e+01 2.207778698926087758e-05 5.514418976508917991e-01
6.929999999999247962e+01 1.080353644486150471e-03 5.505597310090497576e-01
6.939999999999247393e+01 3.713387475673430183e-03 5.483603992297447771e-01
6.949999999999245404e+01 7.898259818096211790e-03 5.448573147750707113e-01
6.959999999999244835e+01 1.360480954590232230e-02 5.400700695413430674e-01
6.969999999999242846e+01 2.079580759783365013e-02 5.340243146263943252e-01
6.979999999999242277e+01 2.942716370260588590e-02 5.267516118231706512e-01
6.989999999999241709e+01 3.944816504438600213e-02 5.182892576575770516e-01
6.999999999999239719e+01 5.080174565697191669e-02 5.086800809174053528e-01
7.009999999999239151e+01 6.342478518628227868e-02 4.979722147425222900e-01
7.019999999999237161e+01 7.724843551771254369e-02 4.862188444655910491e-01
7.029999999999236593e+01 9.219847362905450594e-02 4.734779325035316511e-01
7.039999999999236024e+01 1.081956789010681264e-01 4.598119217086252819e-01
7.049999999999234035e+01 1.251562329982235378e-01 4.452874186843902571e-01
7.059999999999233466e+01 1.429921403215133613e-01 4.299748586642227477e-01
7.069999999999232898e+01 1.616116669343874712e-01 4.139481536351178881e-01
7.079999999999230909e+01 1.809197957731362716e-01 3.972843254615788244e-01
7.089999999999230340e+01 2.008186958737381567e-01 3.800631258344552843e-01
7.099999999999229772e+01 2.212082032797912656e-01 3.623666449230995013e-01
7.109999999999227782e+01 2.419863112406684114e-01 3.442789106605629867e-01
7.119999999999227214e+01 2.630496672655469603e-01 3.258854806274503746e-01
7.129999999999225224e+01 2.842940745687306259e-01 3.072730285298723718e-01
7.139999999999224656e+01 3.056149954229469556e-01 2.885289272846157660e-01
7.149999999999224087e+01 3.269080539322710144e-01 2.697408307341643274e-01
7.159999999999222098e+01 3.480695357449142824e-01 2.509962560117655062e-01
7.169999999999221529e+01 3.689968822446871299e-01 2.323821685659952230e-01
7.179999999999219540e+01 3.895891767951996099e-01 2.139845718320960988e-01
7.189999999999218971e+01 4.097476206558207656e-01 1.958881035067747967e-01
7.199999999999218403e+01 4.293759962466773272e-01 1.781756403416520362e-01
7.209999999999216413e+01 4.483811155115205449e-01 1.609279133203782575e-01
7.219999999999215845e+01 4.666732512085605133e-01 1.442231350249027211e-01
7.229999999999215277e+01 4.841665490547811257e-01 1.281366409282670427e-01
7.239999999999213287e+01 5.007794187528484819e-01 1.127405462738124975e-01
7.249999999999212719e+01 5.164349020465829332e-01 9.810342011674971774e-02
7.259999999999212150e+01 5.310610160756826792e-01 8.428997801080861940e-02
7.269999999999210161e+01 5.445910704356040632e-01 7.136079472385792322e-02
7.279999999999209592e+01 5.569639564912395313e-01 5.937203825979572858e-02
7.289999999999207603e+01 5.681244076447402591e-01 4.837522635257582998e-02
7.299999999999207034e+01 5.780232294150863259e-01 3.841700648049097694e-02
7.309999999999206466e+01 5.866174983508949392e-01 2.953896032722990242e-02
7.319999999999204476e+01 5.938707289656109944e-01 2.177743348990911904e-02
7.329999999999203908e+01 5.997530080584764223e-01 1.516339110519722942e-02
7.339999999999201918e+01 6.042410959568581541e-01 9.722299932561134436e-03
7.349999999999201350e+01 6.073184943941164482e-01 5.474037299905029803e-03
7.359999999999200782e+01 6.089754809125565993e-01 2.432827181850710525e-03
7.369999999999198792e+01 6.092091098582844699e-01 6.072035454808635564e-04
7.379999999999198224e+01 6.080231802066654589e-01 9.632644480783928623e-10
7.389999999999197655e+01 6.054281706312245603e-01 6.083723587352680897e-04
7.399999999999195666e+01 6.014411423921811606e-01 2.423833618133674692e-03
7.409999999999195097e+01 5.960856107855405650e-01 5.432334671227155055e-03
7.419999999999194529e+01 5.893913860466819532e-01 9.614356517623361825e-03
7.429999999999192539e+01 5.813943847541122034e-01 1.494503355167371011e-02
7.439999999999191971e+01 5.721364129161166101e-01 2.139430042020508058e-02
7.449999999999189981e+01 5.616649220600486991e-01 2.892706253325104740e-02
7.459999999999189413e+01 5.500327397640089044e-01 3.750338923941758801e-02
7.469999999999188844e+01 5.372977761872602676e-01 4.707872857473602984e-02
7.479999999999186855e+01 5.235227082588123082e-01 5.760414239761143390e-02
7.489999999999186286e+01 5.087746432792287221e-01 6.902656063270362630e-02
7.499999999999184297e+01 4.931247637735878264e-01 8.128905326435464929e-02
7.509999999999183729e+01 4.766479555082888675e-01 9.433111864484743092e-02
7.519999999999183160e+01 4.594224206470162719e-01 1.080889866158192825e-01
7.529999999999181171e+01 4.415292780742288148e-01 1.224959348813471627e-01
7.539999999999180602e+01 4.230521529570114292e-01 1.374826170206442932e-01
7.549999999999180034e+01 4.040767576478851431e-01 1.529774004848149238e-01
7.559999999999178044e+01 3.846904660529147368e-01 1.689067128880265833e-01
7.569999999999177476e+01 3.649818836015504275e-01 1.851953948775093006e-01
7.579999999999176907e+01 3.450404149550583832e-01 2.017670578493939160e-01
7.589999999999174918e+01 3.249558315830811117e-01 2.185444447682018676e-01
7.599999999999174349e+01 3.048178413185131941e-01 2.354497923483511168e-01
7.609999999999172360e+01 2.847156619735723981e-01 2.524051928633453401e-01
7.619999999999171791e+01 2.647376010615536956e-01 2.693329538651506594e-01
7.629999999999171223e+01 2.449706436219307726e-01 2.861559541213509750e-01
7.639999999999169233e+01 2.255000500898740878e-01 3.027979941100512051e-01
7.649999999999168665e+01 2.064089660849614538e-01 3.191841394528842080e-01
7.659999999999166675e+01 1.877780459197386231e-01 3.352410557156706439e-01
7.669999999999166107e+01 1.696850915449067410e-01 3.508973330607756957e-01
7.679999999999165539e+01 1.522047085562540647e-01 3.660837992980267019e-01
7.689999999999163549e+01 1.354079807883473430e-01 3.807338199503725873e-01
7.699999999999162981e+01 1.193621649129253670e-01 3.947835840259820150e-01
7.709999999999162412e+01 1.041304063454108475e-01 4.081723742683622258e-01
7.719999999999160423e+01 8.977147764218955384e-02 4.208428207445255587e-01
7.729999999999159854e+01 7.633954044501732594e-02 4.327411367208842119e-01
7.739999999999159286e+01 6.388393189760381563e-02 4.438173358725253093e-01
7.749999999999157296e+01 5.244897632421446215e-02 4.540254299722873976e-01
7.759999999999156728e+01 4.207382282163079495e-02 4.633236063060773291e-01
7.769999999999154738e+01 3.279230927533220014e-02 4.716743841687378036e-01
7.779999999999154170e+01 2.463285316915877349e-02 4.790447499005889842e-01
7.789999999999153601e+01 1.761836941561499212e-02 4.854062700336835290e-01
7.799999999999151612e+01 1.176621529318467446e-02 4.907351822269737096e-01
7.809999999999151044e+01 7.088162437663044109e-03 4.950124637783628878e-01
7.819999999999149054e+01 3.590395698161343106e-03 4.982238776126393098e-01
7.829999999999148486e+01 1.273538535608380404e-03 5.003599957508609863e-01
7.839999999999147917e+01 1.327045133098228515e-04 5.014162003762069331e-01
7.849999999999145928e+01 1.575743060200915163e-04 5.013926627136685577e-01
7.859999999999145359e+01 1.332497536787444550e-03 5.002943000464258327e-01
7.869999999999144791e+01 3.636618640060428152e-03 4.981307112890196453e-01
7.879999999999142801e+01 7.044025845653732569e-03 4.949160916348586126e-01
7.889999999999142233e+01 1.152392228153332164e-02 4.906691268873435985e-01
7.899999999999141664e+01 1.704081810424189561e-02 4.854128681727973293e-01
7.909999999999139675e+01 2.355474248433599149e-02 4.791745878157245286e-01
7.919999999999139106e+01 3.102147420048478876e-02 4.719856172366674874e-01
7.929999999999137117e+01 3.939278952999447636e-02 4.638811678059875931e-01
7.939999999999136548e+01 4.861672606529348489e-02 4.549001356553206143e-01
7.949999999999135980e+01 5.863786103537658306e-02 4.450848915107858961e-01
7.959999999999133991e+01 6.939760266810805767e-02 4.344810566690289755e-01
7.969999999999133422e+01 8.083449309363784085e-02 4.231372662881155988e-01
7.979999999999131433e+01 9.288452126048502011e-02 4.111049212107200090e-01
7.989999999999130864e+01 1.054814443144142105e-01 3.984379295745840155e-01
7.999999999999130296e+01 1.185571158753176285e-01 3.851924394999737822e-01
8.009999999999128306e+01 1.320418196392563193e-01 3.714265641680996044e-01
8.019999999999127738e+01 1.458646067311324956e-01 3.572001006266353751e-01
8.029999999999127169e+01 1.599536352379535842e-01 3.425742436717132966e-01
8.039999999999125180e+01 1.742365103638121304e-01 3.276112961633549370e-01
8.049999999999124611e+01 1.886406236641854917e-01 3.123743771341511710e-01
8.059999999999124043e+01 2.030934898402391442e-01 2.969271290456014789e-01
8.069999999999122053e+01 2.175230796023014945e-01 2.813334255370486536e-01
8.079999999999121485e+01 2.318581471460019472e-01 2.656570809958884727e-01
8.089999999999119495e+01 2.460285508244132724e-01 2.499615632555134415e-01
8.099999999999118927e+01 2.599655656443936591e-01 2.343097107006966440e-01
8.109999999999118359e+01 2.736021862664196336e-01 2.187634550268020839e-01
8.119999999999116369e+01 2.868734192413655570e-01 2.033835508617017618e-01
8.129999999999115801e+01 2.997165632792752610e-01 1.882293134157788927e-01
8.139999999999113811e+01 3.120714764082752612e-01 1.733583652780503748e-01
8.149999999999113243e+01 3.238808289515872629e-01 1.588263934240939923e-01
8.159999999999112674e+01 3.350903413230599259e-01 1.446869174450085838e-01
8.169999999999110685e+01 3.456490057175258812e-01 1.309910699460444528e-01
8.179999999999110116e+01 3.555092908521845785e-01 1.177873899997424201e-01
8.189999999999109548e+01 3.646273289973909759e-01 1.051216304707069116e-01
8.199999999999107558e+01 3.729630846200073790e-01 9.303657995887049115e-02
8.209999999999106990e+01 3.804805040489645518e-01 8.157190003496639363e-02
8.219999999999106421e+01 3.871476456622468532e-01 7.076397836638902150e-02
8.229999999999104432e+01 3.929367901828226817e-01 6.064579825422873605e-02
8.239999999999103864e+01 3.978245307639482475e-01 5.124682502311719845e-02
8.249999999999101874e+01 4.017918426336560267e-01 4.259290962522419705e-02
8.259999999999101306e+01 4.048241321616771193e-01 3.470620973833176554e-02
8.269999999999100737e+01 4.069112653025973025e-01 2.760512855619438183e-02
8.279999999999098748e+01 4.080475754615476847e-01 2.130427138715208432e-02
8.289999999999098179e+01 4.082318509177588206e-01 1.581442009525289502e-02
8.299999999999096190e+01 4.074673020324109385e-01 1.114252533652781464e-02
8.309999999999095621e+01 4.057615085552296885e-01 7.291716462720739499e-03
8.319999999999095053e+01 4.031263474296097882e-01 4.261328885266925728e-03
8.329999999999093063e+01 3.995779015826652070e-01 2.046948614656496530e-03
8.339999999999092495e+01 3.951363502679833828e-01 6.404736143560017456e-04
8.349999999999091926e+01 3.898258416081790689e-01 3.019153479217593267e-05
8.359999999999089937e+01 3.836743480624373870e-01 2.008733217704374832e-04
8.369999999999089368e+01 3.767135056159532924e-01 1.133882125384878163e-03
8.379999999999088800e+01 3.689784375595697163e-01 2.807296870329882305e-03
8.389999999999086810e+01 3.605075637916637654e-01 5.196049786802454246e-03
8.399999999999086242e+01 3.513423966367427709e-01 8.272077143164491622e-03
8.409999999999084253e+01 3.415273242297850453e-01 1.200448236747343744e-02
8.419999999999083684e+01 3.311093825673476210e-01 1.635971069514159659e-02
8.429999999999083116e+01 3.201380173709294508e-01 2.130173443449531398e-02
8.439999999999081126e+01 3.086648369464934927e-01 2.679224790119993233e-02
8.449999999999080558e+01 2.967433572584928236e-01 3.279087103639575368e-02
8.459999999999078568e+01 2.844287404610989500e-01 3.925536069223767299e-02
8.469999999999078000e+01 2.717775281508476581e-01 4.614182854241346415e-02
8.479999999999077431e+01 2.588473706164595711e-01 5.340496455409060594e-02
8.489999999999075442e+01 2.456967533685869842e-01 6.099826494204011601e-02
8.499999999999074873e+01 2.323847222309682048e-01 6.887426351475445241e-02
8.509999999999074305e+01 2.189706082676788346e-01 7.698476531723490168e-02
8.519999999999072315e+01 2.055137538068385616e-01 8.528108147431369412e-02
8.529999999999071747e+01 1.920732408015653758e-01 9.371426414361545831e-02
8.539999999999071179e+01 1.787076227420769936e-01 1.022353404965486018e-01
8.549999999999069189e+01 1.654746613020847412e-01 1.107955446606128658e-01
8.559999999999068621e+01 1.524310688650000467e-01 1.193465465754618565e-01
8.569999999999066631e+01 1.396322580336789576e-01 1.278406767392193943e-01
8.579999999999066063e+01 1.271320991816888846e-01 1.362311458495352734e-01
8.589999999999065494e+01 1.149826870534976786e-01 1.444722583767140134e-01
8.599999999999063505e+01 1.032341173676287888e-01 1.525196191423870418e-01
8.609999999999062936e+01 9.193427432005905897e-02 1.603303320173201374e-01
8.619999999999060947e+01 8.112862982574141346e-02 1.678631898958577173e-01
8.629999999999060378e+01 7.086005527478086985e-02 1.750788551513518532e-01
8.639999999999059810e+01 6.116864651602404307e-02 1.819400298263511850e-01
8.649999999999057820e+01 5.209156271604069993e-02 1.884116148649309930e-01
8.659999999999057252e+01 4.366287967501138872e-02 1.944608577486558465e-01
8.669999999999056683e+01 3.591345811370227903e-02 2.000574879559195718e-01
8.679999999999054694e+01 2.887082737746823544e-02 2.051738397228776156e-01
8.689999999999054126e+01 2.255908493448492355e-02 2.097849616462212630e-01
8.699999999999053557e+01 1.699881197607757549e-02 2.138687127294927326e-01
8.709999999999051568e+01 1.220700535741434285e-02 2.174058445391437444e-01
8.719999999999050999e+01 8.197026047054512682e-03 2.203800692004621864e-01
8.729999999999049010e+01 4.978564184064403035e-03 2.227781130291069112e-01
8.739999999999048441e+01 2.557620771711512000e-03 2.245897556595081723e-01
8.749999999999047873e+01 9.365059673045123337e-04 2.258078545968373319e-01
8.759999999999045883e+01 1.138538588068207792e-04 2.264283551851950793e-01
8.769999999999045315e+01 8.465355047381527070e-05 2.264502860495589132e-01
8.779999999999043325e+01 8.402963122859901778e-04 2.258757401336247417e-01
8.789999999999042757e+01 2.368638481528609688e-03 2.247098415190807996e-01
8.799999999999042188e+01 4.654079739799143155e-03 2.229606982744046229e-01
8.809999999999040199e+01 7.677656325271980074e-03 2.206393416419244191e-01
8.819999999999039630e+01 1.141714867850120337e-02 2.177596519310779355e-01
8.829999999999039062e+01 1.584720296071694470e-02 2.143382715431701169e-01
8.839999999999037072e+01 2.093946582674764689e-02 2.103945056078382059e-01
8.849999999999036504e+01 2.666273178069813315e-02 2.059502107637061485e-01
8.859999999999035936e+01 3.298310239168134733e-02 2.010296726660923405e-01
8.869999999999033946e+01 3.986415659929320315e-02 1.956594728513930403e-01
8.879999999999033378e+01 4.726713129487718212e-02 1.898683456317939167e-01
8.889999999999031388e+01 5.515111132447972353e-02 1.836870257344440094e-01
8.899999999999030820e+01 6.347322802365641670e-02 1.771480874372774461e-01
8.909999999999030251e+01 7.218886536267882237e-02 1.702857759866025777e-01
8.919999999999028262e+01 8.125187275343601079e-02 1.631358321121174626e-01
8.929999999999027693e+01 9.061478354657613588e-02 1.557353104814025724e-01
8.939999999999025704e+01 1.002290382292811838e-01 1.481223929581947929e-01
8.949999999999025135e+01 1.100452113205169502e-01 1.403361975472258716e-01
8.959999999999024567e+01 1.200132409512658233e-01 1.324165839231069008e-01
8.969999999999022577e+01 1.300826601129184967e-01 1.244039564509576423e-01
8.979999999999022009e+01 1.402028285568804045e-01 1.163390656131828849e-01
8.989999999999021441e+01 1.503231643324584588e-01 1.082628087589017907e-01
8.999999999999019451e+01 1.603933739586968221e-01 1.002160310912016961e-01
9.009999999999018883e+01 1.703636802384948801e-01 9.223932780147742205e-02
9.019999999999018314e+01 1.801850467395559041e-01 8.437284825102844832e-02
9.029999999999016325e+01 1.898093979873594905e-01 7.665610308629075553e-02
9.039999999999015756e+01 1.991898344390837794e-01 6.912777515726456490e-02
9.049999999999013767e+01 2.082808413349539201e-01 6.182553508791759078e-02
9.059999999999013198e+01 2.170384905544288645e-01 5.478586232285655166e-02
9.069999999999012630e+01 2.254206346378149206e-01 4.804387244707855609e-02
9.079999999999010640e+01 2.333870921718342040e-01 4.163315154447842781e-02
9.089999999999010072e+01 2.408998237760240635e-01 3.558559832665229156e-02
9.099999999999008082e+01 2.479230979698770487e-01 2.993127472649345991e-02
9.109999999999007514e+01 2.544236462449230296e-01 2.469826561119247907e-02
9.119999999999006945e+01 2.603708067123418068e-01 1.991254822663714522e-02
9.129999999999004956e+01 2.657366557461525725e-01 1.559787194029307010e-02
9.139999999999004388e+01 2.704961270917891070e-01 1.177564880239499560e-02
9.149999999999003819e+01 2.746271179630646042e-01 8.464855396013538230e-03
9.159999999999001830e+01 2.781105817031611083e-01 5.681946395362590975e-03
9.169999999999001261e+01 2.809306066412766700e-01 3.440780198996403177e-03
9.179999999999000693e+01 2.830744808317495753e-01 1.752556950267414619e-03
9.189999999998998703e+01 2.845327424204583400e-01 6.257692019950866508e-04
9.199999999998998135e+01 2.852992154399053293e-01 6.616542584869659807e-05
9.209999999998996145e+01 2.853710308940385909e-01 7.672650971682526313e-05
9.219999999998995577e+01 2.847486330517742803e-01 6.576553285511098660e-04
9.229999999998995008e+01 2.834357709278946813e-01 1.806379416048588260e-03
9.239999999998993019e+01 2.814394749894945646e-01 3.517566706300933287e-03
9.249999999998992450e+01 2.787700191849007414e-01 5.783154256415333830e-03
9.259999999998990461e+01 2.754408684526900575e-01 8.592389803325838765e-03
9.269999999998989892e+01 2.714686119259086539e-01 1.193188595078447170e-02
9.279999999998989324e+01 2.668728821076483126e-01 1.578568672609690499e-02
9.289999999998987334e+01 2.616762603505570772e-01 2.013534619071553899e-02
9.299999999998986766e+01 2.559041690321249285e-01 2.496001873466581478e-02
9.309999999998986198e+01 2.495847508740873522e-01 3.023656063196226637e-02
9.319999999998984208e+01 2.427487359107213249e-01 3.593964238324978688e-02
9.329999999998983640e+01 2.354292966656429675e-01 4.204187132263713378e-02
9.339999999998983071e+01 2.276618921504117155e-01 4.851392391875881255e-02
9.349999999998981082e+01 2.194841013506025340e-01 5.532468715540451998e-02
9.359999999998980513e+01 2.109354469147292355e-01 6.244140833487618614e-02
9.369999999998978524e+01 2.020572098093687818e-01 6.982985260796460703e-02
9.379999999998977955e+01 1.928922357500905405e-01 7.745446749792514463e-02
9.389999999998977387e+01 1.834847342590290031e-01 8.527855365270775589e-02
9.399999999998975397e+01 1.738800712409837024e-01 9.326444102958118820e-02
9.409999999998974829e+01 1.641245560042001450e-01 1.013736696901332696e-01
9.419999999998972839e+01 1.542652236857825765e-01 1.095671743607921911e-01
9.429999999998972271e+01 1.443496140676692741e-01 1.178054718949154978e-01
9.439999999998971703e+01 1.344255477941717070e-01 1.260488507578362838e-01
9.449999999998969713e+01 1.245409010190886290e-01 1.342575616451244236e-01
9.459999999998969145e+01 1.147433795250663996e-01 1.423920083374769496e-01
9.469999999998968576e+01 1.050802933649547799e-01 1.504129378932551608e-01
9.479999999998966587e+01 9.559833307852740047e-02 1.582816292811723979e-01
9.489999999998966018e+01 8.634334853448423497e-02 1.659600795614392110e-01
9.499999999998965450e+01 7.736013143957433391e-02 1.734111867342702507e-01
9.509999999998963460e+01 6.869220254248196988e-02 1.805989283885228724e-01
9.519999999998962892e+01 6.038160454074018024e-02 1.874885353019531964e-01
9.529999999998960902e+01 5.246870167377455652e-02 1.940466591674975538e-01
9.539999999998960334e+01 4.499198695532392184e-02 2.002415336460822981e-01
9.549999999998959765e+01 3.798789796309266775e-02 2.060431279774123103e-01
9.559999999998957776e+01 3.149064206375379316e-02 2.114232924138120806e-01
9.569999999998957207e+01 2.553203190704766978e-02 2.163558947803047861e-01
9.579999999998955218e+01 2.014133197448110188e-02 2.208169475052238762e-01
9.589999999998954650e+01 1.534511691591229285e-02 2.247847245087118973e-01
9.599999999998954081e+01 1.116714235189043315e-02 2.282398673854679760e-01
9.609999999998952092e+01 7.628228761226091628e-03 2.311654803655336377e-01
9.619999999998951523e+01 4.746159012122915313e-03 2.335472135912375347e-01
9.629999999998950955e+01 2.535590031915724296e-03 2.353733343010291357e-01
9.639999999998948965e+01 1.007979045233893230e-03 2.366347855685166368e-01
9.649999999998948397e+01 1.715247435670239182e-04 2.373252323019421350e-01
9.659999999998947828e+01 3.112368115485018887e-05 2.374410942698367832e-01
9.669999999998945839e+01 5.883421230681149970e-04 2.369815659776576822e-01
9.679999999998945270e+01 1.841403501612708105e-03 2.359486232830521613e-01
9.689999999998943281e+01 3.785191567017068531e-03 2.343470166981240221e-01
9.699999999998942712e+01 6.411269248002960004e-03 2.321842513900301275e-01
9.709999999998942144e+01 9.707913167520770131e-03 2.294705539532776173e-01
9.719999999998940154e+01 1.366016368888651675e-02 2.262188260892288305e-01
9.729999999998939586e+01 1.824989029799192405e-02 2.224445853896129810e-01
9.739999999998937597e+01 2.345587205839030562e-02 2.181658934821815998e-01
9.749999999998937028e+01 2.925389280816474355e-02 2.134032718557926089e-01
9.759999999998936460e+01 3.561685070066296366e-02 2.081796057411911538e-01
9.769999999998934470e+01 4.251488162580479430e-02 2.025200364801775232e-01
9.779999999998933902e+01 4.991549598486530459e-02 1.964518428714097931e-01
9.789999999998933333e+01 5.778372822978345563e-02 1.900043120339355573e-01
9.799999999998931344e+01 6.608229851808010424e-02 1.832086003801526863e-01
9.809999999998930775e+01 7.477178577722350117e-02 1.760975853383285605e-01
9.819999999998930207e+01 8.381081141726566541e-02 1.687057085105006515e-01
9.829999999998928217e+01 9.315623287879114256e-02 1.610688109930337175e-01
9.839999999998927649e+01 1.027633461542624554e-01 1.532239616281384220e-01
9.849999999998925659e+01 1.125860963754740096e-01 1.452092789885654212e-01
9.859999999998925091e+01 1.225772955180052942e-01 1.370637479319442853e-01
9.869999999998924523e+01 1.326888462356462517e-01 1.288270315882303341e-01
9.879999999998922533e+01 1.428719708034284774e-01 1.205392796697802998e-01
9.889999999998921965e+01 1.530774441188594015e-01 1.122409340133517230e-01
9.899999999998919975e+01 1.632558296849460078e-01 1.039725322804032487e-01
9.909999999998919407e+01 1.733577174783949293e-01 9.577451075433059124e-02
9.919999999998918838e+01 1.833339625898166847e-01 8.768700718104581460e-02
9.929999999998916849e+01 1.931359235121619944e-01 7.974966460312758743e-02
9.939999999998916280e+01 2.027156989466336323e-01 7.200143713688007818e-02
9.949999999998915712e+01 2.120263619945610967e-01 6.448039863616079892e-02
9.959999999998913722e+01 2.210221906071976050e-01 5.722355517714988737e-02
9.969999999998913154e+01 2.296588931744021900e-01 5.026666228388874252e-02
9.979999999998912585e+01 2.378938281471683902e-01 4.364404779550589558e-02
9.989999999998910596e+01 2.456862166086373478e-01 3.738844125316705819e-02
