0.10001 -0.00016108658417991848 1.976985621235989e-05 
1e-05 1.6768931855665303e-05 0.00014448201684840427 
0.40001 -0.00038963105469650864 0.00024638211074625474 
0.80001 -0.000451884765446782 0.00013944037857015825 
1.10001 8.266005304592404e-05 0.00013782268688368771 
0.30001 -0.0001306660202797862 6.59813196838201e-05 
1.30001 -0.00021423126328854448 0.00023200537637992836 
0.90001 -0.00029427502435604467 0.000480596150092474 
1.00001 -0.0004282228762011751 0.00039405326200225 
0.50001 -2.4985231152024265e-05 7.536204201881078e-05 
1.60001 -2.219881039165763e-05 0.00011565428665707148 
0.20001 -0.00034120997354567786 0.00016452871239043738 
0.60001 1.5948172073704824e-05 9.029563227037191e-05 
0.70001 6.139989259423264e-05 2.5494451295480346e-05 
1.20001 -3.944646769659313e-05 7.823686813667629e-05 
1.40001 -8.345570655007842e-06 0.00016895989364850274 
1.50001 -0.0002629977663483504 9.339087491866182e-05 
1.70001 -0.00018889418279871204 0.000141138361963757 
1.80001 -5.258363731904164e-05 0.00019467854014174128 
1.90001 -0.00013294370678279996 0.00018049299824208606 
2.40001 -8.971728324726867e-05 0.00017129147092504498 
2.10001 -0.000193131789516072 0.0004201526693386675 
2.20001 2.702839199404844e-05 0.0001450663306609298 
2.00001 -0.00033536804164497485 0.00022080307828805713 
2.30001 0.0002695222019287973 0.00020988256535922885 
2.90001 -7.610424018230565e-06 0.00021519211285156968 
2.60001 -0.00023563826280380336 0.0001530645632019968 
2.70001 3.1000698136848145e-05 0.00020906920054074665 
3.20001 -0.00014848395593957965 0.00025326407496029763 
3.10001 0.00016729106061930452 6.121844860530749e-05 
2.50001 -0.0003899510783399178 3.183510782816539e-05 
2.80001 -1.1999472879589468e-05 8.075482775890117e-05 
3.00001 -0.00016297585516340742 0.00010331137106671194 
3.30001 -0.00036639473936608607 2.83206679276222e-05 
3.40001 -0.0001296094797292385 0.00011181088072298935 
3.70001 -7.434808038646611e-07 0.00019562301137631815 
3.60001 -0.0005059667739110257 9.640365060815722e-05 
3.50001 -6.000996870787619e-05 0.000197741663715588 
3.80001 -0.00019992563288307835 0.0002765326856853277 
4.10001 -0.00024652968600310284 0.00011401128654653321 
4.00001 -0.0004748046229567852 7.556346680092247e-06 
3.90001 -8.084369476957242e-05 0.00029847782440350364 
4.80001 -4.52755587458116e-05 1.7030632892375505e-05 
4.60001 -0.0001220716515252115 0.00012159661581917146 
4.20001 -0.000203185879960834 1.4999758583770923e-05 
4.40001 -1.697920365214727e-05 0.00025274362340770387 
4.90001 1.3783696944471278e-05 0.00016516361384727332 
5.00001 -0.0003104438885350691 6.0810298451055437e-05 
4.50001 -0.0003496926428695445 0.0002072384303667281 
4.30001 -0.0002511874710536206 0.00044517978705654806 
4.70001 -0.0001281385370035955 0.00015271143735094762 
5.30001 -0.00031837393063084213 0.00015793212732652886 
5.40001 -0.0003408545924703997 4.5723503163317146e-05 
5.10001 -9.253915371606328e-05 4.410389985673427e-05 
5.20001 -0.00024513333708099764 5.934863447960564e-05 
5.50001 -0.0002774658805974135 0.0003114029394845762 
5.90001 -0.0016630301966369379 0.0006326848163769523 
5.80001 -0.0007211888276477085 0.00027450914117915055 
5.70001 -0.0008506118456942913 0.00022390804843292898 
5.60001 -0.0008244857192200698 0.00011557340320870449 
6.30001 -0.001808191321418072 0.0002282361549586178 
6.10001 -0.0021529546275875612 0.00023471771376399957 
6.20001 -0.002811085341411407 0.0008222459498225649 
6.80001 -0.0009337832992511728 0.00010483338061331753 
6.00001 -0.0020405057142425143 0.00014990947382982611 
6.70001 -0.0007987404339678051 0.00013264506096505817 
6.40001 -0.001662678987323796 7.712290298912358e-05 
6.50001 -0.0014452560427704905 0.0007811126986542004 
6.60001 -0.0009687483698304326 0.0002612713518485233 
6.90001 -0.0009614849769020595 0.00023171605864844182 
7.00001 -0.00056754524320734 8.130306691715752e-05 
7.20001 -0.0005115249957947882 0.00010570295592472845 
7.10001 -0.0007291089223296261 1.936261393663247e-05 
7.30001 -7.693795475437927e-05 6.710791385081931e-05 
7.60001 -0.0005492411001194989 0.00022569562711783234 
7.70001 -0.0003230237101101944 0.0001251746226224945 
7.80001 -0.00035194875299476294 0.00014896442604670607 
8.10001 -6.988655674747729e-05 2.1150578830260262e-05 
7.40001 -0.0004375177940682235 4.039930682041393e-05 
8.00001 -0.00017849448191959564 0.00017628780028671799 
7.50001 -0.0004391072293300021 0.0003357725863933802 
8.20001 1.1408158566278715e-05 6.965146095604126e-05 
8.40001 0.000526124633975361 0.00015050885942618174 
7.90001 -0.00019006856554317045 0.00014157173716042732 
8.60001 -0.000383868119161922 9.091467986668795e-05 
8.30001 -0.00026008667636581414 4.403835921438728e-05 
8.50001 3.297630791003235e-06 5.703345052065818e-05 
8.90001 0.00022496289470539649 0.0001231192316679982 
8.70001 -0.0004944077688618601 4.355425181990161e-05 
8.80001 -0.0003037872903270978 4.912028383536983e-05 
9.20001 -0.00018466376550829006 0.0002326289447879109 
9.00001 0.00012430259103661152 0.00020744087969994554 
9.70001 8.531004055227353e-05 0.00013913144396021843 
9.60001 1.8999812888725962e-05 0.00024265836176405565 
9.50001 -0.00027653312896772965 0.00014923951516271624 
9.10001 -0.0002339134959152322 0.00023896978266902059 
9.40001 -4.321353140702965e-05 3.438217736019932e-07 
9.80001 -0.00040244810896780767 0.00022823284898419166 
9.30001 -0.0001193852632698517 0.00019871209290246058 
10.00001 7.676750367283108e-05 0.0003752844123199453 
10.30001 -0.0003038125423293319 6.89826128445159e-05 
10.50001 -0.0003813726331592192 0.0001373709206961779 
9.90001 -0.00011623723664011594 8.12298015327304e-05 
10.20001 -6.965842789448259e-05 0.0001948011393268429 
10.40001 -0.0003860091792977844 0.0002197157505086861 
10.10001 2.7761698114895083e-05 3.782252006780908e-05 
10.60001 -5.5103994160941874e-05 9.28074234223944e-05 
10.70001 -0.00030315750271527585 0.00017020061984798112 
10.80001 -0.0002225236127027308 5.4851571964739386e-05 
11.20001 -0.00017523217424409115 0.0001300292006199365 
10.90001 -0.00028540275106639666 0.00035107518872588313 
11.30001 -0.0001524766699855993 7.047867382451506e-05 
11.50001 0.00016431236089418504 0.0002008441198795274 
11.10001 -0.00038871625077780856 0.00016595592912589422 
11.70001 -0.00015462507081921438 0.00011504492024565521 
12.00001 -0.0003090935412342485 4.521084160921912e-05 
11.60001 3.0083178139698688e-05 0.000364570832626702 
11.80001 -0.00015769069611972273 8.207244956037377e-05 
11.90001 6.660196073006311e-05 4.7491982032801875e-05 
12.40001 -0.0005751852866213 0.00026758430670246694 
12.20001 -7.497072988780073e-05 0.00011915775464258697 
11.40001 4.465733341029112e-05 8.45652491431996e-05 
11.00001 -0.0002990880690782824 7.986086806619641e-05 
12.30001 -0.0006610841980472516 0.00030614466066507874 
12.60001 -0.00039255181684931355 0.00020296654245469367 
12.50001 -0.00014886688451663376 4.230015860360693e-05 
12.70001 -0.0002918935446649132 4.510106280144701e-06 
12.10001 -0.0002048336109292809 0.00019125863205682276 
12.80001 -0.000455568846210068 0.00017550658381975252 
12.90001 -0.0001399228706154207 6.007767018221e-05 
13.10001 -7.285876670599912e-05 0.00015480646164942768 
13.40001 -7.635564386150594e-06 6.293442278245633e-05 
13.60001 -0.00035438750738420264 0.00014785272247063252 
13.30001 -9.648434273546693e-05 0.00012315883637842255 
13.80001 -0.00023049648765782787 0.0002145849501267985 
13.00001 -0.00019684016891562784 0.00029848793576443 
13.20001 8.615694878672332e-05 8.04762898553325e-05 
13.50001 -0.00020239789695873357 0.0005102921797438731 
13.70001 -0.00041591355785700545 0.0002164284519050099 
13.90001 -0.0003599607274282694 0.00015567458810814415 
14.00001 -0.0003913501276964125 6.612368980794695e-05 
14.10001 -0.0004215958937498554 0.0002941157164088422 
14.70001 -0.0003151416980175207 0.00020829263937402698 
14.60001 -0.00043977385304598267 4.938418744885505e-05 
14.90001 -0.00020904849707996671 0.0003709658259790807 
14.50001 -0.0005465454417691557 0.0003406945205289614 
14.30001 -0.0002586055535052342 0.00015838047729163147 
14.40001 0.0002245197094708047 0.0001062278923287567 
14.20001 -0.0002255673073886671 0.00028478530318231483 
14.80001 -0.0005112602658508885 9.444674841898392e-05 
15.00001 -0.0004385189224904698 0.00033137227991482496 
15.20001 -0.0005046807571378401 0.0002526829956634283 
15.10001 -0.001113604608702893 0.000211422230881989 
15.30001 -0.0005530607083784521 0.00013029356029340983 
15.50001 -0.0009623887577956279 3.581111686560152e-05 
15.60001 -0.0012242719666141792 1.1690434456444526e-05 
15.40001 -0.0002655212454697989 0.00014769925939582093 
15.80001 -0.002509384237257723 0.0001633659705969554 
16.10001 -0.010941045090762573 0.0001248926131279856 
15.70001 -0.0011018221037111414 0.0006783013243353242 
16.00001 -0.004416331060730628 0.00013978393881619719 
15.90001 -0.003603231268462835 0.00013133111796888352 
16.30001 -0.007523178656371164 0.0006416042414005749 
16.20001 -0.013375989555275778 0.0005041937062920101 
16.50001 -0.001731652777371901 1.5039391789718293e-05 
16.60001 -0.0010318932332245194 0.0004145748345220447 
16.40001 -0.0035831769530037597 6.171985474656846e-05 
16.80001 -0.0005867829365561806 4.979241971069979e-06 
17.00001 -0.00029780250265042004 0.0001284397379978419 
17.10001 -0.00047405063398218517 0.0001149932760445263 
16.90001 -0.0007837472303731789 2.0347309825220425e-05 
16.70001 -0.001142627328144939 3.24796301389526e-05 
17.30001 -0.00010486112721236708 0.0003168681588510657 
17.20001 -0.0002376982499469582 0.00010394976336565455 
17.40001 -0.00029075097512139096 9.583242663593314e-06 
17.50001 -0.0002135177654362172 0.00021832377099048655 
17.70001 -0.000222319033527962 5.918839243367692e-07 
17.60001 -0.0003263594926165332 0.00018581112420921198 
17.80001 0.0001316370871815219 7.011206798912858e-05 
17.90001 -0.00030332933955487865 3.327295221473237e-05 
18.00001 -0.00016116148549624677 0.00011426523546677793 
18.30001 -0.0005446174154694424 0.0002643530283903569 
18.20001 -0.00013299688134094207 0.00021447215825533806 
18.40001 -0.0004086808423626146 0.00010996753099720753 
18.50001 8.934089690785526e-05 0.00011580224172162888 
18.10001 0.00016816126293475595 0.00010138640988652797 
18.60001 -0.00010859049760445943 2.5607100137646643e-05 
19.00001 1.0964273763138866e-05 0.0002906160639360794 
18.80001 0.00010228094066965204 9.92743171901055e-05 
18.90001 0.0001585329455069225 3.3992526727739844e-05 
18.70001 0.00022087611934317418 0.00023892753180806755 
19.50001 -0.00034327648072949186 0.00020094574737452973 
19.30001 -0.0003159303598794579 8.56861694508271e-05 
19.20001 -0.00034222586337163887 1.844322575035256e-05 
19.40001 -0.00034626205947702895 0.00019675214334230083 
19.10001 -0.0003118039700406971 3.406939899861991e-05 
19.80001 1.5883994963281026e-05 0.00012408864869151737 
19.60001 -0.00042098104324243384 0.00010750512036976947 
19.70001 -0.00034912480579622974 8.225593697025533e-05 
20.00001 -5.531212772601038e-05 0.0001280620306490132 
20.20001 -7.368754021868028e-05 6.421916714143947e-05 
19.90001 -0.0003298085263720907 7.601912033896349e-05 
20.40001 -0.00023512136327677463 2.6222940538635317e-05 
20.10001 -0.00030002716807069833 0.0005492003784776506 
20.50001 -0.00020222141556881554 0.00021517138929648668 
20.60001 -0.0003869564761858449 7.881059722167737e-05 
20.30001 4.826028312217568e-05 2.5661110586157836e-07 
20.70001 4.2981693882121534e-05 0.00012895807083440354 
20.90001 -0.0002793934351271733 5.626996208781828e-05 
20.80001 -0.0001653279218285608 1.8130436912262965e-05 
21.00001 2.3114634038481503e-05 0.0001763494833433621 
21.10001 5.771420011371206e-05 0.00014265321632295425 
21.30001 -7.218033845264929e-05 3.43812268360571e-05 
21.50001 0.00013116662934082237 0.0005769496811261374 
21.20001 -0.0001598145260246653 0.0001507790123979128 
22.00001 -0.00033976620638602744 6.218340636855764e-05 
21.90001 -7.340749343570862e-05 7.369486032766068e-05 
21.70001 0.00016573278207309658 0.00022551225099359337 
21.80001 -0.00015698779501343335 0.00026877646400030224 
22.10001 -0.0001121578093226972 0.00039028415757300637 
21.60001 0.0003205334771488878 1.0306971592393609e-05 
22.50001 -0.00034951323192706065 5.9250563386556e-05 
22.20001 -0.0001499184943089861 2.2764901359443045e-05 
22.30001 -0.0003891438978096005 0.00023646989149962255 
21.40001 -6.330491703170409e-05 9.030554979034168e-05 
22.60001 -8.998450506843594e-05 0.0002343424956671735 
22.80001 8.366957830413645e-05 7.767482385879077e-05 
22.40001 -0.00012294346916631035 0.0003229565216770294 
22.70001 0.00015924345337728823 0.00015902282372585742 
23.00001 -7.75466545551095e-05 0.00012033812798524453 
22.90001 -0.00014803125846561086 0.000258389606917685 
23.10001 -0.00011725289439863528 0.00025327626755838856 
23.20001 -0.00021181877956924088 5.900296380820702e-05 
23.30001 -5.6343523561290905e-05 3.790127170224366e-07 
23.40001 -5.56271624444836e-05 0.00012183458218462912 
23.50001 -0.00018550262030427462 0.00014440686463768103 
23.90001 -0.00022214725669637034 6.891989227628966e-05 
24.00001 -0.00011117619415320004 0.00023187678246154472 
23.80001 -0.00042300032410666965 0.00015521456568299226 
23.60001 -0.00019999539360514025 3.689167917739806e-05 
23.70001 0.000451766609640411 0.00016740687790127136 
24.30001 -0.00021567699000460058 1.7394573953249013e-05 
24.20001 9.984626954393832e-05 0.00015168312236134006 
24.40001 7.716933742377991e-05 9.226474859497953e-05 
24.60001 4.954694782487891e-05 1.1755034176804905e-05 
24.70001 -0.0003223194020149046 0.000168181353794189 
24.90001 -0.00027214535408407055 0.00015390524298529865 
24.80001 2.077444175814012e-05 0.0004865396525177072 
24.10001 -0.0001809173258164192 0.0004217984611972997 
24.50001 -0.0001277963805852563 0.0002859099850892373 
25.00001 0.00010391051333620303 6.64549477285531e-05 
25.20001 -0.00018591452232757992 0.00014818979312754017 
25.50001 -0.0001743968143255103 6.194107331504023e-05 
25.30001 -0.00034691869136217615 0.00022337644686909854 
25.10001 -0.0004024966403496821 0.0002746448817880579 
25.40001 -6.081353410360721e-05 1.8754008865290914e-05 
25.60001 -0.00017103673346084851 0.00019644925182435812 
25.80001 0.00023254198969434181 0.0004894924603336093 
25.70001 -0.00016698820312029163 0.00020044473736341106 
26.10001 0.00020303105618684432 0.00011145256391478995 
26.00001 -0.00018056267627880726 3.773603598409906e-05 
25.90001 -8.896988527496748e-06 0.00013440912807837098 
26.20001 1.2807996890025032e-05 4.857352804044644e-05 
26.30001 -2.6991815721769225e-05 0.0002010672955735586 
26.40001 -0.00020173934750113885 0.00018116733760500567 
26.60001 -0.00015019311547003888 2.176601740398828e-05 
26.50001 -0.0001067933529786259 0.00020468413761970739 
26.70001 -0.00013740609544665342 0.000495920013249423 
27.10001 -0.0004189195250589593 0.0001168299468574259 
26.80001 -7.36831631409046e-05 1.3384580389007033e-05 
27.30001 -0.0003635441330342047 0.0002071617127886025 
26.90001 2.6376458839989217e-06 0.00013305871041070056 
27.20001 -0.0001963343923588691 1.8669390125855768e-05 
27.00001 -0.0001478200804290916 0.0001201040500813053 
27.40001 -0.00036974614850222387 2.0308355859127508e-06 
27.60001 -0.00014929379382495824 9.471215477819411e-05 
27.80001 6.11003883101434e-05 0.00021991944936399063 
27.70001 -8.410596739827005e-05 0.0001816545454675142 
27.50001 3.741368059275288e-06 4.210858634494965e-05 
27.90001 -0.00015705349549581375 9.768288890536428e-05 
28.00001 -0.00022442504869814035 0.00015251263975853756 
28.10001 0.00024149877292608705 2.2620603496410774e-05 
28.40001 0.00016240268576602103 3.910910022764875e-06 
28.20001 -2.234013020500431e-05 0.00045639791524513986 
28.30001 -7.763277487054718e-05 0.00028533581403749985 
28.60001 -0.00037002891427391103 0.00010039833807179907 
28.70001 -0.0005130939856048417 1.2517225214479799e-05 
28.80001 -0.000224499056015746 8.106019123441056e-05 
29.00001 -0.0002773533934012002 2.3187838234458577e-05 
28.50001 0.000193188821259561 1.4288586906764314e-05 
28.90001 -0.0001387135506047078 0.00013809996108421528 
29.70001 -0.0004982550594683691 0.0003147390017302415 
29.30001 7.246676258755762e-05 0.00010904095777932636 
29.10001 -0.00024403297482330632 0.0001736419295585454 
29.60001 -2.899599914116957e-05 0.000256157698258799 
29.50001 -0.00010145776924389834 0.00026177037943110707 
29.20001 -0.00018268222269247528 4.6052180067263453e-05 
29.80001 -2.9097879878494293e-05 0.00011737566840146202 
29.90001 -0.000165286995152531 6.094744056506267e-06 
30.40001 -7.648921751753143e-05 6.424080660826982e-05 
30.00001 0.0003811436470433587 0.0004929526755593119 
29.40001 -0.0002797638738087214 0.00011735838787572908 
30.10001 -9.042130898126778e-05 6.401967822322826e-05 
30.60001 0.0003174958290078837 0.00014349853171764467 
30.20001 -0.00019433611110363105 4.674727428542665e-05 
30.30001 -0.00029786050272733014 5.8328259083663595e-05 
30.70001 -0.00014344344064395951 1.1669377820702512e-05 
30.80001 0.0002551789041087404 0.0003560528735379531 
30.50001 -0.00014719879768746312 2.6454096710101917e-05 
31.00001 -2.3129851080996444e-05 3.931293318337458e-06 
31.10001 0.00026630350742446753 0.0005024176606697487 
30.90001 -0.00032948276684606514 2.2341905253626043e-05 
31.40001 0.00017158570769901913 0.0001735811049475896 
31.20001 0.00030227608141294857 0.0005260570456388993 
31.50001 -0.00012596913061957627 0.0003200807795485916 
31.30001 -0.00015111448530573754 0.0002972227588656344 
31.60001 3.387208674267746e-05 0.00011607985059699059 
31.80001 0.00021579602381843218 0.0002998777330845076 
32.00001 -0.00015024174487233575 0.0001503711123222522 
31.90001 -0.00028827176755726513 7.578128346146444e-05 
31.70001 -6.081058568945069e-05 8.636472610208245e-05 
32.10001 -0.00014735191566145784 8.300654943147017e-05 
32.50001 3.248787597792523e-05 5.442127901441708e-05 
32.40001 -0.00038545940706009814 9.45679066379599e-05 
32.30001 -0.0001380668100319008 0.00012311929664888965 
32.60001 -0.00014975510387012542 6.876861169339838e-06 
32.70001 0.00018860931244719497 8.10705051358794e-05 
32.20001 -0.0001966360877912301 0.0002272118310544862 
32.90001 -0.00016370772561901707 0.00017859411672379991 
32.80001 0.00017404473233928138 0.00015223098284490713 
33.00001 -4.7827758661839895e-05 0.00019119370288694216 
33.10001 -0.00013899017221411143 0.0001933480802373751 
33.20001 -0.00010023731686767996 4.245667375021667e-05 
33.30001 -0.00031029865071150137 5.56287890419371e-05 
33.40001 -6.12426680522934e-05 0.000457962875976138 
33.60001 -0.00015034502064462086 0.000432885868703948 
33.50001 0.00026428030117282966 0.0002108692917157528 
33.80001 1.8520476571417263e-05 0.00025837008716904987 
34.20001 0.00016187933329885715 0.0002497944343342138 
33.70001 -9.118806979273132e-05 7.114093581755896e-05 
33.90001 4.50673968128607e-05 4.9791271059816294e-05 
34.40001 -0.00014747428368478777 2.489334952706229e-05 
34.00001 7.902723170706777e-05 9.896849684339117e-05 
34.50001 -0.00016762537143333555 5.3086776601263135e-05 
34.30001 -9.265346263911075e-05 8.29261965137814e-05 
34.60001 -0.00018209620306675856 0.00022637919704139898 
34.70001 0.00014875319166382243 5.315796348940127e-05 
35.00001 0.0003554849444501922 0.00013609321297871084 
34.10001 0.00016382831287413071 0.00022723392310336938 
35.20001 -0.00035485263394581816 0.0001235159835460021 
35.10001 -0.00017937533085627243 0.0004894400741790014 
34.90001 -0.0003914772811556515 6.180130273087452e-05 
35.50001 -0.0005401158230719765 0.00037343313562702654 
34.80001 -2.6536534658497385e-05 0.00016631518080875257 
35.30001 -0.00016013329573526827 1.3806119314975715e-05 
35.40001 -0.00012097854809622065 0.0002580608210933083 
35.70001 -0.00034115105541474683 0.0001526602871057113 
35.80001 -0.00023251499955185284 0.00017266511224865334 
35.60001 2.882187998930783e-05 0.0001153440459304957 
35.90001 -8.493998684275603e-05 0.00016296626668438075 
36.10001 -0.00020493116707957272 0.0003158980091024847 
36.20001 -0.0001694089007868584 3.602890452719402e-05 
36.30001 6.995813299961413e-05 0.00016918393141494658 
36.40001 2.639550765919556e-05 9.6363607218209e-05 
36.00001 -0.00011158874349889879 7.533322394668711e-05 
36.50001 -0.00014142482731280785 7.852544696502853e-05 
36.60001 -0.00010828432206479936 0.00023199104131362626 
36.70001 -0.00028510670138441727 2.555808532977283e-05 
36.80001 -0.00014362658058578086 3.755818234448216e-05 
37.00001 -0.00018254397231908244 0.00016653004833629937 
37.30001 6.006967230678473e-05 0.0003434716400761214 
37.10001 -0.00014803719169694438 0.00020067763507537382 
37.60001 4.385291897107728e-06 0.00022796685753399964 
37.20001 -0.0001794362790290994 7.23614089750236e-05 
36.90001 -0.0001926359223165522 6.344658420319193e-05 
37.50001 6.357311830499094e-05 0.00015517440252146153 
37.70001 -7.522694454860128e-05 0.000167445535316962 
37.40001 0.00014983700105447695 0.00016442475819641094 
37.80001 -1.8654160858731447e-05 0.0002969299376286802 
38.00001 -3.6305066555276114e-05 1.033671411522963e-05 
37.90001 -9.604486375410161e-05 0.0001009323814944943 
38.10001 -7.594276653177046e-05 0.00019083126043715386 
38.20001 0.00018688204238075044 0.00015497960345676475 
38.50001 6.605715153439226e-05 0.00020190848273793263 
38.60001 -0.00025347971595302617 0.00028845964724352936 
38.40001 0.00016097120534809455 7.628389975028545e-05 
38.30001 4.0280048518316115e-05 0.00023479296237912328 
38.80001 8.82499665005222e-05 6.864809897069416e-05 
39.10001 -0.00030656807434993215 2.4253824661668285e-06 
38.90001 -0.00031927609265440456 0.00021212209602667844 
38.70001 -0.0002134652485963484 0.0004198827548742718 
39.30001 -0.000331418642375895 5.0940478414194975e-05 
39.00001 -0.00025600495292225195 7.511799043254807e-05 
39.20001 -3.411434037078936e-05 9.814343360504689e-05 
39.40001 0.00014326953307288164 0.0003281948530231894 
39.50001 -0.0001505789712649406 9.717334649884253e-05 
39.60001 -0.00022591214438347457 9.900924986969792e-05 
39.70001 -0.0001295053415827806 0.00028253822272652574 
39.80001 -5.931278217859234e-05 0.00014851311290051296 
39.90001 0.000273850257140435 0.0003902127799743396 
