0.20001 -0.00011861218823906136 0.00027401888042478007 
0.50001 -0.00010100337209526748 0.00024995248202801067 
1.20001 -0.00018006078914743726 0.0001630624071793374 
1.10001 -9.646497364563246e-05 0.0002762850065540358 
0.90001 -0.00014769821343735807 0.0002230725937764539 
0.80001 -0.0001749924177742905 0.00018347970164497303 
1.00001 -0.00014918575166237742 0.00018203773094391032 
1.50001 -7.609004502785139e-05 0.00037946792189810595 
1.60001 -0.0001579042514890748 0.00016987501288799506 
1.80001 -0.0001789920191273732 0.00028539359597052195 
1.70001 -0.00011829491384459084 0.00028136683031753116 
2.20001 -8.071421162207526e-05 0.00026367397377167855 
2.10001 -0.00024209893333899227 0.0002448960767581339 
0.40001 9.493742007033148e-06 0.00020168954331717254 
0.30001 -3.2170538160064626e-05 0.00025990025304279015 
0.70001 -0.0001143745379993894 0.00024400846877584126 
0.60001 -0.00012913593280501571 0.00023017628417071377 
0.10001 -0.0001784700383480743 0.00021229574545378256 
1.30001 -0.00011779849819575945 0.0002515700285962682 
2.00001 -0.00023161833585794245 0.0002586484643331567 
1.40001 -0.00010607119878177906 0.00023976012523970565 
1.90001 -0.0002037139542630602 0.00021409815508313833 
1e-05 -0.00018930254892838668 0.0002048890206926103 
2.30001 -0.00013067585262149927 0.00022035755790065573 
2.40001 -9.862935531891918e-05 0.00026018142071324095 
3.20001 -0.00010238082233783585 0.0003033975003535827 
3.30001 -0.00012840815652157665 0.00017843251997906872 
2.50001 -8.331679231896207e-05 0.00025264134869984337 
4.40001 -0.0002559905017969326 0.00025716764270087823 
2.70001 -0.00014968566232527483 0.000273801933572324 
2.60001 -4.742542594988197e-05 0.00026557192953941157 
4.50001 -0.00023397664229755647 0.00015625991681955667 
2.80001 -1.093744287531654e-05 0.0001910072691860968 
2.90001 -9.223461245179762e-05 0.0003420858702772124 
3.00001 -0.00020126115402439786 0.00026781308915431543 
3.10001 -4.3690098099090364e-05 0.0002914160361083031 
4.60001 9.232944933312363e-06 0.00025149459153435655 
4.70001 -0.0001876173063889272 0.00021226565551052005 
3.80001 -3.3457922849641745e-05 0.0002580438027953034 
3.50001 -9.694780526580847e-05 0.0003433379947542697 
3.40001 -0.00020213325236765895 0.0002145765427575745 
3.70001 -0.00013387197210966802 0.00016598665098110582 
3.60001 -7.767424435681324e-05 0.00021707535629490846 
3.90001 -0.00028482637739500334 0.00015773084698387463 
4.10001 -0.00030053091697177973 0.0002730483996921511 
4.30001 -0.0002319064806028925 0.00020200760406130679 
4.20001 -0.00014019908698136637 0.00031741750137925296 
4.00001 -0.00010133304390254093 0.00018492300441661625 
4.90001 -0.00033682460728795847 0.0002275983184477844 
5.20001 -5.118089762943885e-05 0.0003114628278072945 
5.70001 -0.0007677752798229638 0.0004654613729769336 
5.80001 -0.0011206442035039104 0.0005561309182409394 
4.80001 -0.0001938475234491896 0.00027712301574928176 
5.00001 -0.00037422298012099674 0.00026445592770609595 
5.10001 -0.00023112075072904376 0.00024447634252614783 
5.40001 -0.00036280121036305727 0.00031768233570716314 
5.30001 -0.00017678401364423533 0.00020608604652610723 
5.50001 -0.0003917372165936858 0.00033559793807286465 
5.60001 -0.0007083835351833504 0.0003493716400194143 
7.10001 -0.0003146956417222591 0.00022221602696467343 
7.00001 -0.0004842673881660764 0.00043378488356218505 
6.90001 -0.0005529467787821432 0.0002766926029907212 
7.20001 -0.0003495898150884308 0.0003478954557139188 
5.90001 -0.0013640063596997026 0.0004734156892603522 
6.40001 -0.0014813137974986495 0.00046325607770039294 
6.50001 -0.0012222498194948857 0.0006484459330850756 
6.00001 -0.0014334223877910408 0.0005556108058322329 
6.10001 -0.0018971010458766104 0.0006120985537342035 
6.20001 -0.002018890366455641 0.00058206876931013 
6.60001 -0.0008237160047136065 0.0005087443806435337 
6.30001 -0.001979045576576428 0.0008212792100784292 
6.70001 -0.0006969088144001892 0.0005866447957294471 
6.80001 -0.0007507756954298878 0.00047035091032194225 
7.30001 -0.0003923728892386915 0.00038079120539545754 
8.00001 -0.00036625474188882673 0.00032004132722649435 
7.50001 -0.0003208999445015617 0.00030728520156702514 
7.40001 -0.0002820933450416948 0.0002752752037920148 
8.30001 -0.00036150238366744664 0.0002993717033478614 
8.20001 -0.0002470345286100961 0.0001966972945515663 
8.10001 -0.0003109477453787571 0.00045728550541230346 
7.60001 -0.00020068872281738467 0.00029167790915399987 
7.80001 -0.00035846135787580817 0.0003154885768397648 
7.70001 -0.00031028052022980093 0.00028293773301390276 
7.90001 -8.968759984948506e-05 0.00025053008996472827 
9.50001 -0.00018012697571649454 0.00017405148676501923 
9.80001 -0.0002811064017778567 0.00015055235739405655 
9.90001 -0.0003313471353639118 0.00028112946942718346 
10.00001 -0.00024860282653992776 0.0004179542027334715 
8.50001 -0.00022764847182831635 0.00022081612878401658 
8.40001 -0.0002478372644187042 0.00025172811917100737 
8.60001 -0.0002216119354469802 0.00033450294084080265 
9.00001 -9.985286746395195e-05 0.0002453711848275864 
8.90001 -0.00013784050849012993 0.00027529582366578087 
8.80001 -0.0002184303380712856 0.0002391050445272623 
8.70001 -0.0002981596791179471 0.00036760552388190646 
9.10001 -0.00025387355653086593 0.00028594189676239595 
9.40001 -0.00021606842913484057 0.000247068080006031 
9.20001 -0.00013650292816569324 0.00022934418468822641 
9.70001 -0.0002565194356829307 0.0003237617598754744 
9.60001 -0.00017183908122149269 0.00026210309786290617 
9.30001 -0.00017893731361751344 0.0003009271004665039 
10.50001 -7.283420093828244e-05 0.0002851238618598477 
10.60001 -0.00014447513300627635 0.00020711057087944264 
10.20001 -0.0001609793718535639 0.0003282354714200998 
10.10001 -0.0001493681996797307 0.0003191731868095254 
10.30001 -0.00028987596299406246 0.0002962752366611779 
10.70001 -0.0003231611743552474 0.00021462843138598866 
10.40001 -0.00022858637458349532 0.00022668941265995316 
10.80001 -0.00020474489910000246 0.00013901445126717399 
12.30001 -0.00016648349166133958 0.00025048927629681307 
12.20001 -0.00016618204773029757 0.00028976321387103575 
11.70001 4.8454485486500896e-05 0.0002238939509369746 
11.90001 -0.00010853347464896218 0.0003155849704606983 
11.00001 -6.730785208162635e-06 0.000407896649023172 
10.90001 -0.00017532938445233106 0.0001786716899630143 
12.00001 -0.0001984071575130018 0.00024398504656517335 
12.70001 -0.00021637272192735367 0.00046733112277358066 
11.10001 -0.00021138280678070946 0.00022813006371169952 
11.30001 -0.0002991181892706773 0.00024346007205479727 
11.50001 -8.561446056041919e-05 0.00013536358357585948 
11.40001 -0.0003264296597785228 0.0004034383919476525 
11.20001 -0.0002986026041207847 0.00019291689104350787 
11.60001 -0.0002626661838186015 0.0003605466504896048 
12.90001 -8.739471020280447e-05 0.00027570532229851666 
11.80001 -0.0002879082201578276 0.0002753953540146103 
12.40001 -8.121722541990272e-05 0.00027663318183457694 
12.10001 -0.00025036181878487703 0.00020944024663800906 
12.50001 -8.319158235234969e-05 0.0002940913226086612 
12.60001 -0.00016144698576342926 0.00023042730780796183 
13.10001 -0.00010411167660050087 0.00022136267730741912 
13.00001 -0.00025512609239656403 0.0002398311831347568 
12.80001 -0.0001152633670121261 0.00027948027627368413 
13.70001 -0.00024292579018457536 0.0002529145485989975 
15.10001 -0.0004551756414961476 0.0003182256857742844 
14.40001 -0.00028321663068516434 0.0004365240873396871 
13.20001 -7.93406815772452e-05 0.00015027229686853704 
15.00001 -0.0001293648468247312 0.0003037818590888697 
13.30001 -0.00030362032143531315 0.0003350248437470398 
13.60001 -0.000302523831186731 0.0003924169133188358 
13.40001 -0.0003035239037365823 0.0002465172081078182 
13.50001 -7.107225084527456e-05 0.00033233398202422206 
13.90001 -0.0002150257265855933 0.0002747756504903159 
13.80001 -0.00027379838787244066 0.00022339597465617173 
14.60001 -0.00031509657240515903 0.00038198802596166976 
14.00001 -0.00017830262131420928 0.0002869364289225926 
14.10001 -0.00031140398186855995 0.00021352623894036474 
14.30001 -0.00019004021227907715 0.00025914920050307803 
14.20001 -0.00024739015250432536 0.0003401687319048348 
14.80001 -0.00029406319118456363 0.00022272880991085968 
14.90001 -0.00022312735328030632 0.0003423235511451113 
15.30001 -0.00038234083185173957 0.000344855096396669 
15.20001 -0.0006003337900256454 0.00040679401466061184 
15.40001 -0.00035095609670321654 0.0003651942637409675 
14.70001 -0.00040258715220838764 0.00019872229998155335 
14.50001 -0.0003554604778319408 0.0001751622031887577 
15.70001 -0.0014401705331187175 0.00034394532012775396 
15.50001 -0.0006721991871578462 0.00047766420167771753 
15.60001 -0.0010223792585591332 0.0003122435458074085 
15.80001 -0.0018859132296217055 0.0005277864953447627 
15.90001 -0.0024931157736107013 0.0005632179463698496 
17.30001 -0.0005058718510204423 0.00041046091081398795 
17.60001 -6.935503513578298e-05 0.00024412765525452283 
17.10001 -0.0003173754285279686 0.00023603712654150848 
16.00001 -0.005593385371460289 0.0005762652087058305 
16.10001 -0.010445701657838287 0.001970118414885459 
17.70001 -0.00019725004234046192 0.00015935474653200232 
16.40001 -0.003318213804433139 0.0005435194336324457 
17.00001 -0.0006708685169022549 0.00031858614831717434 
16.20001 -0.011835783700916903 0.001406702897527286 
16.30001 -0.006827841762889284 0.0014061648877495322 
16.90001 -0.000258230610259153 0.00044602482273442 
17.20001 -0.00025751513870100645 0.00030305965212130433 
16.60001 -0.0012752870692931471 0.0004886094411902391 
16.70001 -0.0010866063739278892 0.0004027396640410586 
16.50001 -0.0017849925241765615 0.0003617168785383156 
16.80001 -0.0005911974127145512 0.0005205259825833891 
18.10001 -6.759564339154003e-05 0.00018504365128561905 
17.50001 -0.0003297688158366889 0.0003617993262670372 
18.20001 -0.00018149231639805056 0.00020671500455395327 
17.40001 -0.00015002729010640014 0.00030032421425700453 
17.80001 -4.0044272026544416e-05 0.00027981979472694105 
17.90001 -0.0001380620839637643 0.00031388786759205484 
18.30001 -0.00023751784950090885 0.000251833850878303 
18.00001 -1.6144775580169088e-05 0.0002802334939182501 
18.60001 -0.00013599073814447304 0.00021245437612456362 
19.70001 -7.18136915583567e-05 0.0002443550826828037 
19.90001 -0.00018979359096769866 0.00018884275692689984 
19.20001 -2.0462632643786853e-05 0.00016340728579207858 
19.10001 -0.00017028176127927174 0.00030316062748775416 
18.80001 -0.00020715001670159705 0.0002680842438996972 
18.70001 -0.0001533230166443045 0.0001891370930674885 
18.40001 -7.465021522043082e-05 0.0002699759236603011 
18.50001 -3.575026607824589e-05 0.0003192613153675629 
19.00001 -0.0001377240156174753 0.0002900936467648057 
18.90001 -0.00019580652532587048 0.00028522687944338224 
20.30001 -0.00016573515204531378 0.00019031643321193177 
19.40001 -0.00019602445256378605 0.0001536879652621373 
19.30001 -0.00013294055042877736 0.0002354682971006161 
19.60001 -6.511723838283546e-05 0.00033393275922714713 
19.50001 -8.141056585479902e-05 0.0002448392307454163 
20.50001 -6.290633431124128e-05 0.00025728584931993 
19.80001 -0.00022538211221934546 0.0003013610348040135 
20.60001 -0.00011613616413939003 0.00024055633476573223 
20.10001 -0.0001759898849685638 0.00023829595088185678 
20.20001 -0.00014585301056521533 0.0002914763592593368 
20.70001 -3.885085248276528e-05 0.0003038023693297406 
20.40001 -0.00023045604737828674 0.0002179206951912453 
20.00001 -8.078695250479983e-05 0.00021976926419680655 
21.60001 -0.00016255364959481543 0.0002736838762102051 
20.80001 -0.00011078823712711983 0.00027232790966927697 
20.90001 -0.00019980541930152522 0.00014787691066807897 
21.10001 -7.479260640888224e-05 0.00027963190141830276 
22.10001 -0.00012092939969766271 0.00024976719183404645 
21.00001 -9.883254411476743e-05 0.00025668883177650285 
21.30001 -0.00012785768207769887 0.0002555583900236363 
21.20001 -0.00016768005203520928 0.00018464389033598263 
21.40001 -8.394960058742824e-05 0.0002265620958363763 
21.50001 -1.7575885673579364e-05 0.0002166154081255626 
22.60001 -0.00010470043788732309 0.00018521746546409112 
22.30001 -0.00011757631550502041 0.0003226898500710846 
21.70001 -7.396846980371766e-05 0.00014604905471945776 
21.90001 -0.00017772891526738146 0.00028267495493872864 
21.80001 -7.503273724652037e-05 0.00024785530619138237 
22.20001 -0.00012244068855817077 0.0002282410227433688 
22.00001 -0.0001385478827801478 0.00021272680227559667 
22.40001 -0.00010938611428484744 0.00026806864375144836 
22.50001 -3.685479898591691e-05 0.0002859876912358957 
22.70001 -7.453339809715966e-05 0.0002444287802869341 
22.90001 -9.820601969249014e-05 0.00014317937873271197 
23.30001 -0.00013409477610383958 0.0003132462407885223 
22.80001 -0.0001823023108683198 0.0001385892137724568 
24.00001 -0.00019204894269560672 0.000220024294524414 
23.90001 -5.8577908825384014e-05 0.00012175959398301875 
23.10001 -0.000265354756627846 0.00024036545143846374 
23.20001 -0.000259687880735262 0.00027889305091688383 
23.00001 -0.00011798365227410423 0.00018917487525378125 
23.40001 -9.130883853284131e-05 0.00018157953322064227 
23.60001 -0.00016140485575000035 0.00016476253448709577 
23.70001 -0.00021201038532725478 0.0002698144309720329 
23.50001 -9.205373570240886e-05 0.00026037647271001684 
23.80001 -5.0878423734472885e-06 0.00018258172391926301 
25.20001 -3.3796606950626565e-05 0.00019562886375287098 
24.10001 -0.00023538378279459437 0.00021021195262340336 
24.30001 -0.00023741692671994314 0.00023609620219154783 
25.30001 -8.282096887872232e-05 0.00017282606201960208 
24.20001 -8.886014233184863e-05 0.00024678709404618446 
24.90001 0.00013805543552934015 0.00011784896971656043 
24.60001 -9.040736669734734e-05 0.00036437191984561114 
24.70001 -0.0002231462210391072 0.0002601259664222203 
24.50001 -7.533735922945723e-05 0.00015162610840949254 
24.40001 -0.0001589568390902639 9.98110646828686e-05 
24.80001 -0.0001512767805478469 0.0001974400186301325 
25.00001 -0.00017535260207803796 0.00019028174849297164 
25.10001 -0.00019754214833381147 0.0003369260810893983 
26.20001 -0.00020780518934657646 0.00022606028308005128 
25.60001 -0.00022547448579214274 0.0002475690743748307 
25.40001 -0.00021533342324711816 0.0002816381513285427 
26.50001 6.664166659932983e-05 0.0001804134863855424 
25.50001 -0.00014533569146999377 0.0002279860822212165 
25.70001 -0.0001705316743959262 0.0002702472703409926 
26.70001 -2.7600168759502473e-05 0.00036212797156940475 
25.80001 -0.0001906714722241344 0.0001666898441649624 
27.30001 -0.00015300196439528278 0.00036184629186455556 
25.90001 -0.0001511219310929174 0.0002276700648291499 
26.00001 -0.00031165866493273895 0.0002910701166787022 
26.10001 -0.0001422987151010095 0.000301007216153887 
26.90001 -2.933019487113295e-05 0.0003406825804156796 
26.80001 -0.00017890250632109103 0.00022726136062669518 
26.30001 -0.00022142825816557078 0.0003314652443468933 
26.40001 -0.00010795823267455207 0.00025359900878323377 
26.60001 -0.00021203959126832623 0.00022822384444740623 
27.20001 -0.00015278776835971267 0.00022361089681620643 
27.80001 -0.0001930814110183458 0.00023786778187990975 
27.50001 -0.00015837243471373763 0.00024039963916518028 
27.00001 -0.00021806014209783267 0.00027128562467624683 
27.10001 -0.00016056023102057983 0.00025491813376285656 
28.10001 -0.00014174216324627534 0.000193611109871335 
27.40001 -0.00014878496193732586 0.0003243758631762416 
28.30001 -6.70316136659185e-05 0.00023572624199339766 
27.60001 -0.00012415317492645286 0.00023034260482703324 
27.90001 -6.720517561391895e-05 0.00022757553502697922 
27.70001 5.517062702332476e-05 0.0002014404262622482 
28.00001 -0.00015505668691792642 0.00021241219461124795 
29.30001 -0.00016395165608459883 0.00022438813543005354 
29.40001 -0.00012326626878216275 0.0002172475532933928 
28.20001 -0.00017264598488497072 0.00019064795927563124 
28.70001 -4.794224066714046e-05 0.0003155347573057293 
28.80001 -6.727598832928072e-05 0.0002149382393749635 
28.50001 -0.0001925501217701386 0.00032590311097465704 
28.40001 -5.968229575844744e-05 0.0004006758109259741 
29.20001 -0.0001310808503384492 0.0002340882693504495 
28.90001 -4.2046026686138315e-05 0.0002150744403551094 
28.60001 -4.956447215311883e-05 0.0002922171254995579 
29.70001 -7.649674291012228e-05 0.0002599674666749684 
29.10001 -3.461600256680516e-05 0.00010824112492656289 
30.40001 -0.0001262423583629698 0.0003148519323413768 
29.00001 -0.00023794591510358727 0.000300094256203085 
29.90001 6.216267389612083e-06 0.0001998843052596798 
30.50001 -0.00021425219328581035 0.00013119297161848085 
29.50001 -0.00021646126785063822 0.00021851464805115164 
29.60001 -0.00024052613449723054 0.00017480293698208559 
30.00001 -0.0001635656775370985 0.00015996949379981165 
30.10001 -0.0001305143802264518 0.00024232403496961513 
29.80001 -0.00021334420798375576 0.0001616579358284758 
30.30001 -0.0002609443333983469 0.0003175803049231088 
30.20001 -0.00011002384102482906 0.0002770455075226077 
31.60001 -0.00012728903554053018 0.00019863080458604304 
31.40001 -9.947463217113382e-05 0.00017455890980266903 
31.90001 -3.327262759286923e-06 0.00014618040356240562 
30.70001 -0.0002598202397103473 0.00014453351604916926 
30.80001 -9.53294914100497e-05 0.00020062924308683833 
31.10001 4.029514855689919e-05 0.00021782409419917348 
30.60001 -2.800962557619266e-05 0.0004184069440410914 
31.80001 -0.00016052095616393317 0.00020989276420237994 
30.90001 -3.573950307413588e-05 0.00012079450923807195 
31.00001 -0.00011423009997106708 0.00020580330852421942 
31.20001 -0.00012832283781711318 0.00027089478967909884 
31.30001 -5.749868155741423e-05 0.00023048976250088243 
31.70001 -0.0001804697683175375 0.0002618577470001204 
31.50001 -7.496866216818753e-05 0.0002316424567715797 
32.70001 -4.122699299804515e-05 0.00025912766229745554 
32.00001 -0.00014620049880574546 0.0003953670633249377 
32.90001 -2.948447622730889e-05 0.00022916842207239174 
32.80001 -0.00012873014332194694 0.00016289977693121033 
32.20001 -0.00010157921716299584 0.00014099486764364836 
32.10001 -2.3742763838705043e-05 0.00019162095103375534 
32.30001 -9.154706693731444e-05 0.00030638824525013617 
33.40001 -0.00012039614389265992 0.00023407163975250645 
32.50001 -0.00024929537458200866 0.0003560627235898823 
32.60001 -0.00013507698093082946 0.00022824198765290622 
32.40001 -8.04190289377806e-05 0.00018672307898649483 
33.00001 -1.1575961748387379e-05 0.00035246423279230006 
33.10001 -0.0002077707940674853 0.00018548156510079267 
34.10001 -1.4875124960001931e-05 0.0001727344393321996 
34.30001 -4.6745397832870705e-05 0.00021532597353953533 
33.20001 -0.00010743010657626663 0.00018578483563282014 
34.40001 -0.00018904257384114002 0.00020169484174417058 
33.30001 -6.119325927916843e-05 0.0002933423561600819 
33.50001 -3.436577463335419e-05 0.00021458514828156231 
33.60001 -3.153597186432527e-06 0.0003540075738249356 
33.80001 -0.00015081100873108505 0.0002443854650859173 
33.90001 -0.00011950984328489261 0.0002470003716309216 
33.70001 -4.3625169193219956e-06 0.00019279612799651417 
34.00001 -0.00010734760106044755 0.00021206301015674756 
34.80001 -0.00017008373087685778 0.0001509474871250545 
35.40001 -0.00010346439217892615 0.0001739794357311401 
34.50001 -0.00021092869438930277 0.0002779743983410181 
35.50001 -0.00010369538760841291 0.00019459596387400426 
34.20001 2.656277645479467e-05 0.00021737659626954332 
34.70001 -0.0002124143143079893 0.00012605556979098463 
35.70001 -0.00023531724251690987 0.00015190880074390293 
35.30001 -7.078627478986957e-05 0.00021248026395199343 
34.60001 -6.876858488984492e-05 0.00025846922923622565 
34.90001 -0.00011165177205927918 0.0002710947875333509 
35.00001 -7.100240879099182e-05 0.00030863785543892744 
35.20001 -0.00016700746699446818 0.0001904307741557806 
35.60001 -6.653182128220276e-05 0.00034020059772168094 
35.10001 -0.0001994733577983547 0.00013683808132933646 
36.50001 -0.0002936888462996483 0.00017330705352629276 
36.80001 -4.986943754670546e-05 0.0002958163636656595 
36.60001 -0.00019894009481259797 0.0002472696021634425 
35.80001 -0.00011684650401115756 0.0002702897384041418 
35.90001 -0.00011346176008302331 0.00020258131076117408 
36.00001 -0.00017137116541576664 0.0001883313935797232 
37.10001 -0.0001968021984555672 0.0002008808581227949 
36.10001 -9.323098261451706e-05 0.00022452765322126064 
36.70001 -9.37357455129499e-05 0.0002701618157525882 
36.20001 -8.90662256440817e-05 0.000188479351125403 
36.40001 -9.856589422395248e-05 0.00016860379942990365 
36.30001 -0.00016051124103124467 0.00016042494513300175 
38.00001 -0.00018553806134348377 0.0002893226569649436 
38.10001 -9.831945223694013e-05 0.00019279899929461596 
36.90001 -0.00021408418517931548 0.0001937614793627627 
37.90001 -0.00012156983416062197 0.00016001712347346066 
37.00001 -0.00012184602179713442 0.0002364234667204477 
37.20001 -0.0001536465719222503 0.0002333884172103952 
37.60001 -6.321332289158456e-05 0.0002252709198845748 
37.40001 -0.00014512237226666248 0.00022768825135907088 
37.50001 -0.00026892828656919826 0.00021159566647944596 
37.70001 -0.00022169890902472563 0.0002825865684827428 
37.30001 -0.0001539630046862577 0.00020826805066512862 
39.10001 -0.00024360005158050372 0.0002772060636399114 
38.50001 -0.00011742938513021647 0.00019863152329941647 
37.80001 -0.00015925531778007476 0.0001916445580501872 
39.20001 -0.00012099755000079418 0.00017960624970279226 
39.40001 -4.015758900094056e-06 0.0003522336980467671 
38.20001 -3.721441118958997e-05 0.00023741687846551756 
38.30001 -9.220121153928779e-05 0.00027821099783308627 
39.60001 -0.00010887242189472443 0.00028062639910198076 
39.70001 -0.00020053567121770712 0.00021808987427465655 
38.40001 -7.092070716803983e-05 0.00030497196777152033 
38.70001 -0.00014747995171088325 0.00023164431073324307 
38.90001 -0.0001865844364148381 0.0002779895393258952 
39.50001 -0.0001854738341229242 0.00029766569365662966 
38.80001 -5.703122653885858e-05 0.00029507368895989063 
38.60001 -6.996844069595421e-05 0.00023619286958306954 
39.00001 -0.00020054754293281722 0.00022848264328587057 
39.30001 -6.498821270039386e-05 0.00020723812792622934 
39.80001 -0.00010963517092473689 0.000225645670519908 
39.90001 -0.00016372784562394892 0.000303264568740928 
