0.10001 -4.998247059614336e-09 0.0 
1e-05 -4.656208198548344e-17 0.0 
0.40001 -8.069433708710754e-08 0.0 
0.80001 -3.3219934984241264e-07 0.0 
1.10001 -6.502346878354674e-07 0.0 
0.30001 -4.519949816546512e-08 0.0 
1.30001 -9.354401653347e-07 0.0 
0.90001 -4.2479279774821535e-07 0.0 
1.00001 -5.30522533960617e-07 0.0 
0.50001 -1.2675984696900985e-07 0.0 
1.60001 -1.4963038110715365e-06 0.0 
0.20001 -2.0030792961157798e-08 0.0 
0.60001 -1.8374250455460253e-07 0.0 
0.70001 -2.5205217938299516e-07 0.0 
1.20001 -7.848321166078537e-07 0.0 
1.40001 -1.1032364085365395e-06 0.0 
1.50001 -1.2896748853302679e-06 0.0 
1.70001 -1.724971474341049e-06 0.0 
1.80001 -1.977724912321756e-06 0.0 
1.90001 -2.2569025249887214e-06 0.0 
2.40001 -4.157055558486294e-06 0.0 
2.10001 -2.905620035024499e-06 0.0 
2.20001 -3.281693624163348e-06 0.0 
2.00001 -2.565208067200812e-06 0.0 
2.30001 -3.697285035685865e-06 0.0 
2.90001 -7.331153570672115e-06 0.0 
2.60001 -5.2305469709672e-06 0.0 
2.70001 -5.8572546820957464e-06 0.0 
3.20001 -1.0259165944165582e-05 0.0 
3.10001 -9.169637386957682e-06 0.0 
2.50001 -4.666101847315075e-06 0.0 
2.80001 -6.554332197982062e-06 0.0 
3.00001 -8.198607789509946e-06 0.0 
3.30001 -1.1485267592733048e-05 0.0 
3.40001 -1.2868897247089052e-05 0.0 
3.70001 -1.8246281697038137e-05 0.0 
3.60001 -1.6215788315232224e-05 0.0 
3.50001 -1.4435673504991323e-05 0.0 
3.80001 -2.0571795133693154e-05 0.0 
4.10001 -2.993543173239674e-05 0.0 
4.00001 -2.634046146188387e-05 0.0 
3.90001 -2.3247257117342923e-05 0.0 
4.80001 -8.311605784166305e-05 0.0 
4.60001 -6.034510920358096e-05 0.0 
4.20001 -3.413823209372433e-05 0.0 
4.40001 -4.4939199494589445e-05 0.0 
4.90001 -9.869323723608623e-05 0.0 
5.00001 -0.00011827691139175864 0.0 
4.50001 -5.19299602476284e-05 0.0 
4.30001 -3.908219332543054e-05 0.0 
4.70001 -7.056809686983192e-05 0.0 
5.30001 -0.00021816345502140793 0.0 
5.40001 -0.00027529361846958503 0.0 
5.10001 -0.0001432455671140978 0.0 
5.20001 -0.00017557693535438852 0.0 
5.50001 -0.00035340591108978076 0.0 
5.90001 -0.0011226998232488814 0.0 
5.80001 -0.0008307762167400549 0.0 
5.70001 -0.000615327895884936 0.0 
5.60001 -0.00046211831753867664 0.0 
6.30001 -0.001762541484628114 0.0 
6.10001 -0.001792515891195479 0.0 
6.20001 -0.001911219223974085 0.0 
6.80001 -0.0005669571251898228 0.0 
6.00001 -0.0014749433082399037 0.0 
6.70001 -0.000708061574309345 0.0 
6.40001 -0.0014619081692358615 0.0 
6.50001 -0.0011529028509143116 0.0 
6.60001 -0.0008993875206615472 0.0 
6.90001 -0.000462598417126625 0.0 
7.00001 -0.00038437242070177936 0.0 
7.20001 -0.0002784600038835081 0.0 
7.10001 -0.0003247342513387561 0.0 
7.30001 -0.00024195051600032824 0.0 
7.60001 -0.00016934837744510866 0.0 
7.70001 -0.00015305654246997933 0.0 
7.80001 -0.00013935391382116844 0.0 
8.10001 -0.00010918177629759433 0.0 
7.40001 -0.00021269378632786032 0.0 
8.00001 -0.00011776664324445295 0.0 
7.50001 -0.00018891784238253388 0.0 
8.20001 -0.00010172995578106032 0.0 
8.40001 -8.950750960542193e-05 0.0 
7.90001 -0.00012772199426917908 0.0 
8.60001 -7.999741876054244e-05 0.0 
8.30001 -9.522171565664628e-05 0.0 
8.50001 -8.446540356807348e-05 0.0 
8.90001 -6.929762886189936e-05 0.0 
8.70001 -7.602257556880701e-05 0.0 
8.80001 -7.247437671377698e-05 0.0 
9.20001 -6.156800395373705e-05 0.0 
9.00001 -6.64457903447365e-05 0.0 
9.70001 -5.295881152796013e-05 0.0 
9.60001 -5.435092699464464e-05 0.0 
9.50001 -5.589163101033339e-05 0.0 
9.10001 -6.388037692500827e-05 0.0 
9.40001 -5.759578239462985e-05 0.0 
9.80001 -5.170216403957711e-05 0.0 
9.30001 -5.948125187360874e-05 0.0 
10.00001 -4.955182703315575e-05 0.0 
10.30001 -4.7106078715896966e-05 0.0 
10.50001 -4.5921301094254194e-05 0.0 
9.90001 -5.056970086429229e-05 0.0 
10.20001 -4.782683195997629e-05 0.0 
10.40001 -4.647255146383449e-05 0.0 
10.10001 -4.8639864739886264e-05 0.0 
10.60001 -4.544870083674653e-05 0.0 
10.70001 -4.505130330904208e-05 0.0 
10.80001 -4.47265615471695e-05 0.0 
11.20001 -4.4119473655019654e-05 0.0 
10.90001 -4.4472371049925754e-05 0.0 
11.30001 -4.4136469861119195e-05 0.0 
11.50001 -4.4373284407206875e-05 0.0 
11.10001 -4.4169714879968e-05 0.0 
11.70001 -4.4888469542999264e-05 0.0 
12.00001 -4.622209129269186e-05 0.0 
11.60001 -4.4595207241477345e-05 0.0 
11.80001 -4.52552942411023e-05 0.0 
11.90001 -4.569863027252776e-05 0.0 
12.40001 -4.921333700521213e-05 0.0 
12.20001 -4.752688824200832e-05 0.0 
11.40001 -4.422071373959262e-05 0.0 
11.00001 -4.4287060641731726e-05 0.0 
12.30001 -4.831903447067888e-05 0.0 
12.60001 -5.134080899839257e-05 0.0 
12.50001 -5.021743300506638e-05 0.0 
12.70001 -5.2593936178308516e-05 0.0 
12.10001 -4.682976965210191e-05 0.0 
12.80001 -5.398937031244093e-05 0.0 
12.90001 -5.5541482974021916e-05 0.0 
13.10001 -5.918575015468069e-05 0.0 
13.40001 -6.635089351941189e-05 0.0 
13.60001 -7.264008020032763e-05 0.0 
13.30001 -6.369825674430935e-05 0.0 
13.80001 -8.059018292044859e-05 0.0 
13.00001 -5.726702479011093e-05 0.0 
13.20001 -6.132038947225345e-05 0.0 
13.50001 -6.931654710821068e-05 0.0 
13.70001 -7.637612805604338e-05 0.0 
13.90001 -8.536242186251057e-05 0.0 
14.00001 -9.079122233141966e-05 0.0 
14.10001 -9.699828623455827e-05 0.0 
14.70001 -0.00016290033249045745 0.0 
14.60001 -0.00014678944254129152 0.0 
14.90001 -0.00020652015293758607 0.0 
14.50001 -0.0001333538823157363 0.0 
14.30001 -0.00011239811523916128 0.0 
14.40001 -0.00012203075566723393 0.0 
14.20001 -0.00010413643903480234 0.0 
14.80001 -0.00018245474498727052 0.0 
15.00001 -0.00023661743474714952 0.0 
15.20001 -0.0003249476082350884 0.0 
15.10001 -0.0002749726849530432 0.0 
15.30001 -0.0003918146557111491 0.0 
15.50001 -0.0006170527122107226 0.0 
15.60001 -0.0008178410933779477 0.0 
15.40001 -0.000484208724771184 0.0 
15.80001 -0.0017084773443122089 0.0 
16.10001 -0.010314746788701762 0.0 
15.70001 -0.001141441129817736 0.0 
16.00001 -0.005243145550405533 0.0 
15.90001 -0.0028152034005062606 0.0 
16.30001 -0.007006749884920827 0.0 
16.20001 -0.012635588669773337 0.0 
16.50001 -0.0018639215594359751 0.0 
16.60001 -0.0011384898903597036 0.0 
16.40001 -0.0034099462547989698 0.0 
16.80001 -0.0005312464363180584 0.0 
17.00001 -0.0002979781421024411 0.0 
17.10001 -0.0002333489871107603 0.0 
16.90001 -0.0003910550846741014 0.0 
16.70001 -0.0007547766767406037 0.0 
17.30001 -0.00015233406546717187 0.0 
17.20001 -0.00018682583750127314 0.0 
17.40001 -0.00012612571781590471 0.0 
17.50001 -0.00010579450164766713 0.0 
17.70001 -7.686655367949309e-05 0.0 
17.60001 -8.973985521901071e-05 0.0 
17.80001 -6.640498911659878e-05 0.0 
17.90001 -5.780265017730385e-05 0.0 
18.00001 -5.065488331448932e-05 0.0 
18.30001 -3.5269281137241705e-05 0.0 
18.20001 -3.958992925889168e-05 0.0 
18.40001 -3.156206975180449e-05 0.0 
18.50001 -2.8361117090630372e-05 0.0 
18.10001 -4.466001660914779e-05 0.0 
18.60001 -2.5581517496608243e-05 0.0 
19.00001 -1.7491370958713185e-05 0.0 
18.80001 -2.102646650325332e-05 0.0 
18.90001 -1.915090925588206e-05 0.0 
18.70001 -2.3155000556820477e-05 0.0 
19.50001 -1.1523854581483564e-05 0.0 
19.30001 -1.3527794643665546e-05 0.0 
19.20001 -1.4703200683156092e-05 0.0 
19.40001 -1.247306545670531e-05 0.0 
19.10001 -1.6017300998111353e-05 0.0 
19.80001 -9.188801748576093e-06 0.0 
19.60001 -1.0667174004770507e-05 0.0 
19.70001 -9.891997118732126e-06 0.0 
20.00001 -7.96674736367194e-06 0.0 
20.20001 -6.947742204679996e-06 0.0 
19.90001 -8.549413975780604e-06 0.0 
20.40001 -6.091348129898121e-06 0.0 
20.10001 -7.43463954271529e-06 0.0 
20.50001 -5.7141136175927e-06 0.0 
20.60001 -5.366465066118079e-06 0.0 
20.30001 -6.5013424720241275e-06 0.0 
20.70001 -5.045557614107466e-06 0.0 
20.90001 -4.474245707470991e-06 0.0 
20.80001 -4.748896704502449e-06 0.0 
21.00001 -4.21961930003159e-06 0.0 
21.10001 -3.983245628573679e-06 0.0 
21.30001 -3.559049581948127e-06 0.0 
21.50001 -3.190786380935868e-06 0.0 
21.20001 -3.763527695515158e-06 0.0 
22.00001 -2.4608631365547385e-06 0.0 
21.90001 -2.588404488586001e-06 0.0 
21.70001 -2.8696385141795902e-06 0.0 
21.80001 -2.724428256036571e-06 0.0 
22.10001 -2.3411634110763012e-06 0.0 
21.60001 -3.0248044423281817e-06 0.0 
22.50001 -1.9298766314937024e-06 0.0 
22.20001 -2.228726423717586e-06 0.0 
22.30001 -2.123014695632859e-06 0.0 
21.40001 -3.3685167427364735e-06 0.0 
22.60001 -1.8415973760567818e-06 0.0 
22.80001 -1.6797393693251605e-06 0.0 
22.40001 -2.0235487624686128e-06 0.0 
22.70001 -1.7583312507628409e-06 0.0 
23.00001 -1.535333492326414e-06 0.0 
22.90001 -1.6055032702154176e-06 0.0 
23.10001 -1.4689628706777333e-06 0.0 
23.20001 -1.4061422166622627e-06 0.0 
23.30001 -1.3466464214616966e-06 0.0 
23.40001 -1.290260346888882e-06 0.0 
23.50001 -1.2367927461601495e-06 0.0 
23.90001 -1.0486500477711428e-06 0.0 
24.00001 -1.0072946216346068e-06 0.0 
23.80001 -1.0921377146407653e-06 0.0 
23.60001 -1.18605834990412e-06 0.0 
23.70001 -1.137892892932656e-06 0.0 
24.30001 -8.948130935897689e-07 0.0 
24.20001 -9.304891201564825e-07 0.0 
24.40001 -8.608190538233039e-07 0.0 
24.60001 -7.97498936160902e-07 0.0 
24.70001 -7.680019455321615e-07 0.0 
24.90001 -7.129491021491712e-07 0.0 
24.80001 -7.398432236827704e-07 0.0 
24.10001 -9.67946097015321e-07 0.0 
24.50001 -8.284096072135491e-07 0.0 
25.00001 -6.872524515726919e-07 0.0 
25.20001 -6.392009506118628e-07 0.0 
25.50001 -5.746381028268961e-07 0.0 
25.30001 -6.167310695046693e-07 0.0 
25.10001 -6.626898269936795e-07 0.0 
25.40001 -5.952260177975376e-07 0.0 
25.60001 -5.549190346790282e-07 0.0 
25.80001 -5.179185279910773e-07 0.0 
25.70001 -5.360266767929434e-07 0.0 
26.10001 -4.679270566368593e-07 0.0 
26.00001 -4.839044088553398e-07 0.0 
25.90001 -5.005567675442209e-07 0.0 
26.20001 -4.525926481719453e-07 0.0 
26.30001 -4.378697328617327e-07 0.0 
26.40001 -4.2373035590293e-07 0.0 
26.60001 -3.970916894103991e-07 0.0 
26.50001 -4.1014591191831124e-07 0.0 
26.70001 -3.845420404570114e-07 0.0 
27.10001 -3.3895020679007375e-07 0.0 
26.80001 -3.724747212352597e-07 0.0 
27.30001 -3.1863793820352294e-07 0.0 
26.90001 -3.608671184641036e-07 0.0 
27.20001 -3.2860229551132846e-07 0.0 
27.00001 -3.496988516012124e-07 0.0 
27.40001 -3.0903963130194274e-07 0.0 
27.60001 -2.908797411984188e-07 0.0 
27.80001 -2.740042999000292e-07 0.0 
27.70001 -2.8228854807985106e-07 0.0 
27.50001 -2.9979223721597495e-07 0.0 
27.90001 -2.6601451755501687e-07 0.0 
28.00001 -2.583065690576356e-07 0.0 
28.10001 -2.5086879129770257e-07 0.0 
28.40001 -2.3006779719588738e-07 0.0 
28.20001 -2.436901688528473e-07 0.0 
28.30001 -2.367597227929115e-07 0.0 
28.60001 -2.1736013194237962e-07 0.0 
28.70001 -2.1132639729428342e-07 0.0 
28.80001 -2.0549505762127656e-07 0.0 
29.00001 -1.9440707325807297e-07 0.0 
28.50001 -2.236041384636959e-07 0.0 
28.90001 -1.9985774287744358e-07 0.0 
29.70001 -1.6090503611925112e-07 0.0 
29.30001 -1.7910347431081015e-07 0.0 
29.10001 -1.891357168130183e-07 0.0 
29.60001 -1.652359746463366e-07 0.0 
29.50001 -1.6970909037748734e-07 0.0 
29.20001 -1.840366497731003e-07 0.0 
29.80001 -1.5671058613366724e-07 0.0 
29.90001 -1.526478447641967e-07 0.0 
30.40001 -1.341450931755995e-07 0.0 
30.00001 -1.4871177664014846e-07 0.0 
29.40001 -1.7432950578832057e-07 0.0 
30.10001 -1.4489781039233738e-07 0.0 
30.60001 -1.2751033985632042e-07 0.0 
30.20001 -1.4120155606291496e-07 0.0 
30.30001 -1.3761859739926648e-07 0.0 
30.70001 -1.243417223753539e-07 0.0 
30.80001 -1.2126779504853017e-07 0.0 
30.50001 -1.3077681876181625e-07 0.0 
31.00001 -1.1539035753189712e-07 0.0 
31.10001 -1.1258071610242176e-07 0.0 
30.90001 -1.1828501532378763e-07 0.0 
31.40001 -1.0463322051411537e-07 0.0 
31.20001 -1.0985314165788453e-07 0.0 
31.50001 -1.0213561969997036e-07 0.0 
31.30001 -1.072049356846195e-07 0.0 
31.60001 -9.97093845714458e-08 0.0 
31.80001 -9.50620000006845e-08 0.0 
32.00001 -9.067293789686962e-08 0.0 
31.90001 -9.283627771920503e-08 0.0 
31.70001 -9.735235578160681e-08 0.0 
32.10001 -8.856998989795145e-08 0.0 
32.50001 -8.072371981803247e-08 0.0 
32.40001 -8.260415774662004e-08 0.0 
32.30001 -8.453743435691508e-08 0.0 
32.60001 -7.889460763084527e-08 0.0 
32.70001 -7.711499355402147e-08 0.0 
32.20001 -8.652547894796831e-08 0.0 
32.90001 -7.369838794134875e-08 0.0 
32.80001 -7.5383473416987e-08 0.0 
33.00001 -7.205837695146386e-08 0.0 
33.10001 -7.046198764643767e-08 0.0 
33.20001 -6.890786410778262e-08 0.0 
33.30001 -6.73947539723742e-08 0.0 
33.40001 -6.592130180394715e-08 0.0 
33.60001 -6.308876955233506e-08 0.0 
33.50001 -6.448641421752717e-08 0.0 
33.80001 -6.04010012482558e-08 0.0 
34.20001 -5.542586951507974e-08 0.0 
33.70001 -6.172737656054098e-08 0.0 
33.90001 -5.910869944855661e-08 0.0 
34.40001 -5.312303808266166e-08 0.0 
34.00001 -5.784937117300986e-08 0.0 
34.50001 -5.201464541800484e-08 0.0 
34.30001 -5.425979492418141e-08 0.0 
34.60001 -5.093389652563147e-08 0.0 
34.70001 -4.987987221153901e-08 0.0 
35.00001 -4.687095154219211e-08 0.0 
34.10001 -5.662207768282827e-08 0.0 
35.20001 -4.4985355569433416e-08 0.0 
35.10001 -4.591657666904852e-08 0.0 
34.90001 -4.784914864574497e-08 0.0 
35.50001 -4.232425573745662e-08 0.0 
34.80001 -4.8851903440309774e-08 0.0 
35.30001 -4.407666081842134e-08 0.0 
35.40001 -4.3189807763309014e-08 0.0 
35.70001 -4.0654522636781644e-08 0.0 
35.80001 -3.984920958971534e-08 0.0 
35.60001 -4.14793229085907e-08 0.0 
35.90001 -3.9062917968662836e-08 0.0 
36.10001 -3.754519603834865e-08 0.0 
36.20001 -3.681279980344576e-08 0.0 
36.30001 -3.60973927264119e-08 0.0 
36.40001 -3.539855555060972e-08 0.0 
36.00001 -3.8295070469381874e-08 0.0 
36.50001 -3.4715786568152355e-08 0.0 
36.60001 -3.404872054251243e-08 0.0 
36.70001 -3.339686494331159e-08 0.0 
36.80001 -3.275988188545634e-08 0.0 
37.00001 -3.152883309903196e-08 0.0 
37.30001 -2.97841166159319e-08 0.0 
37.10001 -3.093403539389796e-08 0.0 
37.60001 -2.8153338665807614e-08 0.0 
37.20001 -3.0352574851923627e-08 0.0 
36.90001 -3.213731620735622e-08 0.0 
37.50001 -2.868482648993362e-08 0.0 
37.70001 -2.7633579305758088e-08 0.0 
37.40001 -2.922829507496284e-08 0.0 
37.80001 -2.7125190906612177e-08 0.0 
38.00001 -2.6141480370037305e-08 0.0 
37.90001 -2.662793169509815e-08 0.0 
38.10001 -2.566558858808813e-08 0.0 
38.20001 -2.5199982795166812e-08 0.0 
38.50001 -2.386233529303088e-08 0.0 
38.60001 -2.343538281580537e-08 0.0 
38.40001 -2.4298608968823956e-08 0.0 
38.30001 -2.4744398928916973e-08 0.0 
38.80001 -2.2608428880201838e-08 0.0 
39.10001 -2.1432161305192626e-08 0.0 
38.90001 -2.220798893790857e-08 0.0 
38.70001 -2.3017473652050352e-08 0.0 
39.30001 -2.0688375485994448e-08 0.0 
39.00001 -2.1815975208687197e-08 0.0 
39.20001 -2.1056357583636288e-08 0.0 
39.40001 -2.0328010772938967e-08 0.0 
39.50001 -1.997510682482187e-08 0.0 
39.60001 -1.96294508664515e-08 0.0 
39.70001 -1.929090601589646e-08 0.0 
39.80001 -1.8959264570462386e-08 0.0 
39.90001 -1.8634395748066137e-08 0.0 
