0.20001 -2.0030792961157798e-08 0.0 
0.50001 -1.2675984696900988e-07 2.6469779601696886e-23 
1.20001 -7.848321166078537e-07 0.0 
1.10001 -6.502346878354673e-07 1.0587911840678754e-22 
0.90001 -4.2479279774821535e-07 0.0 
0.80001 -3.321993498424126e-07 5.293955920339377e-23 
1.00001 -5.305225339606171e-07 1.0587911840678754e-22 
1.50001 -1.2896748853302676e-06 2.117582368135751e-22 
1.60001 -1.4963038110715363e-06 2.117582368135751e-22 
1.80001 -1.9777249123217564e-06 4.235164736271502e-22 
1.70001 -1.7249714743410486e-06 4.235164736271502e-22 
2.20001 -3.2816936241633478e-06 4.235164736271502e-22 
2.10001 -2.905620035024499e-06 0.0 
0.40001 -8.069433708710753e-08 1.3234889800848443e-23 
0.30001 -4.519949816546512e-08 0.0 
0.70001 -2.5205217938299516e-07 0.0 
0.60001 -1.8374250455460253e-07 0.0 
0.10001 -4.998247059614336e-09 0.0 
1.30001 -9.354401653346999e-07 1.0587911840678754e-22 
2.00001 -2.5652080672008118e-06 4.235164736271502e-22 
1.40001 -1.1032364085365397e-06 2.117582368135751e-22 
1.90001 -2.2569025249887214e-06 0.0 
1e-05 -4.6562081985483446e-17 6.162975822039155e-33 
2.30001 -3.6972850356858652e-06 4.235164736271502e-22 
2.40001 -4.157055558486294e-06 0.0 
3.20001 -1.025916594416558e-05 1.6940658945086007e-21 
3.30001 -1.1485267592733048e-05 0.0 
2.50001 -4.666101847315074e-06 8.470329472543003e-22 
4.40001 -4.4939199494589445e-05 0.0 
2.70001 -5.8572546820957464e-06 0.0 
2.60001 -5.2305469709672e-06 0.0 
4.50001 -5.1929960247628405e-05 6.776263578034403e-21 
2.80001 -6.554332197982062e-06 0.0 
2.90001 -7.331153570672115e-06 0.0 
3.00001 -8.198607789509944e-06 1.6940658945086007e-21 
3.10001 -9.169637386957684e-06 1.6940658945086007e-21 
4.60001 -6.0345109203580944e-05 1.3552527156068805e-20 
4.70001 -7.056809686983193e-05 1.3552527156068805e-20 
3.80001 -2.0571795133693154e-05 0.0 
3.50001 -1.443567350499132e-05 3.3881317890172014e-21 
3.40001 -1.286889724708905e-05 1.6940658945086007e-21 
3.70001 -1.824628169703814e-05 3.3881317890172014e-21 
3.60001 -1.621578831523222e-05 3.3881317890172014e-21 
3.90001 -2.3247257117342926e-05 3.3881317890172014e-21 
4.10001 -2.9935431732396734e-05 6.776263578034403e-21 
4.30001 -3.9082193325430544e-05 6.776263578034403e-21 
4.20001 -3.413823209372432e-05 6.776263578034403e-21 
4.00001 -2.6340461461883867e-05 3.3881317890172014e-21 
4.90001 -9.869323723608622e-05 1.3552527156068805e-20 
5.20001 -0.00017557693535438852 0.0 
5.70001 -0.0006153278958849362 1.0842021724855044e-19 
5.80001 -0.0008307762167400549 0.0 
4.80001 -8.311605784166305e-05 0.0 
5.00001 -0.00011827691139175862 2.710505431213761e-20 
5.10001 -0.0001432455671140978 0.0 
5.40001 -0.000275293618469585 5.421010862427522e-20 
5.30001 -0.00021816345502140798 5.421010862427522e-20 
5.50001 -0.0003534059110897807 5.421010862427522e-20 
5.60001 -0.0004621183175386767 5.421010862427522e-20 
7.10001 -0.00032473425133875604 5.421010862427522e-20 
7.00001 -0.00038437242070177936 0.0 
6.90001 -0.00046259841712662495 5.421010862427522e-20 
7.20001 -0.00027846000388350806 5.421010862427522e-20 
5.90001 -0.0011226998232488816 2.168404344971009e-19 
6.40001 -0.0014619081692358617 2.168404344971009e-19 
6.50001 -0.0011529028509143118 2.168404344971009e-19 
6.00001 -0.0014749433082399037 0.0 
6.10001 -0.0017925158911954791 2.168404344971009e-19 
6.20001 -0.0019112192239740847 2.168404344971009e-19 
6.60001 -0.000899387520661547 1.0842021724855044e-19 
6.30001 -0.0017625414846281142 2.168404344971009e-19 
6.70001 -0.000708061574309345 0.0 
6.80001 -0.0005669571251898228 0.0 
7.30001 -0.00024195051600032827 2.710505431213761e-20 
8.00001 -0.00011776664324445297 1.3552527156068805e-20 
7.50001 -0.00018891784238253385 2.710505431213761e-20 
7.40001 -0.00021269378632786035 2.710505431213761e-20 
8.30001 -9.522171565664628e-05 0.0 
8.20001 -0.00010172995578106031 1.3552527156068805e-20 
8.10001 -0.00010918177629759436 2.710505431213761e-20 
7.60001 -0.00016934837744510866 0.0 
7.80001 -0.00013935391382116847 2.710505431213761e-20 
7.70001 -0.0001530565424699793 2.710505431213761e-20 
7.90001 -0.00012772199426917908 0.0 
9.50001 -5.5891631010333385e-05 6.776263578034403e-21 
9.80001 -5.170216403957711e-05 0.0 
9.90001 -5.0569700864292285e-05 6.776263578034403e-21 
10.00001 -4.9551827033155745e-05 6.776263578034403e-21 
8.50001 -8.446540356807346e-05 1.3552527156068805e-20 
8.40001 -8.950750960542193e-05 0.0 
8.60001 -7.999741876054245e-05 1.3552527156068805e-20 
9.00001 -6.644579034473652e-05 1.3552527156068805e-20 
8.90001 -6.929762886189936e-05 0.0 
8.80001 -7.247437671377699e-05 1.3552527156068805e-20 
8.70001 -7.602257556880702e-05 1.3552527156068805e-20 
9.10001 -6.388037692500826e-05 1.3552527156068805e-20 
9.40001 -5.7595782394629864e-05 1.3552527156068805e-20 
9.20001 -6.156800395373707e-05 1.3552527156068805e-20 
9.70001 -5.295881152796013e-05 0.0 
9.60001 -5.4350926994644647e-05 6.776263578034403e-21 
9.30001 -5.948125187360876e-05 1.3552527156068805e-20 
10.50001 -4.59213010942542e-05 6.776263578034403e-21 
10.60001 -4.544870083674653e-05 0.0 
10.20001 -4.78268319599763e-05 6.776263578034403e-21 
10.10001 -4.8639864739886264e-05 0.0 
10.30001 -4.7106078715896966e-05 0.0 
10.70001 -4.505130330904209e-05 6.776263578034403e-21 
10.40001 -4.647255146383449e-05 0.0 
10.80001 -4.4726561547169494e-05 6.776263578034403e-21 
12.30001 -4.831903447067888e-05 0.0 
12.20001 -4.752688824200832e-05 0.0 
11.70001 -4.4888469542999264e-05 0.0 
11.90001 -4.569863027252776e-05 0.0 
11.00001 -4.428706064173172e-05 6.776263578034403e-21 
10.90001 -4.4472371049925754e-05 0.0 
12.00001 -4.622209129269186e-05 0.0 
12.70001 -5.2593936178308516e-05 0.0 
11.10001 -4.416971487996799e-05 6.776263578034403e-21 
11.30001 -4.41364698611192e-05 6.776263578034403e-21 
11.50001 -4.4373284407206875e-05 0.0 
11.40001 -4.422071373959263e-05 6.776263578034403e-21 
11.20001 -4.411947365501965e-05 6.776263578034403e-21 
11.60001 -4.459520724147735e-05 6.776263578034403e-21 
12.90001 -5.55414829740219e-05 1.3552527156068805e-20 
11.80001 -4.52552942411023e-05 0.0 
12.40001 -4.921333700521213e-05 0.0 
12.10001 -4.682976965210191e-05 0.0 
12.50001 -5.021743300506637e-05 6.776263578034403e-21 
12.60001 -5.134080899839257e-05 0.0 
13.10001 -5.9185750154680686e-05 6.776263578034403e-21 
13.00001 -5.7267024790110915e-05 1.3552527156068805e-20 
12.80001 -5.398937031244093e-05 0.0 
13.70001 -7.637612805604338e-05 0.0 
15.10001 -0.0002749726849530432 0.0 
14.40001 -0.0001220307556672339 2.710505431213761e-20 
13.20001 -6.132038947225344e-05 1.3552527156068805e-20 
15.00001 -0.0002366174347471495 2.710505431213761e-20 
13.30001 -6.369825674430935e-05 0.0 
13.60001 -7.264008020032763e-05 0.0 
13.40001 -6.635089351941188e-05 1.3552527156068805e-20 
13.50001 -6.931654710821068e-05 0.0 
13.90001 -8.536242186251058e-05 1.3552527156068805e-20 
13.80001 -8.059018292044859e-05 0.0 
14.60001 -0.0001467894425412915 2.710505431213761e-20 
14.00001 -9.079122233141966e-05 0.0 
14.10001 -9.699828623455825e-05 1.3552527156068805e-20 
14.30001 -0.00011239811523916125 2.710505431213761e-20 
14.20001 -0.00010413643903480234 0.0 
14.80001 -0.00018245474498727052 0.0 
14.90001 -0.0002065201529375861 2.710505431213761e-20 
15.30001 -0.00039181465571114916 5.421010862427522e-20 
15.20001 -0.00032494760823508845 5.421010862427522e-20 
15.40001 -0.00048420872477118396 5.421010862427522e-20 
14.70001 -0.00016290033249045745 0.0 
14.50001 -0.00013335388231573627 2.710505431213761e-20 
15.70001 -0.0011414411298177362 2.168404344971009e-19 
15.50001 -0.0006170527122107226 0.0 
15.60001 -0.0008178410933779476 1.0842021724855044e-19 
15.80001 -0.0017084773443122089 0.0 
15.90001 -0.002815203400506261 4.336808689942018e-19 
17.30001 -0.00015233406546717187 0.0 
17.60001 -8.973985521901072e-05 1.3552527156068805e-20 
17.10001 -0.0002333489871107603 0.0 
16.00001 -0.005243145550405532 8.673617379884035e-19 
16.10001 -0.01031474678870176 1.734723475976807e-18 
17.70001 -7.686655367949309e-05 0.0 
16.40001 -0.00340994625479897 4.336808689942018e-19 
17.00001 -0.00029797814210244105 5.421010862427522e-20 
16.20001 -0.012635588669773337 0.0 
16.30001 -0.007006749884920826 8.673617379884035e-19 
16.90001 -0.0003910550846741014 0.0 
17.20001 -0.0001868258375012731 2.710505431213761e-20 
16.60001 -0.0011384898903597036 0.0 
16.70001 -0.0007547766767406037 0.0 
16.50001 -0.001863921559435975 2.168404344971009e-19 
16.80001 -0.0005312464363180583 1.0842021724855044e-19 
18.10001 -4.466001660914779e-05 0.0 
17.50001 -0.00010579450164766714 1.3552527156068805e-20 
18.20001 -3.9589929258891674e-05 6.776263578034403e-21 
17.40001 -0.00012612571781590471 0.0 
17.80001 -6.640498911659878e-05 0.0 
17.90001 -5.780265017730385e-05 0.0 
18.30001 -3.526928113724171e-05 6.776263578034403e-21 
18.00001 -5.0654883314489315e-05 6.776263578034403e-21 
18.60001 -2.558151749660824e-05 3.3881317890172014e-21 
19.70001 -9.891997118732125e-06 1.6940658945086007e-21 
19.90001 -8.549413975780604e-06 0.0 
19.20001 -1.4703200683156094e-05 1.6940658945086007e-21 
19.10001 -1.601730099811135e-05 3.3881317890172014e-21 
18.80001 -2.102646650325332e-05 0.0 
18.70001 -2.3155000556820477e-05 0.0 
18.40001 -3.156206975180449e-05 0.0 
18.50001 -2.8361117090630362e-05 1.0164395367051604e-20 
19.00001 -1.749137095871319e-05 3.3881317890172014e-21 
18.90001 -1.9150909255882065e-05 3.3881317890172014e-21 
20.30001 -6.501342472024127e-06 8.470329472543003e-22 
19.40001 -1.247306545670531e-05 0.0 
19.30001 -1.3527794643665542e-05 3.3881317890172014e-21 
19.60001 -1.0667174004770509e-05 1.6940658945086007e-21 
19.50001 -1.1523854581483564e-05 0.0 
20.50001 -5.714113617592701e-06 8.470329472543003e-22 
19.80001 -9.188801748576093e-06 0.0 
20.60001 -5.366465066118079e-06 0.0 
20.10001 -7.434639542715291e-06 8.470329472543003e-22 
20.20001 -6.947742204679996e-06 0.0 
20.70001 -5.045557614107466e-06 0.0 
20.40001 -6.091348129898121e-06 0.0 
20.00001 -7.966747363671939e-06 1.6940658945086007e-21 
21.60001 -3.0248044423281817e-06 0.0 
20.80001 -4.748896704502449e-06 0.0 
20.90001 -4.47424570747099e-06 8.470329472543003e-22 
21.10001 -3.983245628573679e-06 0.0 
22.10001 -2.341163411076301e-06 4.235164736271502e-22 
21.00001 -4.219619300031589e-06 8.470329472543003e-22 
21.30001 -3.559049581948128e-06 8.470329472543003e-22 
21.20001 -3.763527695515158e-06 0.0 
21.40001 -3.3685167427364744e-06 8.470329472543003e-22 
21.50001 -3.190786380935868e-06 0.0 
22.60001 -1.8415973760567818e-06 0.0 
22.30001 -2.1230146956328593e-06 4.235164736271502e-22 
21.70001 -2.8696385141795902e-06 0.0 
21.90001 -2.5884044885860005e-06 4.235164736271502e-22 
21.80001 -2.7244282560365716e-06 4.235164736271502e-22 
22.20001 -2.2287264237175857e-06 4.235164736271502e-22 
22.00001 -2.460863136554739e-06 4.235164736271502e-22 
22.40001 -2.0235487624686128e-06 0.0 
22.50001 -1.9298766314937024e-06 0.0 
22.70001 -1.7583312507628409e-06 0.0 
22.90001 -1.6055032702154176e-06 0.0 
23.30001 -1.3466464214616964e-06 2.117582368135751e-22 
22.80001 -1.6797393693251602e-06 2.117582368135751e-22 
24.00001 -1.0072946216346068e-06 0.0 
23.90001 -1.0486500477711428e-06 0.0 
23.10001 -1.4689628706777333e-06 0.0 
23.20001 -1.4061422166622627e-06 0.0 
23.00001 -1.535333492326414e-06 0.0 
23.40001 -1.2902603468888818e-06 2.117582368135751e-22 
23.60001 -1.1860583499041202e-06 2.117582368135751e-22 
23.70001 -1.137892892932656e-06 0.0 
23.50001 -1.2367927461601493e-06 2.117582368135751e-22 
23.80001 -1.092137714640765e-06 2.117582368135751e-22 
25.20001 -6.392009506118628e-07 0.0 
24.10001 -9.679460970153208e-07 2.117582368135751e-22 
24.30001 -8.948130935897689e-07 0.0 
25.30001 -6.167310695046693e-07 0.0 
24.20001 -9.304891201564826e-07 1.0587911840678754e-22 
24.90001 -7.129491021491713e-07 1.0587911840678754e-22 
24.60001 -7.974989361609019e-07 1.0587911840678754e-22 
24.70001 -7.680019455321615e-07 0.0 
24.50001 -8.284096072135491e-07 0.0 
24.40001 -8.608190538233037e-07 2.117582368135751e-22 
24.80001 -7.398432236827704e-07 0.0 
25.00001 -6.872524515726917e-07 1.0587911840678754e-22 
25.10001 -6.626898269936795e-07 0.0 
26.20001 -4.525926481719453e-07 0.0 
25.60001 -5.549190346790281e-07 1.0587911840678754e-22 
25.40001 -5.952260177975377e-07 1.0587911840678754e-22 
26.50001 -4.101459119183113e-07 5.293955920339377e-23 
25.50001 -5.746381028268962e-07 1.0587911840678754e-22 
25.70001 -5.360266767929434e-07 0.0 
26.70001 -3.845420404570113e-07 1.0587911840678754e-22 
25.80001 -5.179185279910773e-07 0.0 
27.30001 -3.1863793820352294e-07 0.0 
25.90001 -5.005567675442208e-07 1.0587911840678754e-22 
26.00001 -4.839044088553397e-07 1.0587911840678754e-22 
26.10001 -4.679270566368594e-07 1.0587911840678754e-22 
26.90001 -3.6086711846410354e-07 5.293955920339377e-23 
26.80001 -3.7247472123525967e-07 5.293955920339377e-23 
26.30001 -4.378697328617327e-07 0.0 
26.40001 -4.2373035590293004e-07 5.293955920339377e-23 
26.60001 -3.970916894103991e-07 0.0 
27.20001 -3.2860229551132846e-07 0.0 
27.80001 -2.740042999000292e-07 0.0 
27.50001 -2.9979223721597495e-07 0.0 
27.00001 -3.496988516012125e-07 5.293955920339377e-23 
27.10001 -3.389502067900738e-07 5.293955920339377e-23 
28.10001 -2.508687912977025e-07 5.293955920339377e-23 
27.40001 -3.090396313019428e-07 5.293955920339377e-23 
28.30001 -2.367597227929115e-07 0.0 
27.60001 -2.908797411984188e-07 0.0 
27.90001 -2.660145175550168e-07 5.293955920339377e-23 
27.70001 -2.82288548079851e-07 5.293955920339377e-23 
28.00001 -2.583065690576356e-07 0.0 
29.30001 -1.7910347431081015e-07 0.0 
29.40001 -1.7432950578832057e-07 0.0 
28.20001 -2.4369016885284725e-07 5.293955920339377e-23 
28.70001 -2.113263972942834e-07 2.6469779601696886e-23 
28.80001 -2.054950576212765e-07 5.293955920339377e-23 
28.50001 -2.2360413846369584e-07 5.293955920339377e-23 
28.40001 -2.300677971958874e-07 2.6469779601696886e-23 
29.20001 -1.840366497731003e-07 0.0 
28.90001 -1.9985774287744363e-07 5.293955920339377e-23 
28.60001 -2.1736013194237967e-07 5.293955920339377e-23 
29.70001 -1.6090503611925112e-07 0.0 
29.10001 -1.8913571681301828e-07 2.6469779601696886e-23 
30.40001 -1.3414509317559952e-07 2.6469779601696886e-23 
29.00001 -1.94407073258073e-07 2.6469779601696886e-23 
29.90001 -1.526478447641967e-07 0.0 
30.50001 -1.3077681876181623e-07 2.6469779601696886e-23 
29.50001 -1.6970909037748734e-07 0.0 
29.60001 -1.6523597464633659e-07 2.6469779601696886e-23 
30.00001 -1.4871177664014846e-07 0.0 
30.10001 -1.4489781039233738e-07 0.0 
29.80001 -1.5671058613366726e-07 2.6469779601696886e-23 
30.30001 -1.376185973992665e-07 2.6469779601696886e-23 
30.20001 -1.41201556062915e-07 2.6469779601696886e-23 
31.60001 -9.970938457144579e-08 1.3234889800848443e-23 
31.40001 -1.0463322051411537e-07 0.0 
31.90001 -9.283627771920505e-08 1.3234889800848443e-23 
30.70001 -1.243417223753539e-07 0.0 
30.80001 -1.2126779504853014e-07 2.6469779601696886e-23 
31.10001 -1.125807161024218e-07 3.970466940254533e-23 
30.60001 -1.2751033985632042e-07 0.0 
31.80001 -9.50620000006845e-08 0.0 
30.90001 -1.1828501532378763e-07 0.0 
31.00001 -1.1539035753189713e-07 1.3234889800848443e-23 
31.20001 -1.0985314165788453e-07 0.0 
31.30001 -1.0720493568461949e-07 1.3234889800848443e-23 
31.70001 -9.735235578160681e-08 0.0 
31.50001 -1.0213561969997038e-07 1.3234889800848443e-23 
32.70001 -7.711499355402149e-08 1.3234889800848443e-23 
32.00001 -9.067293789686962e-08 0.0 
32.90001 -7.369838794134876e-08 1.3234889800848443e-23 
32.80001 -7.538347341698702e-08 1.3234889800848443e-23 
32.20001 -8.65254789479683e-08 1.3234889800848443e-23 
32.10001 -8.856998989795145e-08 0.0 
32.30001 -8.453743435691508e-08 0.0 
33.40001 -6.592130180394717e-08 1.3234889800848443e-23 
32.50001 -8.072371981803247e-08 0.0 
32.60001 -7.889460763084527e-08 0.0 
32.40001 -8.260415774662004e-08 0.0 
33.00001 -7.205837695146386e-08 0.0 
33.10001 -7.046198764643766e-08 1.3234889800848443e-23 
34.10001 -5.662207768282826e-08 6.617444900424222e-24 
34.30001 -5.425979492418142e-08 1.3234889800848443e-23 
33.20001 -6.890786410778263e-08 1.3234889800848443e-23 
34.40001 -5.312303808266165e-08 6.617444900424222e-24 
33.30001 -6.739475397237422e-08 1.3234889800848443e-23 
33.50001 -6.448641421752719e-08 1.3234889800848443e-23 
33.60001 -6.308876955233506e-08 0.0 
33.80001 -6.040100124825582e-08 1.3234889800848443e-23 
33.90001 -5.91086994485566e-08 1.3234889800848443e-23 
33.70001 -6.172737656054098e-08 0.0 
34.00001 -5.784937117300985e-08 1.3234889800848443e-23 
34.80001 -4.885190344030977e-08 6.617444900424222e-24 
35.40001 -4.318980776330902e-08 6.617444900424222e-24 
34.50001 -5.2014645418004826e-08 1.3234889800848443e-23 
35.50001 -4.232425573745662e-08 0.0 
34.20001 -5.542586951507974e-08 0.0 
34.70001 -4.9879872211539014e-08 6.617444900424222e-24 
35.70001 -4.0654522636781644e-08 0.0 
35.30001 -4.4076660818421335e-08 6.617444900424222e-24 
34.60001 -5.0933896525631455e-08 1.3234889800848443e-23 
34.90001 -4.784914864574497e-08 0.0 
35.00001 -4.6870951542192113e-08 6.617444900424222e-24 
35.20001 -4.498535556943341e-08 6.617444900424222e-24 
35.60001 -4.14793229085907e-08 0.0 
35.10001 -4.591657666904851e-08 6.617444900424222e-24 
36.50001 -3.471578656815236e-08 6.617444900424222e-24 
36.80001 -3.275988188545634e-08 0.0 
36.60001 -3.404872054251244e-08 6.617444900424222e-24 
35.80001 -3.984920958971535e-08 6.617444900424222e-24 
35.90001 -3.9062917968662836e-08 0.0 
36.00001 -3.829507046938187e-08 6.617444900424222e-24 
37.10001 -3.093403539389796e-08 0.0 
36.10001 -3.754519603834864e-08 6.617444900424222e-24 
36.70001 -3.3396864943311597e-08 6.617444900424222e-24 
36.20001 -3.681279980344576e-08 0.0 
36.40001 -3.5398555550609716e-08 6.617444900424222e-24 
36.30001 -3.609739272641189e-08 6.617444900424222e-24 
38.00001 -2.6141480370037308e-08 3.308722450212111e-24 
38.10001 -2.566558858808813e-08 0.0 
36.90001 -3.2137316207356226e-08 6.617444900424222e-24 
37.90001 -2.662793169509815e-08 0.0 
37.00001 -3.1528833099031956e-08 6.617444900424222e-24 
37.20001 -3.0352574851923627e-08 0.0 
37.60001 -2.815333866580762e-08 6.617444900424222e-24 
37.40001 -2.9228295074962843e-08 3.308722450212111e-24 
37.50001 -2.8684826489933613e-08 6.617444900424222e-24 
37.70001 -2.7633579305758088e-08 0.0 
37.30001 -2.9784116615931904e-08 3.308722450212111e-24 
39.10001 -2.1432161305192623e-08 3.308722450212111e-24 
38.50001 -2.3862335293030882e-08 3.308722450212111e-24 
37.80001 -2.7125190906612173e-08 3.308722450212111e-24 
39.20001 -2.1056357583636288e-08 0.0 
39.40001 -2.0328010772938967e-08 0.0 
38.20001 -2.5199982795166815e-08 3.308722450212111e-24 
38.30001 -2.474439892891697e-08 3.308722450212111e-24 
39.60001 -1.9629450866451503e-08 3.308722450212111e-24 
39.70001 -1.9290906015896463e-08 3.308722450212111e-24 
38.40001 -2.4298608968823956e-08 0.0 
38.70001 -2.3017473652050352e-08 0.0 
38.90001 -2.2207988937908567e-08 3.308722450212111e-24 
39.50001 -1.997510682482187e-08 0.0 
38.80001 -2.2608428880201838e-08 0.0 
38.60001 -2.3435382815805367e-08 3.308722450212111e-24 
39.00001 -2.1815975208687193e-08 3.308722450212111e-24 
39.30001 -2.068837548599445e-08 3.308722450212111e-24 
39.80001 -1.8959264570462382e-08 3.308722450212111e-24 
39.90001 -1.8634395748066134e-08 3.308722450212111e-24 
