1e-05 -4.656208198548343e-17 1.232595164407831e-32 
0.70001 -2.5205217938299516e-07 0.0 
0.10001 -4.998247059614336e-09 0.0 
0.20001 -2.00307929611578e-08 3.308722450212111e-24 
1.10001 -6.502346878354675e-07 1.0587911840678754e-22 
1.20001 -7.848321166078538e-07 1.0587911840678754e-22 
1.80001 -1.9777249123217555e-06 4.235164736271502e-22 
1.70001 -1.7249714743410488e-06 2.117582368135751e-22 
1.00001 -5.305225339606169e-07 1.0587911840678754e-22 
2.10001 -2.9056200350244993e-06 4.235164736271502e-22 
1.60001 -1.4963038110715365e-06 0.0 
1.50001 -1.2896748853302676e-06 2.117582368135751e-22 
2.20001 -3.2816936241633486e-06 4.235164736271502e-22 
2.30001 -3.697285035685864e-06 8.470329472543003e-22 
2.40001 -4.157055558486295e-06 8.470329472543003e-22 
1.90001 -2.256902524988721e-06 4.235164736271502e-22 
0.30001 -4.519949816546511e-08 1.3234889800848443e-23 
0.90001 -4.247927977482154e-07 5.293955920339377e-23 
0.80001 -3.3219934984241264e-07 0.0 
2.00001 -2.565208067200812e-06 0.0 
0.60001 -1.8374250455460258e-07 5.293955920339377e-23 
0.50001 -1.2675984696900982e-07 2.6469779601696886e-23 
0.40001 -8.069433708710756e-08 1.3234889800848443e-23 
1.40001 -1.1032364085365393e-06 2.117582368135751e-22 
1.30001 -9.354401653347e-07 0.0 
3.40001 -1.2868897247089052e-05 0.0 
3.00001 -8.19860778950995e-06 3.3881317890172014e-21 
3.30001 -1.148526759273305e-05 1.6940658945086007e-21 
3.50001 -1.4435673504991322e-05 1.6940658945086007e-21 
2.60001 -5.230546970967199e-06 8.470329472543003e-22 
2.50001 -4.666101847315075e-06 0.0 
2.80001 -6.554332197982063e-06 8.470329472543003e-22 
2.70001 -5.857254682095745e-06 1.6940658945086007e-21 
2.90001 -7.331153570672113e-06 1.6940658945086007e-21 
3.10001 -9.16963738695768e-06 1.6940658945086007e-21 
3.20001 -1.025916594416558e-05 1.6940658945086007e-21 
4.60001 -6.034510920358095e-05 6.776263578034403e-21 
4.70001 -7.056809686983193e-05 1.3552527156068805e-20 
4.80001 -8.311605784166307e-05 1.3552527156068805e-20 
4.90001 -9.869323723608623e-05 0.0 
3.60001 -1.621578831523222e-05 3.3881317890172014e-21 
3.80001 -2.0571795133693158e-05 3.3881317890172014e-21 
4.00001 -2.6340461461883878e-05 6.776263578034403e-21 
3.70001 -1.824628169703814e-05 3.3881317890172014e-21 
3.90001 -2.3247257117342923e-05 0.0 
4.20001 -3.413823209372434e-05 6.776263578034403e-21 
4.10001 -2.9935431732396748e-05 6.776263578034403e-21 
4.30001 -3.908219332543053e-05 6.776263578034403e-21 
4.40001 -4.493919949458944e-05 6.776263578034403e-21 
4.50001 -5.19299602476284e-05 0.0 
5.70001 -0.0006153278958849358 2.168404344971009e-19 
5.90001 -0.0011226998232488816 2.168404344971009e-19 
5.80001 -0.0008307762167400549 0.0 
6.00001 -0.001474943308239904 2.168404344971009e-19 
5.00001 -0.00011827691139175863 1.3552527156068805e-20 
5.10001 -0.00014324556711409783 2.710505431213761e-20 
5.40001 -0.0002752936184695851 5.421010862427522e-20 
5.30001 -0.00021816345502140795 2.710505431213761e-20 
5.20001 -0.00017557693535438855 2.710505431213761e-20 
5.50001 -0.0003534059110897808 5.421010862427522e-20 
5.60001 -0.00046211831753867664 0.0 
7.20001 -0.00027846000388350806 5.421010862427522e-20 
7.10001 -0.00032473425133875604 5.421010862427522e-20 
7.40001 -0.00021269378632786032 0.0 
7.30001 -0.0002419505160003283 5.421010862427522e-20 
6.40001 -0.0014619081692358613 2.168404344971009e-19 
6.10001 -0.001792515891195479 0.0 
6.30001 -0.001762541484628114 0.0 
6.50001 -0.0011529028509143112 4.336808689942018e-19 
6.20001 -0.0019112192239740845 4.336808689942018e-19 
6.70001 -0.0007080615743093452 1.0842021724855044e-19 
6.60001 -0.0008993875206615472 0.0 
6.80001 -0.0005669571251898229 1.0842021724855044e-19 
6.90001 -0.0004625984171266251 1.0842021724855044e-19 
7.00001 -0.0003843724207017794 5.421010862427522e-20 
7.50001 -0.00018891784238253388 0.0 
7.60001 -0.00016934837744510866 0.0 
7.70001 -0.0001530565424699793 2.710505431213761e-20 
8.20001 -0.00010172995578106031 1.3552527156068805e-20 
8.30001 -9.522171565664628e-05 0.0 
8.40001 -8.950750960542194e-05 1.3552527156068805e-20 
8.50001 -8.446540356807349e-05 1.3552527156068805e-20 
7.80001 -0.0001393539138211684 2.710505431213761e-20 
7.90001 -0.00012772199426917908 0.0 
8.00001 -0.00011776664324445293 2.710505431213761e-20 
8.10001 -0.00010918177629759433 0.0 
9.90001 -5.0569700864292285e-05 6.776263578034403e-21 
10.00001 -4.955182703315576e-05 6.776263578034403e-21 
10.10001 -4.863986473988627e-05 6.776263578034403e-21 
10.20001 -4.78268319599763e-05 6.776263578034403e-21 
9.70001 -5.295881152796013e-05 0.0 
9.80001 -5.170216403957711e-05 0.0 
8.70001 -7.6022575568807e-05 1.3552527156068805e-20 
9.60001 -5.435092699464463e-05 6.776263578034403e-21 
8.60001 -7.999741876054242e-05 1.3552527156068805e-20 
8.80001 -7.247437671377696e-05 1.3552527156068805e-20 
9.10001 -6.388037692500827e-05 0.0 
8.90001 -6.929762886189937e-05 1.3552527156068805e-20 
9.00001 -6.644579034473648e-05 2.710505431213761e-20 
9.20001 -6.156800395373707e-05 1.3552527156068805e-20 
9.40001 -5.759578239462984e-05 1.3552527156068805e-20 
9.30001 -5.948125187360876e-05 1.3552527156068805e-20 
9.50001 -5.58916310103334e-05 6.776263578034403e-21 
10.70001 -4.505130330904208e-05 0.0 
10.30001 -4.7106078715896966e-05 0.0 
10.40001 -4.6472551463834495e-05 6.776263578034403e-21 
10.80001 -4.472656154716951e-05 6.776263578034403e-21 
11.00001 -4.4287060641731726e-05 0.0 
10.90001 -4.447237104992577e-05 1.3552527156068805e-20 
10.50001 -4.592130109425419e-05 6.776263578034403e-21 
10.60001 -4.544870083674653e-05 0.0 
11.20001 -4.411947365501966e-05 6.776263578034403e-21 
12.40001 -4.921333700521213e-05 0.0 
11.10001 -4.416971487996801e-05 1.3552527156068805e-20 
12.80001 -5.398937031244094e-05 1.3552527156068805e-20 
11.40001 -4.4220713739592616e-05 6.776263578034403e-21 
12.70001 -5.259393617830852e-05 6.776263578034403e-21 
12.90001 -5.554148297402192e-05 6.776263578034403e-21 
11.30001 -4.413646986111919e-05 6.776263578034403e-21 
11.60001 -4.4595207241477345e-05 0.0 
11.50001 -4.4373284407206875e-05 0.0 
11.70001 -4.488846954299926e-05 6.776263578034403e-21 
11.90001 -4.569863027252777e-05 6.776263578034403e-21 
11.80001 -4.52552942411023e-05 0.0 
12.60001 -5.134080899839257e-05 0.0 
12.00001 -4.622209129269185e-05 6.776263578034403e-21 
12.20001 -4.7526888242008326e-05 6.776263578034403e-21 
12.10001 -4.682976965210192e-05 6.776263578034403e-21 
12.30001 -4.8319034470678884e-05 6.776263578034403e-21 
13.30001 -6.369825674430936e-05 1.3552527156068805e-20 
12.50001 -5.0217433005066384e-05 6.776263578034403e-21 
13.50001 -6.931654710821066e-05 1.3552527156068805e-20 
13.70001 -7.63761280560434e-05 2.710505431213761e-20 
13.00001 -5.7267024790110935e-05 6.776263578034403e-21 
13.80001 -8.059018292044858e-05 1.3552527156068805e-20 
13.10001 -5.9185750154680706e-05 1.3552527156068805e-20 
13.20001 -6.132038947225347e-05 1.3552527156068805e-20 
13.40001 -6.635089351941189e-05 0.0 
13.60001 -7.264008020032766e-05 2.710505431213761e-20 
15.00001 -0.00023661743474714952 0.0 
15.20001 -0.00032494760823508834 5.421010862427522e-20 
15.30001 -0.0003918146557111491 0.0 
15.50001 -0.0006170527122107224 2.168404344971009e-19 
13.90001 -8.536242186251056e-05 1.3552527156068805e-20 
14.50001 -0.0001333538823157363 0.0 
14.00001 -9.079122233141965e-05 1.3552527156068805e-20 
14.10001 -9.699828623455827e-05 0.0 
14.20001 -0.00010413643903480234 0.0 
14.30001 -0.00011239811523916129 1.3552527156068805e-20 
14.40001 -0.00012203075566723393 0.0 
15.10001 -0.0002749726849530433 1.0842021724855044e-19 
14.60001 -0.00014678944254129152 0.0 
15.70001 -0.0011414411298177355 4.336808689942018e-19 
14.80001 -0.00018245474498727047 5.421010862427522e-20 
14.90001 -0.00020652015293758607 0.0 
16.00001 -0.005243145550405533 0.0 
15.80001 -0.001708477344312209 2.168404344971009e-19 
16.10001 -0.010314746788701762 0.0 
14.70001 -0.00016290033249045748 2.710505431213761e-20 
15.40001 -0.000484208724771184 0.0 
15.90001 -0.00281520340050626 4.336808689942018e-19 
16.20001 -0.012635588669773335 1.734723475976807e-18 
16.30001 -0.007006749884920828 8.673617379884035e-19 
15.60001 -0.0008178410933779477 0.0 
17.60001 -8.973985521901071e-05 0.0 
17.80001 -6.640498911659879e-05 1.3552527156068805e-20 
18.30001 -3.52692811372417e-05 6.776263578034403e-21 
18.20001 -3.958992925889168e-05 0.0 
17.70001 -7.686655367949307e-05 1.3552527156068805e-20 
16.50001 -0.0018639215594359751 0.0 
17.30001 -0.0001523340654671719 2.710505431213761e-20 
16.40001 -0.0034099462547989698 0.0 
17.10001 -0.00023334898711076035 5.421010862427522e-20 
18.10001 -4.4660016609147796e-05 6.776263578034403e-21 
16.60001 -0.0011384898903597034 2.168404344971009e-19 
16.80001 -0.0005312464363180583 1.0842021724855044e-19 
16.70001 -0.0007547766767406036 1.0842021724855044e-19 
17.00001 -0.00029797814210244115 5.421010862427522e-20 
16.90001 -0.0003910550846741013 1.0842021724855044e-19 
18.00001 -5.0654883314489315e-05 6.776263578034403e-21 
18.50001 -2.836111709063037e-05 3.3881317890172014e-21 
17.20001 -0.00018682583750127314 0.0 
18.60001 -2.5581517496608246e-05 3.3881317890172014e-21 
17.50001 -0.00010579450164766713 0.0 
17.40001 -0.00012612571781590466 5.421010862427522e-20 
17.90001 -5.7802650177303855e-05 6.776263578034403e-21 
18.70001 -2.315500055682048e-05 3.3881317890172014e-21 
18.40001 -3.15620697518045e-05 6.776263578034403e-21 
18.80001 -2.1026466503253316e-05 3.3881317890172014e-21 
18.90001 -1.915090925588206e-05 0.0 
19.10001 -1.601730099811135e-05 3.3881317890172014e-21 
20.10001 -7.43463954271529e-06 0.0 
20.30001 -6.501342472024129e-06 1.6940658945086007e-21 
19.40001 -1.247306545670531e-05 0.0 
19.00001 -1.7491370958713185e-05 0.0 
20.70001 -5.045557614107466e-06 0.0 
20.90001 -4.474245707470992e-06 8.470329472543003e-22 
19.30001 -1.3527794643665544e-05 1.6940658945086007e-21 
20.00001 -7.966747363671944e-06 3.3881317890172014e-21 
19.20001 -1.4703200683156092e-05 0.0 
19.60001 -1.0667174004770507e-05 0.0 
19.70001 -9.891997118732128e-06 1.6940658945086007e-21 
19.80001 -9.188801748576093e-06 0.0 
19.50001 -1.1523854581483565e-05 1.6940658945086007e-21 
19.90001 -8.5494139757806e-06 3.3881317890172014e-21 
21.30001 -3.559049581948127e-06 0.0 
21.20001 -3.7635276955151585e-06 4.235164736271502e-22 
20.20001 -6.947742204679995e-06 8.470329472543003e-22 
20.40001 -6.091348129898122e-06 8.470329472543003e-22 
20.50001 -5.714113617592699e-06 8.470329472543003e-22 
20.60001 -5.366465066118079e-06 0.0 
20.80001 -4.74889670450245e-06 8.470329472543003e-22 
21.60001 -3.024804442328182e-06 4.235164736271502e-22 
21.70001 -2.86963851417959e-06 4.235164736271502e-22 
21.00001 -4.219619300031589e-06 8.470329472543003e-22 
21.10001 -3.983245628573679e-06 0.0 
21.40001 -3.368516742736474e-06 4.235164736271502e-22 
21.50001 -3.190786380935867e-06 8.470329472543003e-22 
22.60001 -1.8415973760567818e-06 0.0 
22.70001 -1.7583312507628407e-06 2.117582368135751e-22 
23.40001 -1.2902603468888818e-06 2.117582368135751e-22 
23.30001 -1.3466464214616968e-06 2.117582368135751e-22 
21.80001 -2.724428256036571e-06 0.0 
21.90001 -2.588404488586001e-06 0.0 
22.10001 -2.3411634110763016e-06 4.235164736271502e-22 
22.00001 -2.460863136554739e-06 4.235164736271502e-22 
22.20001 -2.228726423717586e-06 0.0 
22.40001 -2.023548762468613e-06 4.235164736271502e-22 
22.30001 -2.123014695632859e-06 0.0 
22.50001 -1.9298766314937024e-06 0.0 
23.50001 -1.2367927461601497e-06 2.117582368135751e-22 
23.60001 -1.1860583499041195e-06 4.235164736271502e-22 
24.10001 -9.679460970153208e-07 2.117582368135751e-22 
22.80001 -1.6797393693251602e-06 2.117582368135751e-22 
23.20001 -1.4061422166622625e-06 2.117582368135751e-22 
23.00001 -1.5353334923264144e-06 4.235164736271502e-22 
23.90001 -1.0486500477711432e-06 4.235164736271502e-22 
22.90001 -1.6055032702154171e-06 4.235164736271502e-22 
24.20001 -9.304891201564822e-07 3.1763735522036263e-22 
23.10001 -1.4689628706777335e-06 2.117582368135751e-22 
24.40001 -8.608190538233039e-07 0.0 
24.30001 -8.948130935897688e-07 1.0587911840678754e-22 
23.70001 -1.1378928929326563e-06 4.235164736271502e-22 
23.80001 -1.0921377146407655e-06 2.117582368135751e-22 
24.00001 -1.0072946216346072e-06 4.235164736271502e-22 
25.50001 -5.746381028268961e-07 0.0 
26.10001 -4.6792705663685913e-07 1.5881867761018131e-22 
24.50001 -8.284096072135493e-07 2.117582368135751e-22 
26.30001 -4.3786973286173264e-07 5.293955920339377e-23 
26.40001 -4.2373035590293004e-07 5.293955920339377e-23 
24.60001 -7.974989361609021e-07 1.0587911840678754e-22 
25.30001 -6.167310695046693e-07 0.0 
25.40001 -5.952260177975375e-07 1.0587911840678754e-22 
25.90001 -5.005567675442209e-07 0.0 
24.70001 -7.680019455321615e-07 0.0 
25.20001 -6.392009506118627e-07 1.0587911840678754e-22 
25.10001 -6.626898269936794e-07 1.0587911840678754e-22 
25.70001 -5.360266767929433e-07 1.0587911840678754e-22 
24.90001 -7.129491021491711e-07 1.0587911840678754e-22 
26.80001 -3.724747212352598e-07 5.293955920339377e-23 
25.00001 -6.87252451572692e-07 1.0587911840678754e-22 
24.80001 -7.398432236827704e-07 0.0 
25.60001 -5.549190346790283e-07 1.0587911840678754e-22 
26.90001 -3.608671184641036e-07 0.0 
26.00001 -4.839044088553399e-07 1.0587911840678754e-22 
26.20001 -4.525926481719453e-07 0.0 
25.80001 -5.179185279910771e-07 2.117582368135751e-22 
27.10001 -3.3895020679007364e-07 1.0587911840678754e-22 
27.20001 -3.2860229551132836e-07 1.0587911840678754e-22 
26.50001 -4.101459119183113e-07 5.293955920339377e-23 
26.60001 -3.970916894103991e-07 0.0 
26.70001 -3.8454204045701145e-07 5.293955920339377e-23 
28.20001 -2.4369016885284725e-07 5.293955920339377e-23 
28.60001 -2.173601319423796e-07 2.6469779601696886e-23 
27.40001 -3.0903963130194274e-07 0.0 
27.50001 -2.997922372159749e-07 5.293955920339377e-23 
27.60001 -2.9087974119841877e-07 5.293955920339377e-23 
27.00001 -3.496988516012123e-07 1.0587911840678754e-22 
29.00001 -1.9440707325807297e-07 0.0 
27.30001 -3.18637938203523e-07 5.293955920339377e-23 
29.10001 -1.8913571681301834e-07 2.6469779601696886e-23 
28.00001 -2.583065690576356e-07 0.0 
27.70001 -2.8228854807985106e-07 0.0 
27.90001 -2.660145175550169e-07 5.293955920339377e-23 
28.10001 -2.508687912977025e-07 5.293955920339377e-23 
27.80001 -2.740042999000293e-07 1.0587911840678754e-22 
29.50001 -1.697090903774873e-07 2.6469779601696886e-23 
29.60001 -1.6523597464633664e-07 2.6469779601696886e-23 
28.40001 -2.3006779719588738e-07 0.0 
28.30001 -2.3675972279291147e-07 2.6469779601696886e-23 
28.50001 -2.2360413846369592e-07 2.6469779601696886e-23 
28.70001 -2.1132639729428345e-07 2.6469779601696886e-23 
30.10001 -1.448978103923374e-07 2.6469779601696886e-23 
28.80001 -2.054950576212766e-07 2.6469779601696886e-23 
28.90001 -1.998577428774436e-07 2.6469779601696886e-23 
30.30001 -1.3761859739926648e-07 0.0 
29.20001 -1.840366497731003e-07 0.0 
29.70001 -1.609050361192511e-07 2.6469779601696886e-23 
29.80001 -1.5671058613366726e-07 2.6469779601696886e-23 
29.90001 -1.5264784476419672e-07 2.6469779601696886e-23 
29.30001 -1.7910347431081018e-07 2.6469779601696886e-23 
31.00001 -1.1539035753189712e-07 0.0 
30.90001 -1.1828501532378761e-07 1.3234889800848443e-23 
29.40001 -1.743295057883206e-07 2.6469779601696886e-23 
30.20001 -1.4120155606291493e-07 2.6469779601696886e-23 
31.50001 -1.0213561969997035e-07 1.3234889800848443e-23 
30.00001 -1.487117766401485e-07 5.293955920339377e-23 
31.80001 -9.506200000068449e-08 1.3234889800848443e-23 
30.40001 -1.3414509317559947e-07 2.6469779601696886e-23 
30.60001 -1.275103398563204e-07 2.6469779601696886e-23 
30.50001 -1.3077681876181628e-07 2.6469779601696886e-23 
32.40001 -8.260415774662005e-08 1.3234889800848443e-23 
30.70001 -1.2434172237535385e-07 5.293955920339377e-23 
32.50001 -8.072371981803246e-08 1.3234889800848443e-23 
30.80001 -1.2126779504853017e-07 0.0 
32.00001 -9.067293789686962e-08 0.0 
32.10001 -8.856998989795142e-08 2.6469779601696886e-23 
31.10001 -1.1258071610242178e-07 1.3234889800848443e-23 
32.20001 -8.65254789479683e-08 1.3234889800848443e-23 
32.80001 -7.538347341698699e-08 1.3234889800848443e-23 
33.00001 -7.205837695146387e-08 1.3234889800848443e-23 
31.40001 -1.046332205141154e-07 2.6469779601696886e-23 
31.30001 -1.0720493568461953e-07 2.6469779601696886e-23 
31.20001 -1.0985314165788454e-07 1.3234889800848443e-23 
31.60001 -9.970938457144581e-08 1.3234889800848443e-23 
31.70001 -9.735235578160679e-08 2.6469779601696886e-23 
31.90001 -9.283627771920503e-08 0.0 
32.30001 -8.453743435691506e-08 1.3234889800848443e-23 
32.70001 -7.711499355402147e-08 0.0 
33.40001 -6.592130180394714e-08 1.3234889800848443e-23 
33.60001 -6.308876955233506e-08 0.0 
34.20001 -5.542586951507974e-08 0.0 
32.60001 -7.889460763084528e-08 1.3234889800848443e-23 
34.30001 -5.425979492418141e-08 0.0 
32.90001 -7.369838794134875e-08 0.0 
33.10001 -7.046198764643767e-08 0.0 
33.80001 -6.040100124825579e-08 1.3234889800848443e-23 
33.90001 -5.9108699448556624e-08 1.3234889800848443e-23 
34.10001 -5.662207768282828e-08 1.3234889800848443e-23 
35.20001 -4.498535556943342e-08 6.617444900424222e-24 
35.30001 -4.407666081842135e-08 6.617444900424222e-24 
33.70001 -6.172737656054098e-08 0.0 
33.20001 -6.89078641077826e-08 2.6469779601696886e-23 
33.30001 -6.73947539723742e-08 0.0 
33.50001 -6.448641421752715e-08 2.6469779601696886e-23 
35.40001 -4.318980776330902e-08 6.617444900424222e-24 
34.00001 -5.7849371173009874e-08 1.3234889800848443e-23 
35.60001 -4.147932290859071e-08 6.617444900424222e-24 
34.40001 -5.312303808266166e-08 0.0 
34.50001 -5.201464541800483e-08 6.617444900424222e-24 
34.70001 -4.9879872211539014e-08 6.617444900424222e-24 
34.60001 -5.0933896525631475e-08 6.617444900424222e-24 
34.80001 -4.885190344030977e-08 6.617444900424222e-24 
34.90001 -4.7849148645744985e-08 1.3234889800848443e-23 
35.10001 -4.591657666904852e-08 0.0 
35.00001 -4.68709515421921e-08 6.617444900424222e-24 
36.20001 -3.6812799803445776e-08 1.3234889800848443e-23 
36.30001 -3.60973927264119e-08 0.0 
36.00001 -3.8295070469381874e-08 0.0 
36.80001 -3.275988188545633e-08 1.3234889800848443e-23 
35.90001 -3.906291796866284e-08 6.617444900424222e-24 
37.00001 -3.152883309903197e-08 6.617444900424222e-24 
36.10001 -3.7545196038348655e-08 6.617444900424222e-24 
35.50001 -4.232425573745661e-08 6.617444900424222e-24 
35.70001 -4.0654522636781644e-08 0.0 
35.80001 -3.9849209589715335e-08 6.617444900424222e-24 
37.90001 -2.6627931695098153e-08 3.308722450212111e-24 
38.00001 -2.6141480370037305e-08 0.0 
38.20001 -2.5199982795166812e-08 0.0 
36.50001 -3.4715786568152355e-08 0.0 
36.40001 -3.539855555060973e-08 6.617444900424222e-24 
36.60001 -3.404872054251243e-08 0.0 
36.70001 -3.339686494331159e-08 0.0 
38.40001 -2.4298608968823956e-08 0.0 
36.90001 -3.2137316207356207e-08 1.3234889800848443e-23 
37.10001 -3.093403539389796e-08 0.0 
37.30001 -2.9784116615931907e-08 6.617444900424222e-24 
37.20001 -3.035257485192362e-08 6.617444900424222e-24 
37.40001 -2.922829507496283e-08 9.926167350636332e-24 
37.70001 -2.7633579305758085e-08 3.308722450212111e-24 
38.10001 -2.566558858808813e-08 0.0 
37.50001 -2.868482648993362e-08 0.0 
38.30001 -2.4744398928916973e-08 0.0 
38.50001 -2.386233529303088e-08 0.0 
37.60001 -2.8153338665807614e-08 0.0 
38.90001 -2.2207988937908577e-08 6.617444900424222e-24 
39.00001 -2.1815975208687197e-08 0.0 
37.80001 -2.7125190906612177e-08 0.0 
38.80001 -2.2608428880201845e-08 6.617444900424222e-24 
39.10001 -2.143216130519263e-08 3.308722450212111e-24 
38.60001 -2.343538281580537e-08 0.0 
38.70001 -2.301747365205036e-08 6.617444900424222e-24 
39.60001 -1.9629450866451496e-08 3.308722450212111e-24 
39.90001 -1.8634395748066134e-08 3.308722450212111e-24 
39.80001 -1.8959264570462386e-08 0.0 
39.30001 -2.0688375485994445e-08 3.308722450212111e-24 
39.20001 -2.1056357583636285e-08 3.308722450212111e-24 
39.40001 -2.0328010772938967e-08 0.0 
39.50001 -1.997510682482187e-08 0.0 
39.70001 -1.9290906015896463e-08 3.308722450212111e-24 
