0.10001 -8.103747299245514e-06 3.943642215634827e-05 
1e-05 -2.7762109652604033e-05 2.5783429141570394e-05 
0.20001 -3.3910969036260155e-05 4.376831975151438e-05 
1.60001 -6.803459112946891e-06 2.8506700418365208e-05 
1.50001 -2.8111923997116063e-05 2.262266307412072e-05 
1.70001 -1.6557101490108873e-05 2.5375386863182375e-05 
1.80001 -1.4772608652186257e-05 2.4485407091351785e-05 
2.30001 -2.9464960520101923e-05 3.370694813830744e-05 
2.10001 -2.332379144346885e-05 2.767984260744535e-05 
2.20001 -4.17799525835359e-06 2.38689327052e-05 
2.40001 -3.95598290960638e-05 3.4586133073759366e-05 
1.20001 -1.8805170715109584e-05 2.5494407505132838e-05 
1.10001 -2.688491260701701e-06 1.8527610147203006e-05 
0.90001 -1.5505227839582485e-05 3.437601695246138e-05 
1.00001 -9.571597049653985e-06 2.6238603595794503e-05 
0.60001 -9.488801608264501e-06 3.288038695954203e-05 
0.80001 -1.4071004731663862e-05 3.307838936678403e-05 
0.40001 -1.9135091099700736e-05 2.7170152437481423e-05 
2.00001 -1.1212584681385684e-05 2.9725015374806738e-05 
1.30001 -9.098747873589853e-06 3.624838526543416e-05 
0.50001 -1.705985312538538e-06 2.2984440594517385e-05 
1.90001 -8.20316488281028e-06 3.235005458202662e-05 
0.30001 -1.6878937093778843e-05 2.929055755168334e-05 
1.40001 -1.6143820744657866e-05 5.079538573913258e-05 
0.70001 1.3487909575140895e-06 4.71498687308834e-05 
3.10001 -0.00014338310330257357 4.867712975939951e-05 
3.20001 -0.00020504998192313612 7.912443089217013e-05 
3.30001 -0.00033591931219327065 6.415102812252821e-05 
2.50001 -3.4306907922334726e-05 2.472987823031653e-05 
3.00001 -0.00010720896348587266 6.796052267287352e-05 
2.60001 -3.356096439107506e-05 2.3256683542262392e-05 
2.70001 -4.982243794812201e-05 2.1629627173086484e-05 
2.80001 -6.0924403692460416e-05 4.055002345552872e-05 
2.90001 -6.975980061939686e-05 4.3301252759190284e-05 
4.80001 -5.659860742109791e-05 4.264428467836991e-05 
4.90001 -3.831391276873465e-05 3.4030686814156543e-05 
5.20001 -3.6261262057489394e-05 2.3022401083396897e-05 
5.00001 -3.800310622582848e-05 3.708961738460616e-05 
3.70001 -0.0003342543803463115 6.699959952497822e-05 
4.20001 -6.95324558200123e-05 4.125970823076365e-05 
3.90001 -0.0001479896179201529 5.6121219994707964e-05 
4.40001 -6.707691396485228e-05 3.9077123030099324e-05 
3.40001 -0.0005342615150551404 0.0001796241800333648 
4.60001 -6.916169085233123e-05 4.556617347594128e-05 
3.80001 -0.00022227161049351413 6.764886012534068e-05 
3.50001 -0.0006014284369363626 0.00014653478357522668 
4.50001 -7.488787473305359e-05 3.122636004860586e-05 
4.00001 -0.0001338688877736246 5.801569304804505e-05 
4.10001 -9.970055801888037e-05 5.700825981481622e-05 
4.30001 -5.919782036568546e-05 5.7906652250308076e-05 
4.70001 -6.176998599371603e-05 4.0746446835312504e-05 
3.60001 -0.00045182029331668265 0.00011422864242957608 
5.10001 -4.591043760049092e-05 3.853800641517396e-05 
5.30001 -3.449633481356494e-05 3.410019667033147e-05 
5.40001 -3.216309979963009e-05 1.999662655409296e-05 
5.80001 -3.48034961023319e-05 3.3588334445696056e-05 
5.70001 -2.4218066362201508e-05 3.144171348925443e-05 
6.00001 -3.5781397620643566e-05 3.806697860757551e-05 
5.90001 -4.807637022517209e-05 3.623352678821532e-05 
5.50001 -2.8156425176416474e-05 3.697091114004961e-05 
5.60001 -4.1344227189544e-05 3.2201251502677664e-05 
7.80001 -4.931353196103747e-05 3.079572687071927e-05 
8.00001 -6.0352941740531695e-05 3.379863366682523e-05 
7.50001 -3.2272593829763024e-05 4.998962539600679e-05 
8.10001 -6.692599531222817e-05 3.5380215447532654e-05 
7.90001 -4.5413894533930816e-05 3.987686979298178e-05 
7.70001 -5.099579260181326e-05 2.188733382104919e-05 
6.10001 -5.662285846229367e-05 3.764864995422887e-05 
7.60001 -3.875083972735045e-05 2.8152235170314233e-05 
6.50001 -3.714669832868156e-05 5.099192683165393e-05 
6.80001 -3.8933375252140174e-05 4.402034383096945e-05 
6.70001 -4.7378905222193535e-05 3.232819527297736e-05 
7.10001 -2.9787118950542234e-05 4.773925921908957e-05 
7.20001 -4.030925095521408e-05 3.826114226296948e-05 
7.00001 -4.419875435153375e-05 2.8565253599947213e-05 
6.30001 -1.6397441797400315e-05 2.6076233837892062e-05 
6.40001 -4.3109094586011166e-05 3.5417883965792345e-05 
6.60001 -3.745103402226439e-05 3.808915900457958e-05 
6.90001 -2.935081459346675e-05 3.9829515838913645e-05 
6.20001 -2.3738653081861823e-05 4.088356834029907e-05 
7.30001 -3.0996890126849256e-05 3.626626435589185e-05 
7.40001 -7.115289427912527e-05 4.0386349454542014e-05 
8.40001 -7.867339580019909e-05 3.6686309592808896e-05 
8.50001 -6.105012577057213e-05 4.5928960130770704e-05 
8.70001 -0.00010449056793454123 5.6965655591129656e-05 
8.80001 -0.00011208903439657251 4.509446410080407e-05 
9.80001 -0.0021363435820455218 0.00017086082652814204 
8.20001 -5.9233246677272806e-05 2.6215852838467922e-05 
8.30001 -4.967125563117467e-05 4.068896812813324e-05 
8.60001 -7.271142490737407e-05 5.5180425822044336e-05 
8.90001 -0.00011159931735693918 5.920243445520936e-05 
9.00001 -0.00015845545888988678 6.82063789353785e-05 
9.10001 -0.00015482573987585742 4.831618514434376e-05 
9.30001 -0.0002995712736858591 8.895022983421693e-05 
9.20001 -0.00022039392526619826 7.004658465690336e-05 
9.90001 -0.003750871863525854 0.00020670468425756637 
9.50001 -0.0005845377786115379 8.640284026900843e-05 
9.40001 -0.0003527394342354179 0.00010475482967369256 
9.70001 -0.001178132627500077 0.00013030432382700368 
9.60001 -0.0007162333541387172 0.00012745654534617669 
