1.000000000000000000e+00 5.000000000000000000e-01 0.000000000000000000e+00
1.099999999999988987e+00 4.994002417949331418e-01 4.998000523641643340e-04
1.199999999999977973e+00 4.976038646290376621e-01 1.996802149270004122e-03
1.299999999999966960e+00 4.946195455545237540e-01 4.483823733980429882e-03
1.399999999999955946e+00 4.904616836392662327e-01 7.948932541820181302e-03
1.499999999999944933e+00 4.851503069372241628e-01 1.237550426392276977e-02
1.599999999999933920e+00 4.787109594804708212e-01 1.774230265902586312e-02
1.699999999999922906e+00 4.711746036266055704e-01 2.402358174338004027e-02
1.799999999999911893e+00 4.625774907851544215e-01 3.118920982281918677e-02
1.899999999999900879e+00 4.529609464633059801e-01 3.920481458217203036e-02
1.999999999999889866e+00 4.423711590260573923e-01 4.803194825203761786e-02
2.099999999999878852e+00 4.308589573947827489e-01 5.762827215871922648e-02
2.199999999999867839e+00 4.184795671474754730e-01 6.794775975337935536e-02
2.299999999999856826e+00 4.052923520994016204e-01 7.894091721405510631e-02
2.399999999999845812e+00 3.913605285339341044e-01 9.055502055781805559e-02
2.499999999999834799e+00 3.767508769589588691e-01 1.027343681630301930e-01
2.599999999999823785e+00 3.615334571483342918e-01 1.154205479439261856e-01
2.699999999999812772e+00 3.457812782148277919e-01 1.285527180398230718e-01
2.799999999999801759e+00 3.295699392267245065e-01 1.420678993523754041e-01
2.899999999999790745e+00 3.129772487444439921e-01 1.559012783108094657e-01
2.999999999999779732e+00 2.960828307670454462e-01 1.699865181553323612e-01
3.099999999999768718e+00 2.789677217375025053e-01 1.842560770328263153e-01
3.199999999999757705e+00 2.617139675515817165e-01 1.986415311775814041e-01
3.299999999999746692e+00 2.444042453885515442e-01 2.130739019487166153e-01
3.399999999999735678e+00 2.271214821722531696e-01 2.274839856619305101e-01
3.499999999999724665e+00 2.099484555166463151e-01 2.418026843925776825e-01
3.599999999999713651e+00 1.929673940341322669e-01 2.559613358356561674e-01
3.699999999999702638e+00 1.762595924842133566e-01 2.698920407840265101e-01
3.799999999999691624e+00 1.599050386060180129e-01 2.835279869913023276e-01
3.899999999999680611e+00 1.439820442011746637e-01 2.968037681605856237e-01
3.999999999999669598e+00 1.285668708346423550e-01 3.096556962878800889e-01
4.099999999999658584e+00 1.137333688106027391e-01 3.220221055644617025e-01
4.199999999999647571e+00 9.955264394576568421e-02 3.338436470249315224e-01
4.299999999999636557e+00 8.609273113939888700e-02 3.450635730632595211e-01
4.399999999999625544e+00 7.341828071763556451e-02 3.556280106383001294e-01
4.499999999999614531e+00 6.159024587861823552e-02 3.654862219557024616e-01
4.599999999999603517e+00 5.066557651649077065e-02 3.745908507691572131e-01
4.699999999999592504e+00 4.069692665771436346e-02 3.828981527493574011e-01
4.799999999999581490e+00 3.173237705144225235e-02 3.903682081325878794e-01
4.899999999999570477e+00 2.381518692249989799e-02 3.969651151068671613e-01
4.999999999999559464e+00 1.698357849522767055e-02 4.026571633585002141e-01
5.099999999999548450e+00 1.127055007156857469e-02 4.074169872342907617e-01
5.199999999999537437e+00 6.703715350258847815e-03 4.112216980290068213e-01
5.299999999999526423e+00 3.305169843409500388e-03 4.140529950532633174e-01
5.399999999999515410e+00 1.091378646691432011e-03 4.158972552222295338e-01
5.499999999999504396e+00 7.308927426045484592e-05 4.167455999617846185e-01
5.599999999999493383e+00 2.552744152120823770e-04 4.165939390279835841e-01
5.699999999999482370e+00 1.637103595209817627e-03 4.154429910779210422e-01
5.799999999999471356e+00 4.211944697625548059e-03 4.132982808093933480e-01
5.899999999999460343e+00 7.967395333386338013e-03 4.101701125126793190e-01
5.999999999999449329e+00 1.288534133343528787e-02 4.060735206162520705e-01
6.099999999999438316e+00 1.894204152001050662e-02 4.010281975741257776e-01
6.199999999999427303e+00 2.610823628127490609e-02 3.950583994961581191e-01
6.299999999999416289e+00 3.434927920888057595e-02 3.881928302428046540e-01
6.399999999999405276e+00 4.362529676873995454e-02 3.804645041758975554e-01
6.499999999999394262e+00 5.389137718695865414e-02 3.719105877435854302e-01
6.599999999999383249e+00 6.509778273592749243e-02 3.625722207152999865e-01
6.699999999999372235e+00 7.719018983898792707e-02 3.524943179090221923e-01
6.799999999999361222e+00 9.010995996364082328e-02 3.417253520785577536e-01
6.899999999999350209e+00 1.037944344867104407e-01 3.303171187517888185e-01
6.999999999999339195e+00 1.181772352278087912e-01 3.183244849368382923e-01
7.099999999999328182e+00 1.331885792481764530e-01 3.058051234447857203e-01
7.199999999999317168e+00 1.487556177170729632e-01 2.928192337761772457e-01
7.299999999999306155e+00 1.648027887204515374e-01 2.794292506347066940e-01
7.399999999999295142e+00 1.812521789334478051e-01 2.656995416901359874e-01
7.499999999999284128e+00 1.980238918813515825e-01 2.516960961169070199e-01
7.599999999999273115e+00 2.150364180831752514e-01 2.374862056232877050e-01
7.699999999999262101e+00 2.322070281248035106e-01 2.231381392291471866e-01
7.799999999999251088e+00 2.494521811679810686e-01 2.087208127989627626e-01
7.899999999999240075e+00 2.666879325444251325e-01 1.943034550232269897e-01
7.999999999999229061e+00 2.838303376212774065e-01 1.799552717164343285e-01
8.099999999999218048e+00 3.007958614383481333e-01 1.657451100851583259e-01
8.199999999999207034e+00 3.175017940140688610e-01 1.517411244264336712e-01
8.299999999999196021e+00 3.338666723926058122e-01 1.380104447605119966e-01
8.399999999999185007e+00 3.498106886777919700e-01 1.246188500917641412e-01
8.499999999999173994e+00 3.652560634593002842e-01 1.116304483944520892e-01
8.599999999999162981e+00 3.801274020131651943e-01 9.910736514507181849e-02
8.699999999999151967e+00 3.943520516575355628e-01 8.710944166520051546e-02
8.799999999999140954e+00 4.078604525479454512e-01 7.569394441573615295e-02
8.899999999999129940e+00 4.205864789035645979e-01 6.491528659952476576e-02
8.999999999999118927e+00 4.324677676526717529e-01 5.482476332420742338e-02
9.099999999999107914e+00 4.434460208942972992e-01 4.547030173764957106e-02
9.199999999999096900e+00 4.534672784444464533e-01 3.689622743817159989e-02
9.299999999999085887e+00 4.624821687350567645e-01 2.914304831105905824e-02
9.399999999999074873e+00 4.704461721037831445e-01 2.224725658244709747e-02
9.499999999999063860e+00 4.773198697633063148e-01 1.624114995321803562e-02
9.599999999999052847e+00 4.830691681757048883e-01 1.115267288153992502e-02
9.699999999999041833e+00 4.876654707236405262e-01 7.005279055040936759e-03
9.799999999999030820e+00 4.910857933728655089e-01 3.817815941544044130e-03
9.899999999999019806e+00 4.933128652101840261e-01 1.604431898304321032e-03
9.999999999999008793e+00 4.943352428838586055e-01 3.745061034998369920e-04
1.009999999999899778e+01 4.941473930317387686e-01 1.326016946260460407e-04
1.019999999999898677e+01 4.927496969250937942e-01 8.784425234563708086e-04
1.029999999999897575e+01 4.901484336870144398e-01 2.606913569998968797e-03
1.039999999999896474e+01 4.863557462136618437e-01 5.308084889108581270e-03
1.049999999999895373e+01 4.813895989174035162e-01 8.967258937091221113e-03
1.059999999999894271e+01 4.752737226322037989e-01 1.356504118734964785e-02
1.069999999999893170e+01 4.680375125751148890e-01 1.907743383388203762e-02
1.079999999999892069e+01 4.597159072067826813e-01 2.547595221772319674e-02
1.089999999999890967e+01 4.503492280713902729e-01 3.272776353020580287e-02
1.099999999999889866e+01 4.399829671138997256e-01 4.079584701656864543e-02
1.109999999999888765e+01 4.286675649782722974e-01 4.963917478751470047e-02
1.119999999999887663e+01 4.164581710808154535e-01 5.921291244060783443e-02
1.129999999999886562e+01 4.034143776117000701e-01 6.946863853553081336e-02
1.139999999999885461e+01 3.895999228307860385e-01 8.035458176923043760e-02
1.149999999999884359e+01 3.750823836331849126e-01 9.181587470834143283e-02
1.159999999999883258e+01 3.599328436697779576e-01 1.037948228291816211e-01
1.169999999999882156e+01 3.442255597667119860e-01 1.162311876064894556e-01
1.179999999999881055e+01 3.280376146124882597e-01 1.290624825281510291e-01
1.189999999999879954e+01 3.114485422514547408e-01 1.422242805802403642e-01
1.199999999999878852e+01 2.945399454421472329e-01 1.556505316149808804e-01
1.209999999999877751e+01 2.773951049001299740e-01 1.692738883004669126e-01
1.219999999999876650e+01 2.600985729836115534e-01 1.830260389894078354e-01
1.229999999999875548e+01 2.427357617355616060e-01 1.968380459853113218e-01
1.239999999999874447e+01 2.253925009481730912e-01 2.106406872211102899e-01
1.249999999999873346e+01 2.081545974311606317e-01 2.243647991636821271e-01
1.259999999999872244e+01 1.911074147801958278e-01 2.379416195268621026e-01
1.269999999999871143e+01 1.743354663146184369e-01 2.513031285916823565e-01
1.279999999999870042e+01 1.579220129381748716e-01 2.643823880064817833e-01
1.289999999999868940e+01 1.419486304892376982e-01 2.771138748913131722e-01
1.299999999999867839e+01 1.264947771519015496e-01 2.894338085854732956e-01
1.309999999999866738e+01 1.116373846847333040e-01 3.012804681901445347e-01
1.319999999999865636e+01 9.745047827502023585e-02 3.125944998789600970e-01
1.329999999999864535e+01 8.400480945737187621e-02 3.233192127699595630e-01
1.339999999999863434e+01 7.136750222077853367e-02 3.334008617264510033e-01
1.349999999999862332e+01 5.960171702137449790e-02 3.427889156937785620e-01
1.359999999999861231e+01 4.876632791249795040e-02 3.514363099165968007e-01
1.369999999999860130e+01 3.891563162730392322e-02 3.592996806998787207e-01
1.379999999999859028e+01 3.009908147529621880e-02 3.663395821506013617e-01
1.389999999999857927e+01 2.236104071330892451e-02 3.725206837518570402e-01
1.399999999999856826e+01 1.574056147243789450e-02 3.778119477205509891e-01
1.409999999999855724e+01 1.027118948438712071e-02 3.821867857369888322e-01
1.419999999999854623e+01 5.980789080414375056e-03 3.856231942400679680e-01
1.429999999999853522e+01 2.891394063945078221e-03 3.881038673731280753e-01
1.439999999999852420e+01 1.019082937846036005e-03 3.896162873464070198e-01
1.449999999999851319e+01 3.738784066636296512e-04 3.901527913984295659e-01
1.459999999999850218e+01 9.596780956335312007e-04 3.897106141537314272e-01
1.469999999999849116e+01 2.774222853501122008e-03 3.882919043592241160e-01
1.479999999999848015e+01 5.809102886934598697e-03 3.859037159729178379e-01
1.489999999999846914e+01 1.004979443612447412e-02 3.825579746871295983e-01
1.499999999999845812e+01 1.547572614052698803e-02 3.782714202357250199e-01
1.509999999999844711e+01 2.206037811764930898e-02 3.730655243883085337e-01
1.519999999999843610e+01 2.977141315849491515e-02 3.669663849759310370e-01
1.529999999999842508e+01 3.857083764348090416e-02 3.600045964767160100e-01
1.539999999999841407e+01 4.841519044895424562e-02 3.522150978062236204e-01
1.549999999999840306e+01 5.925575697264575531e-02 3.436369983367461023e-01
1.559999999999839204e+01 7.103881599652986378e-02 3.343133830354993452e-01
1.569999999999838103e+01 8.370592699277469573e-02 3.242910967841047265e-01
1.579999999999837001e+01 9.719423848554215040e-02 3.136205089718440142e-01
1.589999999999835900e+01 1.114368121776542486e-01 3.023552603843649988e-01
1.599999999999834799e+01 1.263629602994250645e-01 2.905519940764095255e-01
1.609999999999833875e+01 1.418986097038390792e-01 2.782700715169805772e-01
1.619999999999832596e+01 1.579666975456738287e-01 2.655712747285752240e-01
1.629999999999831317e+01 1.744875773948814379e-01 2.525194959707163234e-01
1.639999999999830393e+01 1.913794243228977288e-01 2.391804171692412107e-01
1.649999999999829470e+01 2.085586409389502127e-01 2.256211811965547487e-01
1.659999999999828191e+01 2.259402669026914223e-01 2.119100566861733259e-01
1.669999999999826912e+01 2.434383823394776214e-01 1.981160981667687837e-01
1.679999999999825988e+01 2.609665229330371816e-01 1.843088030408144562e-01
1.689999999999825064e+01 2.784381193278021582e-01 1.705577664960131745e-01
1.699999999999823785e+01 2.957669537220810607e-01 1.569323355597763148e-01
1.709999999999822506e+01 3.128676087790570604e-01 1.435012641394048105e-01
1.719999999999821583e+01 3.296559109770514917e-01 1.303323710564654736e-01
1.729999999999820659e+01 3.460493615181838845e-01 1.174922029960468323e-01
1.739999999999819380e+01 3.619675618267506612e-01 1.050457041776193950e-01
1.749999999999818101e+01 3.773326273100509054e-01 9.305589439818287567e-02
1.759999999999817177e+01 3.920695812531126423e-01 8.158355726858776413e-02
1.769999999999816254e+01 4.061067298235565559e-01 7.068694028594710299e-02
1.779999999999814975e+01 4.193760178641131042e-01 6.042146823730219773e-02
1.789999999999813696e+01 4.318133581346839112e-01 5.083947141425457228e-02
1.799999999999812772e+01 4.433589481059209692e-01 4.198992997774303459e-02
1.809999999999811848e+01 4.539575640490227659e-01 3.391823570183910563e-02
1.819999999999810569e+01 4.635588173163639469e-01 2.666597233068515593e-02
1.829999999999809290e+01 4.721173766493487189e-01 2.027071565887433174e-02
1.839999999999808367e+01 4.795931846370197205e-01 1.476585410335222795e-02
1.849999999999807443e+01 4.859516695749110937e-01 1.018043045174104808e-02
1.859999999999806164e+01 4.911639124390578814e-01 6.539005686719300860e-03
1.869999999999804885e+01 4.952067783940663492e-01 3.861545642790864021e-03
1.879999999999803961e+01 4.980630010618705139e-01 2.163331064805911180e-03
1.889999999999803038e+01 4.997212270996337358e-01 1.454891410960543197e-03
1.899999999999801759e+01 5.001760552035370289e-01 1.741962558326352493e-03
1.909999999999800480e+01 4.994280575292086022e-01 3.025468540223276610e-03
1.919999999999799556e+01 4.974837391469229542e-01 5.301527376010364660e-03
1.929999999999798632e+01 4.943554510932959278e-01 8.561480806810808919e-03
1.939999999999797353e+01 4.900612766651635810e-01 1.279194750146398288e-02
1.949999999999796074e+01 4.846248977073100983e-01 1.797489922376059243e-02
1.959999999999795151e+01 4.780754493982776188e-01 2.408775942962229633e-02
1.969999999999794227e+01 4.704473398198197875e-01 3.110352366526347723e-02
1.979999999999792948e+01 4.617800539178169572e-01 3.899090101038982237e-02
1.989999999999791669e+01 4.521179415406427760e-01 4.771447589845637105e-02
1.999999999999790745e+01 4.415099722990321052e-01 5.723488941937954211e-02
2.009999999999789821e+01 4.300094649442854355e-01 6.750903908863022107e-02
2.019999999999788542e+01 4.176737783740931409e-01 7.849029584212004196e-02
2.029999999999787264e+01 4.045639910203625567e-01 9.012873685369582333e-02
2.039999999999786340e+01 3.907445791853429995e-01 1.023713929260836319e-01
2.049999999999785416e+01 3.762830965495362334e-01 1.151625093066292044e-01
2.059999999999784137e+01 3.612498297470893571e-01 1.284438187434626122e-01
2.069999999999782858e+01 3.457174259533584149e-01 1.421548250815012071e-01
2.079999999999781934e+01 3.297605213908524902e-01 1.562330957952796917e-01
2.089999999999781011e+01 3.134553806312980750e-01 1.706145622245811566e-01
2.099999999999779732e+01 2.968795299379871633e-01 1.852338262985769313e-01
2.109999999999778453e+01 2.801113778493443673e-01 2.000244721596013686e-01
2.119999999999777529e+01 2.632298348208928496e-01 2.149193809917513687e-01
2.129999999999776605e+01 2.463139481862707814e-01 2.298510477757218229e-01
2.139999999999775326e+01 2.294425318254803003e-01 2.447518985767324629e-01
2.149999999999774047e+01 2.126938170419286345e-01 2.595546071300459667e-01
2.159999999999773124e+01 1.961450999288134600e-01 2.741924097342073319e-01
2.169999999999772200e+01 1.798723749906827041e-01 2.885994166221953483e-01
2.179999999999770921e+01 1.639499754313125668e-01 3.027109180460150761e-01
2.189999999999769642e+01 1.484502191805674443e-01 3.164636837290708549e-01
2.199999999999768718e+01 1.334430560300135793e-01 3.297962538507223096e-01
2.209999999999767795e+01 1.189957433320457947e-01 3.426492201556012862e-01
2.219999999999766516e+01 1.051725441620464108e-01 3.549654964111610411e-01
2.229999999999765237e+01 9.203443554433779483e-02 3.666905770240014295e-01
2.239999999999764313e+01 7.963883166159002602e-02 3.777727825919460214e-01
2.249999999999763389e+01 6.803933004157128317e-02 3.881634916478972630e-01
2.259999999999762110e+01 5.728547550387254328e-02 3.978173579474199584e-01
2.269999999999760831e+01 4.742253589056277807e-02 4.066925125664345719e-01
2.279999999999759908e+01 3.849128519831897938e-02 4.147507492183066802e-01
2.289999999999758984e+01 3.052780716839037511e-02 4.219576913017120678e-01
2.299999999999757705e+01 2.356332010252936912e-02 4.282829399331125053e-01
2.309999999999756426e+01 1.762402430041692947e-02 4.337002018654991797e-01
2.319999999999755502e+01 1.273098403736445255e-02 4.381873961692772657e-01
2.329999999999754579e+01 8.900041574700513769e-03 4.417267393588061308e-01
2.339999999999753300e+01 6.141765539470928417e-03 4.443048086326139012e-01
2.349999999999752021e+01 4.461430697747357892e-03 4.459125841884817865e-01
2.359999999999751097e+01 3.859017945916845462e-03 4.465454711741588256e-01
2.369999999999750173e+01 4.329237417933443598e-03 4.462033006713572170e-01
2.379999999999748894e+01 5.861575437957729923e-03 4.448903090899828938e-01
2.389999999999747615e+01 8.440373283876864002e-03 4.426150955885344573e-01
2.399999999999746692e+01 1.204494321574468146e-02 4.393905572684408400e-01
2.409999999999745768e+01 1.664971803571990011e-02 4.352338025194734117e-01
2.419999999999744489e+01 2.222442553878095986e-02 4.301660439768407729e-01
2.429999999999743210e+01 2.873428353003626076e-02 4.242124725053809109e-01
2.439999999999742286e+01 3.614021270946615738e-02 4.174021132394125644e-01
2.449999999999741362e+01 4.439906977567464191e-02 4.097676644545024116e-01
2.459999999999740083e+01 5.346390062601405480e-02 4.013453199116268078e-01
2.469999999999738804e+01 6.328420819965772937e-02 3.921745758111055413e-01
2.479999999999737881e+01 7.380623210193308636e-02 3.822980234705203872e-01
2.489999999999736957e+01 8.497323195020382858e-02 3.717611294470554162e-01
2.499999999999735678e+01 9.672578461605968458e-02 3.606120043289646748e-01
2.509999999999734399e+01 1.090020968421293868e-01 3.489011609155194815e-01
2.519999999999733475e+01 1.217383319380068996e-01 3.366812626613139847e-01
2.529999999999732552e+01 1.348689328524065034e-01 3.240068638567553672e-01
2.539999999999731273e+01 1.483269465678930810e-01 3.109341433736058091e-01
2.549999999999729994e+01 1.620443543836909694e-01 2.975206333110644863e-01
2.559999999999729070e+01 1.759524087772239564e-01 2.838249437149314991e-01
2.569999999999728146e+01 1.899819726384267549e-01 2.699064843777008726e-01
2.579999999999726867e+01 2.040638629725886055e-01 2.558251850020115681e-01
2.589999999999725588e+01 2.181292023585308937e-01 2.416412148084366995e-01
2.599999999999724665e+01 2.321097592711443558e-01 2.274147030779893885e-01
2.609999999999723741e+01 2.459382678034320036e-01 2.132054624632794548e-01
2.619999999999722462e+01 2.595487299350059396e-01 1.990727166633762812e-01
2.629999999999721183e+01 2.728767111556416047e-01 1.850748337889833728e-01
2.639999999999720259e+01 2.858596331588119099e-01 1.712690663429559113e-01
2.649999999999719336e+01 2.984370520029960283e-01 1.577112988173994257e-01
2.659999999999718057e+01 3.105509280937291394e-01 1.444558039762412482e-01
2.669999999999716778e+01 3.221458734639219834e-01 1.315550088350458668e-01
2.679999999999715854e+01 3.331693584963584254e-01 1.190592716364134995e-01
2.689999999999714930e+01 3.435719164427852856e-01 1.070166707060071498e-01
2.699999999999713651e+01 3.533073380521787321e-01 9.547280553814435633e-02
2.709999999999712372e+01 3.623328276866375486e-01 8.447061109464815143e-02
2.719999999999711449e+01 3.706091511045679354e-01 7.405018607495675309e-02
2.729999999999710525e+01 3.781008129220008174e-01 6.424863521515813969e-02
2.739999999999709246e+01 3.847762328394322418e-01 5.509992577671471436e-02
2.749999999999707967e+01 3.906078695821125768e-01 4.663475927876654936e-02
2.759999999999707043e+01 3.955723173875084209e-01 3.888045937086387349e-02
2.769999999999706120e+01 3.996503674443916410e-01 3.186087640274742894e-02
2.779999999999704841e+01 4.028270380664423778e-01 2.559630911737707099e-02
2.789999999999703562e+01 4.050916101803435088e-01 2.010344345830142668e-02
2.799999999999702638e+01 4.064376674469986073e-01 1.539530835783347110e-02
2.809999999999701714e+01 4.068631077053086464e-01 1.148124859741787331e-02
2.819999999999700435e+01 4.063701421194612085e-01 8.366914807503391879e-03
2.829999999999699156e+01 4.049652484888233150e-01 6.054270665268399881e-03
2.839999999999698233e+01 4.026590732457622224e-01 4.541617278118127883e-03
2.849999999999697309e+01 3.994663438827464885e-01 3.823634312834587462e-03
2.859999999999696030e+01 3.954057673156028407e-01 3.891437460106922808e-03
2.869999999999694751e+01 3.904999029385713416e-01 4.732651888675879458e-03
2.879999999999693827e+01 3.847750330927857676e-01 6.331501246195442301e-03
2.889999999999692903e+01 3.782609954813950237e-01 8.668911672018537670e-03
2.899999999999691624e+01 3.709909840587929941e-01 1.172263005710308913e-02
2.909999999999690345e+01 3.630013362777193553e-01 1.546735564588277989e-02
2.919999999999689422e+01 3.543313214311789028e-01 1.987488408484062302e-02
2.929999999999688498e+01 3.450229385777151547e-01 2.491426311022605991e-02
2.939999999999687219e+01 3.351207214138156587e-01 3.055195909368996904e-02
2.949999999999685940e+01 3.246715221202677859e-01 3.675203372710673932e-02
2.959999999999685016e+01 3.137242554038044418e-01 4.347632984365584763e-02
2.969999999999684093e+01 3.023296356210273261e-01 5.068466521890971355e-02
2.979999999999682814e+01 2.905399197596945093e-01 5.833503326098165437e-02
2.989999999999681535e+01 2.784086545255073930e-01 6.638380958995079850e-02
2.999999999999680611e+01 2.659904157145794312e-01 7.478596339786806879e-02
3.009999999999679687e+01 2.533405290957441713e-01 8.349527222105482260e-02
3.019999999999678408e+01 2.405148150692208997e-01 9.246453888170294566e-02
3.029999999999677129e+01 2.275693586525086576e-01 1.016458099725867370e-01
3.039999999999676206e+01 2.145602764220598258e-01 1.109905949604808595e-01
3.049999999999675282e+01 2.015435109374788536e-01 1.204500852084666729e-01
3.059999999999674003e+01 1.885746330756544464e-01 1.299753725272728422e-01
3.069999999999672724e+01 1.757086355514803633e-01 1.395176664629177443e-01
3.079999999999671800e+01 1.629997305866977275e-01 1.490285094894707174e-01
3.089999999999670877e+01 1.505011515264991218e-01 1.584599894370581075e-01
3.099999999999669598e+01 1.382649528289580099e-01 1.677649483019788834e-01
3.109999999999668319e+01 1.263418211595935814e-01 1.768971866022076567e-01
3.119999999999667395e+01 1.147808864438112364e-01 1.858116625713128744e-01
3.129999999999666471e+01 1.036295345749928820e-01 1.944646853873857606e-01
3.139999999999665192e+01 9.293322316811367112e-02 2.028141016936209073e-01
3.149999999999663913e+01 8.273530498106299036e-02 2.108194744838429169e-01
3.159999999999662990e+01 7.307686955777173421e-02 2.184422538530723656e-01
3.169999999999662066e+01 6.399659189512234281e-02 2.256459394108772665e-01
3.179999999999660787e+01 5.553058006095544508e-02 2.323962335224626086e-01
3.189999999999659508e+01 4.771222723088354434e-02 2.386611841053323246e-01
3.199999999999658584e+01 4.057207482680683791e-02 2.444113160594988676e-01
3.209999999999657661e+01 3.413769307053164670e-02 2.496197507158591788e-01
3.219999999999656382e+01 2.843358840632708232e-02 2.542623133767688559e-01
3.229999999999655103e+01 2.348112248292077639e-02 2.583176292090058612e-01
3.239999999999653824e+01 1.929843929910251416e-02 2.617672069987072581e-01
3.249999999999653255e+01 1.590040446009269304e-02 2.645955105427727494e-01
3.259999999999651976e+01 1.329855306648073006e-02 2.667900173897700400e-01
3.269999999999650697e+01 1.150105257322579788e-02 2.683412643325638336e-01
3.279999999999650129e+01 1.051268623170365651e-02 2.692428795643408979e-01
3.289999999999648850e+01 1.033484780937079725e-02 2.694916017187353741e-01
3.299999999999647571e+01 1.096554832606741123e-02 2.690872857327638035e-01
3.309999999999646292e+01 1.239943351452840736e-02 2.680328956658503681e-01
3.319999999999645013e+01 1.462780934637926238e-02 2.663344845319179921e-01
3.329999999999644444e+01 1.763867934069319673e-02 2.640011613207063901e-01
3.339999999999643165e+01 2.141679485503604485e-02 2.610450454919305274e-01
3.349999999999641886e+01 2.594371565020749462e-02 2.574812089463909270e-01
3.359999999999641318e+01 3.119787532548187747e-02 2.533276059158766635e-01
3.369999999999640039e+01 3.715465596882633337e-02 2.486049910670662388e-01
3.379999999999638760e+01 4.378647478387005798e-02 2.433368257472506846e-01
3.389999999999637481e+01 5.106288274132712857e-02 2.375491723301811631e-01
3.399999999999636202e+01 5.895067439813926613e-02 2.312705770946685002e-01
3.409999999999635634e+01 6.741401011449334180e-02 2.245319423956868843e-01
3.419999999999634355e+01 7.641455983148096043e-02 2.173663881458640645e-01
3.429999999999633076e+01 8.591165028925150382e-02 2.098091028931629576e-01
3.439999999999632507e+01 9.586242025711490256e-02 2.018971857042221041e-01
3.449999999999631228e+01 1.062219952843136417e-01 1.936694792556219180e-01
3.459999999999629949e+01 1.169436644750199428e-01 1.851663948201156540e-01
3.469999999999628670e+01 1.279790659689768462e-01 1.764297301011940322e-01
3.479999999999627391e+01 1.392783866386841929e-01 1.675024803206172364e-01
3.489999999999626823e+01 1.507905670258295472e-01 1.584286432550074675e-01
3.499999999999625544e+01 1.624635232748181668e-01 1.492530190685795732e-01
3.509999999999624265e+01 1.742443786467621214e-01 1.400210056520501123e-01
3.519999999999623697e+01 1.860796978018049996e-01 1.307783904796979146e-01
3.529999999999622418e+01 1.979157242510545256e-01 1.215711401579439299e-01
3.539999999999621139e+01 2.096986018264596630e-01 1.124451887846697890e-01
3.549999999999619860e+01 2.213745899045471976e-01 1.034462261888276086e-01
3.559999999999618581e+01 2.328902798277855679e-01 9.461948671099740249e-02
3.569999999999618012e+01 2.441928184613977315e-01 8.600953926315253739e-02
3.579999999999616733e+01 2.552301523835527886e-01 7.766007915960269903e-02
3.589999999999615454e+01 2.659512562169153993e-01 6.961372273037619296e-02
3.599999999999614886e+01 2.763063607106824859e-01 6.191180590224713842e-02
3.609999999999613607e+01 2.862471786470668356e-01 5.459418764551792619e-02
3.619999999999612328e+01 2.957271203774542445e-01 4.769905925210569941e-02
3.629999999999611049e+01 3.047015061096325361e-01 4.126276025219069443e-02
3.639999999999609770e+01 3.131277715817982199e-01 3.531960176252601363e-02
3.649999999999609201e+01 3.209656808925797078e-01 2.990169797298900672e-02
3.659999999999607923e+01 3.281775233432616123e-01 2.503880653798875797e-02
3.669999999999606644e+01 3.347283161512376592e-01 2.075817868143248549e-02
3.679999999999606075e+01 3.405859992940138414e-01 1.708441991114534320e-02
3.689999999999604796e+01 3.457216201394078814e-01 1.403936218953234782e-02
3.699999999999603517e+01 3.501094791076049262e-01 1.164194832988198376e-02
3.709999999999602238e+01 3.537272618537988800e-01 9.908129365599059601e-03
3.719999999999600959e+01 3.565561783683438568e-01 8.850775428409007883e-03
3.729999999999600391e+01 3.585810831205842875e-01 8.479600669451879680e-03
3.739999999999599112e+01 3.597905461465961130e-01 8.801102797487598411e-03
3.749999999999597833e+01 3.601769241420178513e-01 9.818517596701758013e-03
3.759999999999597264e+01 3.597364238597284269e-01 1.153178870417091717e-02
3.769999999999595985e+01 3.584691494471569650e-01 1.393755286017073908e-02
3.779999999999594706e+01 3.563791265270632724e-01 1.702914080384975923e-02
3.789999999999593427e+01 3.534742977164073707e-01 2.079659389218570242e-02
3.799999999999592148e+01 3.497665007562172912e-01 2.522669639430922053e-02
3.809999999999591580e+01 3.452714332570100408e-01 3.030302336934152102e-02
3.819999999999590301e+01 3.400085947373654438e-01 3.600600390869762579e-02
3.829999999999589022e+01 3.340012162396444606e-01 4.231299944314913242e-02
3.839999999999588454e+01 3.272761669315663036e-01 4.919839686267665768e-02
3.849999999999587175e+01 3.198638374310155963e-01 5.663371606674387493e-02
3.859999999999585896e+01 3.117980251322049479e-01 6.458773149841336159e-02
3.869999999999584617e+01 3.031158070232987112e-01 7.302660747926788265e-02
3.879999999999583338e+01 2.938573815599234140e-01 8.191404685452935430e-02
3.889999999999582769e+01 2.840659031922865285e-01 9.121145233829458521e-02
3.899999999999581490e+01 2.737872909875787020e-01 1.008780998293306447e-01
3.909999999999580211e+01 2.630700183704052231e-01 1.108713228016203894e-01
3.919999999999579643e+01 2.519649060974793464e-01 1.211467072369557807e-01
3.929999999999578364e+01 2.405248992022120391e-01 1.316582964628146557e-01
3.939999999999577085e+01 2.288048263072305355e-01 1.423588049301998115e-01
3.949999999999575806e+01 2.168611484114056076e-01 1.531998399501880437e-01
3.959999999999574527e+01 2.047516830840461211e-01 1.641321302336827825e-01
3.969999999999573959e+01 1.925353100275697116e-01 1.751057597811693789e-01
3.979999999999572680e+01 1.802716688634119213e-01 1.860704057853175275e-01
3.989999999999571401e+01 1.680208580262578799e-01 1.969755794148901895e-01
3.999999999999570832e+01 1.558431336245708065e-01 2.077708684553852825e-01
4.009999999999569553e+01 1.437985940246492012e-01 2.184061802174125100e-01
4.019999999999568274e+01 1.319468729945809660e-01 2.288319831271060090e-01
4.029999999999566995e+01 1.203468497235001128e-01 2.389995461155526302e-01
4.039999999999565716e+01 1.090563593061026210e-01 2.488611750462801642e-01
4.049999999999565148e+01 9.813189836619697071e-02 2.583704447165865448e-01
4.059999999999563869e+01 8.762834660021785738e-02 2.674824252845368067e-01
4.069999999999562590e+01 7.759870459647540131e-02 2.761539025938787306e-01
4.079999999999562021e+01 6.809383183487967284e-02 2.843435914748845272e-01
4.089999999999560742e+01 5.916217979294285251e-02 2.920123402196122542e-01
4.099999999999559464e+01 5.084954014533732414e-02 2.991233243482808168e-01
4.109999999999558185e+01 4.319881854542152039e-02 3.056422285734197164e-01
4.119999999999556906e+01 3.624983877558451278e-02 3.115374169455950026e-01
4.129999999999556337e+01 3.003915626279029388e-02 3.167800913600631318e-01
4.139999999999555058e+01 2.459987102124989999e-02 3.213444372851232966e-01
4.149999999999553779e+01 1.996145937075228735e-02 3.252077553927301690e-01
4.159999999999553211e+01 1.614962891512200169e-02 3.283505784279885376e-01
4.169999999999551932e+01 1.318619291984790727e-02 3.307567728384621653e-01
4.179999999999550653e+01 1.108896183529184051e-02 3.324136249505886820e-01
4.189999999999549374e+01 9.871650021198059843e-03 3.333119115367164653e-01
4.199999999999548095e+01 9.543800121504021974e-03 3.334459536600778984e-01
4.209999999999547526e+01 1.011073104221544249e-02 3.328136533365525507e-01
4.219999999999546247e+01 1.157350292184364075e-02 3.314165136371864939e-01
4.229999999999544968e+01 1.392890091352031769e-02 3.292596422556902658e-01
4.239999999999544400e+01 1.716943075167694926e-02 3.263517391211035457e-01
4.249999999999543121e+01 2.128332579337677971e-02 3.227050678447315191e-01
4.259999999999541842e+01 2.625458235955488093e-02 3.183354098333114335e-01
4.269999999999540563e+01 3.206302804249275967e-02 3.132620002081613064e-01
4.279999999999539284e+01 3.868441009878737652e-02 3.075074461358365818e-01
4.289999999999538716e+01 4.609049921234624481e-02 3.010976287078088176e-01
4.299999999999537437e+01 5.424921680221243825e-02 2.940615886905236231e-01
4.309999999999536158e+01 6.312478617090767907e-02 2.864313962802728097e-01
4.319999999999535589e+01 7.267789851678185808e-02 2.782420060717056831e-01
4.329999999999534310e+01 8.286589370556338152e-02 2.695310983197534149e-01
4.339999999999533031e+01 9.364296648214572028e-02 2.603389067164350590e-01
4.349999999999531752e+01 1.049603878727493889e-01 2.507080332386251720e-01
4.359999999999530473e+01 1.167667399131892270e-01 2.406832511370955718e-01
4.369999999999529905e+01 1.290081622885553836e-01 2.303112970252744196e-01
4.379999999999528626e+01 1.416286212197453431e-01 2.196406530477683638e-01
4.389999999999527347e+01 1.545701897522632762e-01 2.087213200210074060e-01
4.399999999999526779e+01 1.677733380328677026e-01 1.976045829387955977e-01
4.409999999999525500e+01 1.811772330123442021e-01 1.863427699412483485e-01
4.419999999999524221e+01 1.947200491770179065e-01 1.749890059307507295e-01
4.429999999999522942e+01 2.083392822873800232e-01 1.635969619835100919e-01
4.439999999999521663e+01 2.219720542922079543e-01 1.522206021644818552e-01
4.449999999999521094e+01 2.355554141970049864e-01 1.409139293234438206e-01
4.459999999999519815e+01 2.490266379004718034e-01 1.297307309506339212e-01
4.469999999999518536e+01 2.623235230564499587e-01 1.187243262742310318e-01
4.479999999999517968e+01 2.753846763682260557e-01 1.079473159715322317e-01
4.489999999999516689e+01 2.881497923300817554e-01 9.745133574449502123e-02
4.499999999999515410e+01 3.005599245219400251e-01 8.728681471923158131e-02
4.509999999999514131e+01 3.125577550402597327e-01 7.750273964495490997e-02
4.519999999999512852e+01 3.240878417749889495e-01 6.814642601409567901e-02
4.529999999999512283e+01 3.350968641573847107e-01 5.926329708751136571e-02
4.539999999999511004e+01 3.455338674503617424e-01 5.089667159735222074e-02
4.549999999999509726e+01 3.553505097545419655e-01 4.308756087382215050e-02
4.559999999999509157e+01 3.645012960298614768e-01 3.587447635258994572e-02
4.569999999999507878e+01 3.729438074466335795e-01 2.929324844603198308e-02
4.579999999999506599e+01 3.806389205165857659e-01 2.337685768510552181e-02
4.589999999999505320e+01 3.875509818331569489e-01 1.815527912802491345e-02
4.599999999999504041e+01 3.936479490653510549e-01 1.365534095288508526e-02
4.609999999999503473e+01 3.989015419466932499e-01 9.900597655622589768e-03
4.619999999999502194e+01 4.032873630424949063e-01 6.911218385619588567e-03
4.629999999999500915e+01 4.067849759485669958e-01 4.703891007989233382e-03
4.639999999999500346e+01 4.093779999575357653e-01 3.291742106592224909e-03
4.649999999999499067e+01 4.110541787493177113e-01 2.684273186633195050e-03
4.659999999999497788e+01 4.118054291340441653e-01 2.887313372604571621e-03
4.669999999999496509e+01 4.116278521204133067e-01 3.902988742726088995e-03
4.679999999999495230e+01 4.105217053557592144e-01 5.729708283396727983e-03
4.689999999999494662e+01 4.084913848264857816e-01 8.362166304077493090e-03
4.699999999999493383e+01 4.055454057114887823e-01 1.179136120452779594e-02
4.709999999999492104e+01 4.016963735532321778e-01 1.600463052869659231e-02
4.719999999999491536e+01 3.969609549985326225e-01 2.098570223790369865e-02
4.729999999999490257e+01 3.913598338074736893e-01 2.671476213964144378e-02
4.739999999999488978e+01 3.849176475501923655e-01 3.316853738410929786e-02
4.749999999999487699e+01 3.776628725615412407e-01 4.032039566670451991e-02
4.759999999999486420e+01 3.696277011776761823e-01 4.814045958950100013e-02
4.769999999999485851e+01 3.608478978683836158e-01 5.659573572246981432e-02
4.779999999999484572e+01 3.513626460164996912e-01 6.565025774913126055e-02
4.789999999999483293e+01 3.412143798110380821e-01 7.526524320550730118e-02
4.799999999999482725e+01 3.304485915421187525e-01 8.539926298219073508e-02
4.809999999999481446e+01 3.191136409636724514e-01 9.600842283835060720e-02
4.819999999999480167e+01 3.072605575990707827e-01 1.070465563419295274e-01
4.829999999999478888e+01 2.949428393454071040e-01 1.184654285923480710e-01
4.839999999999477609e+01 2.822162356071768463e-01 1.302149500599383281e-01
4.849999999999477041e+01 2.691385031942843398e-01 1.422433995784972427e-01
4.859999999999475762e+01 2.557691393758518839e-01 1.544976551254891306e-01
4.869999999999474483e+01 2.421691212734003451e-01 1.669234314334486768e-01
4.879999999999473914e+01 2.284006425726782252e-01 1.794655236938282605e-01
4.889999999999472635e+01 2.145268352761645625e-01 1.920680562122728530e-01
4.899999999999471356e+01 2.006114849926981802e-01 2.046747348015059698e-01
4.909999999999470077e+01 1.867187410156446736e-01 2.172291017273726421e-01
4.919999999999468798e+01 1.729128231075833799e-01 2.296747918974310632e-01
4.929999999999468230e+01 1.592577365091939201e-01 2.419557892729954363e-01
4.939999999999466951e+01 1.458169881533811774e-01 2.540166827292775764e-01
4.949999999999465672e+01 1.326532924948551351e-01 2.658029200380305768e-01
4.959999999999465103e+01 1.198282777015619166e-01 2.772610585477005563e-01
4.969999999999463824e+01 1.074022095366737595e-01 2.883390116994888341e-01
4.979999999999462545e+01 9.543371288509941430e-02 2.989862905101586255e-01
4.989999999999461266e+01 8.397949925381836822e-02 3.091542384732958726e-01
4.999999999999459988e+01 7.309410653475546804e-02 3.187962590984956268e-01
5.009999999999459419e+01 6.282963669144361885e-02 3.278680347542818341e-01
5.019999999999458140e+01 5.323550217898511544e-02 3.363277353796659819e-01
5.029999999999456861e+01 4.435819020303415072e-02 3.441362161438408229e-01
5.039999999999456293e+01 3.624104682989981452e-02 3.512572039426097303e-01
5.049999999999455014e+01 2.892406217567248042e-02 3.576574721587013617e-01
5.059999999999453735e+01 2.244366142935565536e-02 3.633070021031680197e-01
5.069999999999452456e+01 1.683251545231305782e-02 3.681791297220861070e-01
5.079999999999451177e+01 1.211937307872884562e-02 3.722506768761638662e-01
5.089999999999450608e+01 8.328912610183664827e-03 3.755020663911773360e-01
5.099999999999449329e+01 5.481616803902013453e-03 3.779174204283288763e-01
5.109999999999448050e+01 3.593669352717378165e-03 3.794846415577671772e-01
5.119999999999447482e+01 2.676875856038770252e-03 3.801954760428574720e-01
5.129999999999446203e+01 2.738607397169684401e-03 3.800455593308710300e-01
5.139999999999444924e+01 3.781762082557014754e-03 3.790344438263358873e-01
5.149999999999443645e+01 5.804745896540608290e-03 3.771656088057567247e-01
5.159999999999442366e+01 8.801473943858446891e-03 3.744464526641187452e-01
5.169999999999441798e+01 1.276139078460567129e-02 3.708882678531631449e-01
5.179999999999440519e+01 1.766951281660327291e-02 3.665061978174929402e-01
5.189999999999439240e+01 2.350649020230297787e-02 3.613191760764145055e-01
5.199999999999438671e+01 3.024868475014672736e-02 3.553498481560731226e-01
5.209999999999437392e+01 3.786825917975855660e-02 3.486244770936057780e-01
5.219999999999436113e+01 4.633327308258568256e-02 3.411728334373537175e-01
5.229999999999434834e+01 5.560780092598523183e-02 3.330280698216976920e-01
5.239999999999433555e+01 6.565207020723809461e-02 3.242265798284375000e-01
5.249999999999432987e+01 7.642262138273027416e-02 3.148078414952731330e-01
5.259999999999431708e+01 8.787248526497626333e-02 3.048142459465896792e-01
5.269999999999430429e+01 9.995138076119983173e-02 2.942909119508549942e-01
5.279999999999429861e+01 1.126059404558218818e-01 2.832854866459305065e-01
5.289999999999428582e+01 1.257799360334362349e-01 2.718479334731290775e-01
5.299999999999427303e+01 1.394145072928615892e-01 2.600303091552082502e-01
5.309999999999426024e+01 1.534484128674632464e-01 2.478865304059841013e-01
5.319999999999424745e+01 1.678182920057894323e-01 2.354721310037984905e-01
5.329999999999424176e+01 1.824589331955529525e-01 2.228440105211851874e-01
5.339999999999422897e+01 1.973035610909256721e-01 2.100601756060437586e-01
5.349999999999421618e+01 2.122841294892117148e-01 1.971794748636211958e-01
5.359999999999421050e+01 2.273316352981439858e-01 1.842613283576255978e-01
5.369999999999419771e+01 2.423764475309433952e-01 1.713654526162060598e-01
5.379999999999418492e+01 2.573486474192328011e-01 1.585515824318421418e-01
5.389999999999417213e+01 2.721783708892736020e-01 1.458791909004528708e-01
5.399999999999415934e+01 2.867961430940647038e-01 1.334072093269070003e-01
5.409999999999415365e+01 3.011332112382453241e-01 1.211937485500180905e-01
5.419999999999414086e+01 3.151218838309103876e-01 1.092958229315329488e-01
5.429999999999412807e+01 3.286958803331634371e-01 9.776907822031399853e-02
5.439999999999412239e+01 3.417906828355636861e-01 8.666752454686596496e-02
5.449999999999410960e+01 3.543438724092712877e-01 7.604327611068142923e-02
5.459999999999409681e+01 3.662954619862174299e-01 6.594629907964102977e-02
5.469999999999408402e+01 3.775882005639176753e-01 5.642416908790390956e-02
5.479999999999407123e+01 3.881678421128860745e-01 4.752183997607063726e-02
5.489999999999406555e+01 3.979834122497968862e-01 3.928142485255851912e-02
5.499999999999405276e+01 4.069874568594034070e-01 3.174199043655906438e-02
5.509999999999403997e+01 4.151362815632766989e-01 2.493936566668605165e-02
5.519999999999403428e+01 4.223901876146433088e-01 1.890596537756376871e-02
5.529999999999402149e+01 4.287136879169463621e-01 1.367062996364775893e-02
5.539999999999400870e+01 4.340756964316593858e-01 9.258481953833285621e-03
5.549999999999399591e+01 4.384496957758904356e-01 5.690800325006684958e-03
5.559999999999398312e+01 4.418138665836893741e-01 2.984913250974842100e-03
5.569999999999397744e+01 4.441511704869595678e-01 1.154109895294392393e-03
5.579999999999396465e+01 4.454494376964865943e-01 2.075715411480400158e-04
5.589999999999395186e+01 4.457014495110807606e-01 1.503222921547954342e-04
5.599999999999394618e+01 4.449049878092818933e-01 9.831996809505118284e-04
5.609999999999393339e+01 4.430628241408314238e-01 2.702845390747277143e-03
5.619999999999392060e+01 4.401826680540597003e-01 5.301715979006785609e-03
5.629999999999390781e+01 4.362771165693425379e-01 8.768113313311157522e-03
5.639999999999389502e+01 4.313636051797233861e-01 1.308623449247116842e-02
5.649999999999388933e+01 4.254643570801588393e-01 1.823624114162435486e-02
5.659999999999387654e+01 4.186063001745487511e-01 2.419434791896655709e-02
5.669999999999386375e+01 4.108209701677826842e-01 3.093292996037214082e-02
5.679999999999385807e+01 4.021443888443236303e-01 3.842064898078526025e-02
5.689999999999384528e+01 3.926168957424810424e-01 4.662259747796212994e-02
5.699999999999383249e+01 3.822829423312520958e-01 5.550046018141520376e-02
5.709999999999381970e+01 3.711908785678162959e-01 6.501269186365821184e-02
5.719999999999380691e+01 3.593927228978636146e-01 7.511471072784854652e-02
5.729999999999380123e+01 3.469439290009862509e-01 8.575910651894200210e-02
5.739999999999378844e+01 3.339031321201788582e-01 9.689586255818173621e-02
5.749999999999377565e+01 3.203318563588488654e-01 1.084725904692835363e-01
5.759999999999376996e+01 3.062942002956427490e-01 1.204347761143349793e-01
5.769999999999375717e+01 2.918565399939792027e-01 1.327260356021164323e-01
5.779999999999374438e+01 2.770872395938723809e-01 1.452883806711384451e-01
5.789999999999373159e+01 2.620563618972356901e-01 1.580624926826014187e-01
5.799999999999371880e+01 2.468353580001430569e-01 1.709880042373269626e-01
5.809999999999371312e+01 2.314967216443668263e-01 1.840037868153511780e-01
5.819999999999370033e+01 2.161136332832723495e-01 1.970482427085227806e-01
5.829999999999368754e+01 2.007595994740205003e-01 2.100595998330952452e-01
5.839999999999368185e+01 1.855080943078778466e-01 2.229762079986075118e-01
5.849999999999366906e+01 1.704322060494301572e-01 2.357368354639924335e-01
5.859999999999365627e+01 1.556042752115906758e-01 2.482809643920527165e-01
5.869999999999364348e+01 1.410955323501893455e-01 2.605490835211130562e-01
5.879999999999363069e+01 1.269757443969776467e-01 2.724829767378974532e-01
5.889999999999362501e+01 1.133128625599730127e-01 2.840260062396138818e-01
5.899999999999361222e+01 1.001726591124016685e-01 2.951233882852833390e-01
5.909999999999359943e+01 8.761837590863380543e-02 3.057224594295723241e-01
5.919999999999359375e+01 7.571039509649533927e-02 3.157729319149484848e-01
5.929999999999358096e+01 6.450593180227261192e-02 3.252271370786686822e-01
5.939999999999356817e+01 5.405875113551217997e-02 3.340402559026510176e-01
5.949999999999355538e+01 4.441890213105627316e-02 3.421705358495999438e-01
5.959999999999354259e+01 3.563246511981690151e-02 3.495794927387854689e-01
5.969999999999353690e+01 2.774131845044787784e-02 3.562320963264243856e-01
5.979999999999352411e+01 2.078293342084795714e-02 3.620969387507699810e-01
5.989999999999351132e+01 1.479019289644586260e-02 3.671463855750226601e-01
5.999999999999350564e+01 9.791229819741793794e-03 3.713567089486428108e-01
6.009999999999349285e+01 5.809282799915080168e-03 3.747082020781207223e-01
6.019999999999348006e+01 2.862572558146425205e-03 3.771852735975660953e-01
6.029999999999346727e+01 9.642091193500178757e-04 3.787765209159502655e-01
6.039999999999345448e+01 1.221296296530881146e-04 3.794747823373456064e-01
6.049999999999344880e+01 3.390663965216593207e-04 3.792771678647778311e-01
6.059999999999343601e+01 1.612543109089293290e-03 3.781850687953882684e-01
6.069999999999342322e+01 3.934895975562843068e-03 3.762041465377491956e-01
6.079999999999341753e+01 7.293319153570142210e-03 3.733443007192464025e-01
6.089999999999340474e+01 1.166993375943673784e-02 3.696196169000336984e-01
6.099999999999339195e+01 1.704188443161281513e-02 3.650482938856615678e-01
6.109999999999337916e+01 2.338146162227532771e-02 3.596525506514218762e-01
6.119999999999336637e+01 3.065624645126466263e-02 3.534585137681654499e-01
6.129999999999336069e+01 3.882927473796362466e-02 3.464960861136394676e-01
6.139999999999334790e+01 4.785921939202330416e-02 3.387987978739818717e-01
6.149999999999333511e+01 5.770059596666250040e-02 3.304036403174521186e-01
6.159999999999332942e+01 6.830398954985957005e-02 3.213508828837396414e-01
6.169999999999331664e+01 7.961630075562670106e-02 3.116838745247636489e-01
6.179999999999330385e+01 9.158102175684570967e-02 3.014488299072790034e-01
6.189999999999329106e+01 1.041385281347116526e-01 2.906946012911980626e-01
6.199999999999327827e+01 1.172263843541886535e-01 2.794724376851857595e-01
6.209999999999327258e+01 1.307796537860137498e-01 2.678357327525938136e-01
6.219999999999325979e+01 1.447312167917849945e-01 2.558397631512981940e-01
6.229999999999324700e+01 1.590121065623214536e-01 2.435414182533997551e-01
6.239999999999324132e+01 1.735518513039155108e-01 2.309989224577316536e-01
6.249999999999322853e+01 1.882788105020830327e-01 2.182715517276591910e-01
6.259999999999321574e+01 2.031205079069148822e-01 2.054193461365131923e-01
6.269999999999320295e+01 2.180039813230960910e-01 1.925028195078549442e-01
6.279999999999319016e+01 2.328561525390022979e-01 1.795826669080948512e-01
6.289999999999318447e+01 2.476041927530476805e-01 1.667194713042653986e-01
6.299999999999317168e+01 2.621758840408869862e-01 1.539734111029589236e-01
6.309999999999315889e+01 2.764999883654589152e-01 1.414039698809730072e-01
6.319999999999315321e+01 2.905065937658876107e-01 1.290696498533570602e-01
6.329999999999314042e+01 3.041274459906028182e-01 1.170276908866957621e-01
6.339999999999312763e+01 3.172962592667675219e-01 1.053337964911266467e-01
6.349999999999311484e+01 3.299490142914647262e-01 9.404186816669352078e-02
6.359999999999310205e+01 3.420242538178956959e-01 8.320374906336516774e-02
6.369999999999309637e+01 3.534633623406803205e-01 7.286897798241523394e-02
6.379999999999308358e+01 3.642108381117523108e-01 6.308455483020432297e-02
6.389999999999307079e+01 3.742145331295573252e-01 5.389471857610698274e-02
6.399999999999306510e+01 3.834258799694070241e-01 4.534073882643459286e-02
6.409999999999305942e+01 3.918001220365431303e-01 3.746072162790238524e-02
6.419999999999303952e+01 3.992965283902914497e-01 3.028943027386214737e-02
6.429999999999301963e+01 4.058786014113672791e-01 2.385812192608050691e-02
6.439999999999301394e+01 4.115142531477591348e-01 1.819440094774936456e-02
6.449999999999300826e+01 4.161759696412493659e-01 1.332208972521130644e-02
6.459999999999300258e+01 4.198409318413416358e-01 9.261117644913708508e-03
6.469999999999298268e+01 4.224911011362998403e-01 6.027428819247229556e-03
6.479999999999297700e+01 4.241132958149074761e-01 3.632908850373939031e-03
6.489999999999295710e+01 4.246992660890045457e-01 2.085330859021233742e-03
6.499999999999295142e+01 4.242457570029189995e-01 1.388321062150542828e-03
6.509999999999294573e+01 4.227545513607988692e-01 1.541344176700906125e-03
6.519999999999292584e+01 4.202324662292561408e-01 2.539708850983484530e-03
6.529999999999292015e+01 4.166913166835414239e-01 4.374593107598716800e-03
6.539999999999290026e+01 4.121478747306276391e-01 7.033089668954573340e-03
6.549999999999289457e+01 4.066238163087048663e-01 1.049827106693307539e-02
6.559999999999288889e+01 4.001456345763887978e-01 1.474927438035933056e-02
6.569999999999286899e+01 3.927445288387502176e-01 1.976140529161737533e-02
6.579999999999286331e+01 3.844562834928307304e-01 2.550626108712180512e-02
6.589999999999285762e+01 3.753211296853053436e-01 3.195187222535953581e-02
6.599999999999283773e+01 3.653835903820993880e-01 3.906286209028608791e-02
6.609999999999283204e+01 3.546922868919933913e-01 4.680062446730163389e-02
6.619999999999282636e+01 3.432996945448081871e-01 5.512351782631659536e-02
6.629999999999280647e+01 3.312618840508366191e-01 6.398707535724142137e-02
6.639999999999280078e+01 3.186382289232552179e-01 7.334422967750434119e-02
6.649999999999278089e+01 3.054910844085034771e-01 8.314555079206313593e-02
6.659999999999277520e+01 2.918854736175795495e-01 9.333949612189927636e-02
6.669999999999276952e+01 2.778887439319746577e-01 1.038726714103699322e-01
6.679999999999274962e+01 2.635701984418641342e-01 1.146901007707419595e-01
6.689999999999274394e+01 2.490007327134164949e-01 1.257355044617418371e-01
6.699999999999272404e+01 2.342524627480324084e-01 1.369515829555928155e-01
6.709999999999271836e+01 2.193983488365462420e-01 1.482803057469305186e-01
6.719999999999271267e+01 2.045118127400762931e-01 1.596632033166766051e-01
6.729999999999269278e+01 1.896663738141363686e-01 1.710416609384651510e-01
6.739999999999268709e+01 1.749352893473464787e-01 1.823572132457142170e-01
6.749999999999268141e+01 1.603911901286326769e-01 1.935518381339939031e-01
6.759999999999266151e+01 1.461057076866122684e-01 2.045682483050818290e-01
6.769999999999265583e+01 1.321491060877432455e-01 2.153501788501264724e-01
6.779999999999265015e+01 1.185899250748277400e-01 2.258426694916361166e-01
6.789999999999263025e+01 1.054946342991113506e-01 2.359923402111455126e-01
6.799999999999262457e+01 9.292729501537504155e-02 2.457476590387266402e-01
6.809999999999260467e+01 8.094921760042661507e-02 2.550592002413169523e-01
6.819999999999259899e+01 6.961863371494338149e-02 2.638798909638471746e-01
6.829999999999259330e+01 5.899039438438234001e-02 2.721652450749740271e-01
6.839999999999257341e+01 4.911569187702898714e-02 2.798735832312581051e-01
6.849999999999256772e+01 4.004180422867201911e-02 2.869662381856945554e-01
6.859999999999254783e+01 3.181186122205292843e-02 2.934077445014803276e-01
6.869999999999254214e+01 2.446462788909473107e-02 2.991660114923230251e-01
6.879999999999253646e+01 1.803431605603907778e-02 3.042124784275389016e-01
6.889999999999251656e+01 1.255042262995569209e-02 3.085222517094364236e-01
6.899999999999251088e+01 8.037589844698867642e-03 3.120742237386928686e-01
6.909999999999250520e+01 4.515484211774731596e-03 3.148511726909808406e-01
6.919999999999248530e+01 1.998699512884610698e-03 3.168398422370605760e-01
6.929999999999247962e+01 4.966886526367058664e-04 3.180310004397777224e-01
6.939999999999247393e+01 1.372618612922185821e-05 3.184194775832565050e-01
6.949999999999245404e+01 5.489008762763570920e-04 3.180041828286149230e-01
6.959999999999244835e+01 2.096136012474814764e-03 3.167880999692716526e-01
6.969999999999242846e+01 4.644236393006457610e-03 3.147782625019197034e-01
6.979999999999242277e+01 8.176963277554110537e-03 3.119857078865277966e-01
6.989999999999241709e+01 1.267313342900276349e-02 3.084254115552341191e-01
6.999999999999239719e+01 1.810673991179337361e-02 3.041162015068034075e-01
7.009999999999239151e+01 2.444709633911284000e-02 2.990806538185132868e-01
7.019999999999237161e+01 3.165900239828892127e-02 2.933449695804681845e-01
7.029999999999236593e+01 3.970292968222059043e-02 2.869388341646751939e-01
7.039999999999236024e+01 4.853524051833001812e-02 2.798952590289304765e-01
7.049999999999234035e+01 5.810843289381260185e-02 2.722504062427728577e-01
7.059999999999233466e+01 6.837139814124386372e-02 2.640433971716593664e-01
7.069999999999232898e+01 7.926968172519611999e-02 2.553161072146454824e-01
7.079999999999230909e+01 9.074575255319647371e-02 2.461129480583466034e-01
7.089999999999230340e+01 1.027392918437382979e-01 2.364806382386520356e-01
7.099999999999229772e+01 1.151875040649890103e-01 2.264679625066121915e-01
7.109999999999227782e+01 1.280254374679314078e-01 2.161255211284937583e-01
7.119999999999227214e+01 1.411863034761712821e-01 2.055054707634417777e-01
7.129999999999225224e+01 1.546017988059779358e-01 1.946612585016255226e-01
7.139999999999224656e+01 1.682024414395100476e-01 1.836473501432783484e-01
7.149999999999224087e+01 1.819179232892165210e-01 1.725189536097337384e-01
7.159999999999222098e+01 1.956774692108433633e-01 1.613317387113606116e-01
7.169999999999221529e+01 2.094101963453109116e-01 1.501415547906256864e-01
7.179999999999219540e+01 2.230454644023477928e-01 1.390041478897784399e-01
7.189999999999218971e+01 2.365132332602455367e-01 1.279748788488903888e-01
7.199999999999218403e+01 2.497444082182777580e-01 1.171084437551438012e-01
7.209999999999216413e+01 2.626711852386310886e-01 1.064585982625003147e-01
7.219999999999215845e+01 2.752274080820254487e-01 9.607788680399820258e-02
7.229999999999215277e+01 2.873489318834652195e-01 8.601737780259789690e-02
7.239999999999213287e+01 2.989739736293847150e-01 7.632640639086205048e-02
7.249999999999212719e+01 3.100434456880610257e-01 6.705232627687442160e-02
7.259999999999212150e+01 3.205012707025300389e-01 5.824027221402465482e-02
7.269999999999210161e+01 3.302946637723127576e-01 4.993293452257028392e-02
7.279999999999209592e+01 3.393743734162377734e-01 4.217034709521135655e-02
7.289999999999207603e+01 3.476949142230057466e-01 3.498968985372966772e-02
7.299999999999207034e+01 3.552147744609682189e-01 2.842510645361854410e-02
7.309999999999206466e+01 3.618966105986416437e-01 2.250753807953738417e-02
7.319999999999204476e+01 3.677074469797118050e-01 1.726457389041615234e-02
7.329999999999203908e+01 3.726188474295470399e-01 1.272031880794445048e-02
7.339999999999201918e+01 3.766070557575622590e-01 8.895279455288403192e-03
7.349999999999201350e+01 3.796531077039680402e-01 5.806268912290207633e-03
7.359999999999200782e+01 3.817429191527035859e-01 3.466330743531209364e-03
7.369999999999198792e+01 3.828673408716748439e-01 1.884682640444379975e-03
7.379999999999198224e+01 3.830221815066031654e-01 1.066679919257006951e-03
7.389999999999197655e+01 3.822082302588937219e-01 1.013799017752165530e-03
7.399999999999195666e+01 3.804312731060495167e-01 1.723641037472461914e-03
7.409999999999195097e+01 3.777020523445018263e-01 3.189955446720149114e-03
7.419999999999194529e+01 3.740361935573008334e-01 5.402683837942746578e-03
7.429999999999192539e+01 3.694541020950961041e-01 8.348023427175001523e-03
7.439999999999191971e+01 3.639808106459652692e-01 1.200850978534191704e-02
7.449999999999189981e+01 3.576457970580260159e-01 1.636311804918787888e-02
7.459999999999189413e+01 3.504827941353446663e-01 2.138738178938908233e-02
7.469999999999188844e+01 3.425295836270561556e-01 2.705352876041642110e-02
7.479999999999186855e+01 3.338277667142401928e-01 3.333063264074336701e-02
7.489999999999186286e+01 3.244225370451052637e-01 4.018477986645106054e-02
7.499999999999184297e+01 3.143624632006396524e-01 4.757925088101109395e-02
7.509999999999183729e+01 3.036992333648093068e-01 5.547471498941741047e-02
7.519999999999183160e+01 2.924873725785583356e-01 6.382943762892070994e-02
7.529999999999181171e+01 2.807839518661368050e-01 7.259949887803265889e-02
7.539999999999180602e+01 2.686483021501886448e-01 8.173902215323641807e-02
7.549999999999180034e+01 2.561417228162584658e-01 9.120041213813717684e-02
7.559999999999178044e+01 2.433271803911069564e-01 1.009346008897158975e-01
7.569999999999177476e+01 2.302689760630327598e-01 1.108913007599644784e-01
7.579999999999176907e+01 2.170324043311747109e-01 1.210192625540653100e-01
7.589999999999174918e+01 2.036834226453372865e-01 1.312665377128073019e-01
7.599999999999174349e+01 1.902883257855063903e-01 1.415807435515449852e-01
7.609999999999172360e+01 1.769133901633889450e-01 1.519093299402458908e-01
7.619999999999171791e+01 1.636245187812670199e-01 1.621998455354309865e-01
7.629999999999171223e+01 1.504869023722989474e-01 1.724002022657849520e-01
7.639999999999169233e+01 1.375646958083217020e-01 1.824589370140382305e-01
7.649999999999168665e+01 1.249206968540773760e-01 1.923254693751244582e-01
7.659999999999166675e+01 1.126160208757159970e-01 2.019503539321625130e-01
7.669999999999166107e+01 1.007097826474543933e-01 2.112855252799393790e-01
7.679999999999165539e+01 8.925880041666263420e-02 2.202845345545973443e-01
7.689999999999163549e+01 7.831732118963743994e-02 2.289027765692555616e-01
7.699999999999162981e+01 6.793676637345766323e-02 2.370977067620006484e-01
7.709999999999162412e+01 5.816549489654013194e-02 2.448290473272450862e-01
7.719999999999160423e+01 4.904857140147836359e-02 2.520589815360618213e-01
7.729999999999159854e+01 4.062754050648187398e-02 2.587523346223056242e-01
7.739999999999159286e+01 3.294022731542783217e-02 2.648767400195816135e-01
7.749999999999157296e+01 2.602056718555646742e-02 2.704027908678763858e-01
7.759999999999156728e+01 1.989845141951092702e-02 2.753041763707245182e-01
7.769999999999154738e+01 1.459959015832272208e-02 2.795578021578491446e-01
7.779999999999154170e+01 1.014539365327792909e-02 2.831438938368907587e-01
7.789999999999153601e+01 6.552875455506924386e-03 2.860460827372949266e-01
7.799999999999151612e+01 3.834586758402080790e-03 2.882514733558765307e-01
7.809999999999151044e+01 1.998577233521917160e-03 2.897506929330718739e-01
7.819999999999149054e+01 1.048378743692843186e-03 2.905379231751503144e-01
7.829999999999148486e+01 9.830113160944062897e-04 2.906109141008245134e-01
7.839999999999147917e+01 1.797009166358267242e-03 2.899709800177995289e-01
7.849999999999145928e+01 3.480470008381158879e-03 2.886229771458715399e-01
7.859999999999145359e+01 6.019129175164518973e-03 2.865752630488807573e-01
7.869999999999144791e+01 9.394453721249987344e-03 2.838396386455007137e-01
7.879999999999142801e+01 1.358375584140451148e-02 2.804312733858870255e-01
7.889999999999142233e+01 1.856032616836619104e-02 2.763686138577348128e-01
7.899999999999141664e+01 2.429358473069579208e-02 2.716732766448444747e-01
7.909999999999139675e+01 3.074925125906108336e-02 2.663699258669180447e-01
7.919999999999139106e+01 3.788953970145889777e-02 2.604861357034092828e-01
7.929999999999137117e+01 4.567337126475694287e-02 2.540522382941495239e-01
7.939999999999136548e+01 5.405659732892886121e-02 2.471011584325367161e-01
7.949999999999135980e+01 6.299224485361669401e-02 2.396682358155587111e-01
7.959999999999133991e+01 7.243077769540771926e-02 2.317910355031692349e-01
7.969999999999133422e+01 8.232037228562226472e-02 2.235091476594622262e-01
7.979999999999131433e+01 9.260720533715190161e-02 2.148639778004662881e-01
7.989999999999130864e+01 1.032357449560032808e-01 2.058985289714878597e-01
7.999999999999130296e+01 1.141490450754044927e-01 1.966571772408616525e-01
8.009999999999128306e+01 1.252890407716889254e-01 1.871854418375424045e-01
8.019999999999127738e+01 1.365968439160519521e-01 1.775297512414338030e-01
8.029999999999127169e+01 1.480130432637196680e-01 1.677372063076831565e-01
8.039999999999125180e+01 1.594780109934783585e-01 1.578553413909564718e-01
8.049999999999124611e+01 1.709322038742787098e-01 1.479318845807131855e-01
8.059999999999124043e+01 1.823164478626674023e-01 1.380145186242456856e-01
8.069999999999122053e+01 1.935722242024698336e-01 1.281506437190445546e-01
8.079999999999121485e+01 2.046419512943429830e-01 1.183871431166112625e-01
8.089999999999119495e+01 2.154692592108840010e-01 1.087701526226177162e-01
8.099999999999118927e+01 2.259992713820420107e-01 9.934483492524659454e-02
8.109999999999118359e+01 2.361788902529288747e-01 9.015515953796769677e-02
8.119999999999116369e+01 2.459570627721177627e-01 8.124368960055788902e-02
8.129999999999115801e+01 2.552850273161977324e-01 7.265137686952978513e-02
8.139999999999113811e+01 2.641165434707333781e-01 6.441736590470888146e-02
8.149999999999113243e+01 2.724081180194340979e-01 5.657880838985493432e-02
8.159999999999112674e+01 2.801192034698886113e-01 4.917068851521519401e-02
8.169999999999110685e+01 2.872123788594109772e-01 4.222566039068476745e-02
8.179999999999110116e+01 2.936535241066740021e-01 3.577389812227586841e-02
8.189999999999109548e+01 2.994119709742117941e-01 2.984295915883897893e-02
8.199999999999107558e+01 3.044606460147871174e-01 2.445766153548029065e-02
8.209999999999106990e+01 3.087761965873581649e-01 1.963997543789176847e-02
8.219999999999106421e+01 3.123390801608648681e-01 1.540892971720504712e-02
8.229999999999104432e+01 3.151336340792584845e-01 1.178053382445120277e-02
8.239999999999103864e+01 3.171481305751378543e-01 8.767715341473242621e-03
8.249999999999101874e+01 3.183748054579910169e-01 6.380273329412921093e-03
8.259999999999101306e+01 3.188098604670286385e-01 4.624847672105085634e-03
8.269999999999100737e+01 3.184534542940297142e-01 3.504904376711355778e-03
8.279999999999098748e+01 3.173096783656935704e-01 3.020736680010229543e-03
8.289999999999098179e+01 3.153865114751024934e-01 3.169481832838212058e-03
8.299999999999096190e+01 3.126957467193211548e-01 3.945153437121509850e-03
8.309999999999095621e+01 3.092528966471868035e-01 5.338689033988182689e-03
8.319999999999095053e+01 3.050770722813035962e-01 7.338012460197522110e-03
8.329999999999093063e+01 3.001908699823405136e-01 9.928110437544952066e-03
8.339999999999092495e+01 2.946202503835462783e-01 1.309112297206401106e-02
8.349999999999091926e+01 2.883943958865720081e-01 1.680644710138239073e-02
8.359999999999089937e+01 2.815455543168007280e-01 2.105085344069344139e-02
8.369999999999089368e+01 2.741088648032451447e-01 2.579861491713528882e-02
8.379999999999088800e+01 2.661221642459085657e-01 3.102164697941672128e-02
8.389999999999086810e+01 2.576257690399242906e-01 3.668965837410154140e-02
8.399999999999086242e+01 2.486622593316869523e-01 4.277031159707589403e-02
8.409999999999084253e+01 2.392762758332571682e-01 4.922939235026527194e-02
8.419999999999083684e+01 2.295142997407658703e-01 5.603098725692266108e-02
8.429999999999083116e+01 2.194244268631046213e-01 6.313766892364264249e-02
8.439999999999081126e+01 2.090561146176809770e-01 7.051068731560337921e-02
8.449999999999080558e+01 1.984599238571227442e-01 7.811016620358457452e-02
8.459999999999078568e+01 1.876872768590846507e-01 8.589530386624309732e-02
8.469999999999078000e+01 1.767902110838258378e-01 9.382457719332774893e-02
8.479999999999077431e+01 1.658211234949667490e-01 1.018559480923236782e-01
8.489999999999075442e+01 1.548325177755800197e-01 1.099470710609272150e-01
8.499999999999074873e+01 1.438767556384432378e-01 1.180555009457408960e-01
8.509999999999074305e+01 1.330058087201367589e-01 1.261388998379864290e-01
8.519999999999072315e+01 1.222710213265022910e-01 1.341552420869335238e-01
8.529999999999071747e+01 1.117228857191690655e-01 1.420630167144573686e-01
8.539999999999071179e+01 1.014108230306548647e-01 1.498214265137372825e-01
8.549999999999069189e+01 9.138296373329818367e-02 1.573905829271196599e-01
8.559999999999068621e+01 8.168593953734941404e-02 1.647316958643407214e-01
8.569999999999066631e+01 7.236468623577019255e-02 1.718072578855544541e-01
8.579999999999066063e+01 6.346224495157148926e-02 1.785812218620156377e-01
8.589999999999065494e+01 5.501956771925797102e-02 1.850191710430870717e-01
8.599999999999063505e+01 4.707533650653380336e-02 1.910884806291379689e-01
8.609999999999062936e+01 3.966579689597579672e-02 1.967584703917759081e-01
8.619999999999060947e+01 3.282460192946343863e-02 2.020005478298102508e-01
8.629999999999060378e+01 2.658266186993770916e-02 2.067883410302541747e-01
8.639999999999059810e+01 2.096800787351951745e-02 2.110978202018976568e-01
8.649999999999057820e+01 1.600567427409962939e-02 2.149074074912482590e-01
8.659999999999057252e+01 1.171759556978511398e-02 2.181980748914232326e-01
8.669999999999056683e+01 8.122519446912107935e-03 2.209534301850279436e-01
8.679999999999054694e+01 5.235930273179889051e-03 2.231597907552545779e-01
8.689999999999054126e+01 3.069982916560726367e-03 2.248062446715747287e-01
8.699999999999053557e+01 1.633453627554708057e-03 2.258846985968981369e-01
8.709999999999051568e+01 9.317065209450458088e-04 2.263899127512494780e-01
8.719999999999050999e+01 9.666725264517342202e-04 2.263195225288058832e-01
8.729999999999049010e+01 1.736844504040552977e-03 2.256740461261493302e-01
8.739999999999048441e+01 3.237290997491550602e-03 2.244568781421385217e-01
8.749999999999047873e+01 5.459688451878068685e-03 2.226742692678240765e-01
8.759999999999045883e+01 8.392373340817148655e-03 2.203352920608452614e-01
8.769999999999045315e+01 1.202041205538875723e-02 2.174517928357213858e-01
8.779999999999043325e+01 1.632568234066448035e-02 2.140383306328093593e-01
8.789999999999042757e+01 2.128696594145364912e-02 2.101121039974640781e-01
8.799999999999042188e+01 2.688005122912265690e-02 2.056928659306375418e-01
8.809999999999040199e+01 3.307784996687532231e-02 2.008028273648197748e-01
8.819999999999039630e+01 3.985053214663379639e-02 1.954665491348713258e-01
8.829999999999039062e+01 4.716567238725510869e-02 1.897108227503672695e-01
8.839999999999037072e+01 5.498840428711295608e-02 1.835645408884920560e-01
8.849999999999036504e+01 6.328158023682842193e-02 1.770585585257345163e-01
8.859999999999035936e+01 7.200593425286419547e-02 1.702255455309336640e-01
8.869999999999033946e+01 8.112024664625760995e-02 1.630998315705201596e-01
8.879999999999033378e+01 9.058152801576363489e-02 1.557172436374454072e-01
8.889999999999031388e+01 1.003452217301223082e-01 1.481149362382311596e-01
8.899999999999030820e+01 1.103654062225704613e-01 1.403312150803792124e-01
8.909999999999030251e+01 1.205950011423613383e-01 1.324053554861173987e-01
8.919999999999028262e+01 1.309859898542023171e-01 1.243774160539537349e-01
8.929999999999027693e+01 1.414896457958950693e-01 1.162880483070308085e-01
8.939999999999025704e+01 1.520567505229207805e-01 1.081783035544592320e-01
8.949999999999025135e+01 1.626378252371007693e-01 1.000894378795934569e-01
8.959999999999024567e+01 1.731833677177379849e-01 9.206271588557525531e-02
8.969999999999022577e+01 1.836440927288190417e-01 8.413921419569680982e-02
8.979999999999022009e+01 1.939711744822428807e-01 7.635962559890405177e-02
8.989999999999021441e+01 2.041164859334620996e-01 6.876406491423205092e-02
8.999999999999019451e+01 2.140328302198567234e-01 6.139187758537393430e-02
9.009999999999018883e+01 2.236741637475632150e-01 5.428145209334094001e-02
9.019999999999018314e+01 2.329958065560605029e-01 4.747003711237074430e-02
9.029999999999016325e+01 2.419546457363927761e-01 4.099356436138968524e-02
9.039999999999015756e+01 2.505093397720147275e-01 3.488647782309963613e-02
9.049999999999013767e+01 2.586205203065953806e-01 2.918157007497283739e-02
9.059999999999013198e+01 2.662509801427217493e-01 2.390982649947955008e-02
9.069999999999012630e+01 2.733658295256473081e-01 1.910027832140254525e-02
9.079999999999010640e+01 2.799326406650727295e-01 1.477986518056476940e-02
9.089999999999010072e+01 2.859215792981383841e-01 1.097330776680965035e-02
9.099999999999008082e+01 2.913055307069137845e-01 7.702990961867284443e-03
9.109999999999007514e+01 2.960602185093292316e-01 4.988857922771062006e-03
9.119999999999006945e+01 3.001643181015585249e-01 2.848315519844953677e-03
9.129999999999004956e+01 3.035995313610101443e-01 1.296151605139577064e-03
9.139999999999004388e+01 3.063506433367897408e-01 3.444644717167187468e-04
9.149999999999003819e+01 3.084055794622763136e-01 2.604648268130326803e-06
9.159999999999001830e+01 3.097554481332786547e-01 2.771291987226115906e-04
9.169999999999001261e+01 3.103945761352525645e-01 1.171768683081143847e-03
9.179999999999000693e+01 3.103205427010844453e-01 2.687406924000026055e-03
9.189999999998998703e+01 3.095341825175343953e-01 4.822073706118749047e-03
9.199999999998998135e+01 3.080395874301722903e-01 7.570950448179783118e-03
9.209999999998996145e+01 3.058440998467124583e-01 1.092638890559174437e-02
9.219999999998995577e+01 3.029582871690579271e-01 1.487794291161257526e-02
9.229999999998995008e+01 2.993958954384571824e-01 1.941241306694611174e-02
9.239999999998993019e+01 2.951737878692066164e-01 2.451390419826580958e-02
9.249999999998992450e+01 2.903118507571983420e-01 3.016389528951800986e-02
9.259999999998990461e+01 2.848328713813126911e-01 3.634132132624200151e-02
9.269999999998989892e+01 2.787624027200562571e-01 4.302266642992798318e-02
9.279999999998989324e+01 2.721286330919957530e-01 5.018206775228899186e-02
9.289999999998987334e+01 2.649622580522842386e-01 5.779142974298887708e-02
9.299999999998986766e+01 2.572963376565986504e-01 6.582054833263248361e-02
9.309999999998986198e+01 2.491661334263194916e-01 7.423724432399267381e-02
9.319999999998984208e+01 2.406089302826985021e-01 8.300750515654334305e-02
9.329999999998983640e+01 2.316638560179971884e-01 9.209563426013275822e-02
9.339999999998983071e+01 2.223717101156417741e-01 1.014644074071092278e-01
9.349999999998981082e+01 2.127747911970915839e-01 1.110752355749878711e-01
9.359999999998980513e+01 2.029167212796610942e-01 1.208883336828191907e-01
9.369999999998978524e+01 1.928422604092853154e-01 1.308628945695093082e-01
9.379999999998977955e+01 1.825971135673356005e-01 1.409572673262502185e-01
9.389999999998977387e+01 1.722277321881150736e-01 1.511291391866050882e-01
9.399999999998975397e+01 1.617811192771320961e-01 1.613357201875919023e-01
9.409999999998974829e+01 1.513046286734175405e-01 1.715339299200547285e-01
9.419999999998972839e+01 1.408457610651198122e-01 1.816805853152275718e-01
9.429999999998972271e+01 1.304519747118604023e-01 1.917325889573200104e-01
9.439999999998971703e+01 1.201704832841863774e-01 2.016471172272755463e-01
9.449999999998969713e+01 1.100480593611811025e-01 2.113818071779014762e-01
9.459999999998969145e+01 1.001308388618416950e-01 2.208949415910763658e-01
9.469999999998968576e+01 9.046413080966744791e-02 2.301456313029913714e-01
9.479999999998966587e+01 8.109224074474290223e-02 2.390939945127071031e-01
9.489999999998966018e+01 7.205829625505871805e-02 2.477013327436059231e-01
9.499999999998965450e+01 6.340406969497047740e-02 2.559303026404274317e-01
9.509999999998963460e+01 5.516980660852036783e-02 2.637450830235233412e-01
9.519999999998962892e+01 4.739405114939516939e-02 2.711115366364816315e-01
9.529999999998960902e+01 4.011346470456250701e-02 2.779973653358862040e-01
9.539999999998960334e+01 3.336265240794255432e-02 2.843722574272504189e-01
9.549999999998959765e+01 2.717400057926343607e-02 2.902080265224255551e-01
9.559999999998957776e+01 2.157752697888270371e-02 2.954787412013958336e-01
9.569999999998957207e+01 1.660074690460839816e-02 3.001608453658956011e-01
9.579999999998955218e+01 1.226854718892517876e-02 3.042332692862870780e-01
9.589999999998954650e+01 8.603062670135065357e-03 3.076775303707119380e-01
9.599999999998954081e+01 5.623563404838195778e-03 3.104778224454845525e-01
9.609999999998952092e+01 3.346359596248355949e-03 3.126210929227964952e-01
9.619999999998951523e+01 1.784721440116068987e-03 3.140971080002008531e-01
9.629999999998950955e+01 9.488118981529720594e-04 3.148985055426297697e-01
9.639999999998948965e+01 8.456345710427193513e-04 3.150208353329361222e-01
9.649999999998948397e+01 1.478996382734886752e-03 3.144625865289756850e-01
9.659999999998947828e+01 2.849486521539475702e-03 3.132252023576177491e-01
9.669999999998945839e+01 4.954469932088964579e-03 3.113130817329787248e-01
9.679999999998945270e+01 7.788093413044936200e-03 3.087335677874479267e-01
9.689999999998943281e+01 1.134130070492886042e-02 3.054969240390459362e-01
9.699999999998942712e+01 1.560185823454477219e-02 3.016162985422297660e-01
9.709999999998942144e+01 2.055439554834292970e-02 2.971076755829315519e-01
9.719999999998940154e+01 2.618045788969641796e-02 2.919898149112503116e-01
9.729999999998939586e+01 3.245857086225509974e-02 2.862841788130534582e-01
9.739999999998937597e+01 3.936431739760121867e-02 2.800148473693213069e-01
9.749999999998937028e+01 4.687043209865128512e-02 2.732084220310649902e-01
9.759999999998936460e+01 5.494691006667222488e-02 2.658939174934021321e-01
9.769999999998934470e+01 6.356112541248482017e-02 2.581026422951486210e-01
9.779999999998933902e+01 7.267795691370762534e-02 2.498680690782451863e-01
9.789999999998933333e+01 8.225992935540653306e-02 2.412256950667008848e-01
9.799999999998931344e+01 9.226737198334436507e-02 2.322128930426008431e-01
9.809999999998930775e+01 1.026585838070058487e-01 2.228687533247119268e-01
9.819999999998930207e+01 1.133899962319915300e-01 2.132339178381147393e-01
9.829999999998928217e+01 1.244163426106223158e-01 2.033504071660796608e-01
9.839999999998927649e+01 1.356908412104919914e-01 1.932614410376693459e-01
9.849999999998925659e+01 1.471653762488810968e-01 1.830112528805614702e-01
9.859999999998925091e+01 1.587906848945237481e-01 1.726448994408827375e-01
9.869999999998924523e+01 1.705165650219638007e-01 1.622080657961469663e-01
9.879999999998922533e+01 1.822920928720866418e-01 1.517468661061301960e-01
9.889999999998921965e+01 1.940658243783052184e-01 1.413076414529188529e-01
9.899999999998919975e+01 2.057860162902554191e-01 1.309367557038393082e-01
9.909999999998919407e+01 2.174008668913207099e-01 1.206803896588208441e-01
9.919999999998918838e+01 2.288587555172882093e-01 1.105843343115968103e-01
9.929999999998916849e+01 2.401084755502680967e-01 1.006937844625535872e-01
9.939999999998916280e+01 2.510994719261281927e-01 9.105313368511265548e-02
9.949999999998915712e+01 2.617820726865379699e-01 8.170577163177997204e-02
9.959999999998913722e+01 2.721077113131099567e-01 7.269388483114216926e-02
9.969999999998913154e+01 2.820291686669073039e-01 6.405826166882906680e-02
9.979999999998912585e+01 2.915008145816140317e-01 5.583810226694053275e-02
9.989999999998910596e+01 3.004788230301655982e-01 4.807083449787532409e-02
