1e-05 0.0 0.0 
0.10001 0.0 0.0 
0.20001 0.0 0.0 
0.50001 0.0 0.0 
0.30001 0.0 0.0 
0.80001 0.0 0.0 
0.40001 0.0 0.0 
0.90001 0.0 0.0 
0.70001 0.0 0.0 
1.00001 0.0 0.0 
0.60001 0.0 0.0 
1.10001 0.0 0.0 
1.30001 0.0 0.0 
1.50001 0.0 0.0 
1.20001 0.0 0.0 
1.40001 0.0 0.0 
1.60001 0.0 0.0 
1.70001 0.0 0.0 
1.80001 0.0 0.0 
1.90001 0.0 0.0 
2.00001 0.0 0.0 
2.20001 0.0 0.0 
2.30001 0.0 0.0 
2.50001 0.0 0.0 
2.90001 0.0 0.0 
2.60001 0.0 0.0 
2.10001 0.0 0.0 
2.70001 0.0 0.0 
2.40001 0.0 0.0 
3.00001 0.0 0.0 
2.80001 0.0 0.0 
3.10001 0.0 0.0 
3.30001 0.0 0.0 
3.20001 0.0 0.0 
3.50001 0.0 0.0 
3.40001 0.0 0.0 
3.60001 0.0 0.0 
3.70001 0.0 0.0 
3.80001 0.0 0.0 
4.00001 0.0 0.0 
3.90001 0.0 0.0 
4.20001 0.0 0.0 
4.40001 0.0 0.0 
4.50001 0.0 0.0 
4.30001 0.0 0.0 
4.70001 0.0 0.0 
4.10001 0.0 0.0 
4.60001 0.0 0.0 
4.80001 0.0 0.0 
4.90001 0.0 0.0 
5.00001 0.0 0.0 
5.10001 0.0 0.0 
5.40001 0.0 0.0 
5.50001 0.0 0.0 
5.30001 0.0 0.0 
5.20001 0.0 0.0 
5.60001 0.0 0.0 
5.80001 0.0 0.0 
5.90001 0.0 0.0 
5.70001 0.0 0.0 
6.00001 0.0 0.0 
6.20001 0.0 0.0 
6.50001 0.0 0.0 
6.60001 0.0 0.0 
6.30001 0.0 0.0 
6.80001 0.0 0.0 
6.40001 0.0 0.0 
6.70001 0.0 0.0 
6.10001 0.0 0.0 
6.90001 0.0 0.0 
7.10001 0.0 0.0 
7.00001 0.0 0.0 
7.40001 0.0 0.0 
7.20001 0.0 0.0 
7.90001 0.0 0.0 
7.30001 0.0 0.0 
7.60001 0.0 0.0 
7.50001 0.0 0.0 
8.00001 0.0 0.0 
8.10001 0.0 0.0 
8.20001 0.0 0.0 
7.70001 0.0 0.0 
7.80001 0.0 0.0 
8.40001 0.0 0.0 
8.30001 0.0 0.0 
8.60001 0.0 0.0 
8.70001 0.0 0.0 
8.50001 0.0 0.0 
8.80001 0.0 0.0 
8.90001 0.0 0.0 
9.00001 0.0 0.0 
9.10001 0.0 0.0 
9.40001 0.0 0.0 
9.60001 0.0 0.0 
9.90001 0.0 0.0 
10.00001 0.0 0.0 
9.70001 0.0 0.0 
9.50001 0.0 0.0 
9.20001 0.0 0.0 
9.30001 0.0 0.0 
10.10001 0.0 0.0 
10.20001 0.0 0.0 
9.80001 0.0 0.0 
10.60001 0.0 0.0 
10.50001 0.0 0.0 
10.30001 0.0 0.0 
10.40001 0.0 0.0 
10.70001 0.0 0.0 
10.80001 0.0 0.0 
10.90001 0.0 0.0 
11.10001 0.0 0.0 
11.60001 0.0 0.0 
11.40001 0.0 0.0 
11.50001 0.0 0.0 
11.80001 0.0 0.0 
11.30001 0.0 0.0 
11.20001 0.0 0.0 
12.10001 0.0 0.0 
12.30001 0.0 0.0 
11.90001 0.0 0.0 
12.00001 0.0 0.0 
12.20001 0.0 0.0 
12.50001 0.0 0.0 
12.40001 0.0 0.0 
11.00001 0.0 0.0 
11.70001 0.0 0.0 
12.60001 0.0 0.0 
12.70001 0.0 0.0 
12.80001 0.0 0.0 
12.90001 0.0 0.0 
13.00001 0.0 0.0 
13.50001 0.0 0.0 
13.40001 0.0 0.0 
13.30001 0.0 0.0 
13.60001 0.0 0.0 
13.10001 0.0 0.0 
13.20001 0.0 0.0 
14.10001 0.0 0.0 
14.00001 0.0 0.0 
13.90001 0.0 0.0 
13.80001 0.0 0.0 
13.70001 0.0 0.0 
14.20001 0.0 0.0 
14.30001 0.0 0.0 
14.40001 0.0 0.0 
14.50001 0.0 0.0 
14.90001 0.0 0.0 
15.20001 0.0 0.0 
14.60001 0.0 0.0 
14.70001 0.0 0.0 
15.00001 0.0 0.0 
15.30001 0.0 0.0 
14.80001 0.0 0.0 
15.10001 0.0 0.0 
15.40001 0.0 0.0 
15.80001 0.0 0.0 
15.70001 0.0 0.0 
15.60001 0.0 0.0 
15.50001 0.0 0.0 
15.90001 0.0 0.0 
16.00001 0.0 0.0 
16.20001 0.0 0.0 
16.50001 0.0 0.0 
16.10001 0.0 0.0 
16.40001 0.0 0.0 
16.70001 0.0 0.0 
16.80001 0.0 0.0 
16.30001 0.0 0.0 
16.60001 0.0 0.0 
17.00001 0.0 0.0 
17.10001 0.0 0.0 
17.20001 0.0 0.0 
16.90001 0.0 0.0 
17.40001 0.0 0.0 
17.30001 0.0 0.0 
17.50001 0.0 0.0 
17.60001 0.0 0.0 
17.70001 0.0 0.0 
17.90001 0.0 0.0 
18.20001 0.0 0.0 
18.00001 0.0 0.0 
17.80001 0.0 0.0 
18.40001 0.0 0.0 
18.50001 0.0 0.0 
18.30001 0.0 0.0 
18.60001 0.0 0.0 
18.10001 0.0 0.0 
18.80001 0.0 0.0 
19.00001 0.0 0.0 
18.90001 0.0 0.0 
18.70001 0.0 0.0 
19.10001 0.0 0.0 
19.30001 0.0 0.0 
19.20001 0.0 0.0 
19.40001 0.0 0.0 
19.50001 0.0 0.0 
19.70001 0.0 0.0 
19.80001 0.0 0.0 
19.60001 0.0 0.0 
20.30001 0.0 0.0 
20.00001 0.0 0.0 
20.10001 0.0 0.0 
19.90001 0.0 0.0 
20.20001 0.0 0.0 
20.50001 0.0 0.0 
20.70001 0.0 0.0 
20.80001 0.0 0.0 
20.90001 0.0 0.0 
20.60001 0.0 0.0 
20.40001 0.0 0.0 
21.20001 0.0 0.0 
21.00001 0.0 0.0 
21.10001 0.0 0.0 
21.50001 0.0 0.0 
21.40001 0.0 0.0 
21.30001 0.0 0.0 
21.60001 0.0 0.0 
21.70001 0.0 0.0 
21.80001 0.0 0.0 
21.90001 0.0 0.0 
22.00001 0.0 0.0 
22.40001 0.0 0.0 
22.20001 0.0 0.0 
22.50001 0.0 0.0 
22.30001 0.0 0.0 
22.10001 0.0 0.0 
22.60001 0.0 0.0 
22.90001 0.0 0.0 
22.80001 0.0 0.0 
23.20001 0.0 0.0 
22.70001 0.0 0.0 
23.10001 0.0 0.0 
23.00001 0.0 0.0 
23.40001 0.0 0.0 
23.30001 0.0 0.0 
23.50001 0.0 0.0 
23.70001 0.0 0.0 
23.80001 0.0 0.0 
23.60001 0.0 0.0 
23.90001 0.0 0.0 
24.00001 0.0 0.0 
24.20001 0.0 0.0 
24.10001 0.0 0.0 
24.70001 0.0 0.0 
24.40001 0.0 0.0 
24.90001 0.0 0.0 
24.30001 0.0 0.0 
24.50001 0.0 0.0 
24.60001 0.0 0.0 
24.80001 0.0 0.0 
25.20001 0.0 0.0 
25.00001 0.0 0.0 
25.10001 0.0 0.0 
25.30001 0.0 0.0 
25.50001 0.0 0.0 
25.40001 0.0 0.0 
25.60001 0.0 0.0 
25.70001 0.0 0.0 
25.90001 0.0 0.0 
25.80001 0.0 0.0 
26.10001 0.0 0.0 
26.00001 0.0 0.0 
26.20001 0.0 0.0 
26.30001 0.0 0.0 
26.40001 0.0 0.0 
26.50001 0.0 0.0 
26.60001 0.0 0.0 
26.80001 0.0 0.0 
26.90001 0.0 0.0 
26.70001 0.0 0.0 
27.00001 0.0 0.0 
27.20001 0.0 0.0 
27.30001 0.0 0.0 
27.10001 0.0 0.0 
27.40001 0.0 0.0 
27.50001 0.0 0.0 
28.00001 0.0 0.0 
27.60001 0.0 0.0 
27.70001 0.0 0.0 
27.80001 0.0 0.0 
27.90001 0.0 0.0 
28.20001 0.0 0.0 
28.10001 0.0 0.0 
28.40001 0.0 0.0 
28.50001 0.0 0.0 
28.60001 0.0 0.0 
28.30001 0.0 0.0 
29.00001 0.0 0.0 
29.70001 0.0 0.0 
28.80001 0.0 0.0 
29.10001 0.0 0.0 
28.90001 0.0 0.0 
29.20001 0.0 0.0 
29.60001 0.0 0.0 
28.70001 0.0 0.0 
29.40001 0.0 0.0 
29.30001 0.0 0.0 
29.50001 0.0 0.0 
30.00001 0.0 0.0 
29.90001 0.0 0.0 
30.10001 0.0 0.0 
30.40001 0.0 0.0 
30.20001 0.0 0.0 
29.80001 0.0 0.0 
30.50001 0.0 0.0 
30.30001 0.0 0.0 
30.60001 0.0 0.0 
30.70001 0.0 0.0 
31.00001 0.0 0.0 
30.90001 0.0 0.0 
30.80001 0.0 0.0 
31.30001 0.0 0.0 
31.10001 0.0 0.0 
31.40001 0.0 0.0 
31.50001 0.0 0.0 
31.70001 0.0 0.0 
31.60001 0.0 0.0 
31.20001 0.0 0.0 
31.80001 0.0 0.0 
32.20001 0.0 0.0 
32.00001 0.0 0.0 
31.90001 0.0 0.0 
32.10001 0.0 0.0 
32.40001 0.0 0.0 
32.50001 0.0 0.0 
32.60001 0.0 0.0 
32.30001 0.0 0.0 
32.90001 0.0 0.0 
32.80001 0.0 0.0 
32.70001 0.0 0.0 
33.00001 0.0 0.0 
33.10001 0.0 0.0 
33.40001 0.0 0.0 
33.30001 0.0 0.0 
33.20001 0.0 0.0 
34.00001 0.0 0.0 
33.50001 0.0 0.0 
33.60001 0.0 0.0 
33.80001 0.0 0.0 
34.40001 0.0 0.0 
33.70001 0.0 0.0 
34.10001 0.0 0.0 
33.90001 0.0 0.0 
34.20001 0.0 0.0 
34.30001 0.0 0.0 
34.50001 0.0 0.0 
34.70001 0.0 0.0 
34.60001 0.0 0.0 
34.80001 0.0 0.0 
35.00001 0.0 0.0 
34.90001 0.0 0.0 
35.20001 0.0 0.0 
35.10001 0.0 0.0 
35.30001 0.0 0.0 
35.50001 0.0 0.0 
35.60001 0.0 0.0 
35.70001 0.0 0.0 
35.40001 0.0 0.0 
35.80001 0.0 0.0 
35.90001 0.0 0.0 
36.00001 0.0 0.0 
36.30001 0.0 0.0 
36.20001 0.0 0.0 
36.40001 0.0 0.0 
36.10001 0.0 0.0 
36.50001 0.0 0.0 
36.60001 0.0 0.0 
36.80001 0.0 0.0 
37.00001 0.0 0.0 
36.90001 0.0 0.0 
36.70001 0.0 0.0 
37.10001 0.0 0.0 
37.40001 0.0 0.0 
37.20001 0.0 0.0 
37.30001 0.0 0.0 
37.60001 0.0 0.0 
37.80001 0.0 0.0 
37.90001 0.0 0.0 
37.50001 0.0 0.0 
37.70001 0.0 0.0 
38.10001 0.0 0.0 
38.00001 0.0 0.0 
38.20001 0.0 0.0 
38.30001 0.0 0.0 
38.50001 0.0 0.0 
38.80001 0.0 0.0 
38.60001 0.0 0.0 
38.70001 0.0 0.0 
38.40001 0.0 0.0 
38.90001 0.0 0.0 
39.00001 0.0 0.0 
39.10001 0.0 0.0 
39.30001 0.0 0.0 
39.40001 0.0 0.0 
39.20001 0.0 0.0 
39.50001 0.0 0.0 
39.80001 0.0 0.0 
39.70001 0.0 0.0 
39.60001 0.0 0.0 
39.90001 0.0 0.0 
