1e-05 -0.000937565636798175 0.0010781192026791493 
0.10001 -0.001505646830558704 0.001858469299339245 
0.20001 7.445216922812828e-05 0.002375161351727644 
0.50001 0.0010426160671967886 0.0018632214179959512 
0.30001 -0.001218753569075304 0.0014404227140269472 
0.80001 -0.0029579871533527437 0.000871147061748824 
0.40001 0.0010805848773679252 0.0005418272624063587 
0.90001 6.762989061946846e-06 0.0003316014476271191 
0.70001 -0.0005857027701207955 0.0012161639761834801 
1.00001 -0.0011758390269032044 0.0019158987702429426 
0.60001 -0.0008046494452025388 0.0001299121170559566 
1.10001 0.000671485782286958 0.00020359244005565806 
1.30001 -0.001106975858852762 0.00015748206936566677 
1.50001 0.002431296290390638 0.00014850211640509803 
1.20001 0.0018171057494553908 0.001974567371966665 
1.40001 -0.0009172841179186673 0.0008277803535521392 
1.60001 -0.0016424463447205712 0.00012767781962335538 
1.70001 -0.0010709478035636304 0.00027383619934902244 
1.80001 5.6421232195966346e-05 0.0002737612310662936 
1.90001 0.0013027772133012523 0.0026257529394167044 
2.00001 0.0010534084993774073 0.0033315050716558967 
2.20001 0.0005570847942814182 0.0025850985303793447 
2.30001 -0.00026840991144955217 0.0007299951209661572 
2.50001 0.002428443801616066 0.0011416433275641 
2.90001 0.00199776697859587 0.0014841815230667572 
2.60001 -0.0005338042299981947 0.000536655862002405 
2.10001 0.0014389840393167347 0.0024065109894875225 
2.70001 0.000684287092530816 0.00015657757001531823 
2.40001 -0.0005323813266173798 0.00018545933304312497 
3.00001 0.0010881807471183477 0.00018585803469713813 
2.80001 -0.0007654480194166097 0.0008087092135456499 
3.10001 0.0015271607879032965 0.000356397419033241 
3.30001 -0.001105211244419363 0.0003992227085374675 
3.20001 0.0013059269178924467 3.341684647477426e-05 
3.50001 -0.001334790549686339 0.002048439219569389 
3.40001 0.0007957220937963098 0.0004639339083466081 
3.60001 6.224098121475037e-05 0.00048318049802046953 
3.70001 -0.0011190991730692212 0.0017695559054315064 
3.80001 -0.00037407602327471905 0.00013126461506092816 
4.00001 -0.0019494092968251073 0.0023542786899705117 
3.90001 0.00024319782742027738 4.036681784906068e-05 
4.20001 0.000736438519918366 0.0013857911377699625 
4.40001 0.003090976553612755 0.00041447854796938235 
4.50001 0.001904027099835562 0.00014001081750929277 
4.30001 0.001493500542422423 0.0005960029077439762 
4.70001 0.0012900532237980233 0.0012990881313552911 
4.10001 -0.0003835077724302736 0.0005760725014569158 
4.60001 0.0005149117634141713 0.0009184043227362799 
4.80001 0.0013924427005285894 0.001201994603733474 
4.90001 0.0005757371633168093 0.002400811675093273 
5.00001 -0.0017227190502288091 0.00017831607396198224 
5.10001 -0.0007631516973178774 0.0008749132683422158 
5.40001 0.0007601343948602727 0.00028682036312574163 
5.50001 -0.0019268361187189964 0.0010044132946725917 
5.30001 -0.00017327619943227596 5.2802664713014205e-05 
5.20001 0.000626411692962121 0.002225155871935146 
5.60001 0.0008275219858704384 0.00022146693589110384 
5.80001 0.001493817766883093 0.0005919053580321461 
5.90001 -0.0007689889288499956 0.0005057747287721352 
5.70001 -0.00047600040120619606 0.0006280386821405987 
6.00001 -0.0010409229406329527 0.0008702005228884109 
6.20001 -0.001734596887182678 0.0022469041192330077 
6.50001 -9.169304603398194e-05 0.00024797763264953836 
6.60001 0.00030335269539099447 0.0005717563628007732 
6.30001 -0.0013858312069509214 0.0006847714587674866 
6.80001 0.0006531858234615513 0.0011580177112210448 
6.40001 -8.433789655471239e-05 0.0008559546931559445 
6.70001 0.0003361411466497265 0.0009614859071009638 
6.10001 -0.0012530152159490682 0.002481770820809668 
6.90001 -0.0012627876542153104 0.00224555218587559 
7.10001 -8.449755874350459e-05 0.0013852287703095055 
7.00001 0.0014207466858895761 0.0012921393240423519 
7.40001 -0.00032294883750675637 5.260618735903732e-05 
7.20001 0.0028538304588542097 0.0002973006860667424 
7.90001 -0.0015561770412660949 0.0010857524512039984 
7.30001 -0.004991026176689338 0.00042384538165476156 
7.60001 9.636927211269708e-05 0.00017176913418074817 
7.50001 -0.0015489739492889562 0.0010514996927088551 
8.00001 -0.00043468416491703984 0.0005162835459560462 
8.10001 -0.002584379919351191 0.0008223835188982619 
8.20001 -0.001146000332242683 0.00019591065911036317 
7.70001 0.002130126788487898 0.0007815397052365182 
7.80001 -2.946129790366435e-05 0.0012914232010426512 
8.40001 -0.0017446314594604193 0.001293696636228164 
8.30001 0.0007616831791146745 0.0017370366402800377 
8.60001 0.0005704604291500118 1.638347067931049e-05 
8.70001 0.00045607391751177715 0.0010116205016298908 
8.50001 -0.00018365147494777906 0.0004298310724532657 
8.80001 -0.003114388998911327 0.002144622287976318 
8.90001 6.682429406775392e-05 0.0019264323914129887 
9.00001 0.0010236170077901794 0.00023920265630557758 
9.10001 0.002897448218561905 0.0008022100809494043 
9.40001 -0.0006728792094567354 0.0011943152027681495 
9.60001 0.001513570125636894 0.0008582905060786488 
9.90001 -0.001130577608140842 0.0019076613253913028 
10.00001 -0.0002644710431640709 0.0004159660443845074 
9.70001 0.0006640319472898297 6.36701113778813e-05 
9.50001 0.0012626499652718893 0.00178023763349082 
9.20001 0.0008855737025552557 0.0018012302086468496 
9.30001 0.001059319767851184 0.00023792762730584272 
10.10001 -0.0008835581637603671 0.0007690078532733513 
10.20001 -0.0010484844673965955 0.0010894926427559948 
9.80001 -0.000326088435242104 0.0005505610485969371 
10.60001 0.00046213906712906454 0.0004943582727496266 
10.50001 0.00021985650496718096 0.002311178841765333 
10.30001 -0.00327636885282785 0.001849195047626874 
10.40001 -8.635951064527134e-05 0.0007787703184984263 
10.70001 0.0005718868890083771 0.0007937314873343831 
10.80001 -0.0013882808894514235 0.00010364845346750174 
10.90001 -0.002281914285582728 0.0012537607611053784 
11.10001 -0.002231695513908577 0.0006161689821328149 
11.60001 0.0004938644381972179 7.972128136815408e-05 
11.40001 0.0005929871050348431 0.0012402847796079747 
11.50001 0.0030280623005921985 0.0008631377805545437 
11.80001 -0.0005727555613822215 0.0007290753777128869 
11.30001 0.0020649748417960385 0.0013474641017668261 
11.20001 0.0035710043984240273 0.0006615549533191256 
12.10001 -0.0027547456671392196 0.0005623901924766482 
12.30001 0.0007468073828722963 0.0015824076772321988 
11.90001 -0.00021206319984249522 8.537419529036775e-05 
12.00001 0.0009621968254031473 0.00031074436623591985 
12.20001 0.0012164049015676668 7.609572701025742e-05 
12.50001 -0.0011950932793834941 0.0004421710763457772 
12.40001 -0.0008686416045045994 0.001232683132696451 
11.00001 -0.0006617363275864905 0.0008796481464243978 
11.70001 0.0026264455724781368 0.0005722498675406868 
12.60001 -0.0008272176603403427 0.0004238375518281951 
12.70001 0.0010006318963475778 0.0005716027906753005 
12.80001 -0.001289116150518097 0.0026376828595700294 
12.90001 0.0006937540484405764 0.000320069609090447 
13.00001 -0.0018062060547344477 0.002283974966031372 
13.50001 -0.0011042021675443314 0.0018007384037807374 
13.40001 -0.0006804883051265778 0.0004793638241649497 
13.30001 -0.0009513636974628247 0.0010365817975621409 
13.60001 0.0011627635852104298 0.0020987101515649183 
13.10001 -0.0008572326098069485 0.0012331627598603692 
13.20001 0.000922367009579416 0.0008338780361652086 
14.10001 0.0007644100828874932 0.0005542335080531864 
14.00001 -0.0028851552730531343 0.00012523675549680957 
13.90001 -0.002423984353142622 0.0009945625527207817 
13.80001 -0.0005130302092422357 0.000408947909893164 
13.70001 -0.0019368523201852017 0.0010311060759525467 
14.20001 0.0007254792918025168 0.0008001762322878524 
14.30001 8.95528548586561e-05 0.0018548281795144933 
14.40001 -0.0013591520938596151 0.002834962882144715 
14.50001 -0.002321605682545042 0.0002482005968867894 
14.90001 -0.0010737198902517782 0.0013698871885948326 
15.20001 0.0009416947459887868 0.001351403156556207 
14.60001 0.002419570880013513 0.0006959623341386088 
14.70001 0.0014615289335485953 8.303452383210178e-05 
15.00001 0.0006945005594723767 0.00015737492990927735 
15.30001 0.0012513104499791085 5.0861829571783256e-05 
14.80001 0.002916392872869222 0.0017734877635922634 
15.10001 -0.00040237989767690147 0.001268607778294835 
15.40001 0.00038884584802269067 0.001362721296114461 
15.80001 0.0015720169595846145 0.0015738183953412294 
15.70001 -0.00022214563903627397 0.0032061702691664026 
15.60001 0.0014190628062299077 0.0011621871874536677 
15.50001 3.832715992865501e-05 0.0004478153905251076 
15.90001 -0.0004084440621391266 0.0004228140146683779 
16.00001 -0.0009886540485852366 0.00018558717281602128 
16.20001 -0.002643704104154824 0.00020072098193375017 
16.50001 0.001125758472741592 0.00018892943741494585 
16.10001 -0.0012302008837784975 0.0008031340871660636 
16.40001 -0.0014599540301569562 0.003751827319283538 
16.70001 -0.0018172516587030365 0.0009134792665487772 
16.80001 0.00114405703096242 0.00016363688379830092 
16.30001 -0.002134102570366477 0.00012699107534477395 
16.60001 0.0016115256301205947 0.0009627684350444986 
17.00001 -0.0006993233080536353 7.844865623338318e-05 
17.10001 -0.0011389678872144036 0.0014692139883584158 
17.20001 0.0019631727380217327 0.0023696785181311 
16.90001 -0.00043693182110922824 0.00033699416801652254 
17.40001 -0.001685700064264627 0.002215959164684464 
17.30001 -0.0005196450152634619 0.001645713174121051 
17.50001 0.0025483207347357234 0.0009897438434341528 
17.60001 -0.0004626189961728719 0.000138639795749885 
17.70001 -0.0014796063171685935 0.0005138866680430191 
17.90001 -0.0005988493908321655 0.0007300160597228935 
18.20001 0.0014683612759612674 0.005309747358798775 
18.00001 0.00042413905547715084 0.000575334333356828 
17.80001 0.00046772687288562697 0.0015598087105537684 
18.40001 -0.001805152988914155 0.0001903794870284272 
18.50001 0.00047092003619042674 0.0013790150399472303 
18.30001 0.0016840947954024957 1.8809140580145888e-05 
18.60001 -0.0005933828433612895 0.0007936794073775763 
18.10001 -0.0007993091346214774 0.000409282067584128 
18.80001 0.0019945571839331266 0.003596752289160103 
19.00001 -0.0012795319718911786 0.0020957535169527667 
18.90001 -0.0007439478868665172 0.0009304293663123254 
18.70001 0.0009107290256458957 0.0008846388780809857 
19.10001 0.0011219352056919367 0.000344826229683386 
19.30001 0.0016889810061019531 0.0009279821136330656 
19.20001 -0.0014526841948820284 0.0005273932344887673 
19.40001 -0.0024533989160859704 0.0012361288468940115 
19.50001 0.0008224717430093881 0.0014307265529263707 
19.70001 0.00014513716526093893 0.0006739755747725026 
19.80001 -0.006180870327537936 0.003566448767549414 
19.60001 -0.003735083703437044 0.0009519601866435046 
20.30001 0.00027843400911633387 0.0001101581319671987 
20.00001 -0.00012718095998509528 0.002747124335765747 
20.10001 0.0008302195696509519 0.0014196738769282156 
19.90001 0.0012444720126755697 0.0008608427860613594 
20.20001 -0.0008189418090031432 0.0002958561599401095 
20.50001 -7.529610891241719e-05 4.923311643722425e-05 
20.70001 0.00022612560474868666 0.0014137613366372865 
20.80001 -0.0007102160056703827 3.4112746839186294e-05 
20.90001 -0.0012293524767951894 0.00028154529686520176 
20.60001 -0.0007112894014740019 0.0006833220250654404 
20.40001 0.0016314229336820765 0.000968465720855463 
21.20001 0.00012851528978561526 0.00278980961661541 
21.00001 -0.0010874622812253436 0.0007683328887454259 
21.10001 -0.0013701541900136979 0.0021040641310463796 
21.50001 -0.0012255994861966784 0.0005114494418136346 
21.40001 -0.0024291810863156914 0.0012837091117108516 
21.30001 -0.0006679643445097426 0.0014638161285469935 
21.60001 -0.00014677826911811708 0.0017785019821182266 
21.70001 -0.002229453770402279 0.0013320496380226816 
21.80001 0.00020697922710547888 0.0009000495245034983 
21.90001 -0.0003036263736462408 5.851632770085809e-07 
22.00001 0.000204214910755676 0.0007383883395359612 
22.40001 0.0011454164252049169 0.0009583470493973321 
22.20001 -5.792256887118797e-05 0.0001678123760108012 
22.50001 -6.80386137088256e-05 0.0013967768416163274 
22.30001 0.0008575135521438296 0.0013059633766568947 
22.10001 0.0003173687364048576 0.0002740230283777593 
22.60001 -0.0003191580360254649 0.0018179625595918963 
22.90001 0.00228147653701457 0.0010744445494538229 
22.80001 0.0009484621124714905 0.0018562713720043805 
23.20001 0.001442723782223046 0.0017348212038310056 
22.70001 0.0006573738173919708 4.5886707719461134e-05 
23.10001 -0.0006122855014036384 0.001541580342752698 
23.00001 -0.003169915260854317 0.0015132424977634994 
23.40001 -0.0015777663268568636 0.0026714512915725257 
23.30001 0.0011045191711899559 0.0027029666004081466 
23.50001 0.0007683746710684738 0.001459946646734077 
23.70001 0.0009989039643602524 0.0003759641991019327 
23.80001 -0.00212824185448265 0.0029816543892961503 
23.60001 -0.0003866504214545627 0.00025462480818786364 
23.90001 -0.0002810269864254271 0.002168373658144996 
24.00001 4.956345582084014e-05 0.0006096528753567613 
24.20001 -0.0017428968808470048 0.0005043643372718489 
24.10001 -0.003641667019374786 0.0005017343392561856 
24.70001 0.0005983809653681082 0.0022602799354018268 
24.40001 -0.0008049431999756352 7.899144242353822e-05 
24.90001 0.0012927745512581982 0.001995499920585394 
24.30001 -0.0010848294360256993 0.002833171977697608 
24.50001 0.0015907216766388396 0.0006513426619711843 
24.60001 -0.00012851390214294533 0.0007278909794731471 
24.80001 -0.00019468129045988806 0.0017092968828495863 
25.20001 0.0011843968302220529 6.136373875832767e-05 
25.00001 -0.001414045102005327 0.0011037143631320693 
25.10001 -0.0003128130876380374 0.00028337941943101493 
25.30001 0.00024871310613337543 0.001921982149083398 
25.50001 -0.0010884474437817902 8.362363164091178e-05 
25.40001 -0.0004273973119600522 0.0003766206683848243 
25.60001 0.0012960944949641268 0.00041196459744026313 
25.70001 -0.0012128564263372663 0.00021780162311851306 
25.90001 0.0016895972825290363 0.0022146951284883177 
25.80001 -0.00040099138100501753 0.002021753305175922 
26.10001 0.0004724530340756023 0.00017019055021457298 
26.00001 -0.00013793062291824105 0.0010587923123960485 
26.20001 -0.00110550499502307 0.0001945515612169948 
26.30001 -0.0007342433414762285 0.0030434664489506855 
26.40001 0.0004584341875849199 0.0017741938874979877 
26.50001 0.0018913626220723196 0.00151984090863939 
26.60001 -0.0007252284239925445 9.799160394151433e-05 
26.80001 -0.00023116845198474262 0.002141821662786164 
26.90001 0.0007018636364399375 0.0006138349115523108 
26.70001 0.0014866702557931356 0.0005560881475112021 
27.00001 -0.0014421688360699285 0.00029870493553476435 
27.20001 -0.0012736514290761637 0.0012478720177589026 
27.30001 0.0009574007967520042 0.0016544084822526454 
27.10001 -0.00037369725421673906 0.000816518276842679 
27.40001 -0.0009287465575637619 0.0011068803245010898 
27.50001 0.0005928703574281538 0.0027829889281928387 
28.00001 0.0009623402082854988 0.0018570055007028137 
27.60001 0.0007986327916701895 0.0016027783180277847 
27.70001 -0.0021132004808677805 0.00014589019045858497 
27.80001 0.0009368032921880105 0.00010469217519742583 
27.90001 -0.002456255776237865 0.0011631854190479996 
28.20001 0.001768849735361493 0.0001006842577831133 
28.10001 -0.0007763989729504203 0.0007968990081989625 
28.40001 2.2201010673866264e-06 0.0004408129131268716 
28.50001 0.0012690683547966217 0.00028832916794359917 
28.60001 -0.002900402893612647 0.0012380080995443184 
28.30001 -0.0007642700637560801 0.00044990981702755045 
29.00001 -0.001982103116560984 0.0032603975126945235 
29.70001 -0.0002192455833810176 0.0019157329625172808 
28.80001 0.0010315557552161773 0.0012529427749112623 
29.10001 -0.0022325595917368083 0.0003126457650448663 
28.90001 0.001199609990239095 0.0006394021055496162 
29.20001 0.0003089272720937882 0.0021000611695249933 
29.60001 0.0006366373026348313 0.0001631425464075458 
28.70001 -0.00014803220016363635 0.0003531576206491273 
29.40001 -0.001176296116499266 0.0010878519134701024 
29.30001 -0.0017336121852003093 0.002530461003490504 
29.50001 0.00010853699820030226 0.001954143653403883 
30.00001 0.000838049323022328 0.00030511280725082225 
29.90001 0.0007841846960804431 0.00022426938362270677 
30.10001 -0.0006205284058001201 0.0025688247347287747 
30.40001 -0.0020074106822266747 0.0004963500797068702 
30.20001 0.0016077815604541136 0.000532459634035446 
29.80001 -0.0015774174948577774 0.0001736486428925879 
30.50001 -0.000719965088359308 0.0013408202810868764 
30.30001 -0.0014292118377989475 0.0012713032462346508 
30.60001 0.0029306068905950466 0.0032899114891580556 
30.70001 5.901920891770318e-05 0.0006477471014085933 
31.00001 0.00042326466219986256 0.00019293430811103904 
30.90001 0.0007694340700502742 0.0005513528958977201 
30.80001 -0.0006367739087667346 0.0004737823914181757 
31.30001 0.0007320944286543592 0.002311393687727973 
31.10001 -0.0009079071461896457 0.00043584698877747487 
31.40001 -0.002157918341358431 3.730820226828025e-05 
31.50001 0.00042626349428545195 0.00027204376685219906 
31.70001 -0.0009423610657340897 0.0003950927013706488 
31.60001 -0.0008597429473607975 0.001033217180670224 
31.20001 -0.0017613704886188504 0.00028897628278785263 
31.80001 -0.0004972087098248851 0.00042990211370693386 
32.20001 -0.001558028617613266 0.001290525275769631 
32.00001 -0.0012952221112485333 1.4745027778831246e-05 
31.90001 -0.00030160592363960754 0.00015579863430353267 
32.10001 0.0003220613460607301 0.0005351374302591931 
32.40001 -0.0007356964292583839 0.0010675612168533233 
32.50001 0.0032995534867585165 0.0021173308188606496 
32.60001 -0.0018650294716073279 0.0007402935427721859 
32.30001 -0.0022956779478186923 0.0005089344559543613 
32.90001 -0.0011780460298518977 0.001166071607333093 
32.80001 0.001720297078279118 0.00019096820685169638 
32.70001 -0.001865406650382746 0.00039889872116623053 
33.00001 0.001185742369241302 0.0018385519179514062 
33.10001 0.0003476508079686621 5.734121113030457e-05 
33.40001 0.0006833873248325198 0.0017699617909514521 
33.30001 7.317374679323353e-05 0.000176509644166575 
33.20001 -0.0013504497456483077 8.965968842128999e-05 
34.00001 0.001207598053554422 0.0013012136483982646 
33.50001 0.0018350445594514625 0.0008629386738949823 
33.60001 -0.0011039284969919581 0.002507924268302505 
33.80001 0.0007539662222454114 0.0003709466243279278 
34.40001 0.0003228201739978772 0.0014253555297103547 
33.70001 -0.0018523013613241748 0.0010285118805806468 
34.10001 -0.0022224965437390824 0.0011054643061168487 
33.90001 0.00029288126340029175 0.0007222255448754297 
34.20001 -0.0003727221202526078 0.0005809075977345426 
34.30001 -0.0003074288836872334 0.0002695538204469885 
34.50001 0.0007415138245476236 6.39913869808644e-05 
34.70001 0.00042066795965787314 0.0007419204879897884 
34.60001 0.00027025956178954985 0.0003961567280293647 
34.80001 7.942332836907403e-05 0.002397095073994492 
35.00001 0.000497447298874566 0.004123597832870236 
34.90001 -0.0012956622863474617 0.0016381283907199906 
35.20001 0.0013736858936737185 0.001577946272617246 
35.10001 0.00076197975895099 0.00011950766881224385 
35.30001 -0.003318020172629576 0.000599318508641657 
35.50001 -0.0024387227106944967 0.001116994090566905 
35.60001 -0.0043684444655986915 0.001392685306570974 
35.70001 -0.002833830023212232 0.0001606017281839344 
35.40001 -1.2395571014453825e-05 0.0015085208529473336 
35.80001 0.00017547726005892448 0.0009112576992183451 
35.90001 0.0014677173488142274 0.0008240013043301578 
36.00001 0.0003063098156345939 0.0010490007615891 
36.30001 -0.0002010308231587493 0.0006018454842307945 
36.20001 -0.0024867218462941987 0.0008979748553102944 
36.40001 0.00023995163241180608 7.106659212275873e-05 
36.10001 0.001838739965822725 0.0011437260185303407 
36.50001 -0.00273099601666401 0.0005776765063703752 
36.60001 -0.0009449782481046039 0.000998169796023339 
36.80001 -0.0010963032363901985 0.00022040013010506408 
37.00001 0.0013129440737798606 0.0019108730754748594 
36.90001 -0.0023179437739539394 0.002057619170538055 
36.70001 -0.0001309432441239332 0.001405739863820346 
37.10001 -0.000645264048363118 0.001547074158674073 
37.40001 0.0006005249730889513 0.0014868805892881715 
37.20001 -0.0005302298333731727 0.00029672342227661595 
37.30001 -0.0010219608366750972 0.0005211987449866293 
37.60001 -0.0024376210018458326 0.0005724955491221984 
37.80001 0.0008440036305664549 0.0006275348765556139 
37.90001 0.001113118375503759 0.0013347766470169558 
37.50001 0.0029748516049089226 0.00017776816323974683 
37.70001 0.000239501150745972 0.0009860640030795113 
38.10001 0.0009051094632779368 0.0001706195606737945 
38.00001 0.002723372408740182 0.0009545989363930863 
38.20001 0.0004710535648044948 0.0007578992688010403 
38.30001 -0.0002936883270493145 0.0005513685215559343 
38.50001 -0.0006737254155574258 0.00045094202109816414 
38.80001 0.0028682298613576435 0.002862845597226798 
38.60001 9.551876643601096e-05 0.0011449025741534747 
38.70001 -0.0005438521707690446 0.000579862391836558 
38.40001 -0.0008534506866076043 0.00195697922311125 
38.90001 0.0003520899585046327 0.0006821414968688198 
39.00001 -0.002322133407841158 0.0027386424824185724 
39.10001 -0.001822767175878104 0.002638023134817563 
39.30001 -0.0017695104991142362 0.0013095224428528113 
39.40001 -0.0007258404084360203 0.0026181232753630626 
39.20001 0.00023686779686983225 0.0010548781089580286 
39.50001 -0.0022682359160487997 0.00019457348439406324 
39.80001 -0.001872031099533838 0.0003162570753801264 
39.70001 0.0014128279193301241 0.0003675254246269836 
39.60001 0.00014177260172698678 0.0019977150633529186 
39.90001 0.0007707606026230188 0.000703365473020764 
