0.301 -0.000453133081719286 0.0 
0.401 -0.000807775418550422 0.0 
0.101 -5.0728870634144e-05 0.0 
0.001 -4.250269392663077e-09 0.0 
0.501 -0.001267976572640131 0.0 
0.201 -0.0002015171383697964 2.710505431213761e-20 
0.601 -0.0018359744966664792 0.0 
0.801 -0.0033167114196801747 0.0 
0.701 -0.0025168558580584695 0.0 
1.101 -0.006487669870484753 0.0 
0.901 -0.004239910140538325 0.0 
1.501 -0.012856645541913255 0.0 
1.001 -0.005293721542878827 0.0 
1.201 -0.00782871312568262 0.0 
1.401 -0.010999046512210177 0.0 
1.301 -0.00932723851327553 0.0 
2.101 -0.028935901146094924 0.0 
1.601 -0.0149134863459223 1.734723475976807e-18 
2.001 -0.02554830337865303 3.469446951953614e-18 
2.201 -0.032674429725217814 0.0 
2.601 -0.05202856564142503 6.938893903907228e-18 
1.701 -0.01719072672042419 0.0 
1.801 -0.019707619463693867 0.0 
1.901 -0.02248314786846779 0.0 
2.301 -0.03680467619604394 0.0 
2.401 -0.04137520545724001 0.0 
2.801 -0.0651652210922945 0.0 
2.701 -0.05824881385712146 0.0 
2.501 -0.04643007118504077 0.0 
2.901 -0.07286400117294971 0.0 
3.001 -0.08146113185690405 0.0 
3.501 -0.14310106273680495 0.0 
3.301 -0.11396798388505792 0.0 
3.401 -0.12764097210150213 0.0 
3.101 -0.09107806101320969 0.0 
3.201 -0.10185138380071788 0.0 
3.601 -0.16064856305919947 0.0 
3.801 -0.2035125048600895 0.0 
3.701 -0.18064898619959877 0.0 
3.901 -0.22976571283803934 2.7755575615628914e-17 
4.601 -0.5898429004042683 0.0 
4.001 -0.26008398207093947 0.0 
4.301 -0.38439836464767746 0.0 
4.101 -0.29525566564755035 0.0 
4.201 -0.3362645042735301 0.0 
4.401 -0.44124743036512276 0.0 
4.501 -0.508827572514092 0.0 
4.901 -0.954621475462786 0.0 
4.701 -0.6878172080594943 1.1102230246251565e-16 
5.001 -1.1382058588472466 0.0 
5.501 -3.214096453504773 0.0 
4.801 -0.8073308801916154 0.0 
5.401 -2.5490161603513335 0.0 
5.101 -1.3696506605453527 0.0 
5.201 -1.665134235376214 0.0 
5.301 -2.047568365075118 0.0 
6.501 -9.27419313773728 0.0 
6.201 -13.292002267564506 0.0 
5.601 -4.103309156027512 0.0 
6.301 -12.655379287410488 0.0 
6.401 -11.101418727908067 0.0 
6.001 -10.863364436614622 1.7763568394002505e-15 
5.701 -5.290917598193683 0.0 
6.601 -7.592343137386986 8.881784197001252e-16 
5.801 -6.845645201429413 0.0 
5.901 -8.768956722224779 0.0 
6.101 -12.60162378727403 1.7763568394002505e-15 
6.701 -6.202850638410509 0.0 
6.901 -4.2530552269519 0.0 
6.801 -5.10617265608753 0.0 
7.101 -3.067916161225335 4.440892098500626e-16 
7.001 -3.5888768111055582 0.0 
7.201 -2.654892408539715 0.0 
8.501 -0.8356782747864763 0.0 
7.401 -2.0540743040757445 0.0 
7.501 -1.832891246595142 2.220446049250313e-16 
7.901 -1.253656866189121 0.0 
7.301 -2.323371157785188 0.0 
7.601 -1.6492107790532902 0.0 
7.701 -1.4951367808328682 0.0 
7.801 -1.3648126466477573 0.0 
8.201 -1.0033587628053329 0.0 
8.001 -1.1580779214423262 0.0 
8.101 -1.0753666767422174 0.0 
8.301 -0.9402701766369731 1.1102230246251565e-16 
8.401 -0.8847401605276067 1.1102230246251565e-16 
8.601 -0.7921183348825873 0.0 
8.801 -0.7186003140289715 0.0 
8.701 -0.7532917156089121 0.0 
9.201 -0.6116489716011606 0.0 
8.901 -0.6874947214245694 0.0 
9.001 -0.659520455554222 0.0 
9.101 -0.6343446787976065 0.0 
10.301 -0.4692531721790867 0.0 
9.701 -0.5269344276546009 0.0 
9.401 -0.5725947196087151 0.0 
9.501 -0.555833146499338 0.0 
10.501 -0.4575854661440462 5.551115123125783e-17 
9.301 -0.5911361839443812 0.0 
9.601 -0.5406567740476123 0.0 
10.101 -0.4843842752558321 5.551115123125783e-17 
10.001 -0.49336769838207 0.0 
9.801 -0.5145609515296117 0.0 
10.201 -0.4763692146792851 0.0 
9.901 -0.5034051327021192 0.0 
10.401 -0.46300771077290576 5.551115123125783e-17 
10.901 -0.44334400647658995 0.0 
10.601 -0.4529304022738245 5.551115123125783e-17 
10.701 -0.44902321384804056 0.0 
11.201 -0.43993897344254335 5.551115123125783e-17 
10.801 -0.4458405317099104 0.0 
11.001 -0.4415298459436354 0.0 
12.101 -0.46718119913310147 0.0 
11.601 -0.44478795650339387 0.0 
11.101 -0.4404023151313439 0.0 
11.701 -0.44773497656863426 0.0 
11.301 -0.4401364717208967 5.551115123125783e-17 
11.501 -0.44255961458330767 5.551115123125783e-17 
12.201 -0.47414027429365774 0.0 
11.901 -0.45585965399753087 0.0 
11.401 -0.44101158917201194 5.551115123125783e-17 
11.801 -0.4514207617787509 0.0 
12.501 -0.5010072911248598 0.0 
12.001 -0.4610987950788695 5.551115123125783e-17 
12.301 -0.48204661900621754 5.551115123125783e-17 
12.401 -0.4909815094080178 0.0 
12.601 -0.5122151258112034 0.0 
13.401 -0.6618627430612082 0.0 
12.801 -0.5386439831860778 0.0 
12.701 -0.5247244819381673 0.0 
13.801 -0.8036431280114037 0.0 
12.901 -0.5541122932696798 0.0 
13.101 -0.5904533597747486 0.0 
13.001 -0.5713188540265782 0.0 
13.501 -0.6913942334859414 0.0 
13.201 -0.6117279640374499 0.0 
13.601 -0.7244858894509933 0.0 
13.301 -0.6354257673910265 0.0 
13.701 -0.7616928505654758 0.0 
14.301 -1.1198965637656542 0.0 
14.001 -0.9051469283504509 0.0 
13.901 -0.8511305722425012 0.0 
14.601 -1.461154762831913 2.220446049250313e-16 
14.101 -0.966873239920831 0.0 
14.201 -1.0378094120246257 0.0 
14.401 -1.215559360571591 0.0 
14.501 -1.3279221064456546 0.0 
15.501 -6.05404203006848 0.0 
14.701 -1.6207828618047844 0.0 
14.801 -1.8142730314383169 0.0 
15.001 -2.349040760504346 0.0 
15.801 -16.19934564141547 0.0 
14.901 -2.052081431694816 0.0 
15.101 -2.7266437942315718 4.440892098500626e-16 
15.201 -3.217261324397525 4.440892098500626e-16 
15.301 -3.871339328294345 4.440892098500626e-16 
15.601 -7.9736404554477796 0.0 
15.401 -4.7705302280594575 0.0 
15.901 -25.800737258944093 3.552713678800501e-15 
16.001 -44.73740327958536 0.0 
16.101 -76.78328844754161 0.0 
16.301 -56.45084409342784 0.0 
15.701 -11.016245189882914 0.0 
16.201 -88.51827644395478 0.0 
16.701 -7.340688294055987 0.0 
16.401 -30.45642922509225 0.0 
16.501 -17.473775270074913 0.0 
16.601 -10.930177779934915 0.0 
17.701 -0.7657929894622734 0.0 
16.901 -3.851536594644878 0.0 
17.001 -2.944543273339734 0.0 
16.801 -5.206617745639151 0.0 
17.101 -2.3112533527079897 0.0 
17.201 -1.8536115447665964 2.220446049250313e-16 
17.501 -1.0528097457186223 0.0 
17.301 -1.513320076537809 0.0 
17.401 -1.2541706331187243 0.0 
17.601 -0.8936014105690949 1.1102230246251565e-16 
18.001 -0.5051822884975649 0.0 
17.901 -0.5763065259306531 0.0 
17.801 -0.6618417714436766 0.0 
18.401 -0.3150194559438294 0.0 
18.101 -0.4455006998674917 0.0 
18.201 -0.39501083749578497 5.551115123125783e-17 
18.301 -0.3519668688745432 0.0 
19.401 -0.12460141278925947 0.0 
19.001 -0.17469111556601669 0.0 
18.501 -0.28311258569532494 0.0 
19.201 -0.14686604244306647 0.0 
18.901 -0.19125088508237073 0.0 
18.701 -0.23119308700903285 0.0 
18.601 -0.25539647900384377 0.0 
19.301 -0.13513164293423227 0.0 
18.801 -0.20996103595316815 0.0 
19.701 -0.09883147145832209 1.3877787807814457e-17 
19.101 -0.1599807301436961 0.0 
19.501 -0.1151255732008268 1.3877787807814457e-17 
19.601 -0.10657226881489452 1.3877787807814457e-17 
19.801 -0.09181005716873442 0.0 
19.901 -0.0854245578273093 0.0 
20.1 -0.0743410359803584 0.0 
20.2 -0.06947395416370591 0.0 
21.6 -0.030250053978691255 0.0 
20.3 -0.06501084278793913 0.0 
20.6 -0.05366425077406258 6.938893903907228e-18 
20.4 -0.060911042205717414 0.0 
20.8 -0.047489609161451916 0.0 
20.7 -0.0504555542085152 6.938893903907228e-18 
20.9 -0.044743630605650765 0.0 
21.7 -0.028698117386505313 3.469446951953614e-18 
20.5 -0.05713981512854197 6.938893903907228e-18 
21.1 -0.03983351644031746 0.0 
21.3 -0.03559218849653901 0.0 
21.0 -0.04219717010897973 0.0 
21.2 -0.037636887081941954 0.0 
21.4 -0.033686980730341994 0.0 
21.5 -0.031909963083718434 0.0 
21.8 -0.027246213304713496 0.0 
22.5 -0.019300721085497956 0.0 
22.4 -0.02023730141401923 0.0 
22.2 -0.022289419026704158 0.0 
22.0 -0.024610626670638413 0.0 
21.9 -0.025886118281361354 3.469446951953614e-18 
23.3 -0.013468057774522068 0.0 
22.3 -0.021232048410776385 0.0 
22.1 -0.023413765311897955 0.0 
22.6 -0.0184178504742652 0.0 
23.4 -0.012904238705756502 0.0 
22.7 -0.017585171537754376 0.0 
23.0 -0.015354955693690504 0.0 
22.9 -0.016056827078915457 0.0 
22.8 -0.016799325239425927 0.0 
23.1 -0.014691296979318055 1.734723475976807e-18 
23.9 -0.010487861758065245 0.0 
23.2 -0.01406310930355809 0.0 
24.3 -0.008949289313729574 0.0 
23.5 -0.012369520854110189 0.0 
23.6 -0.011862010428727282 0.0 
23.7 -0.011380301940965834 1.734723475976807e-18 
23.8 -0.010922797775666978 1.734723475976807e-18 
24.0 -0.010074283990982322 0.0 
24.1 -0.009680825695854104 0.0 
24.9 -0.007130472893577388 0.0 
24.2 -0.00930614787009273 0.0 
25.1 -0.0066278728362309325 0.0 
24.4 -0.008609361364088687 0.0 
24.5 -0.00828525862092373 0.0 
25.8 -0.005179974490609796 0.0 
24.7 -0.007681139597755334 0.0 
24.8 -0.007399517143471126 0.0 
25.2 -0.006392945069471451 8.673617379884035e-19 
26.0 -0.004839809935677742 0.0 
25.3 -0.006168227559495862 0.0 
24.6 -0.007976091078425068 0.0 
25.0 -0.006873484194146215 0.0 
25.4 -0.005953185855420879 0.0 
25.6 -0.005549984160595913 0.0 
25.5 -0.00574723070747045 0.0 
25.7 -0.005361068505947249 8.673617379884035e-19 
26.3 -0.004379362513320566 0.0 
25.9 -0.005006324509138143 0.0 
26.6 -0.00397154634225912 0.0 
26.9 -0.0036092212930628753 0.0 
26.1 -0.00468001128493883 0.0 
26.7 -0.0038460513919439886 0.0 
27.5 -0.0029983899410508676 0.0 
26.2 -0.004526600484448826 0.0 
27.7 -0.002823348833919994 4.336808689942018e-19 
26.4 -0.004237970358792734 0.0 
26.5 -0.004102099202837359 0.0 
26.8 -0.0037253293046556495 4.336808689942018e-19 
27.1 -0.0033900473008055872 0.0 
27.2 -0.003286550836390434 4.336808689942018e-19 
27.0 -0.003497546754176554 4.336808689942018e-19 
27.3 -0.003186910246887193 0.0 
27.4 -0.0030909074903456672 0.0 
27.8 -0.0027404883077017856 4.336808689942018e-19 
27.6 -0.002909261722137325 0.0 
28.1 -0.0025090967018903247 0.0 
28.3 -0.002367992398369348 0.0 
28.0 -0.0025835058282256858 0.0 
27.9 -0.0026605872371952464 0.0 
29.5 -0.0016973703188993383 0.0 
28.2 -0.002437290749257908 0.0 
29.4 -0.0017435869079331543 0.0 
29.2 -0.0018406840388286029 2.168404344971009e-19 
28.8 -0.0020552820576527197 0.0 
28.5 -0.002236414168709513 0.0 
28.4 -0.0023010609279987037 0.0 
28.7 -0.0021136223527298444 0.0 
28.6 -0.0021739751852915307 0.0 
29.0 -0.0019444010646297992 0.0 
29.1 -0.0018916746674646609 0.0 
29.3 -0.0017913480437902849 2.168404344971009e-19 
28.9 -0.001998908278808335 0.0 
29.8 -0.0015673739225017288 2.168404344971009e-19 
29.6 -0.0016526430372904516 0.0 
30.0 -0.0014873750469237773 0.0 
30.1 -0.0014492191588180209 0.0 
29.7 -0.0016093243419879565 2.168404344971009e-19 
31.1 -0.0011260043079961341 0.0 
30.3 -0.001376426023674551 0.0 
29.9 -0.001526747991338539 0.0 
30.5 -0.0013079993459953743 0.0 
31.3 -0.0010722377104142658 0.0 
30.2 -0.0014122564539043871 0.0 
30.4 -0.0013416813382148747 2.168404344971009e-19 
30.7 -0.0012436286899976186 0.0 
30.8 -0.0012128825638921328 0.0 
30.6 -0.001275329952843825 0.0 
31.2 -0.001098729972132885 0.0 
30.9 -0.0011830571572390709 0.0 
31.6 -0.000997270385808415 0.0 
31.4 -0.0010465102571794514 0.0 
31.0 -0.0011541043991061739 0.0 
32.0 -0.0009068858423793754 0.0 
31.5 -0.0010215340886491353 0.0 
31.7 -0.0009736934758308667 1.0842021724855044e-19 
31.9 -0.000928530011629731 0.0 
32.8 -0.0007539682110882473 0.0 
33.1 -0.0007047485755397202 0.0 
31.8 -0.0009507908352974402 0.0 
32.3 -0.0008455242489803622 0.0 
32.1 -0.0008858531227534068 0.0 
32.4 -0.0008261888671895822 1.0842021724855044e-19 
32.2 -0.000865409052070183 1.0842021724855044e-19 
32.6 -0.0007890858807717557 1.0842021724855044e-19 
32.5 -0.0008073852171171439 0.0 
32.9 -0.0007371158542497687 1.0842021724855044e-19 
32.7 -0.0007712830267105801 0.0 
33.6 -0.0006310007587407914 0.0 
33.7 -0.0006173852436377945 0.0 
33.0 -0.0007207117474559932 1.0842021724855044e-19 
33.2 -0.0006892045348476255 0.0 
33.4 -0.0006593293294650111 0.0 
33.5 -0.0006449805415185043 0.0 
33.3 -0.0006740653790560342 1.0842021724855044e-19 
34.7 -0.0004988878180499689 0.0 
34.8 -0.000488608024594948 0.0 
34.3 -0.0005426959366181217 0.0 
33.9 -0.0005911926216101196 0.0 
33.8 -0.0006041217032454546 0.0 
34.1 -0.0005663228656605293 0.0 
34.0 -0.0005785949443165556 0.0 
34.5 -0.0005202422436484357 0.0 
34.2 -0.0005543591196094234 0.0 
34.6 -0.0005094287547426442 0.0 
34.4 -0.0005313286598229481 0.0 
35.5 -0.00042331983512874883 0.0 
35.4 -0.0004319771001068858 0.0 
34.9 -0.00047857793924349824 0.0 
35.0 -0.00046879538515147813 0.0 
35.2 -0.00044993481182872955 0.0 
35.1 -0.00045925144078308504 0.0 
35.6 -0.0004148689021536813 0.0 
35.3 -0.0004408448095842823 0.0 
36.5 -0.0003472209863460244 0.0 
36.6 -0.0003405481910795201 5.421010862427522e-20 
35.9 -0.00039069862776595785 0.0 
35.7 -0.0004066210518091313 5.421010862427522e-20 
36.1 -0.00037552115012779705 0.0 
35.8 -0.0003985657059501339 0.0 
36.0 -0.00038301991747498304 0.0 
36.3 -0.00036104103334046465 0.0 
36.2 -0.00036819516482104834 0.0 
36.4 -0.0003540520711071771 0.0 
37.3 -0.00029789565331169257 0.0 
37.4 -0.0002923373457769618 0.0 
36.7 -0.00033403024967516674 0.0 
36.8 -0.0003276589481569857 5.421010862427522e-20 
36.9 -0.00032143225091168094 0.0 
37.0 -0.0003153476929698441 0.0 
37.1 -0.0003093977468318538 0.0 
37.2 -0.00030358034435643553 0.0 
37.5 -0.00028690097864854565 0.0 
37.7 -0.0002763878749802977 0.0 
37.6 -0.0002815861951504503 0.0 
37.8 -0.00027130134483664757 0.0 
37.9 -0.00026632745475542013 0.0 
38.4 -0.00024303134550953442 2.710505431213761e-20 
38.0 -0.0002614633756022511 0.0 
38.3 -0.0002474910632645428 0.0 
38.1 -0.0002567033856230403 0.0 
38.2 -0.000252046612888496 0.0 
38.6 -0.00023439705386541244 0.0 
38.5 -0.0002386666504432766 0.0 
39.6 -0.0001963320571600272 0.0 
39.8 -0.00018962720507526723 0.0 
38.7 -0.00023021775247886116 0.0 
38.8 -0.00022612604551760658 2.710505431213761e-20 
38.9 -0.00022212180298593058 0.0 
39.7 -0.0001929450111464838 0.0 
39.1 -0.00021436083467127069 0.0 
39.2 -0.0002106021149278366 0.0 
39.0 -0.00021820104671411194 0.0 
39.5 -0.00019978844161735814 0.0 
39.3 -0.00020692250876134125 0.0 
39.4 -0.00020331803130683787 0.0 
40.3 -0.00017402639191097598 0.0 
40.4 -0.00017109076858558164 2.710505431213761e-20 
39.9 -0.00018637857923572355 0.0 
40.1 -0.0001800762873328851 0.0 
40.7 -0.00016263408139736028 0.0 
40.0 -0.00018319546726970737 0.0 
40.6 -0.00016539700293008737 0.0 
40.2 -0.00017702096750653545 0.0 
40.5 -0.0001682149783779959 0.0 
41.5 -0.00014239958274921212 0.0 
41.6 -0.00014008618689107696 0.0 
40.8 -0.00015992629287765037 0.0 
41.0 -0.0001546689915191763 0.0 
40.9 -0.00015727218429494326 0.0 
41.2 -0.00014961600635929418 0.0 
41.1 -0.00015211699474286104 0.0 
41.4 -0.00014475777867920388 0.0 
41.3 -0.00014716322336752653 0.0 
41.9 -0.00013340913855751282 0.0 
41.7 -0.0001378165620736227 0.0 
41.8 -0.00013559145117131733 0.0 
42.1 -0.00012916745027416964 0.0 
42.0 -0.00013126773177001336 0.0 
42.2 -0.00012710702647582772 0.0 
42.3 -0.00012508450093470395 0.0 
42.5 -0.00012115423229112743 1.3552527156068805e-20 
42.4 -0.00012310033233148623 0.0 
42.6 -0.00011924406154019012 1.3552527156068805e-20 
42.8 -0.0001155301229208287 0.0 
42.7 -0.00011736940325127887 0.0 
42.9 -0.00011372429695979308 0.0 
43.0 -0.00011195139826318598 0.0 
43.1 -0.00011021201129596409 0.0 
43.3 -0.00010682813470038926 1.3552527156068805e-20 
43.2 -0.00010850468169877083 0.0 
43.5 -0.00010356705665862744 0.0 
43.4 -0.00010518262888392319 1.3552527156068805e-20 
43.9 -9.739082189078143e-05 0.0 
44.0 -9.591568058290278e-05 0.0 
43.6 -0.00010198004866326418 0.0 
43.8 -9.889292260756726e-05 0.0 
43.7 -0.0001004221231701392 0.0 
44.1 -9.446731606571527e-05 0.0 
44.3 -9.164619762576621e-05 0.0 
44.2 -9.304422257895232e-05 1.3552527156068805e-20 
44.4 -9.027367256274761e-05 0.0 
44.5 -8.892542121961929e-05 0.0 
44.6 -8.760060760677238e-05 0.0 
44.7 -8.629947517037014e-05 0.0 
44.8 -8.502105947503191e-05 0.0 
44.9 -8.37644243350185e-05 0.0 
45.0 -8.25300792529539e-05 0.0 
45.1 -8.131762673267905e-05 0.0 
45.2 -8.012584161698747e-05 0.0 
45.4 -7.780411600615298e-05 0.0 
45.6 -7.556074339955403e-05 0.0 
45.3 -7.895474564495673e-05 0.0 
45.5 -7.667278150837901e-05 0.0 
45.7 -7.446829728532211e-05 0.0 
45.8 -7.33944168397685e-05 0.0 
46.1 -7.028078535748606e-05 0.0 
45.9 -7.233857605408253e-05 0.0 
46.0 -7.1300977003827e-05 0.0 
46.2 -6.927738210995524e-05 0.0 
46.4 -6.732191924028606e-05 0.0 
46.3 -6.829123108383898e-05 0.0 
46.5 -6.636853277174026e-05 0.0 
46.6 -6.543118107204485e-05 0.0 
46.9 -6.27112435799981e-05 0.0 
46.7 -6.450961314896487e-05 0.0 
46.8 -6.360292641122431e-05 0.0 
47.1 -6.0972583068270727e-05 6.776263578034403e-21 
47.2 -6.012444438094601e-05 0.0 
47.0 -6.183474638174072e-05 0.0 
47.3 -5.929048124225987e-05 0.0 
47.4 -5.846997791329573e-05 6.776263578034403e-21 
47.8 -5.531918364059951e-05 0.0 
47.7 -5.608768975950745e-05 0.0 
47.5 -5.7662546154260134e-05 6.776263578034403e-21 
48.4 -5.096131639123789e-05 0.0 
47.6 -5.686858665715472e-05 0.0 
48.2 -5.236708562694866e-05 0.0 
48.3 -5.1658618567027006e-05 0.0 
48.8 -4.828070477322498e-05 6.776263578034403e-21 
47.9 -5.456321742596495e-05 6.776263578034403e-21 
48.5 -5.027501895322634e-05 6.776263578034403e-21 
48.1 -5.3087417643229924e-05 0.0 
48.0 -5.38195244318522e-05 0.0 
49.2 -4.5765419531335907e-05 0.0 
48.6 -4.959982559817554e-05 0.0 
48.9 -4.763688711568344e-05 6.776263578034403e-21 
48.7 -4.893512825580428e-05 6.776263578034403e-21 
49.0 -4.7003282806355635e-05 0.0 
49.6 -4.340321797484915e-05 0.0 
49.1 -4.6379407339455966e-05 0.0 
49.3 -4.516104824161462e-05 0.0 
49.4 -4.4565779002526396e-05 0.0 
49.5 -4.3979829118080704e-05 0.0 
49.7 -4.283537634923142e-05 0.0 
49.8 -4.227624417828849e-05 0.0 
49.9 -4.1725873816574956e-05 6.776263578034403e-21 
50.0 -4.118375421048638e-05 0.0 
