0.301 -0.0004537217637923039 0.0 
0.101 -5.060260885795606e-05 6.776263578034403e-21 
0.001 -4.637382929785701e-09 0.0 
0.201 -0.00020154284938284417 2.710505431213761e-20 
0.401 -0.0008073844641869756 0.0 
0.601 -0.0018307182205394145 2.168404344971009e-19 
0.901 -0.004247387067642925 0.0 
0.501 -0.0012645224925787466 0.0 
0.801 -0.003318383331592534 0.0 
0.701 -0.0025134912090529126 0.0 
1.401 -0.011000916026400761 1.734723475976807e-18 
1.001 -0.005302404219832287 0.0 
1.201 -0.007826521744071094 0.0 
1.101 -0.00649073153668737 0.0 
1.301 -0.009325941135846378 0.0 
1.701 -0.017175990872323833 0.0 
1.501 -0.012858902739352746 0.0 
2.401 -0.04136609115057813 0.0 
1.601 -0.014910249431621302 0.0 
1.801 -0.01968710102539247 0.0 
1.901 -0.02247458927847273 0.0 
2.101 -0.02895987061983818 0.0 
2.001 -0.025560376293148918 0.0 
2.201 -0.03269592929695446 0.0 
2.301 -0.036811234232997 0.0 
2.501 -0.0464231840570093 0.0 
3.101 -0.0910631090445825 0.0 
2.801 -0.06514923036963877 0.0 
2.701 -0.05825445996438058 6.938893903907228e-18 
2.601 -0.05203576811530033 0.0 
3.201 -0.10189038936286836 0.0 
3.001 -0.08141757746796091 0.0 
2.901 -0.07282562536825757 0.0 
3.501 -0.1431042351784878 0.0 
3.401 -0.12768551571171227 0.0 
3.301 -0.11403587627321769 0.0 
3.701 -0.18063140781272446 0.0 
3.601 -0.16062786511741553 0.0 
4.001 -0.26002542129638406 0.0 
3.801 -0.20351948568341519 2.7755575615628914e-17 
3.901 -0.22977186133127173 2.7755575615628914e-17 
4.101 -0.2951348557308972 0.0 
4.401 -0.4413915564630248 0.0 
4.201 -0.3361751753132191 5.551115123125783e-17 
4.301 -0.38442093582147074 0.0 
4.501 -0.5090256309759138 0.0 
5.201 -1.6647280553576185 0.0 
4.601 -0.5899527755115167 0.0 
4.701 -0.6877641893468686 0.0 
4.801 -0.807235077414393 0.0 
4.901 -0.9546103278982029 1.1102230246251565e-16 
5.001 -1.1381966792028844 0.0 
5.101 -1.3694713991544394 0.0 
5.301 -2.047125312480062 0.0 
6.001 -10.863393642952326 0.0 
5.601 -4.1046477846756275 0.0 
5.401 -2.5490797360075237 0.0 
5.501 -3.2151094243396083 0.0 
5.801 -6.844187602154855 0.0 
6.101 -12.601547155068 1.7763568394002505e-15 
5.701 -5.291080409030375 0.0 
5.901 -8.767555210218296 0.0 
6.401 -11.104094764021974 0.0 
6.301 -12.65667687338941 1.7763568394002505e-15 
6.201 -13.291262397624768 1.7763568394002505e-15 
6.501 -9.274834879637858 0.0 
6.801 -5.105539407053862 0.0 
6.601 -7.5906520106199595 8.881784197001252e-16 
6.701 -6.201005571737331 8.881784197001252e-16 
6.901 -4.253488081072167 0.0 
7.201 -2.654873927098177 0.0 
7.101 -3.0682818050190828 0.0 
7.001 -3.5895959114924367 0.0 
7.901 -1.2535406284428587 0.0 
7.301 -2.323365867081032 0.0 
7.601 -1.6490806855886462 2.220446049250313e-16 
7.401 -2.0542364306138317 0.0 
7.501 -1.8329922566131989 0.0 
7.801 -1.364517232442804 0.0 
8.001 -1.1582006121654254 0.0 
7.701 -1.4948412796121737 2.220446049250313e-16 
8.101 -1.0755722526151001 0.0 
8.201 -1.0034702955491668 0.0 
8.301 -0.9402842125574039 0.0 
8.501 -0.8356973472633995 0.0 
8.401 -0.8847354511540763 0.0 
8.701 -0.7532992382783749 0.0 
8.801 -0.7185052944017359 1.1102230246251565e-16 
8.901 -0.6873406309454003 0.0 
8.601 -0.7921611547367373 0.0 
9.501 -0.5558171355583191 0.0 
9.001 -0.6594233158891363 0.0 
9.301 -0.5912351695711734 0.0 
9.801 -0.5145855786100392 0.0 
9.401 -0.5726402614189537 0.0 
9.101 -0.6343544525852495 0.0 
9.201 -0.6117347076333934 0.0 
9.601 -0.5406425545608132 0.0 
9.901 -0.5033900164974602 0.0 
9.701 -0.5269573165454492 0.0 
10.701 -0.44901185972559904 5.551115123125783e-17 
10.101 -0.4842901689545816 0.0 
10.001 -0.4933011994310805 5.551115123125783e-17 
10.201 -0.476312442806345 0.0 
10.601 -0.45295173580732223 0.0 
10.301 -0.469279284464335 0.0 
10.401 -0.46308271504219006 5.551115123125783e-17 
10.501 -0.45764657083578597 0.0 
10.801 -0.4458259967634934 0.0 
11.201 -0.4398753205400487 5.551115123125783e-17 
11.101 -0.440382379680728 0.0 
11.301 -0.440068598482644 0.0 
11.001 -0.44154958903336294 0.0 
10.901 -0.44335603427458486 0.0 
11.401 -0.44097933999100003 0.0 
11.501 -0.44258610593441383 0.0 
11.701 -0.44778830133731357 5.551115123125783e-17 
11.601 -0.44485614763536824 5.551115123125783e-17 
12.201 -0.4741466489243968 0.0 
11.801 -0.4514291118994429 0.0 
12.001 -0.46109361591452447 0.0 
12.101 -0.46718799379937087 0.0 
11.901 -0.4558472750775516 0.0 
12.301 -0.4820220106368214 0.0 
12.401 -0.4909140732496143 5.551115123125783e-17 
12.501 -0.5009414698039405 0.0 
12.801 -0.5387094263159894 0.0 
12.601 -0.5122021856508603 0.0 
12.701 -0.5247659161548285 0.0 
13.101 -0.5904346901020543 0.0 
13.001 -0.571325761331769 0.0 
12.901 -0.5541631919970922 0.0 
14.001 -0.9052436811766112 1.1102230246251565e-16 
13.301 -0.6354410145448522 0.0 
13.401 -0.6618525772448967 0.0 
13.201 -0.6117278687685312 0.0 
13.801 -0.8036457272939183 0.0 
13.501 -0.6913399320790475 0.0 
13.601 -0.7243989770403325 0.0 
13.901 -0.8512180716674097 0.0 
13.701 -0.7616175982030405 0.0 
14.501 -1.3279518008637399 0.0 
14.201 -1.0378067238855637 0.0 
14.101 -0.9669189272004148 0.0 
14.301 -1.1198753083863178 0.0 
14.401 -1.215561837795533 0.0 
14.601 -1.461120029279417 0.0 
14.801 -1.8140563492093242 2.220446049250313e-16 
14.701 -1.6206133862691618 0.0 
15.201 -3.2175712271453842 0.0 
14.901 -2.0519763166413685 0.0 
15.101 -2.726945401627772 4.440892098500626e-16 
15.301 -3.8713879676932126 0.0 
15.501 -6.053940062207501 0.0 
15.001 -2.3491440843173037 0.0 
15.401 -4.770336643516701 0.0 
15.801 -16.19829512816854 0.0 
15.701 -11.016172460173294 0.0 
16.101 -76.79145068342382 0.0 
15.901 -25.798481739528242 0.0 
16.001 -44.73770897849979 7.105427357601002e-15 
16.201 -88.51161137217507 1.4210854715202004e-14 
15.601 -7.973758966388236 0.0 
16.701 -7.3406478126041455 0.0 
16.501 -17.474903499757207 0.0 
16.301 -56.44564064728911 0.0 
16.401 -30.457857540411982 0.0 
16.601 -10.930269380869577 0.0 
16.801 -5.206748455483 0.0 
17.001 -2.944539495267884 4.440892098500626e-16 
16.901 -3.8516708738991414 0.0 
17.801 -0.6618330041779897 0.0 
17.101 -2.311094141561731 0.0 
17.401 -1.2541916653556522 0.0 
17.201 -1.853390336954116 0.0 
17.301 -1.5131908804214198 0.0 
17.501 -1.0529005971501244 0.0 
17.601 -0.8936719216820359 0.0 
17.701 -0.7658173922105619 0.0 
17.901 -0.5762954567664623 0.0 
18.101 -0.44551409331991626 5.551115123125783e-17 
18.001 -0.5051914037459463 0.0 
18.201 -0.39500107113771205 0.0 
18.601 -0.2554040671371689 0.0 
18.301 -0.35193583144014373 0.0 
18.501 -0.2830974138645398 0.0 
18.401 -0.31498809378498493 0.0 
18.901 -0.1912533534931299 2.7755575615628914e-17 
19.101 -0.1599795622692717 0.0 
18.801 -0.20997652784842438 0.0 
19.201 -0.14686751232882508 0.0 
18.701 -0.2312142569627059 0.0 
19.001 -0.17468830123367893 2.7755575615628914e-17 
19.601 -0.1065627570666829 1.3877787807814457e-17 
19.401 -0.12459766046343833 0.0 
19.501 -0.11511538067874683 0.0 
19.701 -0.09882903119202092 0.0 
19.301 -0.1351331821631935 0.0 
19.801 -0.0918140257803846 1.3877787807814457e-17 
19.901 -0.08543103676142699 0.0 
