0.000000000000000000e+00 0.000000000000000000e+00 0.000000000000000000e+00 0.000000000000000000e+00 0.000000000000000000e+00
7.812390018698323058e-02 7.667766636099329625e-02 7.428240548008520350e-02 7.667766636099329625e-02 7.812390018698323058e-02
-1.406043726620284824e-02 -1.494371136971143696e-02 -1.620040718727216306e-02 -1.494371136971143696e-02 -1.406043726620284824e-02
-9.332372785805034821e-02 -9.281684981426256698e-02 -9.178864019865706769e-02 -9.281684981426256698e-02 -9.332372785805034821e-02
-8.677848842801742790e-02 -8.536582010515199326e-02 -8.298682071639872093e-02 -8.536582010515199326e-02 -8.677848842801742790e-02
-4.559350373303092314e-04 5.806068887065038995e-04 2.112699019184809124e-03 5.806068887065038995e-04 -4.559350373303092314e-04
8.629040841839737130e-02 8.598546669106786611e-02 8.526981301974052851e-02 8.598546669106786611e-02 8.629040841839737130e-02
9.369939863428185245e-02 9.233991309298505978e-02 9.003025417183704859e-02 9.233991309298505978e-02 9.369939863428185245e-02
1.496184073707387298e-02 1.379664632962483879e-02 1.201729483413599940e-02 1.379664632962483879e-02 1.496184073707387298e-02
-7.753025099553464972e-02 -7.743298445658715334e-02 -7.704430995347512356e-02 -7.743298445658715334e-02 -7.753025099553464972e-02
-9.874355110109586664e-02 -9.746778726043849039e-02 -9.527173147790056473e-02 -9.746778726043849039e-02 -9.874355110109586664e-02
-2.917015690465914884e-02 -2.789485921640882243e-02 -2.590676244964467898e-02 -2.789485921640882243e-02 -2.917015690465914884e-02
6.722017665123089514e-02 6.732770535081318564e-02 6.727676449965824812e-02 6.732770535081318564e-02 6.722017665123089514e-02
1.018098945199186894e-01 1.006472598632759119e-01 9.860634443067098354e-02 1.006472598632759119e-01 1.018098945199186894e-01
4.279550498650400159e-02 4.143323739868866318e-02 3.927770603858081466e-02 4.143323739868866318e-02 4.279550498650400159e-02
-5.556496445951514956e-02 -5.587429995224845597e-02 -5.616267414695805954e-02 -5.587429995224845597e-02 -5.556496445951514956e-02
-1.028387237890731332e-01 -1.018120360148814935e-01 -9.996735072922625920e-02 -1.018120360148814935e-01 -1.028387237890731332e-01
-5.556378376381730655e-02 -5.414309661981329957e-02 -5.186250607410194946e-02 -5.414309661981329957e-02 -5.556378376381730655e-02
4.279698923572371194e-02 4.330355786724579548e-02 4.392448748935088437e-02 4.330355786724579548e-02 4.279698923572371194e-02
1.018098166826829770e-01 1.009381008443520633e-01 9.932750982324702049e-02 1.009381008443520633e-01 1.018098166826829770e-01
6.721952606639081118e-02 6.576999784140095950e-02 6.340927769793044955e-02 6.576999784140095950e-02 6.721952606639081118e-02
-2.917220370028690557e-02 -2.986650140111207774e-02 -3.080715191599696715e-02 -2.986650140111207774e-02 -2.917220370028690557e-02
-9.874322408940043594e-02 -9.804378834405155785e-02 -9.669962813281693381e-02 -9.804378834405155785e-02 -9.874322408940043594e-02
-7.752997448201358333e-02 -7.608037224911155805e-02 -7.368691219750826693e-02 -7.608037224911155805e-02 -7.752997448201358333e-02
1.496372344627270277e-02 1.583138301850403259e-02 1.707321098758318723e-02 1.583138301850403259e-02 1.496372344627270277e-02
9.370007786053817511e-02 9.318745734271947911e-02 9.213630272783718267e-02 9.318745734271947911e-02 9.370007786053817511e-02
8.628883911657485306e-02 8.486770425511871996e-02 8.248970264844762701e-02 8.486770425511871996e-02 8.628883911657485306e-02
-4.558662843426654365e-04 -1.479191863562334197e-03 -2.997549625170306542e-03 -1.479191863562334197e-03 -4.558662843426654365e-04
-8.678146790634787278e-02 -8.646608206768593985e-02 -8.572886859731500275e-02 -8.646608206768593985e-02 -8.678146790634787278e-02
-9.332062910810089151e-02 -9.195640133474618227e-02 -8.964146114002180532e-02 -9.195640133474618227e-02 -9.332062910810089151e-02
-1.406115971701630933e-02 -1.290254211436534654e-02 -1.113810771337102670e-02 -1.290254211436534654e-02 -1.406115971701630933e-02
7.812599172486001109e-02 7.801398677788584646e-02 7.760557057893763266e-02 7.801398677788584646e-02 7.812599172486001109e-02
9.848453918101163218e-02 9.720469745802151618e-02 9.499904517739636567e-02 9.720469745802151618e-02 9.848453918101163218e-02
2.829680568448912983e-02 2.702594211598319252e-02 2.505083575030002743e-02 2.702594211598319252e-02 2.829680568448912983e-02
-6.790685718661071402e-02 -6.800038250342090029e-02 -6.792899653777409452e-02 -6.800038250342090029e-02 -6.790685718661071402e-02
-1.016772681622261643e-01 -1.005074651195898144e-01 -9.845522267963646712e-02 -1.005074651195898144e-01 -1.016772681622261643e-01
-4.196608526405695011e-02 -4.060842308266820327e-02 -3.846217113936341303e-02 -4.060842308266820327e-02 -4.196608526405695011e-02
5.632854904584245342e-02 5.662577563393374896e-02 5.689282316905034526e-02 5.662577563393374896e-02 5.632854904584245342e-02
1.028349481919713787e-01 1.017985404495840851e-01 9.994081823053585500e-02 1.017985404495840851e-01 1.028349481919713787e-01
5.479539218420959035e-02 5.337816038684638914e-02 5.110368591156393830e-02 5.337816038684638914e-02 5.479539218420959035e-02
-4.362280857026914344e-02 -4.411783026435215499e-02 -4.471793955777753765e-02 -4.411783026435215499e-02 -4.362280857026914344e-02
-1.019343950907843077e-01 -1.010521013506547883e-01 -9.942609762504255044e-02 -1.010521013506547883e-01 -1.019343950907843077e-01
-6.652796677939719350e-02 -6.507953833853984127e-02 -6.272236006278497644e-02 -6.507953833853984127e-02 -6.652796677939719350e-02
3.004396049285669792e-02 3.072686216718126251e-02 3.164802608221366914e-02 3.072686216718126251e-02 3.004396049285669792e-02
9.899361796367189825e-02 9.828311339899355181e-02 9.692136299957511414e-02 9.828311339899355181e-02 9.899361796367189825e-02
7.692899106491905836e-02 7.547833721689008180e-02 7.308564575089319948e-02 7.547833721689008180e-02 7.692899106491905836e-02
-1.586378892339314339e-02 -1.672088498849634217e-02 -1.794467714943590725e-02 -1.672088498849634217e-02 -1.586378892339314339e-02
-9.407147825828443555e-02 -9.354699610612762783e-02 -9.247674663469228340e-02 -9.354699610612762783e-02 -9.407147825828443555e-02
-8.579028336547944722e-02 -8.436643250488305712e-02 -8.198612174238002759e-02 -8.436643250488305712e-02 -8.579028336547944722e-02
1.366103647853848715e-03 2.380238525304293352e-03 3.882165381504369683e-03 2.380238525304293352e-03 1.366103647853848715e-03
