0.10001 -0.00018379738180870838 0.00016257634340885392 
1e-05 0.00014624999933910804 0.00013958127581083368 
0.20001 -2.3692990524282306e-05 4.394977957255931e-05 
0.50001 -4.4825058202167144e-06 0.0002166822416902294 
0.30001 -0.00017011309158704714 0.00022161036431759596 
0.80001 -0.000190105371113574 0.00011000768911660451 
0.90001 -0.0002600381633311112 0.00012036702000901492 
1.10001 -7.411680805281221e-05 0.00010068655805483103 
0.40001 -0.00010005240298392326 0.00016344896834545304 
0.60001 -6.88570840208702e-05 0.0001670418669764659 
1.40001 0.00016034054981551235 0.0004593905586318031 
0.70001 -0.0004855187935227729 1.3656788335801199e-05 
1.00001 -0.0001809829111906247 0.0001565644079294654 
1.50001 -0.00022195453240249466 0.00011331264426940863 
1.20001 -0.00012748180438570776 0.0003111146286647242 
1.70001 -0.0004798871618634596 8.301133667931282e-05 
1.60001 -4.797583928231729e-05 0.00014377552095357025 
1.30001 -6.69574073726608e-05 0.00011047212401464933 
1.90001 0.00018109197031734102 0.000426046882567526 
1.80001 -0.0001514288150482199 4.750248814095578e-05 
2.00001 0.00029614485275848305 0.0002210921443263699 
2.40001 -0.00021743522684052163 7.477937915054001e-05 
2.70001 5.720679859772649e-06 1.668080176879527e-05 
2.20001 -0.00021379858728002112 0.00017421178112993153 
2.60001 4.302875794501054e-05 2.4435608476144036e-06 
2.80001 0.00014010648697045764 9.999002273447654e-05 
2.10001 -0.00020000852217216174 0.00014141766757839747 
2.30001 -0.0001087490495784007 7.74474211866839e-05 
3.00001 -0.0005030569635349739 0.00026719238496628083 
3.10001 -0.000496658172281837 0.00016424473056630734 
2.90001 2.3142934515514394e-05 4.55240795975701e-05 
2.50001 -6.906913641580548e-05 7.124024796364784e-05 
3.40001 -2.593447001706009e-05 0.00014871283393249766 
3.20001 -0.00028065480312613133 9.92398353789077e-05 
3.50001 -0.00018413250616974516 0.00036381276466990805 
3.30001 -5.756032999397662e-05 2.5574202629185305e-06 
3.60001 -0.00035087550175561823 0.0002019074510163637 
3.70001 0.00020313895674257737 0.0001752408346781055 
3.80001 -9.760380753099315e-06 4.6754715049475393e-05 
4.00001 7.27996659532548e-05 9.157695902103552e-05 
3.90001 0.00014549333819947552 1.9821144932776364e-05 
4.30001 -0.00012144185886645334 2.162331933568652e-05 
4.10001 -0.0004923375583274828 1.324616586586793e-05 
4.60001 -0.0004357566286711074 0.00012915180947274186 
4.80001 -0.0002447540832724866 8.247607478275807e-05 
4.70001 0.00012907364997466424 0.00017838574469465512 
4.20001 -0.00017521647887400123 7.009890376811063e-05 
4.50001 -0.00018194337600396917 4.4780682354335255e-05 
4.90001 6.740361310142667e-05 0.00038073936201030216 
4.40001 5.206483192970259e-07 9.159997652692135e-05 
5.40001 -0.0006725494379708238 0.00014620246012636383 
5.10001 -0.0003661344695007339 0.00027920081707691867 
5.20001 -0.00044474303210890114 0.00016696691591950235 
5.50001 -0.0003995362844612892 0.00019050768293181163 
5.00001 -4.289782933679416e-05 0.00012737104872921696 
5.30001 -0.0005751368481301453 0.0001574795920825314 
5.60001 -0.0006939892727049029 0.0003319303860550095 
5.70001 -0.0008505772709225012 0.0001905375501863354 
5.90001 -0.001188262288000744 0.0003412524830119134 
5.80001 -0.0006775487659868262 0.0003885226133949895 
6.20001 -0.0020529688843576445 0.00012187206264505481 
6.40001 -0.0012701573156966232 3.924611162126361e-05 
6.60001 -0.0010921459968924972 9.748464386826394e-05 
6.30001 -0.002096154046323429 0.0005262033906648666 
6.10001 -0.002401708732653962 0.0002872160496830761 
6.00001 -0.002054533588672803 1.1156339835444737e-05 
6.70001 -0.0008186312650008284 0.0002116680585690437 
6.50001 -0.0006048687650460524 0.0007655102723140157 
6.80001 -0.001062904839349501 0.00026256231210209545 
7.10001 -0.00036154856893174444 0.000407233983727582 
7.00001 -0.001127662375777884 0.00028068741385882937 
6.90001 -0.0007341467324445052 6.734519881233353e-05 
7.40001 -0.00010202654822364797 0.00032041858821661235 
7.20001 -0.0006465109449168854 0.00022190947180725457 
7.70001 -0.00016758870999790632 8.301726847221318e-05 
7.30001 5.933671858187207e-06 0.0002864690991061164 
7.60001 -0.0001442274165022593 0.0003799993132906841 
7.50001 -0.000507249550232993 0.0001073739561399139 
8.10001 -0.00047015350728691756 0.00017756400256413674 
7.90001 -0.00012780574190464556 0.0004636578429378546 
8.00001 0.00015838047621916736 0.0001442439839741792 
7.80001 0.00010541773027275469 0.00019962016611690055 
8.40001 -0.0006403348005527181 5.746865877724345e-05 
8.20001 -0.00012890935068187 3.498917639186906e-05 
8.30001 -0.00016493831282341073 0.00014840768901607478 
8.60001 -0.00043237406046613136 3.51482095508624e-05 
8.70001 -0.00033594310927315325 3.115732126514017e-05 
8.50001 -0.00020149712972467997 0.0003277564825403516 
8.80001 -0.00027153803373254436 0.0004862268885337188 
8.90001 -0.00025090638419635676 0.00018146904684954358 
9.00001 -4.634583450046813e-05 6.203225910314457e-06 
9.20001 -0.00024321529302710846 0.00022869054457884722 
9.10001 1.0095488026757221e-05 0.00012518150204464423 
9.90001 -0.0003100825071024125 0.00013535354677875138 
9.40001 -0.00015370694184029264 0.00013093257358256962 
9.60001 -0.00033601649570724605 0.00013500433804587808 
9.50001 -0.0002921242222410333 9.831146309869012e-05 
9.80001 0.00012396314005304717 0.00016092757466457604 
9.70001 -0.00023459470979782246 6.13723614140108e-05 
10.30001 4.4261246842528055e-06 0.0002363005803333053 
10.00001 -0.0006207922308964493 2.6164003157788933e-05 
9.30001 -9.171415710487327e-05 0.0001208730261284337 
10.40001 -9.871961966805689e-05 4.403895543540951e-05 
10.20001 5.792383415567966e-05 0.0001517568265838695 
10.10001 -0.00019968867332102565 0.00019712515019557555 
10.50001 -0.0005857301587400323 9.829930352926527e-05 
10.60001 -7.792173393699516e-05 0.0002419314152862562 
10.70001 -0.0002401873312854613 0.0003341982337868669 
10.80001 -0.00016893603817768406 0.0004342178032088178 
10.90001 -4.588454534106449e-05 0.00012110065272906488 
11.10001 -0.0001859698396891642 0.00021638822099871057 
11.20001 -0.00010896438601000762 0.00022167624104933395 
11.40001 -2.4155071826721913e-05 0.00015420729698404208 
11.30001 -0.0003099653424690121 0.0004063526096204749 
11.60001 5.552674856097588e-05 5.26389035585222e-05 
12.00001 -0.0003894475748202383 0.0001239427755520343 
11.50001 -0.0002881828561385225 2.308704503229089e-05 
11.70001 -0.0002819424007398176 0.00023215327579669456 
11.00001 8.16982158599605e-06 0.00018463970896971112 
12.10001 -0.0001633279853618325 0.00017028511333719228 
11.80001 -0.0002808724758145424 0.00010482861644716085 
12.20001 -0.0003964440158256762 0.00011979631610344708 
11.90001 6.383663126709372e-05 5.711461577568186e-05 
12.30001 -0.00016482249214122682 6.451823511300916e-05 
12.40001 -1.8640048547234098e-05 7.4221219821619e-05 
12.50001 -0.00014252475496960088 0.00028773961112731446 
12.60001 -0.00018605513999044593 0.00011432909386159747 
12.70001 -4.661995217966809e-06 7.699055008275575e-05 
12.80001 -0.0003494260205611959 0.00015181954416437665 
12.90001 -0.0002926502096576872 0.00022027286511971643 
13.30001 -2.1190732776446237e-05 8.959957347842842e-05 
13.20001 7.0498940519872e-05 0.0001243117049179319 
13.00001 3.3019132119331314e-05 6.688335302991764e-05 
13.50001 -8.585232641667212e-05 0.00018464893357767704 
13.10001 -0.0001654701198272918 3.056710622582461e-05 
13.70001 0.00010881779924928409 0.00013638519060386043 
13.60001 -0.00029253135510293356 0.00013721106990144624 
13.40001 -9.657721987450113e-05 0.00044060254249426924 
13.90001 7.997418192402744e-05 0.00011922253704298908 
13.80001 -0.00037724150411498684 6.098950525309024e-06 
14.10001 -0.0003912104216427502 8.735324501346067e-05 
14.00001 -7.073667755738315e-05 0.00044423052636461286 
14.20001 -1.434616413511521e-05 0.0003725322634754244 
14.40001 -0.00015887093651917452 9.682979072528641e-05 
14.30001 -0.00020555497125396152 7.894047835675162e-06 
14.50001 -0.0003493711628977527 7.933249710488847e-05 
14.60001 -0.000609366979216711 9.439972448630873e-06 
15.10001 8.106278597527054e-06 0.00014858586442162208 
14.90001 4.7434638086601264e-05 4.9686587131210144e-05 
14.80001 -0.0002955327569196493 3.978013937633388e-05 
15.00001 -0.000619064623737661 3.0159949002179663e-05 
14.70001 -2.2406683630246245e-05 0.00023926780019759475 
15.20001 -0.000618506995308403 0.0003983399203811586 
15.30001 -0.0008922339942801534 1.8974784466818054e-05 
15.50001 -0.0009604903545739716 0.000501051180461828 
15.80001 -0.0017785693094362958 0.0009397349372036406 
15.70001 -0.001299481761462956 0.0003342312230758769 
15.60001 -0.0012130425766896285 0.00019745465938525398 
15.40001 -0.0005256855541203839 0.0004278855001686802 
15.90001 -0.0040048485803472035 0.00011469965608648246 
16.00001 -0.005076986345793167 0.001116897392188058 
16.70001 -0.0011177615967290912 0.0006793059075588869 
16.30001 -0.007459337049787155 0.0007119881149075264 
16.10001 -0.010272328271783947 0.0007949333970896696 
16.20001 -0.01252333968135846 0.0011563910252675958 
16.50001 -0.00234633662915948 0.0007839368564390962 
16.60001 -0.0015922178773945255 0.0005778501927385872 
16.40001 -0.0038752165747993816 0.0012121561396817072 
16.80001 -0.0005184353643565391 0.00020333115199240148 
16.90001 -0.00046594875495317256 6.617990222312453e-07 
17.00001 -0.0001341728716211193 3.435070089306919e-05 
17.20001 -0.0004345485212495515 0.0005253786852185288 
17.30001 -6.442397428811536e-05 9.607431871290713e-05 
17.40001 -0.0001343113654141784 0.0001440423768527837 
17.10001 -0.0008281091682028991 0.0004406857814746325 
17.50001 -0.0004796481151253238 6.767135261110248e-05 
17.80001 -0.00013065518037345088 0.0001186157643826572 
17.90001 -0.00013417209588365724 4.4558824996522373e-05 
17.60001 -0.0003326684836193729 6.553013045744655e-05 
17.70001 -0.0002186021517617008 0.0002786885641559128 
18.00001 -0.00011224304751566052 0.00034602973781300804 
18.30001 -0.0005605775985946641 3.162794411779561e-05 
18.10001 -0.00011100282066826722 1.890744782089829e-05 
18.20001 -0.0004726197207899508 0.00017497473224864588 
18.60001 -0.0004883259820361342 0.00013098473846184206 
18.50001 -0.00020828456429568333 0.00018458665563259938 
18.70001 -0.000131055727613049 0.00020535397040170707 
18.40001 -0.00015411281085734777 1.1290102306825672e-05 
18.80001 -0.00013809521261638215 0.00034923182440949095 
18.90001 -0.00026757331764401597 0.0004438571114069489 
19.00001 -0.00028414054767219676 7.789259266645577e-06 
19.30001 -9.55152000385842e-05 5.912205766604193e-05 
19.20001 9.850620325604586e-06 0.00021186801724692756 
19.10001 -8.512019498324286e-05 2.774509241767268e-05 
19.50001 -0.00026954791251175645 0.00027634976327187686 
19.40001 2.288280043569547e-05 0.0002653497029941032 
19.90001 -0.000142796274246318 5.1645901471947414e-05 
19.80001 -2.7687565089386682e-05 0.00016043138028249462 
19.60001 -0.00046845484574498027 2.851834589540466e-05 
19.70001 0.0001291000001998799 0.00013698587644830483 
20.00001 -7.294373165889568e-05 9.350400066656368e-06 
20.10001 6.235783614164071e-05 9.924712330912817e-05 
20.30001 -6.546942508671438e-05 8.909762942560764e-06 
20.20001 -8.266585095876185e-05 0.00016031900613351982 
20.50001 -5.0910467784365116e-05 1.9558403393571847e-05 
20.40001 -0.00017714810673506314 5.381472657546465e-05 
20.60001 -0.00020955560954269317 0.00015847561597960705 
20.70001 0.0001403663820896589 0.00010948551646475642 
20.90001 8.372980915126129e-05 0.00020720675090085916 
20.80001 7.042753397840532e-05 6.323724023806233e-05 
21.10001 5.188487722422812e-05 7.962885636485926e-05 
21.00001 -0.00036358825414329764 0.00023060112847686306 
21.20001 -1.9510610805360668e-05 5.7743396290561765e-06 
21.40001 -0.0001514916690602678 6.096388667056614e-05 
21.30001 -0.00018014775793896107 6.668814465245257e-05 
21.80001 -0.00040294800119541365 0.00013521343891982897 
21.50001 -0.00019756019969249114 6.228000395608647e-05 
21.90001 -0.0002472659726552465 2.6872543750266516e-05 
22.20001 -0.0001470802161443847 0.00026514536895703555 
22.10001 -0.000442188959348525 0.00017829448150416587 
21.60001 -0.00038664579595559974 0.0001369610672455496 
21.70001 -0.00022169238938762336 0.00022311219799495415 
22.00001 -0.0002919601106217836 0.00015937152407244189 
22.50001 -0.0001293636961006035 0.00014880288881912715 
22.30001 -0.000270098578173686 0.0002216253052530076 
22.60001 0.0002964483056446096 0.0004339708841315568 
22.70001 -0.00019810278357416006 5.881025396740967e-05 
22.40001 -1.2189241343790914e-05 0.00028231848657493707 
23.00001 -0.0002564934822093315 0.00014673847617483116 
22.80001 3.9957784584842553e-05 0.00010289798214748994 
22.90001 4.539102621074264e-05 7.60871806988651e-05 
23.10001 -0.00012039931779516616 6.463121505587168e-05 
23.20001 -7.621216528600116e-05 0.0001540292040749347 
23.30001 -0.0003287988812120894 0.00012358802255648283 
23.40001 -3.0861543084342554e-05 0.00025693248069900125 
23.60001 -0.00026296369519245277 0.00010505924518302233 
23.70001 -4.466685810085828e-05 1.4128678992465562e-05 
23.50001 -0.0001615917359820696 0.0004907105350800858 
24.10001 -0.0001931893442236526 1.9565437511818325e-05 
24.30001 -0.0005202835112499128 0.00021546695324919395 
24.00001 -0.00048701946275817086 0.00012446511751733441 
24.20001 -0.0002788113681731561 0.00013657411135213559 
23.80001 7.62238908774891e-05 2.629502807138251e-05 
23.90001 -0.00016100479231023908 9.349875922866027e-06 
24.40001 -0.000268426135609234 0.0001333133267241426 
24.60001 -0.00016496605962205188 8.630154579949498e-06 
24.90001 -0.00047424856414763527 0.0003169110615946112 
24.50001 1.5395601784589714e-05 8.345210604102285e-05 
24.70001 -0.00022465399887041193 1.3399113588931513e-05 
24.80001 -0.00027463557187207266 0.00037751685655925196 
25.00001 4.271868260973346e-06 0.00020231542752624772 
25.10001 -0.00041673397606512886 0.00023695618868327384 
25.20001 -0.00037212767032914764 0.00032059761786984203 
25.30001 -0.00010233717357447457 1.8094808246460387e-05 
25.40001 -0.0004677094795809121 0.00016833360836508493 
25.50001 -7.987917497334683e-05 8.456444371412984e-05 
25.70001 7.917329104663968e-05 8.85907447735708e-05 
25.60001 -0.0002290535725853111 0.00025458128584313793 
25.80001 -2.7415405339463045e-05 0.00010552435297042615 
26.40001 -0.0003090119307052861 7.502126154919907e-05 
25.90001 1.821751501869889e-05 0.0001269101900018146 
26.20001 -0.0003347897439897778 0.00017266476676011203 
26.30001 -8.051590556827566e-05 0.00011606742230615658 
26.50001 3.589028201300053e-05 2.191315274543594e-05 
26.70001 -0.0003965512166264141 0.00029734053123878164 
26.00001 1.2584430257769273e-05 0.0001648030311137101 
26.10001 -0.00016071891954061392 0.0001696215312837084 
26.60001 0.00030958105399491446 0.0004468610528635259 
26.80001 -0.0001783912022267369 3.799739437245122e-05 
26.90001 0.00016586026255143083 0.00015636600439920579 
27.00001 -0.00016403156728498751 0.00035530938237819226 
27.10001 -4.2955887302151524e-05 0.00033448499721630613 
27.20001 0.00010293017376811542 0.00011949875379641186 
27.50001 -0.00029437842672220654 0.00010088666921220228 
27.30001 -0.0001417017614282725 3.760615826296944e-06 
28.00001 -3.6750490555925415e-05 0.00022592759019429936 
27.40001 -0.00025561172106324355 0.00023591969314146945 
27.60001 0.00018231651896472506 9.728857550281963e-05 
27.70001 -0.00014078703184153214 0.00017673616148829413 
27.80001 -0.0005521636707628756 0.00014205185591287885 
27.90001 -0.0002232898753824767 0.00030975378036725894 
28.10001 -0.00017826313371097747 0.0001462578966682601 
28.50001 -1.902588668470173e-05 0.00011718128546562263 
28.20001 -0.00018391751686428344 4.109769309756617e-05 
28.40001 -8.722982386838903e-05 0.00011663380553033549 
28.60001 -0.0001432753457390932 4.498377093860989e-06 
28.70001 1.4731239847119696e-05 0.00018415474794277603 
28.80001 -0.00019600921348050592 6.204595568561712e-05 
28.30001 5.681001311723827e-06 3.868326165565791e-05 
29.30001 -0.00018001232818751092 0.00026273230691184566 
28.90001 -4.925392786024246e-05 8.005400362401654e-05 
29.10001 -0.0002418318046769558 0.0001800084964087242 
29.60001 -0.00011610294661523461 6.414916932445074e-05 
29.50001 -0.0001881311922254356 0.00020473498249249847 
29.20001 0.0001450966646076851 0.00038462399621506905 
29.00001 -0.0001757816591474794 9.267307811588938e-05 
29.70001 -8.670296092338836e-05 0.00012501638884849925 
29.40001 2.971166889310995e-05 5.81712150778459e-05 
29.90001 -0.00048730008191010844 0.0001735492406160878 
29.80001 -0.00011059741590519841 0.0002037946639015881 
30.10001 -4.7347157287382506e-05 0.00020762708338184228 
30.00001 -7.3497177735110515e-06 0.0001479379138047324 
30.40001 -0.00023403274269629434 0.00017294260236508054 
30.50001 -0.00028707211061141383 0.0002130621496748215 
30.30001 2.356306002160086e-05 0.00013421509247498554 
30.70001 -3.568955840662757e-05 0.00028440267101332976 
30.20001 -0.00023426011480619203 4.7759257071129264e-05 
30.90001 3.3018435102397e-05 4.6408191987523014e-05 
30.80001 -0.00031524242034660315 0.0001337070685873694 
31.00001 -9.336314598314981e-05 0.00023161888654256628 
31.60001 -9.534309466175626e-05 0.0001403883052070356 
30.60001 -7.953338133608525e-05 0.00028130164257105764 
31.10001 -0.00025253144664520244 0.0001376022055895771 
31.30001 -0.00022309511570680452 0.0001138290836909047 
31.50001 4.6228543528542146e-05 8.210106069352535e-05 
31.40001 -0.0003221037295324726 0.00018737640568593266 
31.20001 -4.012016814697478e-05 5.11150343027098e-05 
31.70001 -0.0003492471114812923 7.423474061935974e-06 
31.80001 -0.00020261577938035288 0.00026745523159192673 
32.30001 3.89471982338652e-05 0.0005027458755139459 
31.90001 -0.00047885974283326586 5.2218365245625825e-05 
32.00001 -0.00014766923377255496 0.0003140952253616071 
32.20001 -0.0003800957085389556 3.6188624092580525e-05 
32.10001 0.0002901624028527279 0.0002869911833073733 
32.70001 -0.00020729443222332306 0.00029726409996186197 
32.50001 -0.00027478212775507155 7.64925065177395e-05 
32.60001 3.930633439992242e-05 0.0002653802640817655 
32.40001 -0.00028650905663640824 3.430093250943246e-05 
32.80001 -0.00016428107194728836 0.00010426254751501463 
33.20001 -0.00027548352171253063 0.00021635548128382003 
33.10001 -0.0005178719431157185 0.00018692777676077417 
32.90001 -0.00017309294864054268 0.0001456567268183993 
33.00001 -1.833526750534514e-05 5.74051605419428e-05 
33.30001 0.0001579552090798604 8.108089729748554e-05 
33.40001 -0.00034034319040898356 0.00031391704058350215 
33.50001 0.00024394728273741085 0.00018545302638262853 
34.20001 -9.844664029786392e-05 0.0001494640654646008 
34.00001 -0.00024974443829057466 2.0531926919199555e-05 
33.70001 -0.0001991476288427154 0.0001687180040756321 
33.60001 -0.0001084149057468415 1.5945669071528416e-05 
33.90001 -0.0001302806198832375 0.0001249047913214688 
34.10001 -2.363064935984042e-05 6.696167808583896e-05 
34.40001 -0.00012023280738846846 0.0001980407686527657 
33.80001 -0.0003796516394634583 0.00022997549498101182 
34.30001 0.00014285238548920117 8.886610566681747e-05 
34.50001 4.17546853331226e-05 0.0003891333333834804 
34.60001 -0.00027129666823471124 8.124324285161186e-05 
34.70001 6.851338502251054e-05 7.26735224745936e-05 
34.80001 -0.00030624151163210404 0.00012268762059355526 
35.00001 0.0001910586500962896 0.0002044443208701855 
35.10001 0.0003188808049341547 0.00012164114229655802 
35.30001 -2.4817494873401524e-05 0.00010211311218358584 
35.40001 0.00014249812558777983 9.465455618888055e-06 
35.20001 -0.0002605130346171972 0.00026464188021915237 
34.90001 -0.0001523988414096445 0.0001640736588991747 
35.60001 -4.253752892294885e-05 0.00013415551570826863 
35.50001 -0.00033172298998071693 1.710425285848013e-05 
35.70001 -0.00015884563191371126 6.278193765096468e-05 
35.90001 0.00015702675882481342 0.00018375439428513368 
35.80001 8.99772467495799e-06 0.00022690396635882776 
36.00001 -0.0001676109242677705 0.00021885396500700478 
36.20001 -0.00028656671170516944 4.0956462605105785e-05 
36.10001 -0.0003846468291506649 0.00016266558660127625 
36.40001 0.00013047146632324296 8.684089128061434e-05 
36.70001 -7.401010136693071e-05 4.463705476121181e-05 
36.60001 -0.0001774649703064185 0.00010541918770905391 
36.50001 -0.00035392132289204816 8.443059546878396e-05 
36.90001 -0.00018146346570280483 6.652182061936454e-05 
36.30001 -0.0003421688342019734 0.0002641673722582122 
37.00001 -0.00015924751423436709 0.00024284526406203328 
36.80001 -0.00010819913940643305 7.069194000668483e-05 
37.30001 -0.00024525721417331236 3.9872386429935645e-06 
37.20001 0.00019109183887197623 4.564467888459578e-05 
37.40001 -0.00013799291910003797 0.00021136287731833103 
37.10001 0.0002062930088781411 6.500473211945939e-05 
37.50001 -0.0004590338454618755 0.0003607101946897504 
37.60001 -4.72455541571013e-05 0.00011156722274986513 
37.80001 -0.0001899743538851573 4.86925447049914e-05 
37.70001 -0.000161757645998553 0.00014179844769163135 
37.90001 -6.429184210563204e-05 0.00020606183807725484 
38.00001 -1.1034773326566239e-05 0.0002930871293730577 
38.20001 -8.968294252435469e-05 0.00019686107176128615 
38.30001 -0.00014194368528553977 6.246303189334367e-05 
38.50001 -0.0001289642046251949 0.00011211681677389348 
38.70001 -0.00025576413382775624 0.00026477916150239184 
38.10001 -0.0001384799605536246 0.00010863606493158254 
38.40001 -5.217185067768286e-05 0.0005912284693525356 
38.90001 -0.00010912821480041537 0.00014738239182870527 
38.80001 6.90989490305429e-05 0.0001762942237252566 
38.60001 -0.0002490246511906055 5.747825317710845e-05 
39.10001 -9.241306996401915e-05 0.00012104335326535733 
39.30001 -0.00015390618609059894 9.988999261610261e-05 
39.00001 0.0001759609383073021 4.689974464285577e-05 
39.20001 -5.1612940948047235e-05 2.5206230955093465e-05 
39.50001 -0.00016338726874481479 4.5236235189167944e-05 
39.40001 -0.0003314769434818466 9.284046181647959e-05 
39.60001 0.00017863575814139175 6.516976580973783e-05 
39.70001 -0.00014157490330788655 0.0002698733450989335 
39.80001 -0.0002970661104145636 0.00020161891136255758 
39.90001 -0.0005378885438978004 0.000479089851337371 
