0.10001 -2.5403363751515898e-05 1.6485002353025597e-05 
1e-05 4.142050244258373e-06 1.4833313975849043e-05 
0.20001 -1.7529452438285568e-05 2.4177518058173006e-05 
0.50001 -5.1227242914660245e-05 7.411374510109482e-06 
0.30001 1.4023881451788019e-05 6.562915664088626e-06 
0.80001 -1.9494795072341606e-05 5.335046440805156e-06 
0.90001 -4.053796753776187e-05 3.822464973129076e-05 
1.10001 1.2893634669682692e-05 9.36227515382362e-06 
0.40001 -3.437112790311594e-05 8.875557502332919e-07 
0.60001 -3.095596545317666e-05 5.951562533195777e-06 
1.40001 -1.677664629344717e-05 1.0886938463591743e-06 
0.70001 -5.0682359863367214e-05 2.947238815529972e-05 
1.00001 -4.3178962807468794e-05 2.8595883957000306e-05 
1.50001 3.4597151083089157e-06 4.5670680072796864e-06 
1.20001 -9.415418691848389e-06 2.5228045309835497e-05 
1.70001 -1.054339298823896e-05 1.172740910321436e-05 
1.60001 -1.8135810886522186e-05 4.09912637936442e-06 
1.30001 -8.114175480069939e-06 8.464956537777309e-07 
1.90001 1.182658069713505e-06 3.2106302121898524e-05 
1.80001 5.966368022041012e-06 2.363796741381721e-05 
2.00001 -1.879062201074704e-05 2.8432083232984976e-05 
2.40001 1.2638352120956115e-05 4.0308695105743616e-06 
2.70001 -3.8585197207803714e-05 1.769415153188337e-05 
2.20001 4.83521652843589e-06 1.5535709460073486e-05 
2.60001 -1.1074655124357384e-05 1.6937202410018502e-05 
2.80001 -1.8789153510623798e-05 1.1285992469179769e-05 
2.10001 -3.105657899145147e-05 1.346609853171738e-05 
2.30001 6.790940827129331e-06 6.260868260770244e-06 
3.00001 -4.698119431620659e-05 1.9067788746698108e-05 
3.10001 -2.2354341972961243e-05 4.3522031796143566e-05 
2.90001 1.4386684821241318e-05 5.1431144847420194e-05 
2.50001 -1.1535718880398103e-05 1.1514514884497248e-05 
3.40001 -1.5716369519869615e-05 9.724568940372177e-06 
3.20001 7.260615304049128e-07 2.571477936820655e-05 
3.50001 -4.254923960111779e-05 4.239855202788828e-05 
3.30001 -2.6741794964433922e-05 2.2333690402653373e-05 
3.60001 -2.470783744528155e-05 1.0144864057567922e-05 
3.70001 -2.850944058189507e-06 1.8673296862579436e-05 
3.80001 -7.554418413790732e-05 7.282126424029098e-06 
4.00001 -5.434113390084469e-05 1.646565457136716e-05 
3.90001 -2.6256305441867586e-05 3.3541521129902126e-05 
4.30001 -2.000251813173132e-05 6.995937840536723e-06 
4.10001 -5.5169127208307805e-05 5.55334903961853e-06 
4.60001 -3.8575208343013674e-05 5.3195386291792094e-05 
4.80001 -9.07682581559184e-05 4.928775607168699e-05 
4.70001 -3.6550554424905184e-05 1.4845355062578058e-05 
4.20001 -6.791975821683781e-05 7.314856332342573e-05 
4.50001 -2.3444648638568568e-05 2.9908218343088132e-05 
4.90001 -0.00013816907531307872 1.3867813759232966e-05 
4.40001 -6.012156190929099e-05 6.3086496250990935e-06 
5.40001 -0.0002598911957592226 0.0001260560181360881 
5.10001 -0.00018599112558881391 1.8879299890672374e-05 
5.20001 -0.00025476683578510423 3.072100329529937e-05 
5.50001 -0.0003069266035370628 3.785944975194213e-05 
5.00001 -0.00012375129725777624 3.6891184360353233e-06 
5.30001 -0.00020241887728343424 2.430916930021667e-05 
5.60001 -0.00046520356665934767 6.589299910172186e-05 
5.70001 -0.0005824931184947974 3.670427885088946e-05 
5.90001 -0.0013035689338756961 4.406037188616808e-05 
5.80001 -0.0008664046210414261 7.895390930291138e-05 
6.20001 -0.002029049083372409 0.00027637933560144083 
6.40001 -0.0014092920118174402 1.4319741718109833e-05 
6.60001 -0.001075081572457681 0.00017641948152601197 
6.30001 -0.0018538392579499634 5.7429147846315386e-05 
6.10001 -0.001831526897601076 9.705539802406095e-05 
6.00001 -0.0014676491833658528 6.920498184940518e-05 
6.70001 -0.0006796375236508733 6.235674662740114e-06 
6.50001 -0.0010793514533483871 0.00012536484703224842 
6.80001 -0.0004697762241550509 0.00013141280766633916 
7.10001 -0.0003349933057494272 5.790840708592084e-05 
7.00001 -0.0004557793801679726 0.00010355419133590361 
6.90001 -0.0004182022299747682 7.994060633737993e-05 
7.40001 -0.00023301759243379123 3.667756728861001e-08 
7.20001 -0.00027351479408620845 3.138464435294201e-05 
7.70001 -0.00015639980310050127 4.591246757907575e-05 
7.30001 -0.00028241209123893183 7.367074962920298e-05 
7.60001 -0.00021130582935158015 7.726116042833749e-06 
7.50001 -0.00014071865502641583 0.0001716033584480606 
8.10001 -0.0001454182904065804 3.759840603613165e-05 
7.90001 -0.00011907102429596772 9.46205411972293e-06 
8.00001 -0.0001500775090200441 2.382569603122896e-05 
7.80001 -0.00015179955439451347 2.076312881451738e-05 
8.40001 -0.00012132903083494253 4.919172877517322e-05 
8.20001 -0.0001720990076718136 1.0708381955656305e-05 
8.30001 -0.00013134740360647065 3.361644125175206e-05 
8.60001 -8.278515015803615e-05 4.097067001299707e-05 
8.70001 -7.886148427593227e-05 1.1602181469380228e-06 
8.50001 -0.00010921266382935346 3.6931765375028596e-05 
8.80001 -4.7191241482323154e-05 2.9710126795154995e-05 
8.90001 -0.00010101834919298144 7.351587823614218e-06 
9.00001 -2.6760971528284858e-05 9.346238009958173e-06 
9.20001 -8.414933878288752e-05 8.031372953274272e-05 
9.10001 -5.0304858820243855e-05 2.7472740363172757e-05 
9.90001 -7.046350896266001e-05 2.9387764385925766e-06 
9.40001 -3.858976607549267e-05 9.263708287413992e-07 
9.60001 -6.886072274229093e-05 3.231973687330097e-05 
9.50001 -5.471096739902147e-05 1.705637703129158e-05 
9.80001 -6.418389954396843e-05 1.3256619113946782e-05 
9.70001 -9.07574029342532e-05 2.798833924331259e-05 
10.30001 -6.566692811271131e-05 2.2555960542599748e-05 
10.00001 -9.690782174704273e-05 3.614879249273137e-06 
9.30001 -3.4278744622864046e-05 6.0100510899815025e-05 
10.40001 -5.605675568249782e-05 6.592724339876923e-05 
10.20001 -7.754291997370199e-05 2.2236335992478e-05 
10.10001 -0.00011460999340753841 2.191464469749549e-05 
10.50001 -3.7902426025281226e-05 8.652438131098545e-06 
10.60001 -2.1825011115569052e-05 3.911192380388626e-06 
10.70001 -5.331605292256685e-05 3.4196107286175464e-05 
10.80001 -6.952910068997191e-05 2.53609206215534e-05 
10.90001 -7.070936703759674e-05 1.1760745595145214e-05 
11.10001 -5.4065013929702394e-05 2.856602089228978e-05 
11.20001 -4.751459414165843e-05 5.569590738745315e-06 
11.40001 -3.3227574284910505e-05 1.1441901523344296e-05 
11.30001 -6.4866410906286e-05 9.51632358437345e-06 
11.60001 -4.165136078362983e-05 1.3583365158831151e-05 
12.00001 -1.087934330575047e-05 4.039509224935501e-05 
11.50001 -6.486963258438863e-05 3.3006443714953088e-06 
11.70001 -5.205592038258875e-05 1.0738913404854022e-05 
11.00001 -3.012775463489918e-05 5.605303802057812e-06 
12.10001 -4.694866292386026e-05 8.78154800557377e-06 
11.80001 -5.807396843761086e-05 2.398219318155465e-05 
12.20001 -9.489192663038871e-05 3.424575541813682e-05 
11.90001 -3.3540338754437046e-05 4.186283838631816e-06 
12.30001 -2.9596882457969138e-05 1.3120446284388701e-05 
12.40001 -8.509431414598087e-05 2.5701401830690463e-05 
12.50001 -9.368121260981612e-05 8.343330070847876e-06 
12.60001 -4.502094979024713e-05 1.3060416351453138e-06 
12.70001 -6.498518308887285e-05 2.25858717821201e-05 
12.80001 -4.648630114755985e-05 1.0723889796428144e-05 
12.90001 -7.77555138925519e-05 6.963654129829333e-05 
13.30001 -0.00011950908373992722 2.3896436857306565e-05 
13.20001 -3.753728461854129e-05 2.12456051614504e-05 
13.00001 -7.712293566461016e-05 2.968134388884528e-05 
13.50001 -7.287050327483356e-05 5.497425162398517e-05 
13.10001 -0.00010594525359055015 5.605769955291488e-05 
13.70001 -6.668170828291194e-05 9.782380774013207e-06 
13.60001 -3.874991992939118e-05 2.206985567467581e-05 
13.40001 -0.00012057393385752989 2.0656629939061038e-05 
13.90001 -0.00012127745161207362 7.23330236279259e-06 
13.80001 -0.0001401484468339429 9.914132175341446e-06 
14.10001 -5.800809588819043e-05 1.4042158409507285e-05 
14.00001 -9.515940933849599e-05 3.30707295908639e-05 
14.20001 -0.0001167497350486727 4.8327700414019975e-05 
14.40001 -0.00018723345561524966 3.419658770664947e-06 
14.30001 -0.00018696974618800322 3.25414624905567e-05 
14.50001 -0.00017872989351240927 1.3746545140038213e-05 
14.60001 -0.0001935114985905573 3.5393621165621115e-05 
15.10001 -0.00029486534077865286 6.948381818280906e-06 
14.90001 -0.00019508186115605808 1.92848144047065e-05 
14.80001 -0.00021342542202197222 5.341291168575149e-05 
15.00001 -0.00027111250745369474 1.1426641348800818e-05 
14.70001 -0.00018655383822366767 5.4896194768020394e-05 
15.20001 -0.00026534576058842167 3.524270470676164e-05 
15.30001 -0.0003986601794657482 7.687161224209356e-05 
15.50001 -0.0006483917408070306 4.5098177791647325e-06 
15.80001 -0.0016920575020931048 6.552914330772207e-05 
15.70001 -0.0012113621902238953 2.305172801827474e-05 
15.60001 -0.0007499676524586219 7.152428091775813e-05 
15.40001 -0.0004411188262311586 6.712382263329646e-05 
15.90001 -0.00301943418028813 8.0444185233904e-05 
16.00001 -0.005288786928400091 0.0004780332633755207 
16.70001 -0.0006358489301385925 7.762584176614561e-05 
16.30001 -0.0068034052991428375 0.00019229247112979072 
16.10001 -0.010126864778521344 0.00011481024514074008 
16.20001 -0.01206953933640394 5.854759711730606e-07 
16.50001 -0.001964039066474352 3.4855673836559336e-05 
16.60001 -0.0013910784283484097 1.6482235426178615e-05 
16.40001 -0.003639910254128314 2.0494006495583392e-05 
16.80001 -0.0005460667757798705 0.00011588606801997788 
16.90001 -0.0003806320878929145 2.9284974171895495e-05 
17.00001 -0.00026546674261160546 1.3630006691198366e-06 
17.20001 -0.00015404793381923313 2.200604644324925e-05 
17.30001 -0.00022375816135569666 4.989073541076111e-05 
17.40001 -0.00019264294947032704 2.226897608232224e-06 
17.10001 -0.00032400666329511496 4.931096400101831e-05 
17.50001 -8.135727180245145e-05 5.703294528169476e-05 
17.80001 -7.110252615835216e-05 2.3517639125476198e-05 
17.90001 -4.8014790412744125e-05 2.4153648209794384e-05 
17.60001 -8.362829701459814e-05 2.6410010395674725e-05 
17.70001 -3.922663319248399e-05 2.030990507113246e-06 
18.00001 -9.30677818448587e-05 2.6652029322522358e-06 
18.30001 -3.6142257080827445e-05 3.191712662842233e-05 
18.10001 -1.696388860695331e-05 4.606988280533657e-05 
18.20001 -6.981909342651846e-05 5.793849589769511e-06 
18.60001 -3.059687771809881e-05 1.4339502483128571e-05 
18.50001 -6.0748940261303e-05 8.107693746110223e-06 
18.70001 -2.1524518419128358e-05 4.030972673518039e-05 
18.40001 -7.88403261534631e-05 1.3988972614424752e-06 
18.80001 -1.1659812874134054e-05 7.224859141949549e-06 
18.90001 -1.0921285806231605e-05 2.6488027521308537e-05 
19.00001 -3.084179768540603e-05 2.6834585025603527e-05 
19.30001 -5.966580766478063e-07 1.3291705974976448e-05 
19.20001 -3.687924553128107e-05 6.245666796365065e-05 
19.10001 -2.7200559526384908e-05 2.795064464152585e-05 
19.50001 -2.5595779744214785e-05 5.014427055416732e-06 
19.40001 -2.6648462352745946e-05 4.9931728675305404e-05 
19.90001 -2.5064459844498718e-05 1.668086491163876e-05 
19.80001 -4.096478461179549e-05 4.270388945330924e-06 
19.60001 -1.8579738204088233e-05 5.547601912993206e-06 
19.70001 -5.699208072042475e-05 3.030434632421207e-05 
20.00001 -8.654130129275142e-06 1.0715412467722763e-05 
20.10001 -2.246243398272752e-05 1.8569830936929464e-06 
20.30001 7.188070674433333e-06 1.80895288905145e-05 
20.20001 3.8258347521204954e-07 5.93790552273489e-07 
20.50001 -1.482488198330506e-05 1.2541232946252544e-05 
20.40001 -3.6804063589490887e-05 4.4801664737903475e-06 
20.60001 -3.893998812201697e-06 1.9550484785808072e-05 
20.70001 -2.298491456405407e-05 2.615220623504327e-05 
20.90001 -2.6372837957593726e-05 3.4711079200384956e-06 
20.80001 -3.27665155377801e-05 1.1697964348712613e-06 
21.10001 -5.894802378462295e-06 1.3461864796711434e-05 
21.00001 1.788242047489825e-05 1.4886977955646261e-05 
21.20001 -3.561915028695686e-05 1.683657916068498e-05 
21.40001 -2.9568646840953737e-05 5.452130039733033e-06 
21.30001 -1.1279499938504303e-05 1.7093810926351836e-05 
21.80001 -3.410029501606522e-06 2.0768848751470007e-05 
21.50001 -3.1456311596560648e-06 2.6208254654354837e-06 
21.90001 -2.3340453784447217e-05 2.73045165225057e-06 
22.20001 -1.996656156244197e-05 7.706862398552392e-06 
22.10001 -2.3102956894502763e-05 2.055344175402203e-05 
21.60001 1.6144931183929274e-05 1.5337514440258383e-05 
21.70001 2.933596938328479e-05 1.8840884465239095e-06 
22.00001 -2.7427987494332836e-05 1.6889377204579926e-05 
22.50001 -2.008673706234117e-05 4.910062645385721e-06 
22.30001 -3.122594515484828e-05 2.9933001309425885e-06 
22.60001 -5.643835039417676e-05 2.0038768508525653e-05 
22.70001 -1.7118655365528838e-05 2.314013472585398e-07 
22.40001 2.450637936838738e-05 1.0561326896576376e-05 
23.00001 -8.399087790280191e-06 7.32521437378299e-06 
22.80001 -2.1743459807315763e-05 1.2840631482655735e-05 
22.90001 -1.712428940723608e-05 1.5443710626985863e-05 
23.10001 -6.28118194645202e-06 2.4892976315002325e-05 
23.20001 -2.8544758186183747e-05 1.1713725803665307e-05 
23.30001 -4.038175680937837e-05 1.1617379633704397e-06 
23.40001 -5.5862716474574265e-05 2.3808429079612837e-05 
23.60001 -2.9592104222969126e-05 1.1559145607178537e-05 
23.70001 -2.0739962067969353e-05 2.3706808201491893e-05 
23.50001 1.5213339845053703e-05 1.9101268981079156e-05 
24.10001 4.228474643487748e-06 1.798730697604322e-05 
24.30001 -2.6355591375340957e-05 1.477449341654337e-06 
24.00001 -4.240486619207438e-05 2.8611417696932104e-05 
24.20001 -2.8800870235144405e-05 1.3535526834554721e-05 
23.80001 -1.5035905268276015e-05 7.135071209109021e-06 
23.90001 8.759724964997785e-06 3.373068096626496e-05 
24.40001 -1.6189863393525498e-05 3.994062008940522e-06 
24.60001 -4.0500707416651315e-05 1.4285717395762901e-06 
24.90001 -2.6398708434443138e-05 3.1207560138731637e-05 
24.50001 -1.3512025337278666e-05 2.855496638237004e-05 
24.70001 -1.0582262847044573e-08 1.72223274465856e-05 
24.80001 -2.418195043198304e-05 2.175252368304596e-05 
25.00001 -9.60535385808451e-06 1.8895196855446326e-05 
25.10001 -1.4032951165740165e-05 1.6146384433826738e-06 
25.20001 -1.5704080394387075e-06 2.081272183441885e-05 
25.30001 -3.7725954848429134e-05 2.5181668777422288e-05 
25.40001 -3.465617642114722e-05 6.04068178797691e-06 
25.50001 -1.2144472688178917e-05 5.3363478029321805e-08 
25.70001 2.1674171132845094e-06 1.0061212085418921e-06 
25.60001 3.778037594226114e-05 1.0701798726662512e-05 
25.80001 1.7031312706909107e-05 2.0967858120052763e-05 
26.40001 -3.022833923102681e-05 2.9910206618964752e-06 
25.90001 8.469698384045595e-06 2.930918895750387e-06 
26.20001 -2.973889820465826e-05 5.107094029671197e-06 
26.30001 -2.7658271519080414e-05 2.890440154879587e-05 
26.50001 5.267704364243223e-06 5.718724579258453e-06 
26.70001 3.91624320476564e-06 4.244998219578843e-05 
26.00001 1.050631843716117e-05 8.12694568959307e-06 
26.10001 -1.5634805375012757e-05 1.409768886537593e-05 
26.60001 -1.5868135976425616e-05 1.2093070405748466e-05 
26.80001 -3.785922455170651e-07 7.5266912736961004e-06 
26.90001 7.739373275789325e-06 3.305267436807296e-05 
27.00001 3.661389005544556e-06 2.297395719945873e-06 
27.10001 -4.5348954314554734e-05 1.8187131584540807e-05 
27.20001 -1.3173304170583175e-05 5.333103272433263e-06 
27.50001 -7.172005066073143e-06 2.9109207662258227e-05 
27.30001 2.206557345079973e-05 3.034676573871723e-05 
28.00001 -7.237800891334777e-06 1.490225689826701e-05 
27.40001 -1.776465869696862e-05 1.0366925513777257e-05 
27.60001 -1.1430445411331603e-05 3.885928771687644e-05 
27.70001 -4.695785010634367e-06 2.463824429102714e-06 
27.80001 7.980481585304749e-07 1.006260912528818e-05 
27.90001 9.789539595279695e-06 2.9154105070993453e-06 
28.10001 -4.226886949560748e-06 1.2917995391142704e-06 
28.50001 -1.4803807439947854e-05 1.0734582035129078e-05 
28.20001 -6.486599419491318e-06 2.15105555782339e-05 
28.40001 -1.041707348716232e-05 2.6452136145461763e-05 
28.60001 -1.1923328888367201e-05 7.695864251353165e-06 
28.70001 -1.590094370817608e-05 5.210354834459692e-06 
28.80001 4.547710121973625e-06 2.4159018989323023e-05 
28.30001 -6.001603246660657e-06 5.595339462366801e-06 
29.30001 -3.721164024294896e-05 5.821915737759714e-06 
28.90001 -1.2836365771714278e-05 1.1235662368467353e-07 
29.10001 -1.382366755316336e-05 1.125928455658547e-05 
29.60001 -6.55728012045567e-05 1.6548217908773296e-05 
29.50001 -4.4650509498618535e-05 2.0146864201937947e-05 
29.20001 -1.6804238084132216e-05 9.742885640247848e-06 
29.00001 -2.221458417435823e-05 1.9971846443914592e-05 
29.70001 -5.486748262299226e-05 8.558216992080427e-06 
29.40001 -1.4102083044807198e-05 7.63521498425157e-06 
29.90001 -3.351471956429437e-05 3.018486678841555e-06 
29.80001 -4.2107137313398026e-05 1.8042004122853888e-05 
30.10001 -4.6811404112883e-06 1.1153811692324825e-06 
30.00001 1.288799781797336e-05 5.666259505218148e-06 
30.40001 1.2251778512078756e-05 6.262665421725307e-07 
30.50001 5.1315315616632255e-06 2.3966326300321544e-05 
30.30001 1.6192300548216302e-05 7.17506606982155e-06 
30.70001 1.98593256908418e-05 1.5414028285356853e-05 
30.20001 -4.657349259367278e-05 3.142105443655858e-05 
30.90001 -1.6779547179508402e-05 7.183136183191568e-06 
30.80001 -1.2957499014358145e-05 2.2648318412979554e-05 
31.00001 1.0918956159341747e-05 1.2581292954525373e-05 
31.60001 -2.2411296620678767e-05 1.2661113619575868e-05 
30.60001 -1.3726377871945021e-05 4.50290854441974e-07 
31.10001 -1.4935853528407147e-05 8.056585766606162e-06 
31.30001 -2.6526301048138715e-05 8.822949055069275e-06 
31.50001 -1.3397964745655796e-05 4.994177832442967e-06 
31.40001 -2.0921378684790812e-05 5.105772719695477e-06 
31.20001 2.344976832646328e-05 3.42669578279291e-05 
31.70001 1.0972285308298464e-05 3.963810203333192e-06 
31.80001 -2.9852708432596316e-05 1.078720591099991e-05 
32.30001 -4.319855731080604e-06 8.294176164537644e-06 
31.90001 -4.714813008423071e-06 8.364976317379813e-06 
32.00001 -2.0419760512842638e-05 1.2169930815422942e-05 
32.20001 2.416247135400058e-05 2.2207520531849306e-06 
32.10001 -6.510511868663168e-06 8.782004638081368e-07 
32.70001 -4.50282836131205e-06 3.813993393188051e-06 
32.50001 -1.7422142795307273e-05 1.6440166903008482e-05 
32.60001 -1.3402648969313846e-05 1.67875327217701e-05 
32.40001 -1.0896044906081346e-05 2.4754701198367877e-05 
32.80001 1.7074157726937413e-05 2.5330431556045866e-05 
33.20001 -2.607296342587385e-05 6.533644200818852e-06 
33.10001 -1.3075015899011473e-05 2.162472318228873e-05 
32.90001 -1.9755398651252296e-06 4.607251398041287e-06 
33.00001 -3.6991703274236805e-07 2.6444891597501012e-05 
33.30001 -2.812564133346998e-05 4.523265762582879e-06 
33.40001 -6.357254430748517e-05 7.917376947204555e-06 
33.50001 -2.2551912473991034e-05 5.987934645183733e-08 
34.20001 -2.5729040027653583e-05 4.939459575337947e-05 
34.00001 -1.5857364823586994e-05 1.0077308151776081e-05 
33.70001 -4.407254134258626e-05 4.8524152004110116e-05 
33.60001 -2.866520532708716e-05 2.1096744329638895e-06 
33.90001 -1.773467456269699e-05 2.7036307778358995e-07 
34.10001 -3.637667091518291e-05 1.808138286656401e-05 
34.40001 -2.8963072235431287e-05 1.049969844384346e-05 
33.80001 -1.251629280986397e-05 1.697863809156466e-05 
34.30001 -3.2588132250626356e-06 1.7193491663795614e-05 
34.50001 -2.5293308037361172e-05 4.879741159721968e-06 
34.60001 -1.711896229332835e-05 4.409038545073608e-06 
34.70001 -6.7172532679835645e-06 2.8283837097929948e-06 
34.80001 -1.53291646998409e-05 3.297295364957801e-06 
35.00001 -3.871522628706416e-05 2.0485385388724844e-06 
35.10001 -3.570935401284574e-05 1.3532870453990624e-06 
35.30001 -1.4719373198008494e-05 1.2847597265705995e-05 
35.40001 6.3177017676878135e-06 1.2241186563446246e-05 
35.20001 4.207493414892132e-06 3.0085759526702268e-05 
34.90001 -8.244407819768276e-06 2.5829385741746975e-05 
35.60001 -3.9535758835660067e-05 1.1077688748212469e-05 
35.50001 3.751701055191518e-06 1.0788622732495357e-05 
35.70001 1.1731453663049445e-05 1.6232187977807226e-05 
35.90001 -1.9945908236102936e-05 1.9350207563096816e-06 
35.80001 -3.2563906953067654e-05 1.9334198101800716e-05 
36.00001 1.814934911287226e-06 5.131646501551214e-06 
36.20001 1.3445381830827297e-05 1.3421591091117846e-05 
36.10001 -2.4687247300531828e-05 1.0221994369184138e-05 
36.40001 8.668878642813464e-06 1.832547138990906e-05 
36.70001 -3.135308868985897e-05 1.2176453498519924e-05 
36.60001 -5.211365270023666e-06 2.3488251138408737e-05 
36.50001 -2.4232829922866217e-05 1.8800052297664757e-05 
36.90001 -7.075004329563295e-06 7.081813274522002e-06 
36.30001 7.605706577003362e-06 2.234541558382351e-05 
37.00001 1.606343497867497e-05 1.0711867856105632e-05 
36.80001 -9.87897493413034e-06 3.873352828451182e-07 
37.30001 -1.2391829414628179e-05 4.3713657859330114e-05 
37.20001 -2.280062073821179e-06 3.182442840209065e-06 
37.40001 -1.3137639655510383e-05 4.564520615568547e-06 
37.10001 -5.5369108269255796e-06 3.0317135842716776e-06 
37.50001 -8.931004452106215e-06 2.383934214321675e-05 
37.60001 -2.1873826535367945e-05 1.797167040077051e-05 
37.80001 -3.916403117142823e-06 1.1756440822026374e-05 
37.70001 2.3442880657170452e-05 2.580340188822435e-05 
37.90001 -2.9684492027867013e-05 6.230196092792286e-06 
38.00001 2.9974569038031407e-06 8.17643385703458e-06 
38.20001 -1.9258184105429684e-05 2.213976062289548e-06 
38.30001 -7.695531884179949e-06 3.6181316409723817e-06 
38.50001 -1.2692182203113557e-05 6.35018982655411e-06 
38.70001 7.339930640771218e-07 2.246902705205069e-05 
38.10001 -3.387887423456229e-05 2.8725408420390847e-05 
38.40001 -3.35969188713974e-05 2.9325474751663954e-05 
38.90001 -2.309464462026792e-05 5.4525580934931424e-05 
38.80001 -1.8860220391057108e-05 1.2571691997535924e-05 
38.60001 -1.3689489662869338e-06 1.4661469795639505e-05 
39.10001 8.71911110481323e-06 3.123426452462745e-05 
39.30001 -3.089449877123794e-06 1.060786895282909e-05 
39.00001 -9.85069706262777e-06 2.80804147304498e-05 
39.20001 -5.064005927804639e-06 1.9870216774826413e-05 
39.50001 -1.4661341670097477e-05 2.3117085155984805e-05 
39.40001 -1.0791146114707655e-05 5.108066347678251e-06 
39.60001 -1.1350272421846283e-05 1.6306878903278142e-05 
39.70001 -3.0899721806550914e-06 1.0924803970101285e-05 
39.80001 -2.450654418650446e-05 2.176729911230788e-05 
39.90001 -3.423182967367681e-05 6.438935071044093e-06 
